105019,'1196946',931,,12117,82,,,0
105019,'1197049',1842,,12118,82,,,0
105019,'1197077',617,,12119,82,,,0
105019,'1197115',1227,,12120,82,,,0
105019,'1197131',731,,12121,82,,,0
105019,'1197173',1232,,12122,82,,,0
105019,'1197181',1047,,12123,82,,,0
105019,'1197192',2217,,12124,82,,,0
105019,'1197197',1527,,12125,82,,,0
105019,'1197292',1332,,12126,82,,,0
105019,'1197296',1627,,12127,82,,,0
105019,'1197531',1432,,12128,82,,,0
105019,'1197548',1947,,12129,82,,,0
105019,'1197557',1632,,12130,82,,,0
105019,'1197588',847,,12131,82,,,0
105019,'1197596',2117,,12132,82,,,0
105019,'1197617',1532,,12133,82,,,0
105019,'1197633',1247,,12134,82,,,0
105019,'1197710',824,,12135,82,,,0
105019,'1197779',1812,,12136,82,,,0
105019,'1197825',1442,,12137,82,,,0
105019,'1197971',1127,,12138,82,,,0
105019,'1198112',647,,12139,82,,,0
105019,'1198338',1132,,12140,82,,,0
105019,'1198380',2247,,12141,82,,,0
105019,'1198385',1742,,12142,82,,,0
105019,'1198553',1342,,12143,82,,,0
105019,'1198560',2047,,12144,82,,,0
105019,'1198571',1647,,12145,82,,,0
105019,'1198621',754,,12146,82,,,0
105019,'1198667',1024,,12147,82,,,0
105019,'1198717',1557,,12148,82,,,0
105019,'1198741',924,,12149,82,,,0
105019,'1198746',1912,,12150,82,,,0
105019,'1198889',717,,12151,82,,,0
105019,'1199004',1447,,12152,82,,,0
105019,'1199054',1657,,12153,82,,,0
105019,'1199098',854,,12154,82,,,0
105019,'1199298',2417,,12155,82,,,0
105019,'1199347',2331,,12156,82,,,0
105019,'1199383',2317,,12157,82,,,0
105019,'1199400',1732,,12158,82,,,0
105019,'1199461',1847,,12159,82,,,0
105019,'1199511',1832,,12160,82,,,0
105019,'1199546',2131,,12161,82,,,0
105019,'1199574',1932,,12162,82,,,0
