27019,'1196842',1856,,11533,1,,,0
27019,'1196846',1641,,11534,1,,,0
27019,'1196878',941,,11535,1,,,0
27019,'1196919',1356,,11536,1,,,0
27019,'1196930',2111,,11537,1,,,0
27019,'1197039',841,,11538,1,,,0
27019,'1197044',1541,,11539,1,,,0
27019,'1197171',2311,,11540,1,,,0
27019,'1197352',941,,11541,1,,,0
27019,'1197376',1041,,11542,1,,,0
27019,'1197425',841,,11543,1,,,0
27019,'1197453',1911,,11544,1,,,0
27019,'1197540',2341,,11545,1,,,0
27019,'1197614',641,,11546,1,,,0
27019,'1197700',956,,11547,1,,,0
27019,'1197712',1141,,11548,1,,,0
27019,'1197781',1741,,11549,1,,,0
27019,'1197786',1441,,11550,1,,,0
27019,'1197791',2211,,11551,1,,,0
27019,'1197796',1041,,11552,1,,,0
27019,'1197826',1056,,11553,1,,,0
27019,'1197858',2241,,11554,1,,,0
27019,'1197876',1141,,11555,1,,,0
27019,'1197898',856,,11556,1,,,0
27019,'1197907',1341,,11557,1,,,0
27019,'1197930',2056,,11558,1,,,0
27019,'1197969',2156,,11559,1,,,0
27019,'1197974',2141,,11560,1,,,0
27019,'1198068',1241,,11561,1,,,0
27019,'1198176',2011,,11562,1,,,0
27019,'1198217',1556,,11563,1,,,0
27019,'1198254',2256,,11564,1,,,0
27019,'1198284',2041,,11565,1,,,0
27019,'1198330',1656,,11566,1,,,0
27019,'1198516',1941,,11567,1,,,0
27019,'1198596',641,,11568,1,,,0
27019,'1198639',741,,11569,1,,,0
27019,'1198652',1641,,11570,1,,,0
27019,'1198762',1756,,11571,1,,,0
27019,'1198768',1456,,11572,1,,,0
27019,'1198893',1156,,11573,1,,,0
27019,'1198985',756,,11574,1,,,0
27019,'1199071',1441,,11575,1,,,0
27019,'1199163',741,,11576,1,,,0
27019,'1199201',1841,,11577,1,,,0
27019,'1199293',1741,,11578,1,,,0
27019,'1199295',1841,,11579,1,,,0
27019,'1199302',1241,,11580,1,,,0
27019,'1199381',1956,,11581,1,,,0
27019,'1199443',1341,,11582,1,,,0
27019,'1199543',1256,,11583,1,,,0
27019,'1199599',1541,,11584,1,,,0
27029,'1196843',1909,,11585,14,4,,0
27029,'1196859',2109,,11586,14,4,,0
27029,'1196865',854,,11587,14,4,,0
27029,'1196870',739,,11588,14,4,,0
27029,'1196893',1854,,11589,14,4,,0
27029,'1196942',1339,,11590,14,4,,0
27029,'1196964',1039,,11591,14,4,,0
27029,'1197001',954,,11592,14,4,,0
27029,'1197057',1239,,11593,14,4,,0
27029,'1197063',2254,,11594,14,4,,0
27029,'1197118',1054,,11595,14,4,,0
27029,'1197126',2309,,11596,14,4,,0
27029,'1197166',2209,,11597,14,4,,0
27029,'1197167',1939,,11598,14,4,,0
27029,'1197214',1439,,11599,14,4,,0
27029,'1197280',1139,,11600,14,4,,0
27029,'1197364',2154,,11601,14,4,,0
27029,'1197383',1354,,11602,14,4,,0
27029,'1197443',1839,,11603,14,4,,0
27029,'1197521',1639,,11604,14,4,,0
27029,'1197550',1339,,11605,14,4,,0
27029,'1197552',2039,,11606,14,4,,0
27029,'1197559',739,,11607,14,4,,0
27029,'1197626',1539,,11608,14,4,,0
27029,'1197628',939,,11609,14,4,,0
27029,'1197674',1954,,11610,14,4,,0
27029,'1197691',1754,,11611,14,4,,0
27029,'1197744',2339,,11612,14,4,,0
27029,'1197837',1254,,11613,14,4,,0
27029,'1198123',2054,,11614,14,4,,0
27029,'1198136',1439,,11615,14,4,,0
27029,'1198179',639,,11616,14,4,,0
27029,'1198240',839,,11617,14,4,,0
27029,'1198277',1139,,11618,14,4,,0
27029,'1198367',2009,,11619,14,4,,0
27029,'1198569',1739,,11620,14,4,,0
27029,'1198593',939,,11621,14,4,,0
27029,'1198736',639,,11622,14,4,,0
27029,'1198833',1639,,11623,14,4,,0
27029,'1198915',1239,,11624,14,4,,0
27029,'1199039',1654,,11625,14,4,,0
27029,'1199051',2139,,11626,14,4,,0
27029,'1199087',1739,,11627,14,4,,0
27029,'1199141',1154,,11628,14,4,,0
27029,'1199160',1539,,11629,14,4,,0
27029,'1199187',1839,,11630,14,4,,0
27029,'1199254',754,,11631,14,4,,0
27029,'1199263',1039,,11632,14,4,,0
27029,'1199429',839,,11633,14,4,,0
27029,'1199527',1454,,11634,14,4,,0
27029,'1199570',2239,,11635,14,4,,0
27029,'1199640',1554,,11636,14,4,,0
