2029,'1196924',1505,,10051,2,,,0
2029,'1196985',1152,,10052,2,,,0
2029,'1196991',2235,,10053,2,,,0
2029,'1197028',2035,,10054,2,,,0
2029,'1197134',1822,,10055,2,,,0
2029,'1197139',920,,10056,2,,,0
2029,'1197143',2322,,10057,2,,,0
2029,'1197168',1605,,10058,2,,,0
2029,'1197170',637,,10059,2,,,0
2029,'1197175',1450,,10060,2,,,0
2029,'1197208',1437,,10061,2,,,0
2029,'1197209',852,,10062,2,,,0
2029,'1197218',705,,10063,2,,,0
2029,'1197261',1620,,10064,2,,,0
2029,'1197268',1650,,10065,2,,,0
2029,'1197282',635,,10066,2,,,0
2029,'1197288',2135,,10067,2,,,0
2029,'1197331',1617,,10068,2,,,0
2029,'1197332',2205,,10069,2,,,0
2029,'1197367',1417,,10070,2,,,0
2029,'1197375',850,,10071,2,,,0
2029,'1197411',1035,,10072,2,,,0
2029,'1197419',1320,,10073,2,,,0
2029,'1197430',650,,10074,2,,,0
2029,'1197437',950,,10075,2,,,0
2029,'1197491',1347,,10076,2,,,0
2029,'1197508',750,,10077,2,,,0
2029,'1197527',1237,,10078,2,,,0
2029,'1197534',1037,,10079,2,,,0
2029,'1197599',1635,,10080,2,,,0
2029,'1197642',735,,10081,2,,,0
2029,'1197644',1805,,10082,2,,,0
2029,'1197647',935,,10083,2,,,0
2029,'1197651',2332,,10084,2,,,0
2029,'1197655',2402,,10085,2,,,0
2029,'1197665',1022,,10086,2,,,0
2029,'1197667',1937,,10087,2,,,0
2029,'1197739',1705,,10088,2,,,0
2029,'1197769',1137,,10089,2,,,0
2029,'1197800',1005,,10090,2,,,0
2029,'1197808',2005,,10091,2,,,0
2029,'1197821',737,,10092,2,,,0
2029,'1197871',805,,10093,2,,,0
2029,'1197901',835,,10094,2,,,0
2029,'1197910',1735,,10095,2,,,0
2029,'1198003',1052,,10096,2,,,0
2029,'1198023',1220,,10097,2,,,0
2029,'1198042',837,,10098,2,,,0
2029,'1198045',2237,,10099,2,,,0
2029,'1198089',905,,10100,2,,,0
2029,'1198144',1020,,10101,2,,,0
2029,'1198156',2305,,10102,2,,,0
2029,'1198168',2022,,10103,2,,,0
2029,'1198184',937,,10104,2,,,0
2029,'1198213',1405,,10105,2,,,0
2029,'1198215',1820,,10106,2,,,0
2029,'1198275',1135,,10107,2,,,0
2029,'1198291',1050,,10108,2,,,0
2029,'1198335',1935,,10109,2,,,0
2029,'1198359',1317,,10110,2,,,0
2029,'1198433',1335,,10111,2,,,0
2029,'1198455',1217,,10112,2,,,0
2029,'1198473',1747,,10113,2,,,0
2029,'1198494',1717,,10114,2,,,0
2029,'1198537',1737,,10115,2,,,0
2029,'1198581',1122,,10116,2,,,0
2029,'1198603',1537,,10117,2,,,0
2029,'1198608',937,,10118,2,,,0
2029,'1198619',2407,,10119,2,,,0
2029,'1198682',1420,,10120,2,,,0
2029,'1198743',2237,,10121,2,,,0
2029,'1198838',1337,,10122,2,,,0
2029,'1198840',1447,,10123,2,,,0
2029,'1198841',720,,10124,2,,,0
2029,'1198851',2105,,10125,2,,,0
2029,'1198854',1150,,10126,2,,,0
2029,'1198870',722,,10127,2,,,0
2029,'1198967',2337,,10128,2,,,0
2029,'1199005',1550,,10129,2,,,0
2029,'1199023',1517,,10130,2,,,0
2029,'1199042',1937,,10131,2,,,0
2029,'1199046',1835,,10132,2,,,0
2029,'1199049',1105,,10133,2,,,0
2029,'1199063',1305,,10134,2,,,0
2029,'1199099',1250,,10135,2,,,0
2029,'1199116',1720,,10136,2,,,0
2029,'1199173',1547,,10137,2,,,0
2029,'1199237',2137,,10138,2,,,0
2029,'1199240',820,,10139,2,,,0
2029,'1199269',1235,,10140,2,,,0
2029,'1199288',1535,,10141,2,,,0
2029,'1199299',2152,,10142,2,,,0
2029,'1199305',1205,,10143,2,,,0
2029,'1199316',1750,,10144,2,,,0
2029,'1199329',1637,,10145,2,,,0
2029,'1199333',807,,10146,2,,,0
2029,'1199335',1247,,10147,2,,,0
2029,'1199398',2037,,10148,2,,,0
2029,'1199466',1905,,10149,2,,,0
2029,'1199478',1837,,10150,2,,,0
2029,'1199484',1520,,10151,2,,,0
2029,'1199542',2422,,10152,2,,,0
2029,'1199552',1350,,10153,2,,,0
2029,'1199560',1852,,10154,2,,,0
2029,'1199580',2107,,10155,2,,,0
2029,'1199620',1435,,10156,2,,,0
2029,'1199621',1120,,10157,2,,,0
2029,'1199635',1647,,10158,2,,,0
11019,'1196884',1240,,10549,2,,,0
11019,'1196914',1124,,10550,2,,,0
11019,'1196958',745,,10551,2,,,0
11019,'1197071',1823,,10554,2,,,0
11019,'1197114',909,,10555,2,,,0
11019,'1197191',1440,,10557,2,,,0
11019,'1197229',1355,,10558,2,,,0
11019,'1197234',1655,,10559,2,,,0
11019,'1197264',1725,,10560,2,,,0
11019,'1197274',924,,10561,2,,,0
11019,'1197327',1325,,10562,2,,,0
11019,'1197343',724,,10563,2,,,0
11019,'1197398',1810,,10565,2,,,0
11019,'1197412',2253,,10566,2,,,0
11019,'1197422',1625,,10567,2,,,0
11019,'1197463',654,,10569,2,,,0
11019,'1197502',609,,10570,2,,,0
11019,'1197519',739,,10571,2,,,0
11019,'1197564',2245,,10572,2,,,0
11019,'1197695',1054,,10574,2,,,0
11019,'1197696',754,,10575,2,,,0
11019,'1197763',1510,,10577,2,,,0
11019,'1197795',2023,,10578,2,,,0
11019,'1197832',1610,,10579,2,,,0
11019,'1197875',2410,,10580,2,,,0
11019,'1197917',2345,,10581,2,,,0
11019,'1197925',1109,,10582,2,,,0
11019,'1197934',1525,,10583,2,,,0
11019,'1197978',1853,,10584,2,,,0
11019,'1197990',1425,,10585,2,,,0
11019,'1198012',839,,10586,2,,,0
11019,'1198053',945,,10587,2,,,0
11019,'1198076',1953,,10588,2,,,0
11019,'1198113',2053,,10589,2,,,0
11019,'1198146',2223,,10590,2,,,0
11019,'1198266',1945,,10591,2,,,0
11019,'1198337',854,,10593,2,,,0
11019,'1198341',1145,,10594,2,,,0
11019,'1198405',1845,,10596,2,,,0
11019,'1198419',1455,,10597,2,,,0
11019,'1198470',1255,,10598,2,,,0
11019,'1198493',1755,,10599,2,,,0
11019,'1198506',1045,,10600,2,,,0
11019,'1198543',1009,,10601,2,,,0
11019,'1198548',1555,,10602,2,,,0
11019,'1198573',1139,,10603,2,,,0
11019,'1198610',1540,,10605,2,,,0
11019,'1198623',645,,10606,2,,,0
11019,'1198660',1255,,10607,2,,,0
11019,'1198696',1425,,10609,2,,,0
11019,'1198771',1455,,10610,2,,,0
11019,'1198808',939,,10611,2,,,0
11019,'1198927',1039,,10613,2,,,0
11019,'1198951',1710,,10614,2,,,0
11019,'1198978',1923,,10615,2,,,0
11019,'1199022',1225,,10616,2,,,0
11019,'1199024',2145,,10617,2,,,0
11019,'1199026',2153,,10618,2,,,0
11019,'1199059',1555,,10619,2,,,0
11019,'1199060',1340,,10620,2,,,0
11019,'1199064',1755,,10621,2,,,0
11019,'1199100',2123,,10623,2,,,0
11019,'1199118',1655,,10624,2,,,0
11019,'1199132',639,,10625,2,,,0
11019,'1199143',1725,,10626,2,,,0
11019,'1199154',1410,,10627,2,,,0
11019,'1199177',1640,,10628,2,,,0
11019,'1199180',2045,,10629,2,,,0
11019,'1199214',709,,10630,2,,,0
11019,'1199225',1525,,10631,2,,,0
11019,'1199229',1355,,10633,2,,,0
11019,'1199301',2320,,10635,2,,,0
11019,'1199370',1740,,10637,2,,,0
11019,'1199376',824,,10638,2,,,0
11019,'1199394',845,,10639,2,,,0
11019,'1199403',809,,10640,2,,,0
11019,'1199410',1154,,10641,2,,,0
11019,'1199462',2350,,10642,2,,,0
11019,'1199476',954,,10643,2,,,0
11019,'1199496',1310,,10644,2,,,0
11019,'1199508',1209,,10645,2,,,0
11019,'1199591',1625,,10646,2,,,0
11019,'1199603',1225,,10647,2,,,0
11019,'1199619',1024,,10648,2,,,0
11019,'1199623',1325,,10649,2,,,0
