10019,'1196894',2043,,10329,2,,,0
10019,'1196915',1643,,10330,2,,,0
10019,'1196923',1043,,10331,2,,,0
10019,'1197054',2213,,10332,2,,,0
10019,'1197091',1443,,10333,2,,,0
10019,'1197121',1043,,10334,2,,,0
10019,'1197207',943,,10335,2,,,0
10019,'1197335',813,,10336,2,,,0
10019,'1197345',2113,,10337,2,,,0
10019,'1197397',1443,,10338,2,,,0
10019,'1197418',2343,,10339,2,,,0
10019,'1197505',1543,,10340,2,,,0
10019,'1197587',913,,10341,2,,,0
10019,'1197595',1043,,10342,2,,,0
10019,'1197737',1343,,10343,2,,,0
10019,'1197756',1843,,10344,2,,,0
10019,'1197759',1513,,10345,2,,,0
10019,'1197766',2243,,10346,2,,,0
10019,'1197915',1943,,10347,2,,,0
10019,'1197927',743,,10348,2,,,0
10019,'1197935',643,,10349,2,,,0
10019,'1197985',943,,10350,2,,,0
10019,'1198010',1813,,10351,2,,,0
10019,'1198016',1943,,10352,2,,,0
10019,'1198164',643,,10353,2,,,0
10019,'1198167',1543,,10354,2,,,0
10019,'1198226',1343,,10355,2,,,0
10019,'1198257',1443,,10356,2,,,0
10019,'1198280',2313,,10357,2,,,0
10019,'1198300',1543,,10358,2,,,0
10019,'1198361',2143,,10359,2,,,0
10019,'1198366',843,,10360,2,,,0
10019,'1198390',1843,,10361,2,,,0
10019,'1198410',1743,,10362,2,,,0
10019,'1198440',743,,10363,2,,,0
10019,'1198475',1143,,10364,2,,,0
10019,'1198480',2143,,10365,2,,,0
10019,'1198509',614,,10366,2,,,0
10019,'1198520',1243,,10367,2,,,0
10019,'1198542',2343,,10368,2,,,0
10019,'1198583',2243,,10369,2,,,0
10019,'1198726',1913,,10370,2,,,0
10019,'1198809',843,,10371,2,,,0
10019,'1198815',1643,,10372,2,,,0
10019,'1198881',1613,,10373,2,,,0
10019,'1198903',843,,10374,2,,,0
10019,'1198955',1143,,10375,2,,,0
10019,'1198962',1643,,10376,2,,,0
10019,'1198993',1143,,10377,2,,,0
10019,'1199007',2043,,10378,2,,,0
10019,'1199032',1343,,10379,2,,,0
10019,'1199053',1743,,10380,2,,,0
10019,'1199056',1743,,10381,2,,,0
10019,'1199257',1713,,10382,2,,,0
10019,'1199300',1243,,10383,2,,,0
10019,'1199321',943,,10384,2,,,0
10019,'1199323',2013,,10385,2,,,0
10019,'1199353',1243,,10386,2,,,0
10019,'1199424',713,,10387,2,,,0
10019,'1199598',743,,10388,2,,,0
103029,'1196853',1440,,11989,8,,,0
103029,'1196867',1310,,11990,8,,,0
103029,'1196892',1740,,11991,8,,,0
103029,'1196973',1732,,11992,8,,,0
103029,'1197031',1404,,11993,8,,,0
103029,'1197085',2040,,11994,8,,,0
103029,'1197108',1910,,11995,8,,,0
103029,'1197233',1001,,11996,8,,,0
103029,'1197315',1234,,11997,8,,,0
103029,'1197321',1104,,11998,8,,,0
103029,'1197346',1432,,11999,8,,,0
103029,'1197499',1833,,12000,8,,,0
103029,'1197743',804,,12001,8,,,0
103029,'1197784',934,,12002,8,,,0
103029,'1197852',1302,,12003,8,,,0
103029,'1198282',1132,,12004,8,,,0
103029,'1198444',1534,,12005,8,,,0
103029,'1198568',701,,12006,8,,,0
103029,'1198723',2003,,12007,8,,,0
103029,'1198855',831,,12008,8,,,0
103029,'1198880',1517,,12009,8,,,0
103029,'1198882',634,,12010,8,,,0
103029,'1198911',2133,,12011,8,,,0
103029,'1198914',1647,,12012,8,,,0
103029,'1198921',840,,12013,8,,,0
103029,'1198928',746,,12014,8,,,0
103029,'1198990',916,,12015,8,,,0
103029,'1199021',1610,,12016,8,,,0
103029,'1199109',2303,,12017,8,,,0
103029,'1199145',2210,,12018,8,,,0
103029,'1199146',1140,,12019,8,,,0
103029,'1199172',2201,,12020,8,,,0
103029,'1199215',2331,,12021,8,,,0
103029,'1199475',1901,,12022,8,,,0
103029,'1199565',1010,,12023,8,,,0
103029,'1199579',1602,,12024,8,,,0
103029,'1199581',2031,,12025,8,,,0
103029,'1199593',1704,,12026,8,,,0
