11029,'1196876',1447,,10548,6,,,0
11029,'1196884',1245,,10549,10,,,0
11029,'1196914',1129,,10550,10,,,0
11029,'1196958',750,,10551,10,,,0
11029,'1197000',1247,,10552,6,,,0
11029,'1197070',1847,,10553,6,,,0
11029,'1197071',1828,,10554,10,,,0
11029,'1197114',914,,10555,10,,,0
11029,'1197185',2247,,10556,6,,,0
11029,'1197191',1445,,10557,10,,,0
11029,'1197229',1400,,10558,10,,,0
11029,'1197234',1700,,10559,10,,,0
11029,'1197264',1730,,10560,10,,,0
11029,'1197274',929,,10561,10,,,0
11029,'1197327',1330,,10562,10,,,0
11029,'1197343',729,,10563,10,,,0
11029,'1197351',1547,,10564,6,,,0
11029,'1197398',1815,,10565,10,,,0
11029,'1197412',2258,,10566,10,,,0
11029,'1197422',1630,,10567,10,,,0
11029,'1197446',2347,,10568,6,,,0
11029,'1197463',659,,10569,10,,,0
11029,'1197502',614,,10570,10,,,0
11029,'1197519',744,,10571,10,,,0
11029,'1197564',2250,,10572,10,,,0
11029,'1197573',1347,,10573,6,,,0
11029,'1197695',1059,,10574,10,,,0
11029,'1197696',759,,10575,10,,,0
11029,'1197753',847,,10576,6,,,0
11029,'1197763',1515,,10577,10,,,0
11029,'1197795',2028,,10578,10,,,0
11029,'1197832',1615,,10579,10,,,0
11029,'1197875',2415,,10580,10,,,0
11029,'1197917',2350,,10581,10,,,0
11029,'1197925',1114,,10582,10,,,0
11029,'1197934',1530,,10583,10,,,0
11029,'1197978',1858,,10584,10,,,0
11029,'1197990',1430,,10585,10,,,0
11029,'1198012',844,,10586,10,,,0
11029,'1198053',950,,10587,10,,,0
11029,'1198076',1958,,10588,10,,,0
11029,'1198113',2058,,10589,10,,,0
11029,'1198146',2228,,10590,10,,,0
11029,'1198266',1950,,10591,10,,,0
11029,'1198296',1647,,10592,6,,,0
11029,'1198337',859,,10593,10,,,0
11029,'1198341',1150,,10594,10,,,0
11029,'1198362',2147,,10595,6,,,0
11029,'1198405',1850,,10596,10,,,0
11029,'1198419',1500,,10597,10,,,0
11029,'1198470',1300,,10598,10,,,0
11029,'1198493',1800,,10599,10,,,0
11029,'1198506',1050,,10600,10,,,0
11029,'1198543',1014,,10601,10,,,0
11029,'1198548',1600,,10602,10,,,0
11029,'1198573',1144,,10603,10,,,0
11029,'1198590',1947,,10604,6,,,0
11029,'1198610',1545,,10605,10,,,0
11029,'1198623',650,,10606,10,,,0
11029,'1198660',1300,,10607,10,,,0
11029,'1198662',1747,,10608,6,,,0
11029,'1198696',1430,,10609,10,,,0
11029,'1198771',1500,,10610,10,,,0
11029,'1198808',944,,10611,10,,,0
11029,'1198843',2047,,10612,6,,,0
11029,'1198927',1044,,10613,10,,,0
11029,'1198951',1715,,10614,10,,,0
11029,'1198978',1928,,10615,10,,,0
11029,'1199022',1230,,10616,10,,,0
11029,'1199024',2150,,10617,10,,,0
11029,'1199026',2158,,10618,10,,,0
11029,'1199059',1600,,10619,10,,,0
11029,'1199060',1345,,10620,10,,,0
11029,'1199064',1800,,10621,10,,,0
11029,'1199091',747,,10622,6,,,0
11029,'1199100',2128,,10623,10,,,0
11029,'1199118',1700,,10624,10,,,0
11029,'1199132',644,,10625,10,,,0
11029,'1199143',1730,,10626,10,,,0
11029,'1199154',1415,,10627,10,,,0
11029,'1199177',1645,,10628,10,,,0
11029,'1199180',2050,,10629,10,,,0
11029,'1199214',714,,10630,10,,,0
11029,'1199225',1530,,10631,10,,,0
11029,'1199227',1147,,10632,6,,,0
11029,'1199229',1400,,10633,10,,,0
11029,'1199253',947,,10634,6,,,0
11029,'1199301',2325,,10635,10,,,0
11029,'1199306',1047,,10636,6,,,0
11029,'1199370',1745,,10637,10,,,0
11029,'1199376',829,,10638,10,,,0
11029,'1199394',850,,10639,10,,,0
11029,'1199403',814,,10640,10,,,0
11029,'1199410',1159,,10641,10,,,0
11029,'1199462',2355,,10642,10,,,0
11029,'1199476',959,,10643,10,,,0
11029,'1199496',1315,,10644,10,,,0
11029,'1199508',1214,,10645,10,,,0
11029,'1199591',1630,,10646,10,,,0
11029,'1199603',1230,,10647,10,,,0
11029,'1199619',1029,,10648,10,,,0
11029,'1199623',1330,,10649,10,,,0
140001019,'1196866',809,,12221,6,,,0
140001019,'1196880',2209,,12222,6,,,0
140001019,'1196896',1024,,12223,6,,,0
140001019,'1196898',2139,,12224,6,,,0
140001019,'1196900',1924,,12225,6,,,0
140001019,'1196905',1858,,12226,6,,,0
140001019,'1196939',2309,,12227,6,,,0
140001019,'1196943',1325,,12228,6,,,0
140001019,'1196945',2334,,12229,6,,,0
140001019,'1196967',639,,12230,6,,,0
140001019,'1197008',1358,,12231,6,,,0
140001019,'1197072',1414,,12232,6,,,0
140001019,'1197075',1540,,12233,6,,,0
140001019,'1197086',1839,,12234,6,,,0
140001019,'1197088',2039,,12235,6,,,0
140001019,'1197102',654,,12236,6,,,0
140001019,'1197146',1555,,12237,6,,,0
140001019,'1197212',1310,,12238,6,,,0
140001019,'1197216',924,,12239,6,,,0
140001019,'1197238',1155,,12240,6,,,0
140001019,'1197266',1455,,12241,6,,,0
140001019,'1197267',1625,,12242,6,,,0
140001019,'1197281',1629,,12243,6,,,0
140001019,'1197287',939,,12244,6,,,0
140001019,'1197324',1559,,12245,6,,,0
140001019,'1197328',1009,,12246,6,,,0
140001019,'1197350',1039,,12247,6,,,0
140001019,'1197407',1410,,12248,6,,,0
140001019,'1197438',1725,,12249,6,,,0
140001019,'1197459',954,,12250,6,,,0
140001019,'1197465',1125,,12251,6,,,0
140001019,'1197470',1740,,12252,6,,,0
140001019,'1197474',1009,,12253,6,,,0
140001019,'1197516',1429,,12254,6,,,0
140001019,'1197563',1824,,12255,6,,,0
140001019,'1197567',1939,,12256,6,,,0
140001019,'1197593',1225,,12257,6,,,0
140001019,'1197607',1644,,12258,6,,,0
140001019,'1197613',1744,,12259,6,,,0
140001019,'1197621',1755,,12260,6,,,0
140001019,'1197622',2024,,12261,6,,,0
140001019,'1197646',1210,,12262,6,,,0
140001019,'1197676',1140,,12263,6,,,0
140001019,'1197685',1025,,12264,6,,,0
140001019,'1197688',1310,,12265,6,,,0
140001019,'1197689',1425,,12266,6,,,0
140001019,'1197693',1729,,12267,6,,,0
140001019,'1197729',1954,,12268,6,,,0
140001019,'1197734',1558,,12269,6,,,0
140001019,'1197741',1325,,12270,6,,,0
140001019,'1197745',1210,,12271,6,,,0
140001019,'1197767',1110,,12272,6,,,0
140001019,'1197797',2009,,12273,6,,,0
140001019,'1197802',854,,12274,6,,,0
140001019,'1197830',909,,12275,6,,,0
140001019,'1197894',1810,,12276,6,,,0
140001019,'1197944',1058,,12277,6,,,0
140001019,'1197964',1255,,12278,6,,,0
140001019,'1197966',1040,,12279,6,,,0
140001019,'1197987',1614,,12280,6,,,0
140001019,'1197988',739,,12281,6,,,0
140001019,'1198009',2054,,12282,6,,,0
140001019,'1198027',2258,,12283,6,,,0
140001019,'1198035',824,,12284,6,,,0
140001019,'1198147',2058,,12285,6,,,0
140001019,'1198155',1155,,12286,6,,,0
140001019,'1198177',2039,,12287,6,,,0
140001019,'1198195',1255,,12288,6,,,0
140001019,'1198235',1655,,12289,6,,,0
140001019,'1198264',1258,,12290,6,,,0
140001019,'1198294',1355,,12291,6,,,0
140001019,'1198302',2009,,12292,6,,,0
140001019,'1198324',1755,,12293,6,,,0
140001019,'1198349',724,,12294,6,,,0
140001019,'1198356',1710,,12295,6,,,0
140001019,'1198378',709,,12296,6,,,0
140001019,'1198384',1125,,12297,6,,,0
140001019,'1198418',1909,,12298,6,,,0
140001019,'1198429',1854,,12299,6,,,0
140001019,'1198452',1758,,12300,6,,,0
140001019,'1198461',839,,12301,6,,,0
140001019,'1198463',1824,,12302,6,,,0
140001019,'1198487',1839,,12303,6,,,0
140001019,'1198515',1225,,12304,6,,,0
140001019,'1198535',1659,,12305,6,,,0
140001019,'1198541',1054,,12306,6,,,0
140001019,'1198549',639,,12307,6,,,0
140001019,'1198579',1640,,12308,6,,,0
140001019,'1198595',2109,,12309,6,,,0
140001019,'1198601',1610,,12310,6,,,0
140001019,'1198665',2309,,12311,6,,,0
140001019,'1198666',758,,12312,6,,,0
140001019,'1198714',1444,,12313,6,,,0
140001019,'1198763',2409,,12314,6,,,0
140001019,'1198766',958,,12315,6,,,0
140001019,'1198781',1809,,12316,6,,,0
140001019,'1198791',1510,,12317,6,,,0
140001019,'1198797',809,,12318,6,,,0
140001019,'1198813',1458,,12319,6,,,0
140001019,'1198814',2358,,12320,6,,,0
140001019,'1198835',1340,,12321,6,,,0
140001019,'1198872',839,,12322,6,,,0
140001019,'1198878',1240,,12323,6,,,0
140001019,'1198900',1459,,12324,6,,,0
140001019,'1198920',2109,,12325,6,,,0
140001019,'1198925',1109,,12326,6,,,0
140001019,'1198926',909,,12327,6,,,0
140001019,'1198932',954,,12328,6,,,0
140001019,'1198964',1714,,12329,6,,,0
140001019,'1198965',1355,,12330,6,,,0
140001019,'1198980',1529,,12331,6,,,0
140001019,'1199018',2409,,12332,6,,,0
140001019,'1199069',2158,,12333,6,,,0
140001019,'1199136',1240,,12334,6,,,0
140001019,'1199170',739,,12335,6,,,0
140001019,'1199213',2339,,12336,6,,,0
140001019,'1199235',858,,12337,6,,,0
140001019,'1199268',754,,12338,6,,,0
140001019,'1199282',1055,,12339,6,,,0
140001019,'1199297',1514,,12340,6,,,0
140001019,'1199319',939,,12341,6,,,0
140001019,'1199330',1854,,12342,6,,,0
140001019,'1199354',1939,,12343,6,,,0
140001019,'1199367',2139,,12344,6,,,0
140001019,'1199377',1158,,12345,6,,,0
140001019,'1199402',1658,,12346,6,,,0
140001019,'1199414',1440,,12347,6,,,0
140001019,'1199449',1140,,12348,6,,,0
140001019,'1199458',1340,,12349,6,,,0
140001019,'1199468',2239,,12350,6,,,0
140001019,'1199492',1544,,12351,6,,,0
140001019,'1199516',2209,,12352,6,,,0
140001019,'1199563',2239,,12353,6,,,0
140001019,'1199606',1525,,12354,6,,,0
140001019,'1199624',1909,,12355,6,,,0
140001019,'1199632',709,,12356,6,,,0
140001019,'1199638',1958,,12357,6,,,0
