10029,'1196869',1034,,10389,30,,,0
10029,'1196944',1904,,10390,30,,,0
10029,'1196948',1534,,10391,30,,,0
10029,'1197007',704,,10392,30,,,0
10029,'1197053',1334,,10393,30,,,0
10029,'1197093',1134,,10394,30,,,0
10029,'1197160',1734,,10395,30,,,0
10029,'1197269',1834,,10396,30,,,0
10029,'1197314',2204,,10397,30,,,0
10029,'1197362',2034,,10398,30,,,0
10029,'1197385',834,,10399,30,,,0
10029,'1197414',1434,,10400,30,,,0
10029,'1197492',1704,,10401,30,,,0
10029,'1197523',2234,,10402,30,,,0
10029,'1197565',634,,10403,30,,,0
10029,'1197669',834,,10404,30,,,0
10029,'1197675',2134,,10405,30,,,0
10029,'1197822',1734,,10406,30,,,0
10029,'1197831',1734,,10407,30,,,0
10029,'1197885',2034,,10408,30,,,0
10029,'1197887',1604,,10409,30,,,0
10029,'1197892',1234,,10410,30,,,0
10029,'1197908',2234,,10411,30,,,0
10029,'1197916',2304,,10412,30,,,0
10029,'1197980',2409,,10413,30,,,0
10029,'1198080',1634,,10414,30,,,0
10029,'1198150',1634,,10415,30,,,0
10029,'1198170',1134,,10416,30,,,0
10029,'1198181',1804,,10417,30,,,0
10029,'1198232',1534,,10418,30,,,0
10029,'1198314',1934,,10419,30,,,0
10029,'1198351',1234,,10420,30,,,0
10029,'1198466',2104,,10421,30,,,0
10029,'1198481',1434,,10422,30,,,0
10029,'1198536',1234,,10423,30,,,0
10029,'1198550',1634,,10424,30,,,0
10029,'1198565',2334,,10425,30,,,0
10029,'1198676',734,,10426,30,,,0
10029,'1198703',734,,10427,30,,,0
10029,'1198735',1034,,10428,30,,,0
10029,'1198754',1334,,10429,30,,,0
10029,'1198767',1134,,10430,30,,,0
10029,'1198887',904,,10431,30,,,0
10029,'1198905',1434,,10432,30,,,0
10029,'1198933',834,,10433,30,,,0
10029,'1199013',734,,10434,30,,,0
10029,'1199068',1034,,10435,30,,,0
10029,'1199078',1834,,10436,30,,,0
10029,'1199088',2004,,10437,30,,,0
10029,'1199134',1334,,10438,30,,,0
10029,'1199161',2334,,10439,30,,,0
10029,'1199245',1934,,10440,30,,,0
10029,'1199274',934,,10441,30,,,0
10029,'1199375',1504,,10442,30,,,0
10029,'1199396',804,,10443,30,,,0
10029,'1199411',2134,,10444,30,,,0
10029,'1199422',934,,10445,30,,,0
10029,'1199613',934,,10446,30,,,0
10029,'1199633',1534,,10447,30,,,0
