105019,'1196946',929,,12117,79,,,0
105019,'1197049',1840,,12118,79,,,0
105019,'1197077',615,,12119,79,,,0
105019,'1197115',1225,,12120,79,,,0
105019,'1197131',729,,12121,79,,,0
105019,'1197173',1230,,12122,79,,,0
105019,'1197181',1045,,12123,79,,,0
105019,'1197192',2215,,12124,79,,,0
105019,'1197197',1525,,12125,79,,,0
105019,'1197292',1330,,12126,79,,,0
105019,'1197296',1625,,12127,79,,,0
105019,'1197531',1430,,12128,79,,,0
105019,'1197548',1945,,12129,79,,,0
105019,'1197557',1630,,12130,79,,,0
105019,'1197588',845,,12131,79,,,0
105019,'1197596',2115,,12132,79,,,0
105019,'1197617',1530,,12133,79,,,0
105019,'1197633',1245,,12134,79,,,0
105019,'1197710',822,,12135,79,,,0
105019,'1197779',1810,,12136,79,,,0
105019,'1197825',1440,,12137,79,,,0
105019,'1197971',1125,,12138,79,,,0
105019,'1198112',645,,12139,79,,,0
105019,'1198338',1130,,12140,79,,,0
105019,'1198380',2245,,12141,79,,,0
105019,'1198385',1740,,12142,79,,,0
105019,'1198553',1340,,12143,79,,,0
105019,'1198560',2045,,12144,79,,,0
105019,'1198571',1645,,12145,79,,,0
105019,'1198621',752,,12146,79,,,0
105019,'1198667',1022,,12147,79,,,0
105019,'1198717',1555,,12148,79,,,0
105019,'1198741',922,,12149,79,,,0
105019,'1198746',1910,,12150,79,,,0
105019,'1198889',715,,12151,79,,,0
105019,'1199004',1445,,12152,79,,,0
105019,'1199054',1655,,12153,79,,,0
105019,'1199098',852,,12154,79,,,0
105019,'1199298',2415,,12155,79,,,0
105019,'1199347',2329,,12156,79,,,0
105019,'1199383',2315,,12157,79,,,0
105019,'1199400',1730,,12158,79,,,0
105019,'1199461',1845,,12159,79,,,0
105019,'1199511',1830,,12160,79,,,0
105019,'1199546',2129,,12161,79,,,0
105019,'1199574',1930,,12162,79,,,0
