105019,'1196946',906,,12117,41,,,0
105019,'1197049',1815,,12118,41,,,0
105019,'1197077',553,,12119,41,,,0
105019,'1197115',1200,,12120,41,,,0
105019,'1197131',706,,12121,41,,,0
105019,'1197173',1208,,12122,41,,,0
105019,'1197181',1025,,12123,41,,,0
105019,'1197192',2153,,12124,41,,,0
105019,'1197197',1500,,12125,41,,,0
105019,'1197292',1308,,12126,41,,,0
105019,'1197296',1600,,12127,41,,,0
105019,'1197531',1408,,12128,41,,,0
105019,'1197548',1923,,12129,41,,,0
105019,'1197557',1608,,12130,41,,,0
105019,'1197588',825,,12131,41,,,0
105019,'1197596',2053,,12132,41,,,0
105019,'1197617',1508,,12133,41,,,0
105019,'1197633',1225,,12134,41,,,0
105019,'1197710',757,,12135,41,,,0
105019,'1197779',1745,,12136,41,,,0
105019,'1197825',1415,,12137,41,,,0
105019,'1197971',1100,,12138,41,,,0
105019,'1198112',623,,12139,41,,,0
105019,'1198338',1108,,12140,41,,,0
105019,'1198380',2225,,12141,41,,,0
105019,'1198385',1715,,12142,41,,,0
105019,'1198553',1315,,12143,41,,,0
105019,'1198560',2025,,12144,41,,,0
105019,'1198571',1625,,12145,41,,,0
105019,'1198621',727,,12146,41,,,0
105019,'1198667',957,,12147,41,,,0
105019,'1198717',1530,,12148,41,,,0
105019,'1198741',857,,12149,41,,,0
105019,'1198746',1845,,12150,41,,,0
105019,'1198889',653,,12151,41,,,0
105019,'1199004',1425,,12152,41,,,0
105019,'1199054',1630,,12153,41,,,0
105019,'1199098',827,,12154,41,,,0
105019,'1199298',2353,,12155,41,,,0
105019,'1199347',2306,,12156,41,,,0
105019,'1199383',2253,,12157,41,,,0
105019,'1199400',1708,,12158,41,,,0
105019,'1199461',1825,,12159,41,,,0
105019,'1199511',1808,,12160,41,,,0
105019,'1199546',2106,,12161,41,,,0
105019,'1199574',1908,,12162,41,,,0
