25019,'1196864',1235,,11307,7,,,0
25019,'1196932',1735,,11308,7,,,0
25019,'1196994',1936,,11309,7,,,0
25019,'1197064',720,,11310,7,,,0
25019,'1197079',2356,,11311,7,,,0
25019,'1197084',2320,,11312,7,,,0
25019,'1197151',735,,11313,7,,,0
25019,'1197299',2136,,11314,7,,,0
25019,'1197317',1335,,11315,7,,,0
25019,'1197342',1736,,11316,7,,,0
25019,'1197442',1520,,11317,7,,,0
25019,'1197448',1606,,11318,7,,,0
25019,'1197471',1035,,11319,7,,,0
25019,'1197624',1836,,11320,7,,,0
25019,'1197657',2120,,11321,7,,,0
25019,'1197660',836,,11322,7,,,0
25019,'1197687',2335,,11323,7,,,0
25019,'1197702',1206,,11324,7,,,0
25019,'1197757',736,,11325,7,,,0
25019,'1197760',1536,,11326,7,,,0
25019,'1197771',2020,,11327,7,,,0
25019,'1198004',2220,,11328,7,,,0
25019,'1198021',706,,11329,7,,,0
25019,'1198071',1935,,11330,7,,,0
25019,'1198079',636,,11331,7,,,0
25019,'1198190',2036,,11332,7,,,0
25019,'1198267',2236,,11333,7,,,0
25019,'1198315',906,,11334,7,,,0
25019,'1198388',1406,,11335,7,,,0
25019,'1198435',2235,,11336,7,,,0
25019,'1198457',635,,11337,7,,,0
25019,'1198479',936,,11338,7,,,0
25019,'1198492',1435,,11339,7,,,0
25019,'1198496',1835,,11340,7,,,0
25019,'1198512',1720,,11341,7,,,0
25019,'1198566',1135,,11342,7,,,0
25019,'1198604',1420,,11343,7,,,0
25019,'1198759',1320,,11344,7,,,0
25019,'1198776',2135,,11345,7,,,0
25019,'1198803',1506,,11346,7,,,0
25019,'1198823',2035,,11347,7,,,0
25019,'1198862',1920,,11348,7,,,0
25019,'1198902',1436,,11349,7,,,0
25019,'1198938',835,,11350,7,,,0
25019,'1199011',1106,,11351,7,,,0
25019,'1199070',1006,,11352,7,,,0
25019,'1199074',820,,11353,7,,,0
25019,'1199097',806,,11354,7,,,0
25019,'1199125',920,,11355,7,,,0
25019,'1199183',1306,,11356,7,,,0
25019,'1199208',1220,,11357,7,,,0
25019,'1199212',1820,,11358,7,,,0
25019,'1199258',1636,,11359,7,,,0
25019,'1199359',1020,,11360,7,,,0
25019,'1199389',935,,11361,7,,,0
25019,'1199464',1635,,11362,7,,,0
25019,'1199480',1706,,11363,7,,,0
25019,'1199589',1120,,11364,7,,,0
25019,'1199634',1535,,11365,7,,,0
25019,'1199649',1620,,11366,7,,,0
