11019,'1196979',1318,,10448,4,,,0
11019,'1197040',1648,,10449,4,,,0
11019,'1197065',1503,,10450,4,,,0
11019,'1197103',1903,,10451,4,,,0
11019,'1197109',1318,,10452,4,,,0
11019,'1197110',718,,10453,4,,,0
11019,'1197145',2018,,10454,4,,,0
11019,'1197180',1218,,10455,4,,,0
11019,'1197201',933,,10456,4,,,0
11019,'1197211',718,,10457,4,0,5 6,0
11019,'1197221',1618,,10458,4,,,0
11019,'1197227',1203,,10459,4,,,0
11019,'1197254',1533,,10460,4,,,0
11019,'1197259',2318,,10461,4,,,0
11019,'1197278',2333,,10462,4,,,0
11019,'1197283',903,,10463,4,,,0
11019,'1197316',2018,,10464,4,0,5 6,0
11019,'1197320',1818,,10465,4,,,0
11019,'1197325',2233,,10466,4,,,0
11019,'1197329',1018,,10467,4,,,0
11019,'1197333',948,,10468,4,,,0
11019,'1197344',1933,,10469,4,,,0
11019,'1197354',1103,,10470,4,,,0
11019,'1197406',2218,,10471,4,0,5 6,0
11019,'1197447',2003,,10472,4,,,0
11019,'1197477',2103,,10473,4,,,0
11019,'1197495',1518,,10474,4,,,0
11019,'1197504',2033,,10475,4,,,0
11019,'1197634',818,,10476,4,,,0
11019,'1197652',1133,,10477,4,,,0
11019,'1197663',1303,,10478,4,,,0
11019,'1197722',1703,,10479,4,,,0
11019,'1197727',1803,,10480,4,,,0
11019,'1197728',1618,,10481,4,0,5 6,0
11019,'1197785',918,,10482,4,,,0
11019,'1197855',1833,,10483,4,,,0
11019,'1197865',1633,,10484,4,,,0
11019,'1197880',1448,,10485,4,,,0
11019,'1197889',703,,10486,4,,,0
11019,'1197896',918,,10487,4,,,0
11019,'1197926',1218,,10488,4,0,5 6,0
11019,'1197981',1248,,10489,4,,,0
11019,'1198019',1248,,10490,4,,,0
11019,'1198026',1403,,10491,4,,,0
11019,'1198029',1818,,10492,4,0,5 6,0
11019,'1198038',1718,,10493,4,,,0
11019,'1198149',1118,,10494,4,,,0
11019,'1198166',1518,,10495,4,0,5 6,0
11019,'1198188',1418,,10496,4,0,5 6,0
11019,'1198219',1448,,10497,4,,,0
11019,'1198297',1233,,10498,4,,,0
11019,'1198308',1318,,10499,4,0,5 6,0
11019,'1198327',1718,,10500,4,,,0
11019,'1198365',1018,,10501,4,0,5 6,0
11019,'1198374',718,,10502,4,,,0
11019,'1198401',1918,,10503,4,0,5 6,0
11019,'1198413',2203,,10504,4,,,0
11019,'1198423',1148,,10505,4,,,0
11019,'1198472',833,,10506,4,,,0
11019,'1198605',1118,,10507,4,0,5 6,0
11019,'1198624',1148,,10508,4,,,0
11019,'1198627',2133,,10509,4,,,0
11019,'1198668',848,,10510,4,,,0
11019,'1198671',1418,,10511,4,,,0
11019,'1198695',1603,,10512,4,,,0
11019,'1198698',818,,10513,4,0,5 6,0
11019,'1198701',803,,10514,4,,,0
11019,'1198713',618,,10515,4,,,0
11019,'1198737',1618,,10516,4,,,0
11019,'1198753',2353,,10517,4,,,0
11019,'1198806',1548,,10518,4,,,0
11019,'1198894',733,,10519,4,,,0
11019,'1198896',1348,,10520,4,,,0
11019,'1198957',1648,,10521,4,,,0
11019,'1198963',1218,,10522,4,,,0
11019,'1199015',2318,,10523,4,0,5 6,0
11019,'1199020',1003,,10524,4,,,0
11019,'1199072',1433,,10525,4,,,0
11019,'1199077',748,,10526,4,,,0
11019,'1199162',1518,,10527,4,,,0
11019,'1199164',633,,10528,4,,,0
11019,'1199175',1348,,10529,4,,,0
11019,'1199179',2218,,10530,4,,,0
11019,'1199209',1333,,10531,4,,,0
11019,'1199218',2303,,10532,4,,,0
11019,'1199260',1718,,10533,4,0,5 6,0
11019,'1199285',648,,10534,4,,,0
11019,'1199336',1418,,10535,4,,,0
11019,'1199342',1918,,10536,4,,,0
11019,'1199350',918,,10537,4,0,5 6,0
11019,'1199361',1118,,10538,4,,,0
11019,'1199369',1033,,10539,4,,,0
11019,'1199392',1733,,10540,4,,,0
11019,'1199420',818,,10541,4,,,0
11019,'1199430',2118,,10542,4,,,0
11019,'1199452',1548,,10543,4,,,0
11019,'1199483',1748,,10544,4,,,0
11019,'1199518',1048,,10545,4,,,0
11019,'1199575',2118,,10546,4,0,5 6,0
11019,'1199637',1018,,10547,4,,,0
