12019,'1196839',2120,,10650,7,,,0
12019,'1196874',1121,,10651,7,,,0
12019,'1196885',1621,,10652,7,,,0
12019,'1196887',1551,,10653,7,,,0
12019,'1196940',1321,,10654,7,,,0
12019,'1196983',1920,,10655,7,,,0
12019,'1197026',2220,,10656,7,,,0
12019,'1197080',1820,,10657,7,,,0
12019,'1197104',1850,,10658,7,,,0
12019,'1197223',1751,,10659,7,,,0
12019,'1197306',1151,,10660,7,,,0
12019,'1197322',750,,10661,7,,,0
12019,'1197334',1621,,10662,7,,,0
12019,'1197339',1750,,10663,7,,,0
12019,'1197433',950,,10664,7,,,0
12019,'1197490',1651,,10665,7,,,0
12019,'1197525',1551,,10666,7,,,0
12019,'1197602',850,,10667,7,,,0
12019,'1197615',1221,,10668,7,,,0
12019,'1197664',1751,,10669,7,,,0
12019,'1197701',2350,,10670,7,,,0
12019,'1197765',2350,,10671,7,,,0
12019,'1197813',1051,,10672,7,,,0
12019,'1197824',1250,,10673,7,,,0
12019,'1197891',2050,,10674,7,,,0
12019,'1197911',1950,,10675,7,,,0
12019,'1197945',1850,,10676,7,,,0
12019,'1197989',1451,,10677,7,,,0
12019,'1197991',1150,,10678,7,,,0
12019,'1198031',650,,10679,7,,,0
12019,'1198072',1350,,10680,7,,,0
12019,'1198097',1550,,10681,7,,,0
12019,'1198121',1651,,10682,7,,,0
12019,'1198127',1051,,10683,7,,,0
12019,'1198171',2150,,10684,7,,,0
12019,'1198224',2250,,10685,7,,,0
12019,'1198250',1321,,10686,7,,,0
12019,'1198260',1421,,10687,7,,,0
12019,'1198263',920,,10688,7,,,0
12019,'1198283',1521,,10689,7,,,0
12019,'1198358',1450,,10690,7,,,0
12019,'1198421',850,,10691,7,,,0
12019,'1198427',1221,,10692,7,,,0
12019,'1198442',1721,,10693,7,,,0
12019,'1198497',2150,,10694,7,,,0
12019,'1198582',850,,10695,7,,,0
12019,'1198588',620,,10696,7,,,0
12019,'1198592',1721,,10697,7,,,0
12019,'1198618',1050,,10698,7,,,0
12019,'1198712',1151,,10699,7,,,0
12019,'1198727',1351,,10700,7,,,0
12019,'1198773',1351,,10701,7,,,0
12019,'1198774',1121,,10702,7,,,0
12019,'1198819',2320,,10703,7,,,0
12019,'1198842',950,,10704,7,,,0
12019,'1198884',1950,,10705,7,,,0
12019,'1198912',750,,10706,7,,,0
12019,'1198945',950,,10707,7,,,0
12019,'1199167',720,,10708,7,,,0
12019,'1199197',2050,,10709,7,,,0
12019,'1199223',1251,,10710,7,,,0
12019,'1199224',652,,10711,7,,,0
12019,'1199251',1020,,10712,7,,,0
12019,'1199291',1521,,10713,7,,,0
12019,'1199315',1251,,10714,7,,,0
12019,'1199416',2250,,10715,7,,,0
12019,'1199495',1421,,10716,7,,,0
12019,'1199513',820,,10717,7,,,0
12019,'1199578',1451,,10718,7,,,0
12019,'1199610',2020,,10719,7,,,0
12019,'1199616',750,,10720,7,,,0
12019,'1199625',1650,,10721,7,,,0
