11019,'1196979',1324,,10448,14,,,0
11019,'1197040',1653,,10449,14,,,0
11019,'1197065',1509,,10450,14,,,0
11019,'1197103',1908,,10451,14,,,0
11019,'1197109',1323,,10452,14,,,0
11019,'1197110',723,,10453,14,,,0
11019,'1197145',2023,,10454,14,,,0
11019,'1197180',1224,,10455,14,,,0
11019,'1197201',938,,10456,14,,,0
11019,'1197211',723,,10457,14,0,5 6,0
11019,'1197221',1624,,10458,14,,,0
11019,'1197227',1209,,10459,14,,,0
11019,'1197254',1539,,10460,14,,,0
11019,'1197259',2323,,10461,14,,,0
11019,'1197278',2338,,10462,14,,,0
11019,'1197283',908,,10463,14,,,0
11019,'1197316',2023,,10464,14,0,5 6,0
11019,'1197320',1823,,10465,14,,,0
11019,'1197325',2238,,10466,14,,,0
11019,'1197329',1023,,10467,14,,,0
11019,'1197333',953,,10468,14,,,0
11019,'1197344',1938,,10469,14,,,0
11019,'1197354',1108,,10470,14,,,0
11019,'1197406',2223,,10471,14,0,5 6,0
11019,'1197447',2008,,10472,14,,,0
11019,'1197477',2108,,10473,14,,,0
11019,'1197495',1523,,10474,14,,,0
11019,'1197504',2038,,10475,14,,,0
11019,'1197634',823,,10476,14,,,0
11019,'1197652',1138,,10477,14,,,0
11019,'1197663',1309,,10478,14,,,0
11019,'1197722',1709,,10479,14,,,0
11019,'1197727',1808,,10480,14,,,0
11019,'1197728',1623,,10481,14,0,5 6,0
11019,'1197785',923,,10482,14,,,0
11019,'1197855',1838,,10483,14,,,0
11019,'1197865',1639,,10484,14,,,0
11019,'1197880',1453,,10485,14,,,0
11019,'1197889',708,,10486,14,,,0
11019,'1197896',923,,10487,14,,,0
11019,'1197926',1223,,10488,14,0,5 6,0
11019,'1197981',1253,,10489,14,,,0
11019,'1198019',1254,,10490,14,,,0
11019,'1198026',1409,,10491,14,,,0
11019,'1198029',1823,,10492,14,0,5 6,0
11019,'1198038',1723,,10493,14,,,0
11019,'1198149',1123,,10494,14,,,0
11019,'1198166',1523,,10495,14,0,5 6,0
11019,'1198188',1423,,10496,14,0,5 6,0
11019,'1198219',1454,,10497,14,,,0
11019,'1198297',1239,,10498,14,,,0
11019,'1198308',1323,,10499,14,0,5 6,0
11019,'1198327',1724,,10500,14,,,0
11019,'1198365',1023,,10501,14,0,5 6,0
11019,'1198374',723,,10502,14,,,0
11019,'1198401',1923,,10503,14,0,5 6,0
11019,'1198413',2208,,10504,14,,,0
11019,'1198423',1153,,10505,14,,,0
11019,'1198472',838,,10506,14,,,0
11019,'1198605',1123,,10507,14,0,5 6,0
11019,'1198624',1153,,10508,14,,,0
11019,'1198627',2138,,10509,14,,,0
11019,'1198668',853,,10510,14,,,0
11019,'1198671',1424,,10511,14,,,0
11019,'1198695',1609,,10512,14,,,0
11019,'1198698',823,,10513,14,0,5 6,0
11019,'1198701',808,,10514,14,,,0
11019,'1198713',623,,10515,14,,,0
11019,'1198737',1623,,10516,14,,,0
11019,'1198753',2358,,10517,14,,,0
11019,'1198806',1554,,10518,14,,,0
11019,'1198894',738,,10519,14,,,0
11019,'1198896',1354,,10520,14,,,0
11019,'1198957',1654,,10521,14,,,0
11019,'1198963',1223,,10522,14,,,0
11019,'1199015',2323,,10523,14,0,5 6,0
11019,'1199020',1008,,10524,14,,,0
11019,'1199072',1439,,10525,14,,,0
11019,'1199077',753,,10526,14,,,0
11019,'1199162',1524,,10527,14,,,0
11019,'1199164',638,,10528,14,,,0
11019,'1199175',1353,,10529,14,,,0
11019,'1199179',2223,,10530,14,,,0
11019,'1199209',1339,,10531,14,,,0
11019,'1199218',2308,,10532,14,,,0
11019,'1199260',1723,,10533,14,0,5 6,0
11019,'1199285',653,,10534,14,,,0
11019,'1199336',1423,,10535,14,,,0
11019,'1199342',1923,,10536,14,,,0
11019,'1199350',923,,10537,14,0,5 6,0
11019,'1199361',1123,,10538,14,,,0
11019,'1199369',1038,,10539,14,,,0
11019,'1199392',1739,,10540,14,,,0
11019,'1199420',823,,10541,14,,,0
11019,'1199430',2123,,10542,14,,,0
11019,'1199452',1553,,10543,14,,,0
11019,'1199483',1754,,10544,14,,,0
11019,'1199518',1053,,10545,14,,,0
11019,'1199575',2123,,10546,14,0,5 6,0
11019,'1199637',1023,,10547,14,,,0
