11019,'1196876',1506,,10548,27,,,0
11019,'1196884',1305,,10549,31,,,0
11019,'1196914',1148,,10550,31,,,0
11019,'1196958',807,,10551,31,,,0
11019,'1197000',1306,,10552,27,,,0
11019,'1197070',1906,,10553,27,,,0
11019,'1197071',1847,,10554,31,,,0
11019,'1197114',933,,10555,31,,,0
11019,'1197185',2306,,10556,27,,,0
11019,'1197191',1505,,10557,31,,,0
11019,'1197229',1420,,10558,31,,,0
11019,'1197234',1719,,10559,31,,,0
11019,'1197264',1750,,10560,31,,,0
11019,'1197274',948,,10561,31,,,0
11019,'1197327',1349,,10562,31,,,0
11019,'1197343',748,,10563,31,,,0
11019,'1197351',1606,,10564,27,,,0
11019,'1197398',1835,,10565,31,,,0
11019,'1197412',2317,,10566,31,,,0
11019,'1197422',1650,,10567,31,,,0
11019,'1197446',2406,,10568,27,,,0
11019,'1197463',718,,10569,31,,,0
11019,'1197502',633,,10570,31,,,0
11019,'1197519',803,,10571,31,,,0
11019,'1197564',2307,,10572,31,,,0
11019,'1197573',1406,,10573,27,,,0
11019,'1197695',1118,,10574,31,,,0
11019,'1197696',818,,10575,31,,,0
11019,'1197753',906,,10576,27,,,0
11019,'1197763',1535,,10577,31,,,0
11019,'1197795',2047,,10578,31,,,0
11019,'1197832',1635,,10579,31,,,0
11019,'1197875',2434,,10580,31,,,0
11019,'1197917',2407,,10581,31,,,0
11019,'1197925',1133,,10582,31,,,0
11019,'1197934',1549,,10583,31,,,0
11019,'1197978',1917,,10584,31,,,0
11019,'1197990',1449,,10585,31,,,0
11019,'1198012',903,,10586,31,,,0
11019,'1198053',1007,,10587,31,,,0
11019,'1198076',2017,,10588,31,,,0
11019,'1198113',2117,,10589,31,,,0
11019,'1198146',2247,,10590,31,,,0
11019,'1198266',2007,,10591,31,,,0
11019,'1198296',1706,,10592,27,,,0
11019,'1198337',918,,10593,31,,,0
11019,'1198341',1207,,10594,31,,,0
11019,'1198362',2206,,10595,27,,,0
11019,'1198405',1907,,10596,31,,,0
11019,'1198419',1520,,10597,31,,,0
11019,'1198470',1320,,10598,31,,,0
11019,'1198493',1820,,10599,31,,,0
11019,'1198506',1107,,10600,31,,,0
11019,'1198543',1033,,10601,31,,,0
11019,'1198548',1620,,10602,31,,,0
11019,'1198573',1203,,10603,31,,,0
11019,'1198590',2006,,10604,27,,,0
11019,'1198610',1605,,10605,31,,,0
11019,'1198623',707,,10606,31,,,0
11019,'1198660',1319,,10607,31,,,0
11019,'1198662',1806,,10608,27,,,0
11019,'1198696',1450,,10609,31,,,0
11019,'1198771',1519,,10610,31,,,0
11019,'1198808',1003,,10611,31,,,0
11019,'1198843',2106,,10612,27,,,0
11019,'1198927',1103,,10613,31,,,0
11019,'1198951',1735,,10614,31,,,0
11019,'1198978',1947,,10615,31,,,0
11019,'1199022',1247,,10616,31,,,0
11019,'1199024',2207,,10617,31,,,0
11019,'1199026',2217,,10618,31,,,0
11019,'1199059',1619,,10619,31,,,0
11019,'1199060',1405,,10620,31,,,0
11019,'1199064',1819,,10621,31,,,0
11019,'1199091',806,,10622,27,,,0
11019,'1199100',2147,,10623,31,,,0
11019,'1199118',1720,,10624,31,,,0
11019,'1199132',703,,10625,31,,,0
11019,'1199143',1749,,10626,31,,,0
11019,'1199154',1435,,10627,31,,,0
11019,'1199177',1705,,10628,31,,,0
11019,'1199180',2107,,10629,31,,,0
11019,'1199214',733,,10630,31,,,0
11019,'1199225',1550,,10631,31,,,0
11019,'1199227',1206,,10632,27,,,0
11019,'1199229',1419,,10633,31,,,0
11019,'1199253',1006,,10634,27,,,0
11019,'1199301',2344,,10635,31,,,0
11019,'1199306',1106,,10636,27,,,0
11019,'1199370',1805,,10637,31,,,0
11019,'1199376',848,,10638,31,,,0
11019,'1199394',907,,10639,31,,,0
11019,'1199403',833,,10640,31,,,0
11019,'1199410',1218,,10641,31,,,0
11019,'1199462',2414,,10642,31,,,0
11019,'1199476',1018,,10643,31,,,0
11019,'1199496',1335,,10644,31,,,0
11019,'1199508',1233,,10645,31,,,0
11019,'1199591',1649,,10646,31,,,0
11019,'1199603',1250,,10647,31,,,0
11019,'1199619',1048,,10648,31,,,0
11019,'1199623',1350,,10649,31,,,0
