10019,'1196894',2054,,10329,28,,,0
10019,'1196915',1654,,10330,28,,,0
10019,'1196923',1054,,10331,28,,,0
10019,'1197054',2224,,10332,28,,,0
10019,'1197091',1454,,10333,28,,,0
10019,'1197121',1055,,10334,28,,,0
10019,'1197207',954,,10335,28,,,0
10019,'1197335',824,,10336,28,,,0
10019,'1197345',2124,,10337,28,,,0
10019,'1197397',1455,,10338,28,,,0
10019,'1197418',2354,,10339,28,,,0
10019,'1197505',1554,,10340,28,,,0
10019,'1197587',924,,10341,28,,,0
10019,'1197595',1054,,10342,28,,,0
10019,'1197737',1355,,10343,28,,,0
10019,'1197756',1854,,10344,28,,,0
10019,'1197759',1525,,10345,28,,,0
10019,'1197766',2254,,10346,28,,,0
10019,'1197915',1954,,10347,28,,,0
10019,'1197927',754,,10348,28,,,0
10019,'1197935',654,,10349,28,,,0
10019,'1197985',954,,10350,28,,,0
10019,'1198010',1824,,10351,28,,,0
10019,'1198016',1954,,10352,28,,,0
10019,'1198164',654,,10353,28,,,0
10019,'1198167',1554,,10354,28,,,0
10019,'1198226',1354,,10355,28,,,0
10019,'1198257',1454,,10356,28,,,0
10019,'1198280',2324,,10357,28,,,0
10019,'1198300',1555,,10358,28,,,0
10019,'1198361',2154,,10359,28,,,0
10019,'1198366',854,,10360,28,,,0
10019,'1198390',1854,,10361,28,,,0
10019,'1198410',1754,,10362,28,,,0
10019,'1198440',754,,10363,28,,,0
10019,'1198475',1154,,10364,28,,,0
10019,'1198480',2154,,10365,28,,,0
10019,'1198509',625,,10366,28,,,0
10019,'1198520',1254,,10367,28,,,0
10019,'1198542',2354,,10368,28,,,0
10019,'1198583',2254,,10369,28,,,0
10019,'1198726',1924,,10370,28,,,0
10019,'1198809',854,,10371,28,,,0
10019,'1198815',1654,,10372,28,,,0
10019,'1198881',1625,,10373,28,,,0
10019,'1198903',854,,10374,28,,,0
10019,'1198955',1155,,10375,28,,,0
10019,'1198962',1655,,10376,28,,,0
10019,'1198993',1154,,10377,28,,,0
10019,'1199007',2054,,10378,28,,,0
10019,'1199032',1354,,10379,28,,,0
10019,'1199053',1755,,10380,28,,,0
10019,'1199056',1754,,10381,28,,,0
10019,'1199257',1725,,10382,28,,,0
10019,'1199300',1254,,10383,28,,,0
10019,'1199321',954,,10384,28,,,0
10019,'1199323',2024,,10385,28,,,0
10019,'1199353',1255,,10386,28,,,0
10019,'1199424',724,,10387,28,,,0
10019,'1199598',754,,10388,28,,,0
