23029,'1196989',1523,,11178,12,,,0
23029,'1197720',922,,11179,12,,,0
23029,'1197799',952,,11180,12,,,0
23029,'1197902',1324,,11181,12,,,0
23029,'1198145',1723,,11182,12,,,0
23029,'1198600',1123,,11183,12,,,0
23029,'1199027',1354,,11184,12,,,0
23029,'1199095',1555,,11185,12,,,0
23029,'1199388',1154,,11186,12,,,0
102029,'1196895',1702,,11907,19,,,0
102029,'1196982',1350,,11908,19,,,0
102029,'1197029',2120,,11909,19,,,0
102029,'1197083',1532,,11910,19,,,0
102029,'1197178',1102,,11911,19,,,0
102029,'1197226',705,,11912,19,,,0
102029,'1197263',750,,11913,19,,,0
102029,'1197297',1449,,11914,19,,,0
102029,'1197309',1832,,11915,19,,,0
102029,'1197330',1735,,11916,19,,,0
102029,'1197420',1520,,11917,19,,,0
102029,'1197536',2302,,11918,19,,,0
102029,'1197603',1050,,11919,19,,,0
102029,'1197704',1019,,11920,19,,,0
102029,'1197770',2420,,11921,19,,,0
102029,'1197839',835,,11922,19,,,0
102029,'1198134',1319,,11923,19,,,0
102029,'1198173',932,,11924,19,,,0
102029,'1198220',1232,,11925,19,,,0
102029,'1198227',1749,,11926,19,,,0
102029,'1198249',1820,,11927,19,,,0
102029,'1198376',1605,,11928,19,,,0
102029,'1198502',1650,,11929,19,,,0
102029,'1198531',802,,11930,19,,,0
102029,'1198599',1619,,11931,19,,,0
102029,'1198638',2250,,11932,19,,,0
102029,'1198688',1149,,11933,19,,,0
102029,'1198705',2049,,11934,19,,,0
102029,'1198769',2002,,11935,19,,,0
102029,'1198816',2132,,11936,19,,,0
102029,'1198930',2219,,11937,19,,,0
102029,'1198996',620,,11938,19,,,0
102029,'1199090',849,,11939,19,,,0
102029,'1199168',920,,11940,19,,,0
102029,'1199202',1950,,11941,19,,,0
102029,'1199211',1919,,11942,19,,,0
102029,'1199244',1005,,11943,19,,,0
102029,'1199434',1220,,11944,19,,,0
102029,'1199477',2349,,11945,19,,,0
102029,'1199479',1435,,11946,19,,,0
102029,'1199488',638,,11947,19,,,0
102029,'1199537',1402,,11948,19,,,0
102029,'1199651',719,,11949,19,,,0
