102019,'1197016',2204,,11865,19,,,0
102019,'1197206',1818,,11866,19,,,0
102019,'1197235',904,,11867,19,,,0
102019,'1197240',734,,11868,19,,,0
102019,'1197255',1334,,11869,19,,,0
102019,'1197609',918,,11870,19,,,0
102019,'1197643',1504,,11871,19,,,0
102019,'1197656',1904,,11872,19,,,0
102019,'1197775',1604,,11873,19,,,0
102019,'1197973',649,,11874,19,,,0
102019,'1197982',1804,,11875,19,,,0
102019,'1198067',704,,11876,19,,,0
102019,'1198088',2248,,11877,19,,,0
102019,'1198122',1934,,11878,19,,,0
102019,'1198163',1034,,11879,19,,,0
102019,'1198211',819,,11880,19,,,0
102019,'1198279',1134,,11881,19,,,0
102019,'1198403',1048,,11882,19,,,0
102019,'1198424',1434,,11883,19,,,0
102019,'1198486',1004,,11884,19,,,0
102019,'1198508',1518,,11885,19,,,0
102019,'1198523',1304,,11886,19,,,0
102019,'1198532',1218,,11887,19,,,0
102019,'1198591',2234,,11888,19,,,0
102019,'1198661',1634,,11889,19,,,0
102019,'1198730',2104,,11890,19,,,0
102019,'1198749',2034,,11891,19,,,0
102019,'1198805',1948,,11892,19,,,0
102019,'1198848',1648,,11893,19,,,0
102019,'1198865',2334,,11894,19,,,0
102019,'1199016',2118,,11895,19,,,0
102019,'1199130',2404,,11896,19,,,0
102019,'1199199',949,,11897,19,,,0
102019,'1199205',1204,,11898,19,,,0
102019,'1199328',1348,,11899,19,,,0
102019,'1199348',1734,,11900,19,,,0
102019,'1199363',1719,,11901,19,,,0
102019,'1199433',1549,,11902,19,,,0
102019,'1199474',604,,11903,19,,,0
102019,'1199507',834,,11904,19,,,0
102019,'1199572',1419,,11905,19,,,0
102019,'1199618',748,,11906,19,,,0
