105019,'1196946',852,,12117,23,,,0
105019,'1197049',1759,,12118,23,,,0
105019,'1197077',539,,12119,23,,,0
105019,'1197115',1144,,12120,23,,,0
105019,'1197131',652,,12121,23,,,0
105019,'1197173',1154,,12122,23,,,0
105019,'1197181',1012,,12123,23,,,0
105019,'1197192',2139,,12124,23,,,0
105019,'1197197',1444,,12125,23,,,0
105019,'1197292',1254,,12126,23,,,0
105019,'1197296',1544,,12127,23,,,0
105019,'1197531',1354,,12128,23,,,0
105019,'1197548',1909,,12129,23,,,0
105019,'1197557',1554,,12130,23,,,0
105019,'1197588',812,,12131,23,,,0
105019,'1197596',2039,,12132,23,,,0
105019,'1197617',1454,,12133,23,,,0
105019,'1197633',1212,,12134,23,,,0
105019,'1197710',741,,12135,23,,,0
105019,'1197779',1729,,12136,23,,,0
105019,'1197825',1359,,12137,23,,,0
105019,'1197971',1044,,12138,23,,,0
105019,'1198112',609,,12139,23,,,0
105019,'1198338',1054,,12140,23,,,0
105019,'1198380',2212,,12141,23,,,0
105019,'1198385',1659,,12142,23,,,0
105019,'1198553',1259,,12143,23,,,0
105019,'1198560',2012,,12144,23,,,0
105019,'1198571',1612,,12145,23,,,0
105019,'1198621',711,,12146,23,,,0
105019,'1198667',941,,12147,23,,,0
105019,'1198717',1514,,12148,23,,,0
105019,'1198741',841,,12149,23,,,0
105019,'1198746',1829,,12150,23,,,0
105019,'1198889',639,,12151,23,,,0
105019,'1199004',1412,,12152,23,,,0
105019,'1199054',1614,,12153,23,,,0
105019,'1199098',811,,12154,23,,,0
105019,'1199298',2339,,12155,23,,,0
105019,'1199347',2252,,12156,23,,,0
105019,'1199383',2239,,12157,23,,,0
105019,'1199400',1654,,12158,23,,,0
105019,'1199461',1812,,12159,23,,,0
105019,'1199511',1754,,12160,23,,,0
105019,'1199546',2052,,12161,23,,,0
105019,'1199574',1854,,12162,23,,,0
