101029,'1196911',759,,11834,34,,,0
101029,'1197033',1842,,11835,34,,,0
101029,'1197060',859,,11836,34,,,0
101029,'1197096',1042,,11837,34,,,0
101029,'1197257',1059,,11838,34,,,0
101029,'1197272',1243,,11839,34,,,0
101029,'1197326',1601,,11840,34,,,0
101029,'1197581',2042,,11841,34,,,0
101029,'1197673',1443,,11842,34,,,0
101029,'1197747',2159,,11843,34,,,0
101029,'1197977',1643,,11844,34,,,0
101029,'1198059',643,,11845,34,,,0
101029,'1198116',1043,,11846,34,,,0
101029,'1198125',843,,11847,34,,,0
101029,'1198200',1242,,11848,34,,,0
101029,'1198251',959,,11849,34,,,0
101029,'1198346',842,,11850,34,,,0
101029,'1198498',2242,,11851,34,,,0
101029,'1198530',2243,,11852,34,,,0
101029,'1198631',1701,,11853,34,,,0
101029,'1198644',2419,,11854,34,,,0
101029,'1198710',1642,,11855,34,,,0
101029,'1198715',1759,,11856,34,,,0
101029,'1198953',2043,,11857,34,,,0
101029,'1198984',1401,,11858,34,,,0
101029,'1199108',1301,,11859,34,,,0
101029,'1199117',659,,11860,34,,,0
101029,'1199304',1843,,11861,34,,,0
101029,'1199366',1442,,11862,34,,,0
101029,'1199567',1959,,11863,34,,,0
101029,'1199585',1501,,11864,34,,,0
