12029,'1196881',1123,,10722,14,,,0
12029,'1196886',1653,,10723,14,,,0
12029,'1196921',824,,10724,14,,,0
12029,'1196925',1623,,10725,14,,,0
12029,'1197005',2358,,10726,14,,,0
12029,'1197009',2323,,10727,14,,,0
12029,'1197092',1753,,10728,14,,,0
12029,'1197112',853,,10729,14,,,0
12029,'1197136',2253,,10730,14,,,0
12029,'1197164',723,,10731,14,,,0
12029,'1197202',1523,,10732,14,,,0
12029,'1197246',1353,,10733,14,,,0
12029,'1197415',1053,,10734,14,,,0
12029,'1197416',1523,,10735,14,,,0
12029,'1197484',1924,,10736,14,,,0
12029,'1197496',2153,,10737,14,,,0
12029,'1197608',1153,,10738,14,,,0
12029,'1197678',1824,,10739,14,,,0
12029,'1197742',1323,,10740,14,,,0
12029,'1197777',2324,,10741,14,,,0
12029,'1197790',2223,,10742,14,,,0
12029,'1197947',1724,,10743,14,,,0
12029,'1198008',1353,,10744,14,,,0
12029,'1198017',1853,,10745,14,,,0
12029,'1198020',1723,,10746,14,,,0
12029,'1198024',923,,10747,14,,,0
12029,'1198092',1823,,10748,14,,,0
12029,'1198139',1553,,10749,14,,,0
12029,'1198185',1153,,10750,14,,,0
12029,'1198205',823,,10751,14,,,0
12029,'1198239',953,,10752,14,,,0
12029,'1198318',724,,10753,14,,,0
12029,'1198336',1123,,10754,14,,,0
12029,'1198360',1024,,10755,14,,,0
12029,'1198400',723,,10756,14,,,0
12029,'1198511',2224,,10757,14,,,0
12029,'1198528',1524,,10758,14,,,0
12029,'1198538',1423,,10759,14,,,0
12029,'1198556',2053,,10760,14,,,0
12029,'1198681',1923,,10761,14,,,0
12029,'1198731',2023,,10762,14,,,0
12029,'1198732',1323,,10763,14,,,0
12029,'1198745',2124,,10764,14,,,0
12029,'1198748',924,,10765,14,,,0
12029,'1198775',1023,,10766,14,,,0
12029,'1198818',1723,,10767,14,,,0
12029,'1198856',1124,,10768,14,,,0
12029,'1198877',1253,,10769,14,,,0
12029,'1198898',823,,10770,14,,,0
12029,'1198947',623,,10771,14,,,0
12029,'1198959',1223,,10772,14,,,0
12029,'1198976',1653,,10773,14,,,0
12029,'1199093',1453,,10774,14,,,0
12029,'1199207',1453,,10775,14,,,0
12029,'1199281',1324,,10776,14,,,0
12029,'1199325',1623,,10777,14,,,0
12029,'1199340',1053,,10778,14,,,0
12029,'1199357',1423,,10779,14,,,0
12029,'1199382',753,,10780,14,,,0
12029,'1199384',923,,10781,14,,,0
12029,'1199423',1953,,10782,14,,,0
12029,'1199437',1424,,10783,14,,,0
12029,'1199445',2024,,10784,14,,,0
12029,'1199457',1624,,10785,14,,,0
12029,'1199487',1023,,10786,14,,,0
12029,'1199500',653,,10787,14,,,0
12029,'1199501',1553,,10788,14,,,0
12029,'1199531',1223,,10789,14,,,0
12029,'1199556',2123,,10790,14,,,0
12029,'1199590',1253,,10791,14,,,0
12029,'1199639',1224,,10792,14,,,0
