3029,'1196871',651,,10230,26,,,0
3029,'1196875',2402,,10231,26,,,0
3029,'1196902',1552,,10232,26,,,0
3029,'1196918',1152,,10233,26,,,0
3029,'1196929',802,,10234,26,,,0
3029,'1197004',2150,,10235,26,,,0
3029,'1197012',1452,,10236,26,,,0
3029,'1197066',1902,,10237,26,,,0
3029,'1197101',1322,,10238,26,,,0
3029,'1197253',1602,,10239,26,,,0
3029,'1197290',821,,10240,26,,,0
3029,'1197380',2202,,10241,26,,,0
3029,'1197402',1622,,10242,26,,,0
3029,'1197413',2050,,10243,26,,,0
3029,'1197417',1102,,10244,26,,,0
3029,'1197427',2219,,10245,26,,,0
3029,'1197507',2350,,10246,26,,,0
3029,'1197510',1822,,10247,26,,,0
3029,'1197558',1021,,10248,26,,,0
3029,'1197601',951,,10249,26,,,0
3029,'1197654',1202,,10250,26,,,0
3029,'1197697',1222,,10251,26,,,0
3029,'1197823',1252,,10252,26,,,0
3029,'1197828',1422,,10253,26,,,0
3029,'1197856',1652,,10254,26,,,0
3029,'1197870',1352,,10255,26,,,0
3029,'1197895',2119,,10256,26,,,0
3029,'1197903',1950,,10257,26,,,0
3029,'1197920',1302,,10258,26,,,0
3029,'1197958',2250,,10259,26,,,0
3029,'1197998',2149,,10260,26,,,0
3029,'1198039',1702,,10261,26,,,0
3029,'1198070',1752,,10262,26,,,0
3029,'1198115',1002,,10263,26,,,0
3029,'1198165',1802,,10264,26,,,0
3029,'1198246',1552,,10265,26,,,0
3029,'1198281',1752,,10266,26,,,0
3029,'1198295',750,,10267,26,,,0
3029,'1198310',2249,,10268,26,,,0
3029,'1198321',1051,,10269,26,,,0
3029,'1198363',1252,,10270,26,,,0
3029,'1198395',751,,10271,26,,,0
3029,'1198434',1522,,10272,26,,,0
3029,'1198445',1152,,10273,26,,,0
3029,'1198462',2049,,10274,26,,,0
3029,'1198484',2302,,10275,26,,,0
3029,'1198500',1722,,10276,26,,,0
3029,'1198518',950,,10277,26,,,0
3029,'1198562',1402,,10278,26,,,0
3029,'1198577',1452,,10279,26,,,0
3029,'1198614',650,,10280,26,,,0
3029,'1198734',1849,,10281,26,,,0
3029,'1198836',851,,10282,26,,,0
3029,'1198936',1502,,10283,26,,,0
3029,'1198983',2102,,10284,26,,,0
3029,'1199061',850,,10285,26,,,0
3029,'1199094',1949,,10286,26,,,0
3029,'1199112',2345,,10287,26,,,0
3029,'1199231',2002,,10288,26,,,0
3029,'1199421',1652,,10289,26,,,0
3029,'1199431',1050,,10290,26,,,0
3029,'1199453',1850,,10291,26,,,0
3029,'1199460',1352,,10292,26,,,0
3029,'1199521',921,,10293,26,,,0
3029,'1199533',1919,,10294,26,,,0
3029,'1199547',721,,10295,26,,,0
3029,'1199601',1121,,10296,26,,,0
3029,'1199629',902,,10297,26,,,0
3029,'1199646',2019,,10298,26,,,0
14019,'1196890',1835,,10916,43,,,0
14019,'1196970',2105,,10917,43,,,0
14019,'1196984',1403,,10918,43,,,0
14019,'1197073',2205,,10919,43,,,0
14019,'1197090',803,,10920,43,,,0
14019,'1197106',1737,,10921,43,,,0
14019,'1197152',1607,,10922,43,,,0
14019,'1197163',1706,,10923,43,,,0
14019,'1197189',2003,,10924,43,,,0
14019,'1197473',1005,,10925,43,,,0
14019,'1197576',1203,,10926,43,,,0
14019,'1197578',1903,,10927,43,,,0
14019,'1197606',903,,10928,43,,,0
14019,'1197719',1606,,10929,43,,,0
14019,'1197768',1707,,10930,43,,,0
14019,'1197774',1306,,10931,43,,,0
14019,'1197807',705,,10932,43,,,0
14019,'1197857',1303,,10933,43,,,0
14019,'1197872',805,,10934,43,,,0
14019,'1197899',2335,,10935,43,,,0
14019,'1197912',1703,,10936,43,,,0
14019,'1197929',1406,,10937,43,,,0
14019,'1197946',2005,,10938,43,,,0
14019,'1198043',2405,,10939,43,,,0
14019,'1198056',1935,,10940,43,,,0
14019,'1198057',705,,10941,43,,,0
14019,'1198062',1603,,10942,43,,,0
14019,'1198118',2035,,10943,43,,,0
14019,'1198151',1503,,10944,43,,,0
14019,'1198161',1507,,10945,43,,,0
14019,'1198262',1506,,10946,43,,,0
14019,'1198285',2305,,10947,43,,,0
14019,'1198312',1005,,10948,43,,,0
14019,'1198386',1905,,10949,43,,,0
14019,'1198412',1207,,10950,43,,,0
14019,'1198436',905,,10951,43,,,0
14019,'1198460',1107,,10952,43,,,0
14019,'1198507',905,,10953,43,,,0
14019,'1198513',1307,,10954,43,,,0
14019,'1198539',1105,,10955,43,,,0
14019,'1198751',2103,,10956,43,,,0
14019,'1198810',2403,,10957,43,,,0
14019,'1198859',1537,,10958,43,,,0
14019,'1198869',935,,10959,43,,,0
14019,'1198890',2203,,10960,43,,,0
14019,'1199036',735,,10961,43,,,0
14019,'1199048',805,,10962,43,,,0
14019,'1199075',835,,10963,43,,,0
14019,'1199084',1103,,10964,43,,,0
14019,'1199131',2135,,10965,43,,,0
14019,'1199280',2303,,10966,43,,,0
14019,'1199286',1003,,10967,43,,,0
14019,'1199393',1407,,10968,43,,,0
14019,'1199441',1637,,10969,43,,,0
14019,'1199444',1806,,10970,43,,,0
14019,'1199523',1803,,10971,43,,,0
14019,'1199538',1807,,10972,43,,,0
14019,'1199568',2235,,10973,43,,,0
14019,'1199582',1206,,10974,43,,,0
