14019,'1196890',1825,,10916,24,,,0
14019,'1196970',2055,,10917,24,,,0
14019,'1196984',1353,,10918,24,,,0
14019,'1197073',2155,,10919,24,,,0
14019,'1197090',753,,10920,24,,,0
14019,'1197106',1726,,10921,24,,,0
14019,'1197152',1556,,10922,24,,,0
14019,'1197163',1655,,10923,24,,,0
14019,'1197189',1953,,10924,24,,,0
14019,'1197473',955,,10925,24,,,0
14019,'1197576',1153,,10926,24,,,0
14019,'1197578',1853,,10927,24,,,0
14019,'1197606',853,,10928,24,,,0
14019,'1197719',1555,,10929,24,,,0
14019,'1197768',1656,,10930,24,,,0
14019,'1197774',1255,,10931,24,,,0
14019,'1197807',655,,10932,24,,,0
14019,'1197857',1253,,10933,24,,,0
14019,'1197872',755,,10934,24,,,0
14019,'1197899',2325,,10935,24,,,0
14019,'1197912',1653,,10936,24,,,0
14019,'1197929',1355,,10937,24,,,0
14019,'1197946',1955,,10938,24,,,0
14019,'1198043',2355,,10939,24,,,0
14019,'1198056',1925,,10940,24,,,0
14019,'1198057',655,,10941,24,,,0
14019,'1198062',1553,,10942,24,,,0
14019,'1198118',2025,,10943,24,,,0
14019,'1198151',1453,,10944,24,,,0
14019,'1198161',1456,,10945,24,,,0
14019,'1198262',1455,,10946,24,,,0
14019,'1198285',2255,,10947,24,,,0
14019,'1198312',955,,10948,24,,,0
14019,'1198386',1855,,10949,24,,,0
14019,'1198412',1156,,10950,24,,,0
14019,'1198436',855,,10951,24,,,0
14019,'1198460',1056,,10952,24,,,0
14019,'1198507',855,,10953,24,,,0
14019,'1198513',1256,,10954,24,,,0
14019,'1198539',1055,,10955,24,,,0
14019,'1198751',2053,,10956,24,,,0
14019,'1198810',2353,,10957,24,,,0
14019,'1198859',1526,,10958,24,,,0
14019,'1198869',925,,10959,24,,,0
14019,'1198890',2153,,10960,24,,,0
14019,'1199036',725,,10961,24,,,0
14019,'1199048',755,,10962,24,,,0
14019,'1199075',825,,10963,24,,,0
14019,'1199084',1053,,10964,24,,,0
14019,'1199131',2125,,10965,24,,,0
14019,'1199280',2253,,10966,24,,,0
14019,'1199286',953,,10967,24,,,0
14019,'1199393',1356,,10968,24,,,0
14019,'1199441',1626,,10969,24,,,0
14019,'1199444',1755,,10970,24,,,0
14019,'1199523',1753,,10971,24,,,0
14019,'1199538',1756,,10972,24,,,0
14019,'1199568',2225,,10973,24,,,0
14019,'1199582',1155,,10974,24,,,0
