10019,'1196894',2053,,10329,25,,,0
10019,'1196915',1653,,10330,25,,,0
10019,'1196923',1053,,10331,25,,,0
10019,'1197054',2223,,10332,25,,,0
10019,'1197091',1453,,10333,25,,,0
10019,'1197121',1054,,10334,25,,,0
10019,'1197207',953,,10335,25,,,0
10019,'1197335',823,,10336,25,,,0
10019,'1197345',2123,,10337,25,,,0
10019,'1197397',1454,,10338,25,,,0
10019,'1197418',2353,,10339,25,,,0
10019,'1197505',1553,,10340,25,,,0
10019,'1197587',923,,10341,25,,,0
10019,'1197595',1053,,10342,25,,,0
10019,'1197737',1354,,10343,25,,,0
10019,'1197756',1853,,10344,25,,,0
10019,'1197759',1524,,10345,25,,,0
10019,'1197766',2253,,10346,25,,,0
10019,'1197915',1953,,10347,25,,,0
10019,'1197927',753,,10348,25,,,0
10019,'1197935',653,,10349,25,,,0
10019,'1197985',953,,10350,25,,,0
10019,'1198010',1823,,10351,25,,,0
10019,'1198016',1953,,10352,25,,,0
10019,'1198164',653,,10353,25,,,0
10019,'1198167',1553,,10354,25,,,0
10019,'1198226',1353,,10355,25,,,0
10019,'1198257',1453,,10356,25,,,0
10019,'1198280',2323,,10357,25,,,0
10019,'1198300',1554,,10358,25,,,0
10019,'1198361',2153,,10359,25,,,0
10019,'1198366',853,,10360,25,,,0
10019,'1198390',1853,,10361,25,,,0
10019,'1198410',1753,,10362,25,,,0
10019,'1198440',753,,10363,25,,,0
10019,'1198475',1153,,10364,25,,,0
10019,'1198480',2153,,10365,25,,,0
10019,'1198509',624,,10366,25,,,0
10019,'1198520',1253,,10367,25,,,0
10019,'1198542',2353,,10368,25,,,0
10019,'1198583',2253,,10369,25,,,0
10019,'1198726',1923,,10370,25,,,0
10019,'1198809',853,,10371,25,,,0
10019,'1198815',1653,,10372,25,,,0
10019,'1198881',1624,,10373,25,,,0
10019,'1198903',853,,10374,25,,,0
10019,'1198955',1154,,10375,25,,,0
10019,'1198962',1654,,10376,25,,,0
10019,'1198993',1153,,10377,25,,,0
10019,'1199007',2053,,10378,25,,,0
10019,'1199032',1353,,10379,25,,,0
10019,'1199053',1754,,10380,25,,,0
10019,'1199056',1753,,10381,25,,,0
10019,'1199257',1724,,10382,25,,,0
10019,'1199300',1253,,10383,25,,,0
10019,'1199321',953,,10384,25,,,0
10019,'1199323',2023,,10385,25,,,0
10019,'1199353',1254,,10386,25,,,0
10019,'1199424',723,,10387,25,,,0
10019,'1199598',753,,10388,25,,,0
