105019,'1196946',928,,12117,78,,,0
105019,'1197049',1839,,12118,78,,,0
105019,'1197077',614,,12119,78,,,0
105019,'1197115',1224,,12120,78,,,0
105019,'1197131',728,,12121,78,,,0
105019,'1197173',1229,,12122,78,,,0
105019,'1197181',1044,,12123,78,,,0
105019,'1197192',2214,,12124,78,,,0
105019,'1197197',1524,,12125,78,,,0
105019,'1197292',1329,,12126,78,,,0
105019,'1197296',1624,,12127,78,,,0
105019,'1197531',1429,,12128,78,,,0
105019,'1197548',1944,,12129,78,,,0
105019,'1197557',1629,,12130,78,,,0
105019,'1197588',844,,12131,78,,,0
105019,'1197596',2114,,12132,78,,,0
105019,'1197617',1529,,12133,78,,,0
105019,'1197633',1244,,12134,78,,,0
105019,'1197710',821,,12135,78,,,0
105019,'1197779',1809,,12136,78,,,0
105019,'1197825',1439,,12137,78,,,0
105019,'1197971',1124,,12138,78,,,0
105019,'1198112',644,,12139,78,,,0
105019,'1198338',1129,,12140,78,,,0
105019,'1198380',2244,,12141,78,,,0
105019,'1198385',1739,,12142,78,,,0
105019,'1198553',1339,,12143,78,,,0
105019,'1198560',2044,,12144,78,,,0
105019,'1198571',1644,,12145,78,,,0
105019,'1198621',751,,12146,78,,,0
105019,'1198667',1021,,12147,78,,,0
105019,'1198717',1554,,12148,78,,,0
105019,'1198741',921,,12149,78,,,0
105019,'1198746',1909,,12150,78,,,0
105019,'1198889',714,,12151,78,,,0
105019,'1199004',1444,,12152,78,,,0
105019,'1199054',1654,,12153,78,,,0
105019,'1199098',851,,12154,78,,,0
105019,'1199298',2414,,12155,78,,,0
105019,'1199347',2328,,12156,78,,,0
105019,'1199383',2314,,12157,78,,,0
105019,'1199400',1729,,12158,78,,,0
105019,'1199461',1844,,12159,78,,,0
105019,'1199511',1829,,12160,78,,,0
105019,'1199546',2128,,12161,78,,,0
105019,'1199574',1929,,12162,78,,,0
