10019,'1196894',2053,,10329,23,,,0
10019,'1196915',1653,,10330,23,,,0
10019,'1196923',1053,,10331,23,,,0
10019,'1197054',2223,,10332,23,,,0
10019,'1197091',1453,,10333,23,,,0
10019,'1197121',1053,,10334,23,,,0
10019,'1197207',953,,10335,23,,,0
10019,'1197335',823,,10336,23,,,0
10019,'1197345',2123,,10337,23,,,0
10019,'1197397',1453,,10338,23,,,0
10019,'1197418',2353,,10339,23,,,0
10019,'1197505',1553,,10340,23,,,0
10019,'1197587',923,,10341,23,,,0
10019,'1197595',1053,,10342,23,,,0
10019,'1197737',1353,,10343,23,,,0
10019,'1197756',1853,,10344,23,,,0
10019,'1197759',1523,,10345,23,,,0
10019,'1197766',2253,,10346,23,,,0
10019,'1197915',1953,,10347,23,,,0
10019,'1197927',753,,10348,23,,,0
10019,'1197935',653,,10349,23,,,0
10019,'1197985',953,,10350,23,,,0
10019,'1198010',1823,,10351,23,,,0
10019,'1198016',1953,,10352,23,,,0
10019,'1198164',653,,10353,23,,,0
10019,'1198167',1553,,10354,23,,,0
10019,'1198226',1353,,10355,23,,,0
10019,'1198257',1453,,10356,23,,,0
10019,'1198280',2323,,10357,23,,,0
10019,'1198300',1553,,10358,23,,,0
10019,'1198361',2153,,10359,23,,,0
10019,'1198366',853,,10360,23,,,0
10019,'1198390',1853,,10361,23,,,0
10019,'1198410',1753,,10362,23,,,0
10019,'1198440',753,,10363,23,,,0
10019,'1198475',1153,,10364,23,,,0
10019,'1198480',2153,,10365,23,,,0
10019,'1198509',624,,10366,23,,,0
10019,'1198520',1253,,10367,23,,,0
10019,'1198542',2353,,10368,23,,,0
10019,'1198583',2253,,10369,23,,,0
10019,'1198726',1923,,10370,23,,,0
10019,'1198809',853,,10371,23,,,0
10019,'1198815',1653,,10372,23,,,0
10019,'1198881',1623,,10373,23,,,0
10019,'1198903',853,,10374,23,,,0
10019,'1198955',1153,,10375,23,,,0
10019,'1198962',1653,,10376,23,,,0
10019,'1198993',1153,,10377,23,,,0
10019,'1199007',2053,,10378,23,,,0
10019,'1199032',1353,,10379,23,,,0
10019,'1199053',1753,,10380,23,,,0
10019,'1199056',1753,,10381,23,,,0
10019,'1199257',1723,,10382,23,,,0
10019,'1199300',1253,,10383,23,,,0
10019,'1199321',953,,10384,23,,,0
10019,'1199323',2023,,10385,23,,,0
10019,'1199353',1253,,10386,23,,,0
10019,'1199424',723,,10387,23,,,0
10019,'1199598',753,,10388,23,,,0
