101029,'1196911',755,,11834,31,,,0
101029,'1197033',1838,,11835,31,,,0
101029,'1197060',855,,11836,31,,,0
101029,'1197096',1038,,11837,31,,,0
101029,'1197257',1055,,11838,31,,,0
101029,'1197272',1239,,11839,31,,,0
101029,'1197326',1557,,11840,31,,,0
101029,'1197581',2038,,11841,31,,,0
101029,'1197673',1439,,11842,31,,,0
101029,'1197747',2155,,11843,31,,,0
101029,'1197977',1639,,11844,31,,,0
101029,'1198059',639,,11845,31,,,0
101029,'1198116',1039,,11846,31,,,0
101029,'1198125',839,,11847,31,,,0
101029,'1198200',1238,,11848,31,,,0
101029,'1198251',955,,11849,31,,,0
101029,'1198346',838,,11850,31,,,0
101029,'1198498',2238,,11851,31,,,0
101029,'1198530',2239,,11852,31,,,0
101029,'1198631',1657,,11853,31,,,0
101029,'1198644',2415,,11854,31,,,0
101029,'1198710',1638,,11855,31,,,0
101029,'1198715',1755,,11856,31,,,0
101029,'1198953',2039,,11857,31,,,0
101029,'1198984',1357,,11858,31,,,0
101029,'1199108',1257,,11859,31,,,0
101029,'1199117',655,,11860,31,,,0
101029,'1199304',1839,,11861,31,,,0
101029,'1199366',1438,,11862,31,,,0
101029,'1199567',1955,,11863,31,,,0
101029,'1199585',1457,,11864,31,,,0
