3019,'1196834',1824,,10159,34,,,0
3019,'1196848',2124,,10160,34,,,0
3019,'1196854',724,,10161,34,,,0
3019,'1196968',1239,,10162,34,,,0
3019,'1196971',2024,,10163,34,,,0
3019,'1197069',725,,10164,34,,,0
3019,'1197076',2154,,10165,34,,,0
3019,'1197107',1255,,10166,34,,,0
3019,'1197120',2424,,10167,34,,,0
3019,'1197318',2224,,10168,34,,,0
3019,'1197369',2339,,10169,34,,,0
3019,'1197372',2239,,10170,34,,,0
3019,'1197378',924,,10171,34,,,0
3019,'1197462',925,,10172,34,,,0
3019,'1197478',1625,,10173,34,,,0
3019,'1197537',939,,10174,34,,,0
3019,'1197572',1355,,10175,34,,,0
3019,'1197590',855,,10176,34,,,0
3019,'1197618',1725,,10177,34,,,0
3019,'1197708',627,,10178,4,,,0
3019,'1197731',2024,,10179,34,,,0
3019,'1197748',1025,,10180,34,,,0
3019,'1197755',1055,,10181,34,,,0
3019,'1197810',1455,,10182,34,,,0
3019,'1197819',1924,,10183,34,,,0
3019,'1197850',1555,,10184,34,,,0
3019,'1197851',955,,10185,34,,,0
3019,'1197897',1125,,10186,34,,,0
3019,'1197923',1225,,10187,34,,,0
3019,'1197941',1525,,10188,34,,,0
3019,'1198025',1625,,10189,34,,,0
3019,'1198093',1854,,10190,34,,,0
3019,'1198098',1155,,10191,34,,,0
3019,'1198111',1024,,10192,34,,,0
3019,'1198119',1539,,10193,34,,,0
3019,'1198124',1425,,10194,34,,,0
3019,'1198153',1924,,10195,34,,,0
3019,'1198229',1525,,10196,34,,,0
3019,'1198237',1655,,10197,34,,,0
3019,'1198265',2124,,10198,34,,,0
3019,'1198278',1954,,10199,34,,,0
3019,'1198430',1639,,10200,34,,,0
3019,'1198432',1824,,10201,34,,,0
3019,'1198501',1725,,10202,34,,,0
3019,'1198514',655,,10203,34,,,0
3019,'1198654',1739,,10204,34,,,0
3019,'1198677',839,,10205,34,,,0
3019,'1198680',825,,10206,34,,,0
3019,'1198689',2414,,10207,34,,,0
3019,'1198691',1755,,10208,34,,,0
3019,'1198742',2224,,10209,34,,,0
3019,'1198777',1425,,10210,34,,,0
3019,'1198788',739,,10211,34,,,0
3019,'1198845',1039,,10212,34,,,0
3019,'1198989',2139,,10213,34,,,0
3019,'1198991',1839,,10214,34,,,0
3019,'1199009',1339,,10215,34,,,0
3019,'1199035',1225,,10216,34,,,0
3019,'1199052',2039,,10217,34,,,0
3019,'1199066',1139,,10218,34,,,0
3019,'1199133',1325,,10219,34,,,0
3019,'1199262',2324,,10220,34,,,0
3019,'1199277',755,,10221,34,,,0
3019,'1199346',1325,,10222,34,,,0
3019,'1199408',2054,,10223,34,,,0
3019,'1199412',1439,,10224,34,,,0
3019,'1199440',2324,,10225,34,,,0
3019,'1199509',824,,10226,34,,,0
3019,'1199597',627,,10227,4,,,0
3019,'1199600',1939,,10228,34,,,0
3019,'1199612',1125,,10229,34,,,0
