14029,'1196849',1720,,10975,10,,,0
14029,'1196912',750,,10976,10,,,0
14029,'1197024',1520,,10977,10,,,0
14029,'1197041',2320,,10978,10,,,0
14029,'1197050',1620,,10979,10,,,0
14029,'1197119',1720,,10980,10,,,0
14029,'1197130',2220,,10981,10,,,0
14029,'1197219',1520,,10982,10,,,0
14029,'1197237',1320,,10983,10,,,0
14029,'1197250',620,,10984,10,,,0
14029,'1197265',1750,,10985,10,,,0
14029,'1197310',2220,,10986,10,,,0
14029,'1197323',1320,,10987,10,,,0
14029,'1197440',2120,,10988,10,,,0
14029,'1197456',1520,,10989,10,,,0
14029,'1197472',1120,,10990,10,,,0
14029,'1197493',1850,,10991,10,,,0
14029,'1197512',1620,,10992,10,,,0
14029,'1197515',1420,,10993,10,,,0
14029,'1197597',720,,10994,10,,,0
14029,'1197605',2250,,10995,10,,,0
14029,'1197639',1220,,10996,10,,,0
14029,'1197699',1950,,10997,10,,,0
14029,'1197717',1720,,10998,10,,,0
14029,'1197738',1020,,10999,10,,,0
14029,'1197809',1620,,11000,10,,,0
14029,'1197863',2355,,11001,10,,,0
14029,'1197882',1420,,11002,10,,,0
14029,'1197961',1220,,11003,10,,,0
14029,'1198040',1020,,11004,10,,,0
14029,'1198078',1120,,11005,10,,,0
14029,'1198100',850,,11006,10,,,0
14029,'1198198',2150,,11007,10,,,0
14029,'1198204',2050,,11008,10,,,0
14029,'1198269',650,,11009,10,,,0
14029,'1198326',920,,11010,10,,,0
14029,'1198404',720,,11011,10,,,0
14029,'1198426',2120,,11012,10,,,0
14029,'1198570',820,,11013,10,,,0
14029,'1198612',2320,,11014,10,,,0
14029,'1198728',820,,11015,10,,,0
14029,'1198772',1820,,11016,10,,,0
14029,'1198830',920,,11017,10,,,0
14029,'1198941',1120,,11018,10,,,0
14029,'1198956',1420,,11019,10,,,0
14029,'1199040',2020,,11020,10,,,0
14029,'1199065',1220,,11021,10,,,0
14029,'1199076',1820,,11022,10,,,0
14029,'1199083',1650,,11023,10,,,0
14029,'1199184',920,,11024,10,,,0
14029,'1199200',820,,11025,10,,,0
14029,'1199222',1550,,11026,10,,,0
14029,'1199266',1320,,11027,10,,,0
14029,'1199447',1920,,11028,10,,,0
14029,'1199472',2020,,11029,10,,,0
14029,'1199520',1020,,11030,10,,,0
14029,'1199554',720,,11031,10,,,0
14029,'1199573',1920,,11032,10,,,0
14029,'1199643',1450,,11033,10,,,0
