11019,'1196979',1335,,10448,22,,,0
11019,'1197040',1703,,10449,22,,,0
11019,'1197065',1520,,10450,22,,,0
11019,'1197103',1919,,10451,22,,,0
11019,'1197109',1333,,10452,22,,,0
11019,'1197110',734,,10453,22,,,0
11019,'1197145',2033,,10454,22,,,0
11019,'1197180',1235,,10455,22,,,0
11019,'1197201',949,,10456,22,,,0
11019,'1197211',734,,10457,22,0,5 6,0
11019,'1197221',1635,,10458,22,,,0
11019,'1197227',1220,,10459,22,,,0
11019,'1197254',1550,,10460,22,,,0
11019,'1197259',2333,,10461,22,,,0
11019,'1197278',2349,,10462,22,,,0
11019,'1197283',919,,10463,22,,,0
11019,'1197316',2034,,10464,22,0,5 6,0
11019,'1197320',1833,,10465,22,,,0
11019,'1197325',2249,,10466,22,,,0
11019,'1197329',1033,,10467,22,,,0
11019,'1197333',1004,,10468,22,,,0
11019,'1197344',1949,,10469,22,,,0
11019,'1197354',1119,,10470,22,,,0
11019,'1197406',2234,,10471,22,0,5 6,0
11019,'1197447',2019,,10472,22,,,0
11019,'1197477',2119,,10473,22,,,0
11019,'1197495',1533,,10474,22,,,0
11019,'1197504',2049,,10475,22,,,0
11019,'1197634',833,,10476,22,,,0
11019,'1197652',1149,,10477,22,,,0
11019,'1197663',1320,,10478,22,,,0
11019,'1197722',1720,,10479,22,,,0
11019,'1197727',1819,,10480,22,,,0
11019,'1197728',1634,,10481,22,0,5 6,0
11019,'1197785',933,,10482,22,,,0
11019,'1197855',1849,,10483,22,,,0
11019,'1197865',1650,,10484,22,,,0
11019,'1197880',1503,,10485,22,,,0
11019,'1197889',719,,10486,22,,,0
11019,'1197896',934,,10487,22,,,0
11019,'1197926',1234,,10488,22,0,5 6,0
11019,'1197981',1303,,10489,22,,,0
11019,'1198019',1305,,10490,22,,,0
11019,'1198026',1420,,10491,22,,,0
11019,'1198029',1834,,10492,22,0,5 6,0
11019,'1198038',1733,,10493,22,,,0
11019,'1198149',1133,,10494,22,,,0
11019,'1198166',1534,,10495,22,0,5 6,0
11019,'1198188',1434,,10496,22,0,5 6,0
11019,'1198219',1505,,10497,22,,,0
11019,'1198297',1250,,10498,22,,,0
11019,'1198308',1334,,10499,22,0,5 6,0
11019,'1198327',1735,,10500,22,,,0
11019,'1198365',1034,,10501,22,0,5 6,0
11019,'1198374',733,,10502,22,,,0
11019,'1198401',1934,,10503,22,0,5 6,0
11019,'1198413',2219,,10504,22,,,0
11019,'1198423',1204,,10505,22,,,0
11019,'1198472',849,,10506,22,,,0
11019,'1198605',1134,,10507,22,0,5 6,0
11019,'1198624',1203,,10508,22,,,0
11019,'1198627',2149,,10509,22,,,0
11019,'1198668',904,,10510,22,,,0
11019,'1198671',1435,,10511,22,,,0
11019,'1198695',1620,,10512,22,,,0
11019,'1198698',834,,10513,22,0,5 6,0
11019,'1198701',819,,10514,22,,,0
11019,'1198713',634,,10515,22,,,0
11019,'1198737',1633,,10516,22,,,0
11019,'1198753',2409,,10517,22,,,0
11019,'1198806',1605,,10518,22,,,0
11019,'1198894',749,,10519,22,,,0
11019,'1198896',1405,,10520,22,,,0
11019,'1198957',1705,,10521,22,,,0
11019,'1198963',1233,,10522,22,,,0
11019,'1199015',2334,,10523,22,0,5 6,0
11019,'1199020',1019,,10524,22,,,0
11019,'1199072',1450,,10525,22,,,0
11019,'1199077',804,,10526,22,,,0
11019,'1199162',1535,,10527,22,,,0
11019,'1199164',649,,10528,22,,,0
11019,'1199175',1403,,10529,22,,,0
11019,'1199179',2233,,10530,22,,,0
11019,'1199209',1350,,10531,22,,,0
11019,'1199218',2319,,10532,22,,,0
11019,'1199260',1734,,10533,22,0,5 6,0
11019,'1199285',704,,10534,22,,,0
11019,'1199336',1433,,10535,22,,,0
11019,'1199342',1933,,10536,22,,,0
11019,'1199350',934,,10537,22,0,5 6,0
11019,'1199361',1134,,10538,22,,,0
11019,'1199369',1049,,10539,22,,,0
11019,'1199392',1750,,10540,22,,,0
11019,'1199420',834,,10541,22,,,0
11019,'1199430',2133,,10542,22,,,0
11019,'1199452',1603,,10543,22,,,0
11019,'1199483',1805,,10544,22,,,0
11019,'1199518',1104,,10545,22,,,0
11019,'1199575',2134,,10546,22,0,5 6,0
11019,'1199637',1034,,10547,22,,,0
140001029,'1196879',624,,12358,15,,,0
140001029,'1196954',955,,12359,15,,,0
140001029,'1196975',1027,,12360,15,,,0
140001029,'1196976',2324,,12361,15,,,0
140001029,'1197010',1342,,12362,15,,,0
140001029,'1197038',1112,,12363,15,,,0
140001029,'1197058',1839,,12364,15,,,0
140001029,'1197078',1125,,12365,15,,,0
140001029,'1197099',2254,,12366,15,,,0
140001029,'1197105',2325,,12367,15,,,0
140001029,'1197113',854,,12368,15,,,0
140001029,'1197141',1443,,12369,15,,,0
140001029,'1197155',1740,,12370,15,,,0
140001029,'1197162',939,,12371,15,,,0
140001029,'1197190',1558,,12372,15,,,0
140001029,'1197195',1658,,12373,15,,,0
140001029,'1197198',1358,,12374,15,,,0
140001029,'1197204',925,,12375,15,,,0
140001029,'1197222',1227,,12376,15,,,0
140001029,'1197249',1225,,12377,15,,,0
140001029,'1197271',1941,,12378,15,,,0
140001029,'1197276',1055,,12379,15,,,0
140001029,'1197293',1513,,12380,15,,,0
140001029,'1197305',1525,,12381,15,,,0
140001029,'1197370',1212,,12382,15,,,0
140001029,'1197377',2224,,12383,15,,,0
140001029,'1197379',754,,12384,15,,,0
140001029,'1197386',1825,,12385,15,,,0
140001029,'1197424',2054,,12386,15,,,0
140001029,'1197426',1010,,12387,15,,,0
140001029,'1197432',954,,12388,15,,,0
140001029,'1197460',2224,,12389,15,,,0
140001029,'1197482',625,,12390,15,,,0
140001029,'1197494',2359,,12391,15,,,0
140001029,'1197497',1655,,12392,15,,,0
140001029,'1197568',1325,,12393,15,,,0
140001029,'1197611',2254,,12394,15,,,0
140001029,'1197612',1543,,12395,15,,,0
140001029,'1197619',1824,,12396,15,,,0
140001029,'1197627',839,,12397,15,,,0
140001029,'1197635',2225,,12398,15,,,0
140001029,'1197649',1327,,12399,15,,,0
140001029,'1197658',1925,,12400,15,,,0
140001029,'1197662',1057,,12401,15,,,0
140001029,'1197723',925,,12402,15,,,0
140001029,'1197758',1242,,12403,15,,,0
140001029,'1197776',2026,,12404,15,,,0
140001029,'1197849',2154,,12405,15,,,0
140001029,'1197888',1954,,12406,15,,,0
140001029,'1197928',1425,,12407,15,,,0
140001029,'1197938',1413,,12408,15,,,0
140001029,'1197948',1458,,12409,15,,,0
140001029,'1197957',1610,,12410,15,,,0
140001029,'1197967',1713,,12411,15,,,0
140001029,'1197972',1555,,12412,15,,,0
140001029,'1197983',724,,12413,15,,,0
140001029,'1198007',2124,,12414,15,,,0
140001029,'1198048',739,,12415,15,,,0
140001029,'1198049',709,,12416,15,,,0
140001029,'1198081',1255,,12417,15,,,0
140001029,'1198099',940,,12418,15,,,0
140001029,'1198101',1127,,12419,15,,,0
140001029,'1198102',825,,12420,15,,,0
140001029,'1198131',2025,,12421,15,,,0
140001029,'1198132',1025,,12422,15,,,0
140001029,'1198186',1755,,12423,15,,,0
140001029,'1198207',654,,12424,15,,,0
140001029,'1198209',909,,12425,15,,,0
140001029,'1198299',1155,,12426,15,,,0
140001029,'1198347',639,,12427,15,,,0
140001029,'1198350',1911,,12428,15,,,0
140001029,'1198371',1428,,12429,15,,,0
140001029,'1198391',2041,,12430,15,,,0
140001029,'1198425',2024,,12431,15,,,0
140001029,'1198451',2354,,12432,15,,,0
140001029,'1198469',1625,,12433,15,,,0
140001029,'1198505',1425,,12434,15,,,0
140001029,'1198517',1157,,12435,15,,,0
140001029,'1198540',725,,12436,15,,,0
140001029,'1198546',1025,,12437,15,,,0
140001029,'1198572',1540,,12438,15,,,0
140001029,'1198636',809,,12439,15,,,0
140001029,'1198643',1225,,12440,15,,,0
140001029,'1198645',1725,,12441,15,,,0
140001029,'1198655',755,,12442,15,,,0
140001029,'1198697',855,,12443,15,,,0
140001029,'1198757',1625,,12444,15,,,0
140001029,'1198770',1956,,12445,15,,,0
140001029,'1198787',1613,,12446,15,,,0
140001029,'1198789',1926,,12447,15,,,0
140001029,'1198794',1042,,12448,15,,,0
140001029,'1198796',2154,,12449,15,,,0
140001029,'1198802',1110,,12450,15,,,0
140001029,'1198817',1510,,12451,15,,,0
140001029,'1198824',1142,,12452,15,,,0
140001029,'1198860',1809,,12453,15,,,0
140001029,'1198934',1710,,12454,15,,,0
140001029,'1198970',1743,,12455,15,,,0
140001029,'1198973',924,,12456,15,,,0
140001029,'1198981',1826,,12457,15,,,0
140001029,'1198986',2324,,12458,15,,,0
140001029,'1198999',1340,,12459,15,,,0
140001029,'1199001',725,,12460,15,,,0
140001029,'1199006',824,,12461,15,,,0
140001029,'1199010',1756,,12462,15,,,0
140001029,'1199031',1210,,12463,15,,,0
140001029,'1199086',1012,,12464,15,,,0
140001029,'1199101',655,,12465,15,,,0
140001029,'1199110',1140,,12466,15,,,0
140001029,'1199113',1640,,12467,15,,,0
140001029,'1199128',1040,,12468,15,,,0
140001029,'1199156',1924,,12469,15,,,0
140001029,'1199174',1312,,12470,15,,,0
140001029,'1199189',825,,12471,15,,,0
140001029,'1199191',1811,,12472,15,,,0
140001029,'1199203',2056,,12473,15,,,0
140001029,'1199247',1643,,12474,15,,,0
140001029,'1199259',1841,,12475,15,,,0
140001029,'1199261',1410,,12476,15,,,0
140001029,'1199275',1528,,12477,15,,,0
140001029,'1199283',1325,,12478,15,,,0
140001029,'1199312',1240,,12479,15,,,0
140001029,'1199341',2011,,12480,15,,,0
140001029,'1199351',1310,,12481,15,,,0
140001029,'1199395',1728,,12482,15,,,0
140001029,'1199415',1854,,12483,15,,,0
140001029,'1199446',1856,,12484,15,,,0
140001029,'1199456',1525,,12485,15,,,0
140001029,'1199465',1725,,12486,15,,,0
140001029,'1199469',2124,,12487,15,,,0
140001029,'1199481',1628,,12488,15,,,0
140001029,'1199494',1455,,12489,15,,,0
140001029,'1199502',1355,,12490,15,,,0
140001029,'1199522',1440,,12491,15,,,0
140001029,'1199528',2125,,12492,15,,,0
140001029,'1199569',1125,,12493,15,,,0
140001029,'1199608',1257,,12494,15,,,0
