12029,'1196881',1121,,10722,11,,,0
12029,'1196886',1651,,10723,11,,,0
12029,'1196921',822,,10724,11,,,0
12029,'1196925',1621,,10725,11,,,0
12029,'1197005',2356,,10726,11,,,0
12029,'1197009',2321,,10727,11,,,0
12029,'1197092',1751,,10728,11,,,0
12029,'1197112',851,,10729,11,,,0
12029,'1197136',2251,,10730,11,,,0
12029,'1197164',721,,10731,11,,,0
12029,'1197202',1521,,10732,11,,,0
12029,'1197246',1351,,10733,11,,,0
12029,'1197415',1051,,10734,11,,,0
12029,'1197416',1521,,10735,11,,,0
12029,'1197484',1922,,10736,11,,,0
12029,'1197496',2151,,10737,11,,,0
12029,'1197608',1151,,10738,11,,,0
12029,'1197678',1822,,10739,11,,,0
12029,'1197742',1321,,10740,11,,,0
12029,'1197777',2322,,10741,11,,,0
12029,'1197790',2221,,10742,11,,,0
12029,'1197947',1722,,10743,11,,,0
12029,'1198008',1351,,10744,11,,,0
12029,'1198017',1851,,10745,11,,,0
12029,'1198020',1721,,10746,11,,,0
12029,'1198024',921,,10747,11,,,0
12029,'1198092',1821,,10748,11,,,0
12029,'1198139',1551,,10749,11,,,0
12029,'1198185',1151,,10750,11,,,0
12029,'1198205',821,,10751,11,,,0
12029,'1198239',951,,10752,11,,,0
12029,'1198318',722,,10753,11,,,0
12029,'1198336',1121,,10754,11,,,0
12029,'1198360',1022,,10755,11,,,0
12029,'1198400',721,,10756,11,,,0
12029,'1198511',2222,,10757,11,,,0
12029,'1198528',1522,,10758,11,,,0
12029,'1198538',1421,,10759,11,,,0
12029,'1198556',2051,,10760,11,,,0
12029,'1198681',1921,,10761,11,,,0
12029,'1198731',2021,,10762,11,,,0
12029,'1198732',1321,,10763,11,,,0
12029,'1198745',2122,,10764,11,,,0
12029,'1198748',922,,10765,11,,,0
12029,'1198775',1021,,10766,11,,,0
12029,'1198818',1721,,10767,11,,,0
12029,'1198856',1122,,10768,11,,,0
12029,'1198877',1251,,10769,11,,,0
12029,'1198898',821,,10770,11,,,0
12029,'1198947',621,,10771,11,,,0
12029,'1198959',1221,,10772,11,,,0
12029,'1198976',1651,,10773,11,,,0
12029,'1199093',1451,,10774,11,,,0
12029,'1199207',1451,,10775,11,,,0
12029,'1199281',1322,,10776,11,,,0
12029,'1199325',1621,,10777,11,,,0
12029,'1199340',1051,,10778,11,,,0
12029,'1199357',1421,,10779,11,,,0
12029,'1199382',751,,10780,11,,,0
12029,'1199384',921,,10781,11,,,0
12029,'1199423',1951,,10782,11,,,0
12029,'1199437',1422,,10783,11,,,0
12029,'1199445',2022,,10784,11,,,0
12029,'1199457',1622,,10785,11,,,0
12029,'1199487',1021,,10786,11,,,0
12029,'1199500',651,,10787,11,,,0
12029,'1199501',1551,,10788,11,,,0
12029,'1199531',1221,,10789,11,,,0
12029,'1199556',2121,,10790,11,,,0
12029,'1199590',1251,,10791,11,,,0
12029,'1199639',1222,,10792,11,,,0
