101029,'1196911',759,,11834,35,,,0
101029,'1197033',1842,,11835,35,,,0
101029,'1197060',859,,11836,35,,,0
101029,'1197096',1042,,11837,35,,,0
101029,'1197257',1059,,11838,35,,,0
101029,'1197272',1243,,11839,35,,,0
101029,'1197326',1601,,11840,35,,,0
101029,'1197581',2042,,11841,35,,,0
101029,'1197673',1443,,11842,35,,,0
101029,'1197747',2159,,11843,35,,,0
101029,'1197977',1643,,11844,35,,,0
101029,'1198059',643,,11845,35,,,0
101029,'1198116',1043,,11846,35,,,0
101029,'1198125',843,,11847,35,,,0
101029,'1198200',1242,,11848,35,,,0
101029,'1198251',959,,11849,35,,,0
101029,'1198346',842,,11850,35,,,0
101029,'1198498',2242,,11851,35,,,0
101029,'1198530',2243,,11852,35,,,0
101029,'1198631',1701,,11853,35,,,0
101029,'1198644',2419,,11854,35,,,0
101029,'1198710',1642,,11855,35,,,0
101029,'1198715',1759,,11856,35,,,0
101029,'1198953',2043,,11857,35,,,0
101029,'1198984',1401,,11858,35,,,0
101029,'1199108',1301,,11859,35,,,0
101029,'1199117',659,,11860,35,,,0
101029,'1199304',1843,,11861,35,,,0
101029,'1199366',1442,,11862,35,,,0
101029,'1199567',1959,,11863,35,,,0
101029,'1199585',1501,,11864,35,,,0
