13029,'1196882',1531,,10855,17,,,0
13029,'1196907',1257,,10856,16,,,0
13029,'1196917',1259,,10857,16,,,0
13029,'1196936',1759,,10858,16,,,0
13029,'1196965',757,,10859,16,,,0
13029,'1196972',1629,,10860,16,,,0
13029,'1197006',1457,,10861,16,,,0
13029,'1197082',1157,,10862,16,,,0
13029,'1197122',1057,,10863,16,,,0
13029,'1197184',1458,,10864,16,,,0
13029,'1197188',1927,,10865,16,,,0
13029,'1197193',757,,10866,16,,,0
13029,'1197215',2057,,10867,16,,,0
13029,'1197262',1658,,10868,16,,,0
13029,'1197363',928,,10869,16,,,0
13029,'1197365',2157,,10870,16,,,0
13029,'1197371',957,,10871,16,,,0
13029,'1197444',2257,,10872,16,,,0
13029,'1197556',2257,,10873,16,,,0
13029,'1197773',2027,,10874,16,,,0
13029,'1197812',1459,,10875,16,,,0
13029,'1197866',1357,,10876,16,,,0
13029,'1197909',858,,10877,16,,,0
13029,'1197997',1957,,10878,16,,,0
13029,'1198028',2057,,10879,16,,,0
13029,'1198074',2357,,10880,16,,,0
13029,'1198199',1557,,10881,16,,,0
13029,'1198248',2227,,10882,16,,,0
13029,'1198289',827,,10883,16,,,0
13029,'1198381',1729,,10884,16,,,0
13029,'1198389',1757,,10885,16,,,0
13029,'1198416',1558,,10886,16,,,0
13029,'1198437',1027,,10887,16,,,0
13029,'1198474',1100,,10888,16,,,0
13029,'1198488',1857,,10889,16,,,0
13029,'1198563',727,,10890,16,,,0
13029,'1198648',1057,,10891,16,,,0
13029,'1198673',1258,,10892,16,,,0
13029,'1198704',1857,,10893,16,,,0
13029,'1198733',757,,10894,16,,,0
13029,'1198756',857,,10895,16,,,0
13029,'1198793',957,,10896,16,,,0
13029,'1198811',1358,,10897,16,,,0
13029,'1198812',2357,,10898,16,,,0
13029,'1198828',1158,,10899,16,,,0
13029,'1198858',1559,,10900,16,,,0
13029,'1198910',627,,10901,16,,,0
13029,'1198998',857,,10902,16,,,0
13029,'1199115',657,,10903,16,,,0
13029,'1199250',2157,,10904,16,,,0
13029,'1199324',657,,10905,16,,,0
13029,'1199337',958,,10906,16,,,0
13029,'1199349',2127,,10907,16,,,0
13029,'1199379',2327,,10908,16,,,0
13029,'1199405',1758,,10909,16,,,0
13029,'1199419',1159,,10910,16,,,0
13029,'1199548',1359,,10911,16,,,0
13029,'1199559',1657,,10912,16,,,0
13029,'1199614',1827,,10913,16,,,0
13029,'1199653',1957,,10914,16,,,0
13029,'1199655',1659,,10915,16,,,0
101019,'1197003',612,,11803,50,,,0
101019,'1197056',2150,,11804,50,,,0
101019,'1197144',2349,,11805,50,,,0
101019,'1197150',1549,,11806,50,,,0
101019,'1197356',1349,,11807,50,,,0
101019,'1197394',1550,,11808,50,,,0
101019,'1197485',750,,11809,50,,,0
101019,'1197542',1350,,11810,50,,,0
101019,'1197666',1112,,11811,50,,,0
101019,'1197703',2149,,11812,50,,,0
101019,'1197735',1212,,11813,50,,,0
101019,'1197816',1150,,11814,50,,,0
101019,'1197893',812,,11815,50,,,0
101019,'1198002',1749,,11816,50,,,0
101019,'1198014',749,,11817,50,,,0
101019,'1198130',1012,,11818,50,,,0
101019,'1198162',1414,,11819,50,,,0
101019,'1198212',1949,,11820,50,,,0
101019,'1198408',2111,,11821,50,,,0
101019,'1198684',950,,11822,50,,,0
101019,'1198907',1950,,11823,50,,,0
101019,'1199079',2312,,11824,50,,,0
101019,'1199178',1814,,11825,50,,,0
101019,'1199186',1614,,11826,50,,,0
101019,'1199279',1750,,11827,50,,,0
101019,'1199401',949,,11828,50,,,0
101019,'1199471',1912,,11829,50,,,0
101019,'1199497',1149,,11830,50,,,0
101019,'1199519',912,,11831,50,,,0
101019,'1199566',1514,,11832,50,,,0
101019,'1199626',1714,,11833,50,,,0
