101029,'1196911',819,,11834,61,,,0
101029,'1197033',1902,,11835,61,,,0
101029,'1197060',919,,11836,61,,,0
101029,'1197096',1102,,11837,61,,,0
101029,'1197257',1119,,11838,61,,,0
101029,'1197272',1302,,11839,61,,,0
101029,'1197326',1622,,11840,61,,,0
101029,'1197581',2102,,11841,61,,,0
101029,'1197673',1502,,11842,61,,,0
101029,'1197747',2219,,11843,61,,,0
101029,'1197977',1702,,11844,61,,,0
101029,'1198059',702,,11845,61,,,0
101029,'1198116',1102,,11846,61,,,0
101029,'1198125',902,,11847,61,,,0
101029,'1198200',1302,,11848,61,,,0
101029,'1198251',1019,,11849,61,,,0
101029,'1198346',902,,11850,61,,,0
101029,'1198498',2302,,11851,61,,,0
101029,'1198530',2302,,11852,61,,,0
101029,'1198631',1722,,11853,61,,,0
101029,'1198644',2439,,11854,61,,,0
101029,'1198710',1702,,11855,61,,,0
101029,'1198715',1819,,11856,61,,,0
101029,'1198953',2102,,11857,61,,,0
101029,'1198984',1422,,11858,61,,,0
101029,'1199108',1322,,11859,61,,,0
101029,'1199117',719,,11860,61,,,0
101029,'1199304',1902,,11861,61,,,0
101029,'1199366',1502,,11862,61,,,0
101029,'1199567',2019,,11863,61,,,0
101029,'1199585',1522,,11864,61,,,0
