105029,'1196840',2300,,12163,18,,,0
105029,'1196987',1015,,12164,18,,,0
105029,'1196996',1646,,12165,18,,,0
105029,'1197020',1530,,12166,18,,,0
105029,'1197097',1746,,12167,18,,,0
105029,'1197137',2014,,12168,18,,,0
105029,'1197220',2000,,12169,18,,,0
105029,'1197228',1501,,12170,18,,,0
105029,'1197231',730,,12171,18,,,0
105029,'1197439',1130,,12172,18,,,0
105029,'1197501',1930,,12173,18,,,0
105029,'1197522',2130,,12174,18,,,0
105029,'1197561',1001,,12175,18,,,0
105029,'1197638',930,,12176,18,,,0
105029,'1197840',2100,,12177,18,,,0
105029,'1197853',2200,,12178,18,,,0
105029,'1197918',1830,,12179,18,,,0
105029,'1197968',2330,,12180,18,,,0
105029,'1198013',1330,,12181,18,,,0
105029,'1198037',1101,,12182,18,,,0
105029,'1198064',1815,,12183,18,,,0
105029,'1198187',1215,,12184,18,,,0
105029,'1198214',1730,,12185,18,,,0
105029,'1198417',1315,,12186,18,,,0
105029,'1198447',1716,,12187,18,,,0
105029,'1198529',1515,,12188,18,,,0
105029,'1198616',700,,12189,18,,,0
105029,'1198625',1616,,12190,18,,,0
105029,'1198711',1316,,12191,18,,,0
105029,'1198718',1531,,12192,18,,,0
105029,'1198725',1715,,12193,18,,,0
105029,'1198779',814,,12194,18,,,0
105029,'1198918',1415,,12195,18,,,0
105029,'1198922',2405,,12196,18,,,0
105029,'1198923',630,,12197,18,,,0
105029,'1199012',614,,12198,18,,,0
105029,'1199037',1401,,12199,18,,,0
105029,'1199107',1431,,12200,18,,,0
105029,'1199124',2414,,12201,18,,,0
105029,'1199144',1216,,12202,18,,,0
105029,'1199148',730,,12203,18,,,0
105029,'1199220',1115,,12204,18,,,0
105029,'1199470',2214,,12205,18,,,0
105029,'1199473',900,,12206,18,,,0
105029,'1199604',800,,12207,18,,,0
105029,'1199607',1615,,12208,18,,,0
106019,'1196832',945,,12209,18,,,0
106019,'1196841',715,,12210,18,,,0
106019,'1197348',830,,12211,18,,,0
106019,'1197389',1816,,12212,18,,,0
106019,'1197951',1546,,12213,18,,,0
106019,'1198120',1701,,12214,18,,,0
