13019,'1196852',1325,,10793,15,,,0
13019,'1196856',1724,,10794,15,,,0
13019,'1196999',924,,10796,15,,,0
13019,'1197035',624,,10797,15,,,0
13019,'1197132',1455,,10798,15,,,0
13019,'1197251',1555,,10799,15,,,0
13019,'1197279',725,,10800,15,,,0
13019,'1197353',2254,,10801,15,,,0
13019,'1197357',1825,,10802,15,,,0
13019,'1197451',2224,,10803,15,,,0
13019,'1197487',824,,10804,15,,,0
13019,'1197555',1625,,10805,15,,,0
13019,'1197570',925,,10806,15,,,0
13019,'1197575',1625,,10807,15,,,0
13019,'1197641',2025,,10808,15,,,0
13019,'1197645',1655,,10809,15,,,0
13019,'1197648',654,,10810,15,,,0
13019,'1197690',1624,,10811,15,,,0
13019,'1197692',1725,,10812,15,,,0
13019,'1197730',1425,,10813,15,,,0
13019,'1197762',2359,,10814,15,,,0
13019,'1197803',724,,10815,15,,,0
13019,'1197834',1224,,10816,15,,,0
13019,'1197854',2024,,10817,15,,,0
13019,'1197962',1324,,10818,15,,,0
13019,'1197975',1025,,10819,15,,,0
13019,'1198041',1124,,10820,15,,,0
13019,'1198094',1754,,10821,15,,,0
13019,'1198160',824,,10822,15,,,0
13019,'1198201',1225,,10823,15,,,0
13019,'1198243',1824,,10824,15,,,0
13019,'1198290',2154,,10825,15,,,0
13019,'1198352',724,,10826,15,,,0
13019,'1198355',1854,,10827,15,,,0
13019,'1198382',754,,10828,15,,,0
13019,'1198402',2225,,10829,15,,,0
13019,'1198552',2125,,10830,15,,,0
13019,'1198554',1924,,10831,15,,,0
13019,'1198602',1125,,10832,15,,,0
13019,'1198611',1954,,10833,15,,,0
13019,'1198630',1525,,10834,15,,,0
13019,'1198675',1225,,10835,15,,,0
13019,'1198716',1024,,10837,15,,,0
13019,'1198729',954,,10838,15,,,0
13019,'1198761',1325,,10839,15,,,0
13019,'1198778',924,,10840,15,,,0
13019,'1198837',2325,,10841,15,,,0
13019,'1198874',1125,,10842,15,,,0
13019,'1198888',854,,10843,15,,,0
13019,'1199044',825,,10844,15,,,0
13019,'1199123',1025,,10845,15,,,0
13019,'1199151',1425,,10846,15,,,0
13019,'1199233',1424,,10847,15,,,0
13019,'1199276',1524,,10848,15,,,0
13019,'1199284',2054,,10849,15,,,0
13019,'1199418',1925,,10850,15,,,0
13019,'1199448',1725,,10851,15,,,0
13019,'1199536',2124,,10852,15,,,0
13019,'1199588',2324,,10853,15,,,0
13019,'1199631',1525,,10854,15,,,0
