105029,'1196840',2312,,12163,43,,,0
105029,'1196987',1027,,12164,43,,,0
105029,'1196996',1659,,12165,43,,,0
105029,'1197020',1543,,12166,43,,,0
105029,'1197097',1759,,12167,43,,,0
105029,'1197137',2025,,12168,43,,,0
105029,'1197220',2012,,12169,43,,,0
105029,'1197228',1514,,12170,43,,,0
105029,'1197231',742,,12171,43,,,0
105029,'1197439',1143,,12172,43,,,0
105029,'1197501',1943,,12173,43,,,0
105029,'1197522',2143,,12174,43,,,0
105029,'1197561',1014,,12175,43,,,0
105029,'1197638',943,,12176,43,,,0
105029,'1197840',2112,,12177,43,,,0
105029,'1197853',2212,,12178,43,,,0
105029,'1197918',1842,,12179,43,,,0
105029,'1197968',2343,,12180,43,,,0
105029,'1198013',1343,,12181,43,,,0
105029,'1198037',1114,,12182,43,,,0
105029,'1198064',1827,,12183,43,,,0
105029,'1198187',1227,,12184,43,,,0
105029,'1198214',1743,,12185,43,,,0
105029,'1198417',1327,,12186,43,,,0
105029,'1198447',1729,,12187,43,,,0
105029,'1198529',1527,,12188,43,,,0
105029,'1198616',712,,12189,43,,,0
105029,'1198625',1629,,12190,43,,,0
105029,'1198711',1329,,12191,43,,,0
105029,'1198718',1544,,12192,43,,,0
105029,'1198725',1727,,12193,43,,,0
105029,'1198779',825,,12194,43,,,0
105029,'1198918',1427,,12195,43,,,0
105029,'1198922',2417,,12196,43,,,0
105029,'1198923',642,,12197,43,,,0
105029,'1199012',625,,12198,43,,,0
105029,'1199037',1414,,12199,43,,,0
105029,'1199107',1444,,12200,43,,,0
105029,'1199124',2425,,12201,43,,,0
105029,'1199144',1229,,12202,43,,,0
105029,'1199148',743,,12203,43,,,0
105029,'1199220',1127,,12204,43,,,0
105029,'1199470',2225,,12205,43,,,0
105029,'1199473',912,,12206,43,,,0
105029,'1199604',812,,12207,43,,,0
105029,'1199607',1627,,12208,43,,,0
