25019,'1196864',1238,,11307,12,,,0
25019,'1196932',1738,,11308,12,,,0
25019,'1196994',1939,,11309,12,,,0
25019,'1197064',722,,11310,12,,,0
25019,'1197079',2359,,11311,12,,,0
25019,'1197084',2322,,11312,12,,,0
25019,'1197151',737,,11313,12,,,0
25019,'1197299',2139,,11314,12,,,0
25019,'1197317',1338,,11315,12,,,0
25019,'1197342',1739,,11316,12,,,0
25019,'1197442',1522,,11317,12,,,0
25019,'1197448',1609,,11318,12,,,0
25019,'1197471',1038,,11319,12,,,0
25019,'1197624',1839,,11320,12,,,0
25019,'1197657',2122,,11321,12,,,0
25019,'1197660',839,,11322,12,,,0
25019,'1197687',2337,,11323,12,,,0
25019,'1197702',1209,,11324,12,,,0
25019,'1197757',739,,11325,12,,,0
25019,'1197760',1539,,11326,12,,,0
25019,'1197771',2022,,11327,12,,,0
25019,'1198004',2222,,11328,12,,,0
25019,'1198021',709,,11329,12,,,0
25019,'1198071',1938,,11330,12,,,0
25019,'1198079',639,,11331,12,,,0
25019,'1198190',2039,,11332,12,,,0
25019,'1198267',2239,,11333,12,,,0
25019,'1198315',909,,11334,12,,,0
25019,'1198388',1409,,11335,12,,,0
25019,'1198435',2238,,11336,12,,,0
25019,'1198457',637,,11337,12,,,0
25019,'1198479',939,,11338,12,,,0
25019,'1198492',1438,,11339,12,,,0
25019,'1198496',1838,,11340,12,,,0
25019,'1198512',1722,,11341,12,,,0
25019,'1198566',1138,,11342,12,,,0
25019,'1198604',1422,,11343,12,,,0
25019,'1198759',1322,,11344,12,,,0
25019,'1198776',2138,,11345,12,,,0
25019,'1198803',1509,,11346,12,,,0
25019,'1198823',2038,,11347,12,,,0
25019,'1198862',1922,,11348,12,,,0
25019,'1198902',1439,,11349,12,,,0
25019,'1198938',838,,11350,12,,,0
25019,'1199011',1109,,11351,12,,,0
25019,'1199070',1009,,11352,12,,,0
25019,'1199074',822,,11353,12,,,0
25019,'1199097',809,,11354,12,,,0
25019,'1199125',922,,11355,12,,,0
25019,'1199183',1309,,11356,12,,,0
25019,'1199208',1222,,11357,12,,,0
25019,'1199212',1822,,11358,12,,,0
25019,'1199258',1639,,11359,12,,,0
25019,'1199359',1022,,11360,12,,,0
25019,'1199389',938,,11361,12,,,0
25019,'1199464',1638,,11362,12,,,0
25019,'1199480',1709,,11363,12,,,0
25019,'1199589',1122,,11364,12,,,0
25019,'1199634',1538,,11365,12,,,0
25019,'1199649',1622,,11366,12,,,0
