3019,'1196834',1817,,10159,26,,,0
3019,'1196848',2117,,10160,26,,,0
3019,'1196854',717,,10161,26,,,0
3019,'1196968',1232,,10162,26,,,0
3019,'1196971',2017,,10163,26,,,0
3019,'1197069',718,,10164,26,,,0
3019,'1197076',2147,,10165,26,,,0
3019,'1197107',1248,,10166,26,,,0
3019,'1197120',2417,,10167,26,,,0
3019,'1197318',2217,,10168,26,,,0
3019,'1197369',2332,,10169,26,,,0
3019,'1197372',2232,,10170,26,,,0
3019,'1197378',917,,10171,26,,,0
3019,'1197462',918,,10172,26,,,0
3019,'1197478',1618,,10173,26,,,0
3019,'1197537',932,,10174,26,,,0
3019,'1197572',1348,,10175,26,,,0
3019,'1197590',848,,10176,26,,,0
3019,'1197618',1718,,10177,26,,,0
3019,'1197731',2017,,10179,26,,,0
3019,'1197748',1018,,10180,26,,,0
3019,'1197755',1048,,10181,26,,,0
3019,'1197810',1448,,10182,26,,,0
3019,'1197819',1917,,10183,26,,,0
3019,'1197850',1548,,10184,26,,,0
3019,'1197851',948,,10185,26,,,0
3019,'1197897',1118,,10186,26,,,0
3019,'1197923',1218,,10187,26,,,0
3019,'1197941',1518,,10188,26,,,0
3019,'1198025',1618,,10189,26,,,0
3019,'1198093',1847,,10190,26,,,0
3019,'1198098',1148,,10191,26,,,0
3019,'1198111',1017,,10192,26,,,0
3019,'1198119',1532,,10193,26,,,0
3019,'1198124',1418,,10194,26,,,0
3019,'1198153',1917,,10195,26,,,0
3019,'1198229',1518,,10196,26,,,0
3019,'1198237',1648,,10197,26,,,0
3019,'1198265',2117,,10198,26,,,0
3019,'1198278',1947,,10199,26,,,0
3019,'1198430',1632,,10200,26,,,0
3019,'1198432',1817,,10201,26,,,0
3019,'1198501',1718,,10202,26,,,0
3019,'1198514',648,,10203,26,,,0
3019,'1198654',1732,,10204,26,,,0
3019,'1198677',832,,10205,26,,,0
3019,'1198680',818,,10206,26,,,0
3019,'1198689',2407,,10207,26,,,0
3019,'1198691',1748,,10208,26,,,0
3019,'1198742',2217,,10209,26,,,0
3019,'1198777',1418,,10210,26,,,0
3019,'1198788',732,,10211,26,,,0
3019,'1198845',1032,,10212,26,,,0
3019,'1198989',2132,,10213,26,,,0
3019,'1198991',1832,,10214,26,,,0
3019,'1199009',1332,,10215,26,,,0
3019,'1199035',1218,,10216,26,,,0
3019,'1199052',2032,,10217,26,,,0
3019,'1199066',1132,,10218,26,,,0
3019,'1199133',1318,,10219,26,,,0
3019,'1199262',2317,,10220,26,,,0
3019,'1199277',748,,10221,26,,,0
3019,'1199346',1318,,10222,26,,,0
3019,'1199408',2047,,10223,26,,,0
3019,'1199412',1432,,10224,26,,,0
3019,'1199440',2317,,10225,26,,,0
3019,'1199509',817,,10226,26,,,0
3019,'1199600',1932,,10228,26,,,0
3019,'1199612',1118,,10229,26,,,0
4019,'1197123',709,,10299,14,,,0
4019,'1197392',1509,,10300,14,,,0
4019,'1197520',909,,10301,14,,,0
4019,'1197788',1539,,10302,14,,,0
4019,'1197874',1339,,10303,14,,,0
4019,'1198006',839,,10304,14,,,0
4019,'1198332',1739,,10305,14,,,0
4019,'1198394',1439,,10306,14,,,0
4019,'1198409',809,,10307,14,,,0
4019,'1198799',1409,,10308,14,,,0
4019,'1198924',1709,,10309,14,,,0
4019,'1199002',939,,10310,14,,,0
4019,'1199239',1609,,10311,14,,,0
4019,'1199517',740,,10312,14,,,0
4019,'1199645',1639,,10313,14,,,0
