20029,'1196868',1644,,11092,5,,,0
20029,'1196909',1325,,11093,5,,,0
20029,'1196951',1253,,11094,5,,,0
20029,'1196962',2154,,11095,5,,,0
20029,'1196978',1225,,11096,5,,,0
20029,'1197172',623,,11097,5,,,0
20029,'1197213',944,,11098,5,,,0
20029,'1197307',1453,,11099,5,,,0
20029,'1197312',1744,,11100,5,,,0
20029,'1197355',653,,11101,5,,,0
20029,'1197361',844,,11102,5,,,0
20029,'1197366',744,,11103,5,,,0
20029,'1197368',1755,,11104,5,,,0
20029,'1197403',1625,,11105,5,,,0
20029,'1197421',1425,,11106,5,,,0
20029,'1197464',724,,11107,5,,,0
20029,'1197479',1125,,11108,5,,,0
20029,'1197554',2054,,11109,5,,,0
20029,'1197566',1044,,11110,5,,,0
20029,'1197569',1144,,11111,5,,,0
20029,'1197577',1544,,11112,5,,,0
20029,'1197610',853,,11113,5,,,0
20029,'1197632',2044,,11114,5,,,0
20029,'1197792',2344,,11115,5,,,0
20029,'1198090',2244,,11116,5,,,0
20029,'1198196',2124,,11117,5,,,0
20029,'1198208',1854,,11118,5,,,0
20029,'1198218',753,,11119,5,,,0
20029,'1198241',1526,,11120,5,,,0
20029,'1198256',1944,,11121,5,,,0
20029,'1198342',1444,,11122,5,,,0
20029,'1198375',825,,11123,5,,,0
20029,'1198439',1725,,11124,5,,,0
20029,'1198464',2254,,11125,5,,,0
20029,'1198524',2025,,11126,5,,,0
20029,'1198526',1925,,11127,5,,,0
20029,'1198650',1753,,11128,5,,,0
20029,'1198663',1553,,11129,5,,,0
20029,'1198795',2224,,11130,5,,,0
20029,'1198866',1153,,11131,5,,,0
20029,'1198883',1344,,11132,5,,,0
20029,'1198891',1655,,11133,5,,,0
20029,'1198917',653,,11134,5,,,0
20029,'1198942',2144,,11135,5,,,0
20029,'1199003',953,,11136,5,,,0
20029,'1199050',1353,,11137,5,,,0
20029,'1199089',1954,,11138,5,,,0
20029,'1199092',925,,11139,5,,,0
20029,'1199111',1025,,11140,5,,,0
20029,'1199119',1653,,11141,5,,,0
20029,'1199171',2353,,11142,5,,,0
20029,'1199252',1825,,11143,5,,,0
20029,'1199308',754,,11144,5,,,0
20029,'1199404',1053,,11145,5,,,0
20029,'1199499',2324,,11146,5,,,0
20029,'1199544',1244,,11147,5,,,0
20029,'1199641',1844,,11148,5,,,0
