105019,'1196946',930,,12117,81,,,0
105019,'1197049',1841,,12118,81,,,0
105019,'1197077',616,,12119,81,,,0
105019,'1197115',1226,,12120,81,,,0
105019,'1197131',730,,12121,81,,,0
105019,'1197173',1231,,12122,81,,,0
105019,'1197181',1046,,12123,81,,,0
105019,'1197192',2216,,12124,81,,,0
105019,'1197197',1526,,12125,81,,,0
105019,'1197292',1331,,12126,81,,,0
105019,'1197296',1626,,12127,81,,,0
105019,'1197531',1431,,12128,81,,,0
105019,'1197548',1946,,12129,81,,,0
105019,'1197557',1631,,12130,81,,,0
105019,'1197588',846,,12131,81,,,0
105019,'1197596',2116,,12132,81,,,0
105019,'1197617',1531,,12133,81,,,0
105019,'1197633',1246,,12134,81,,,0
105019,'1197710',823,,12135,81,,,0
105019,'1197779',1811,,12136,81,,,0
105019,'1197825',1441,,12137,81,,,0
105019,'1197971',1126,,12138,81,,,0
105019,'1198112',646,,12139,81,,,0
105019,'1198338',1131,,12140,81,,,0
105019,'1198380',2246,,12141,81,,,0
105019,'1198385',1741,,12142,81,,,0
105019,'1198553',1341,,12143,81,,,0
105019,'1198560',2046,,12144,81,,,0
105019,'1198571',1646,,12145,81,,,0
105019,'1198621',753,,12146,81,,,0
105019,'1198667',1023,,12147,81,,,0
105019,'1198717',1556,,12148,81,,,0
105019,'1198741',923,,12149,81,,,0
105019,'1198746',1911,,12150,81,,,0
105019,'1198889',716,,12151,81,,,0
105019,'1199004',1446,,12152,81,,,0
105019,'1199054',1656,,12153,81,,,0
105019,'1199098',853,,12154,81,,,0
105019,'1199298',2416,,12155,81,,,0
105019,'1199347',2330,,12156,81,,,0
105019,'1199383',2316,,12157,81,,,0
105019,'1199400',1731,,12158,81,,,0
105019,'1199461',1846,,12159,81,,,0
105019,'1199511',1831,,12160,81,,,0
105019,'1199546',2130,,12161,81,,,0
105019,'1199574',1931,,12162,81,,,0
