28019,'1196931',2343,,11637,19,,,0
28019,'1196961',1003,,11638,19,,,0
28019,'1197034',1143,,11640,19,,,0
28019,'1197242',1543,,11643,19,,,0
28019,'1197295',1403,,11645,19,,,0
28019,'1197458',1943,,11648,19,,,0
28019,'1197551',903,,11651,19,,,0
28019,'1197718',2143,,11653,19,,,0
28019,'1197726',1803,,11654,19,,,0
28019,'1197861',1843,,11656,19,,,0
28019,'1197862',1243,,11657,19,,,0
28019,'1198022',703,,11658,19,,,0
28019,'1198061',2103,,11659,19,,,0
28019,'1198096',1443,,11660,19,,,0
28019,'1198110',1203,,11661,19,,,0
28019,'1198319',2003,,11662,19,,,0
28019,'1198329',1643,,11663,19,,,0
28019,'1198345',1503,,11665,19,,,0
28019,'1198414',1103,,11666,19,,,0
28019,'1198454',1043,,11667,19,,,0
28019,'1198522',1603,,11668,19,,,0
28019,'1198672',943,,11670,19,,,0
28019,'1198739',2203,,11671,19,,,0
28019,'1198919',743,,11676,19,,,0
28019,'1198968',1303,,11678,19,,,0
28019,'1199033',2403,,11679,19,,,0
28019,'1199206',2043,,11682,19,,,0
28019,'1199243',2303,,11683,19,,,0
28019,'1199296',1903,,11684,19,,,0
28019,'1199344',1743,,11686,19,,,0
28019,'1199417',1703,,11688,19,,,0
28019,'1199450',843,,11690,19,,,0
28019,'1199529',1343,,11691,19,,,0
28019,'1199584',803,,11694,19,,,0
28019,'1199602',2243,,11695,19,,,0
28019,'1199775',1748,,12871,19,,,0
28019,'1199776',1718,,12872,19,,,0
28019,'1199784',1818,,12873,19,,,0
28019,'1199803',718,,12874,19,,,0
28019,'1199807',2018,,12875,19,,,0
28019,'1199817',2218,,12876,19,,,0
28019,'1199832',2318,,12877,19,,,0
28019,'1199835',1518,,12878,19,,,0
28019,'1199837',1648,,12879,19,,,0
28019,'1199842',1848,,12880,19,,,0
28019,'1199845',918,,12881,19,,,0
28019,'1199851',818,,12882,19,,,0
28019,'1199859',1918,,12883,19,,,0
28019,'1199861',848,,12884,19,,,0
28019,'1199868',1422,,12885,19,,,0
28019,'1199872',648,,12886,19,,,0
28019,'1199880',1318,,12887,19,,,0
28019,'1199885',748,,12888,19,,,0
28019,'1199887',1218,,12889,19,,,0
28019,'1199894',1618,,12890,19,,,0
28019,'1199897',618,,12891,19,,,0
28019,'1199900',2118,,12892,19,,,0
28019,'1199908',1018,,12893,19,,,0
28019,'1199917',1118,,12894,19,,,0
