28019,'1196931',2332,,11637,3,,,0
28019,'1196961',952,,11638,3,,,0
28019,'1197034',1132,,11640,3,,,0
28019,'1197242',1532,,11643,3,,,0
28019,'1197295',1352,,11645,3,,,0
28019,'1197458',1932,,11648,3,,,0
28019,'1197551',852,,11651,3,,,0
28019,'1197718',2132,,11653,3,,,0
28019,'1197726',1752,,11654,3,,,0
28019,'1197861',1832,,11656,3,,,0
28019,'1197862',1232,,11657,3,,,0
28019,'1198022',652,,11658,3,,,0
28019,'1198061',2052,,11659,3,,,0
28019,'1198096',1432,,11660,3,,,0
28019,'1198110',1152,,11661,3,,,0
28019,'1198319',1952,,11662,3,,,0
28019,'1198329',1632,,11663,3,,,0
28019,'1198345',1452,,11665,3,,,0
28019,'1198414',1052,,11666,3,,,0
28019,'1198454',1032,,11667,3,,,0
28019,'1198522',1552,,11668,3,,,0
28019,'1198672',932,,11670,3,,,0
28019,'1198739',2152,,11671,3,,,0
28019,'1198919',732,,11676,3,,,0
28019,'1198968',1252,,11678,3,,,0
28019,'1199033',2352,,11679,3,,,0
28019,'1199206',2032,,11682,3,,,0
28019,'1199243',2252,,11683,3,,,0
28019,'1199296',1852,,11684,3,,,0
28019,'1199344',1732,,11686,3,,,0
28019,'1199417',1652,,11688,3,,,0
28019,'1199450',832,,11690,3,,,0
28019,'1199529',1332,,11691,3,,,0
28019,'1199584',752,,11694,3,,,0
28019,'1199602',2232,,11695,3,,,0
28019,'1199775',1737,,12871,3,,,0
28019,'1199776',1707,,12872,3,,,0
28019,'1199784',1807,,12873,3,,,0
28019,'1199803',707,,12874,3,,,0
28019,'1199807',2007,,12875,3,,,0
28019,'1199817',2207,,12876,3,,,0
28019,'1199832',2307,,12877,3,,,0
28019,'1199835',1507,,12878,3,,,0
28019,'1199837',1637,,12879,3,,,0
28019,'1199842',1837,,12880,3,,,0
28019,'1199845',907,,12881,3,,,0
28019,'1199851',807,,12882,3,,,0
28019,'1199859',1907,,12883,3,,,0
28019,'1199861',837,,12884,3,,,0
28019,'1199868',1407,,12885,3,,,0
28019,'1199872',637,,12886,3,,,0
28019,'1199880',1307,,12887,3,,,0
28019,'1199885',737,,12888,3,,,0
28019,'1199887',1207,,12889,3,,,0
28019,'1199894',1607,,12890,3,,,0
28019,'1199897',607,,12891,3,,,0
28019,'1199900',2107,,12892,3,,,0
28019,'1199908',1007,,12893,3,,,0
28019,'1199917',1107,,12894,3,,,0
