24019,'1196934',639,,11187,14,,,0
24019,'1196988',809,,11188,14,,,0
24019,'1197014',2108,,11189,14,,,0
24019,'1197021',2359,,11190,14,,,0
24019,'1197025',709,,11191,14,,,0
24019,'1197047',1441,,11192,14,,,0
24019,'1197094',1009,,11193,14,,,0
24019,'1197127',2239,,11194,14,,,0
24019,'1197154',924,,11195,14,,,0
24019,'1197203',1608,,11196,14,,,0
24019,'1197210',1324,,11197,14,,,0
24019,'1197244',608,,11198,14,,,0
24019,'1197285',1808,,11199,14,,,0
24019,'1197390',1708,,11200,14,,,0
24019,'1197431',1541,,11201,14,,,0
24019,'1197489',2224,,11202,14,,,0
24019,'1197506',1109,,11203,14,,,0
24019,'1197518',1711,,11204,14,,,0
24019,'1197546',1009,,11205,14,,,0
24019,'1197591',1908,,11206,14,,,0
24019,'1197620',909,,11207,14,,,0
24019,'1197680',1411,,11208,14,,,0
24019,'1197686',1924,,11209,14,,,0
24019,'1197707',1309,,11210,14,,,0
24019,'1197750',2139,,11211,14,,,0
24019,'1197764',1641,,11212,14,,,0
24019,'1197783',2124,,11213,14,,,0
24019,'1197805',739,,11214,14,,,0
24019,'1197843',1624,,11215,14,,,0
24019,'1197844',1209,,11216,14,,,0
24019,'1197878',1424,,11217,14,,,0
24019,'1197883',1311,,11218,14,,,0
24019,'1197954',1824,,11219,14,,,0
24019,'1197955',708,,11220,14,,,0
24019,'1197996',808,,11221,14,,,0
24019,'1198055',1409,,11222,14,,,0
24019,'1198087',1111,,11223,14,,,0
24019,'1198107',1524,,11224,14,,,0
24019,'1198126',2008,,11225,14,,,0
24019,'1198142',939,,11226,14,,,0
24019,'1198175',1611,,11227,14,,,0
24019,'1198559',1839,,11228,14,,,0
24019,'1198657',2324,,11229,14,,,0
24019,'1198659',824,,11230,14,,,0
24019,'1198709',1724,,11231,14,,,0
24019,'1198800',2024,,11232,14,,,0
24019,'1198948',909,,11233,14,,,0
24019,'1198975',1224,,11234,14,,,0
24019,'1199043',1024,,11235,14,,,0
24019,'1199106',724,,11236,14,,,0
24019,'1199219',2208,,11237,14,,,0
24019,'1199387',839,,11238,14,,,0
24019,'1199435',1124,,11239,14,,,0
24019,'1199454',2039,,11240,14,,,0
24019,'1199463',1511,,11241,14,,,0
24019,'1199504',1211,,11242,14,,,0
24019,'1199506',1509,,11243,14,,,0
24019,'1199592',1939,,11244,14,,,0
24019,'1199595',1741,,11245,14,,,0
24019,'1199609',2308,,11246,14,,,0
