105019,'1196946',848,,12117,12,,,0
105019,'1197049',1755,,12118,12,,,0
105019,'1197077',535,,12119,12,,,0
105019,'1197115',1140,,12120,12,,,0
105019,'1197131',648,,12121,12,,,0
105019,'1197173',1150,,12122,12,,,0
105019,'1197181',1008,,12123,12,,,0
105019,'1197192',2135,,12124,12,,,0
105019,'1197197',1440,,12125,12,,,0
105019,'1197292',1250,,12126,12,,,0
105019,'1197296',1540,,12127,12,,,0
105019,'1197531',1350,,12128,12,,,0
105019,'1197548',1905,,12129,12,,,0
105019,'1197557',1550,,12130,12,,,0
105019,'1197588',808,,12131,12,,,0
105019,'1197596',2035,,12132,12,,,0
105019,'1197617',1450,,12133,12,,,0
105019,'1197633',1208,,12134,12,,,0
105019,'1197710',737,,12135,12,,,0
105019,'1197779',1725,,12136,12,,,0
105019,'1197825',1355,,12137,12,,,0
105019,'1197971',1040,,12138,12,,,0
105019,'1198112',605,,12139,12,,,0
105019,'1198338',1050,,12140,12,,,0
105019,'1198380',2208,,12141,12,,,0
105019,'1198385',1655,,12142,12,,,0
105019,'1198553',1255,,12143,12,,,0
105019,'1198560',2008,,12144,12,,,0
105019,'1198571',1608,,12145,12,,,0
105019,'1198621',707,,12146,12,,,0
105019,'1198667',937,,12147,12,,,0
105019,'1198717',1510,,12148,12,,,0
105019,'1198741',837,,12149,12,,,0
105019,'1198746',1825,,12150,12,,,0
105019,'1198889',635,,12151,12,,,0
105019,'1199004',1408,,12152,12,,,0
105019,'1199054',1610,,12153,12,,,0
105019,'1199098',807,,12154,12,,,0
105019,'1199298',2335,,12155,12,,,0
105019,'1199347',2248,,12156,12,,,0
105019,'1199383',2235,,12157,12,,,0
105019,'1199400',1650,,12158,12,,,0
105019,'1199461',1808,,12159,12,,,0
105019,'1199511',1750,,12160,12,,,0
105019,'1199546',2048,,12161,12,,,0
105019,'1199574',1850,,12162,12,,,0
