10019,'1196894',2050,,10329,18,,,0
10019,'1196915',1650,,10330,18,,,0
10019,'1196923',1050,,10331,18,,,0
10019,'1197054',2220,,10332,18,,,0
10019,'1197091',1450,,10333,18,,,0
10019,'1197121',1050,,10334,18,,,0
10019,'1197207',950,,10335,18,,,0
10019,'1197335',820,,10336,18,,,0
10019,'1197345',2120,,10337,18,,,0
10019,'1197397',1450,,10338,18,,,0
10019,'1197418',2350,,10339,18,,,0
10019,'1197505',1550,,10340,18,,,0
10019,'1197587',920,,10341,18,,,0
10019,'1197595',1050,,10342,18,,,0
10019,'1197737',1350,,10343,18,,,0
10019,'1197756',1850,,10344,18,,,0
10019,'1197759',1520,,10345,18,,,0
10019,'1197766',2250,,10346,18,,,0
10019,'1197915',1950,,10347,18,,,0
10019,'1197927',750,,10348,18,,,0
10019,'1197935',650,,10349,18,,,0
10019,'1197985',950,,10350,18,,,0
10019,'1198010',1820,,10351,18,,,0
10019,'1198016',1950,,10352,18,,,0
10019,'1198164',650,,10353,18,,,0
10019,'1198167',1550,,10354,18,,,0
10019,'1198226',1350,,10355,18,,,0
10019,'1198257',1450,,10356,18,,,0
10019,'1198280',2320,,10357,18,,,0
10019,'1198300',1550,,10358,18,,,0
10019,'1198361',2150,,10359,18,,,0
10019,'1198366',850,,10360,18,,,0
10019,'1198390',1850,,10361,18,,,0
10019,'1198410',1750,,10362,18,,,0
10019,'1198440',750,,10363,18,,,0
10019,'1198475',1150,,10364,18,,,0
10019,'1198480',2150,,10365,18,,,0
10019,'1198509',621,,10366,18,,,0
10019,'1198520',1250,,10367,18,,,0
10019,'1198542',2350,,10368,18,,,0
10019,'1198583',2250,,10369,18,,,0
10019,'1198726',1920,,10370,18,,,0
10019,'1198809',850,,10371,18,,,0
10019,'1198815',1650,,10372,18,,,0
10019,'1198881',1620,,10373,18,,,0
10019,'1198903',850,,10374,18,,,0
10019,'1198955',1150,,10375,18,,,0
10019,'1198962',1650,,10376,18,,,0
10019,'1198993',1150,,10377,18,,,0
10019,'1199007',2050,,10378,18,,,0
10019,'1199032',1350,,10379,18,,,0
10019,'1199053',1750,,10380,18,,,0
10019,'1199056',1750,,10381,18,,,0
10019,'1199257',1720,,10382,18,,,0
10019,'1199300',1250,,10383,18,,,0
10019,'1199321',950,,10384,18,,,0
10019,'1199323',2020,,10385,18,,,0
10019,'1199353',1250,,10386,18,,,0
10019,'1199424',720,,10387,18,,,0
10019,'1199598',750,,10388,18,,,0
