105029,'1196840',2250,,12163,7,,,0
105029,'1196987',1005,,12164,7,,,0
105029,'1196996',1636,,12165,7,,,0
105029,'1197020',1519,,12166,7,,,0
105029,'1197097',1736,,12167,7,,,0
105029,'1197137',2004,,12168,7,,,0
105029,'1197220',1950,,12169,7,,,0
105029,'1197228',1451,,12170,7,,,0
105029,'1197231',720,,12171,7,,,0
105029,'1197439',1119,,12172,7,,,0
105029,'1197501',1919,,12173,7,,,0
105029,'1197522',2119,,12174,7,,,0
105029,'1197561',951,,12175,7,,,0
105029,'1197638',919,,12176,7,,,0
105029,'1197840',2050,,12177,7,,,0
105029,'1197853',2150,,12178,7,,,0
105029,'1197918',1820,,12179,7,,,0
105029,'1197968',2319,,12180,7,,,0
105029,'1198013',1319,,12181,7,,,0
105029,'1198037',1051,,12182,7,,,0
105029,'1198064',1805,,12183,7,,,0
105029,'1198187',1205,,12184,7,,,0
105029,'1198214',1719,,12185,7,,,0
105029,'1198417',1305,,12186,7,,,0
105029,'1198447',1706,,12187,7,,,0
105029,'1198529',1505,,12188,7,,,0
105029,'1198616',650,,12189,7,,,0
105029,'1198625',1606,,12190,7,,,0
105029,'1198711',1306,,12191,7,,,0
105029,'1198718',1521,,12192,7,,,0
105029,'1198725',1705,,12193,7,,,0
105029,'1198779',804,,12194,7,,,0
105029,'1198918',1405,,12195,7,,,0
105029,'1198922',2355,,12196,7,,,0
105029,'1198923',620,,12197,7,,,0
105029,'1199012',604,,12198,7,,,0
105029,'1199037',1351,,12199,7,,,0
105029,'1199107',1421,,12200,7,,,0
105029,'1199124',2404,,12201,7,,,0
105029,'1199144',1206,,12202,7,,,0
105029,'1199148',719,,12203,7,,,0
105029,'1199220',1105,,12204,7,,,0
105029,'1199470',2204,,12205,7,,,0
105029,'1199473',850,,12206,7,,,0
105029,'1199604',750,,12207,7,,,0
105029,'1199607',1605,,12208,7,,,0
106019,'1196832',935,,12209,7,,,0
106019,'1196841',705,,12210,7,,,0
106019,'1197348',820,,12211,7,,,0
106019,'1197389',1806,,12212,7,,,0
106019,'1197951',1536,,12213,7,,,0
106019,'1198120',1651,,12214,7,,,0
140001029,'1196879',619,,12358,7,,,0
140001029,'1196954',950,,12359,7,,,0
140001029,'1196975',1021,,12360,7,,,0
140001029,'1196976',2319,,12361,7,,,0
140001029,'1197010',1336,,12362,7,,,0
140001029,'1197038',1106,,12363,7,,,0
140001029,'1197058',1834,,12364,7,,,0
140001029,'1197078',1120,,12365,7,,,0
140001029,'1197099',2249,,12366,7,,,0
140001029,'1197105',2320,,12367,7,,,0
140001029,'1197113',849,,12368,7,,,0
140001029,'1197141',1436,,12369,7,,,0
140001029,'1197155',1735,,12370,7,,,0
140001029,'1197162',934,,12371,7,,,0
140001029,'1197190',1551,,12372,7,,,0
140001029,'1197195',1651,,12373,7,,,0
140001029,'1197198',1351,,12374,7,,,0
140001029,'1197204',920,,12375,7,,,0
140001029,'1197222',1221,,12376,7,,,0
140001029,'1197249',1220,,12377,7,,,0
140001029,'1197271',1935,,12378,7,,,0
140001029,'1197276',1050,,12379,7,,,0
140001029,'1197293',1506,,12380,7,,,0
140001029,'1197305',1520,,12381,7,,,0
140001029,'1197370',1206,,12382,7,,,0
140001029,'1197377',2219,,12383,7,,,0
140001029,'1197379',749,,12384,7,,,0
140001029,'1197386',1820,,12385,7,,,0
140001029,'1197424',2049,,12386,7,,,0
140001029,'1197426',1005,,12387,7,,,0
140001029,'1197432',949,,12388,7,,,0
140001029,'1197460',2219,,12389,7,,,0
140001029,'1197482',620,,12390,7,,,0
140001029,'1197494',2354,,12391,7,,,0
140001029,'1197497',1650,,12392,7,,,0
140001029,'1197568',1320,,12393,7,,,0
140001029,'1197611',2249,,12394,7,,,0
140001029,'1197612',1536,,12395,7,,,0
140001029,'1197619',1819,,12396,7,,,0
140001029,'1197627',834,,12397,7,,,0
140001029,'1197635',2220,,12398,7,,,0
140001029,'1197649',1321,,12399,7,,,0
140001029,'1197658',1920,,12400,7,,,0
140001029,'1197662',1051,,12401,7,,,0
140001029,'1197723',920,,12402,7,,,0
140001029,'1197758',1236,,12403,7,,,0
140001029,'1197776',2020,,12404,7,,,0
140001029,'1197849',2149,,12405,7,,,0
140001029,'1197888',1949,,12406,7,,,0
140001029,'1197928',1420,,12407,7,,,0
140001029,'1197938',1406,,12408,7,,,0
140001029,'1197948',1451,,12409,7,,,0
140001029,'1197957',1605,,12410,7,,,0
140001029,'1197967',1706,,12411,7,,,0
140001029,'1197972',1550,,12412,7,,,0
140001029,'1197983',719,,12413,7,,,0
140001029,'1198007',2119,,12414,7,,,0
140001029,'1198048',734,,12415,7,,,0
140001029,'1198049',704,,12416,7,,,0
140001029,'1198081',1250,,12417,7,,,0
140001029,'1198099',935,,12418,7,,,0
140001029,'1198101',1121,,12419,7,,,0
140001029,'1198102',820,,12420,7,,,0
140001029,'1198131',2020,,12421,7,,,0
140001029,'1198132',1020,,12422,7,,,0
140001029,'1198186',1750,,12423,7,,,0
140001029,'1198207',649,,12424,7,,,0
140001029,'1198209',904,,12425,7,,,0
140001029,'1198299',1150,,12426,7,,,0
140001029,'1198347',634,,12427,7,,,0
140001029,'1198350',1905,,12428,7,,,0
140001029,'1198371',1421,,12429,7,,,0
140001029,'1198391',2035,,12430,7,,,0
140001029,'1198425',2019,,12431,7,,,0
140001029,'1198451',2349,,12432,7,,,0
140001029,'1198469',1620,,12433,7,,,0
140001029,'1198505',1420,,12434,7,,,0
140001029,'1198517',1151,,12435,7,,,0
140001029,'1198540',720,,12436,7,,,0
140001029,'1198546',1020,,12437,7,,,0
140001029,'1198572',1535,,12438,7,,,0
140001029,'1198636',804,,12439,7,,,0
140001029,'1198643',1220,,12440,7,,,0
140001029,'1198645',1720,,12441,7,,,0
140001029,'1198655',750,,12442,7,,,0
140001029,'1198697',850,,12443,7,,,0
140001029,'1198757',1620,,12444,7,,,0
140001029,'1198770',1950,,12445,7,,,0
140001029,'1198787',1606,,12446,7,,,0
140001029,'1198789',1920,,12447,7,,,0
140001029,'1198794',1036,,12448,7,,,0
140001029,'1198796',2149,,12449,7,,,0
140001029,'1198802',1105,,12450,7,,,0
140001029,'1198817',1505,,12451,7,,,0
140001029,'1198824',1136,,12452,7,,,0
140001029,'1198860',1804,,12453,7,,,0
140001029,'1198934',1705,,12454,7,,,0
140001029,'1198970',1736,,12455,7,,,0
140001029,'1198973',919,,12456,7,,,0
140001029,'1198981',1820,,12457,7,,,0
140001029,'1198986',2319,,12458,7,,,0
140001029,'1198999',1335,,12459,7,,,0
140001029,'1199001',720,,12460,7,,,0
140001029,'1199006',819,,12461,7,,,0
140001029,'1199010',1750,,12462,7,,,0
140001029,'1199031',1205,,12463,7,,,0
140001029,'1199086',1006,,12464,7,,,0
140001029,'1199101',650,,12465,7,,,0
140001029,'1199110',1135,,12466,7,,,0
140001029,'1199113',1635,,12467,7,,,0
140001029,'1199128',1035,,12468,7,,,0
140001029,'1199156',1919,,12469,7,,,0
140001029,'1199174',1306,,12470,7,,,0
140001029,'1199189',820,,12471,7,,,0
140001029,'1199191',1805,,12472,7,,,0
140001029,'1199203',2050,,12473,7,,,0
140001029,'1199247',1636,,12474,7,,,0
140001029,'1199259',1835,,12475,7,,,0
140001029,'1199261',1405,,12476,7,,,0
140001029,'1199275',1521,,12477,7,,,0
140001029,'1199283',1320,,12478,7,,,0
140001029,'1199312',1235,,12479,7,,,0
140001029,'1199341',2005,,12480,7,,,0
140001029,'1199351',1305,,12481,7,,,0
140001029,'1199395',1721,,12482,7,,,0
140001029,'1199415',1849,,12483,7,,,0
140001029,'1199446',1850,,12484,7,,,0
140001029,'1199456',1520,,12485,7,,,0
140001029,'1199465',1720,,12486,7,,,0
140001029,'1199469',2119,,12487,7,,,0
140001029,'1199481',1621,,12488,7,,,0
140001029,'1199494',1450,,12489,7,,,0
140001029,'1199502',1350,,12490,7,,,0
140001029,'1199522',1435,,12491,7,,,0
140001029,'1199528',2120,,12492,7,,,0
140001029,'1199569',1120,,12493,7,,,0
140001029,'1199608',1251,,12494,7,,,0
