3019,'1196834',1822,,10159,30,,,0
3019,'1196848',2122,,10160,30,,,0
3019,'1196854',722,,10161,30,,,0
3019,'1196968',1237,,10162,30,,,0
3019,'1196971',2022,,10163,30,,,0
3019,'1197069',723,,10164,30,,,0
3019,'1197076',2152,,10165,30,,,0
3019,'1197107',1253,,10166,30,,,0
3019,'1197120',2422,,10167,30,,,0
3019,'1197318',2222,,10168,30,,,0
3019,'1197369',2337,,10169,30,,,0
3019,'1197372',2237,,10170,30,,,0
3019,'1197378',922,,10171,30,,,0
3019,'1197462',923,,10172,30,,,0
3019,'1197478',1623,,10173,30,,,0
3019,'1197537',937,,10174,30,,,0
3019,'1197572',1353,,10175,30,,,0
3019,'1197590',853,,10176,30,,,0
3019,'1197618',1723,,10177,30,,,0
3019,'1197731',2022,,10179,30,,,0
3019,'1197748',1023,,10180,30,,,0
3019,'1197755',1053,,10181,30,,,0
3019,'1197810',1453,,10182,30,,,0
3019,'1197819',1922,,10183,30,,,0
3019,'1197850',1553,,10184,30,,,0
3019,'1197851',953,,10185,30,,,0
3019,'1197897',1123,,10186,30,,,0
3019,'1197923',1223,,10187,30,,,0
3019,'1197941',1523,,10188,30,,,0
3019,'1198025',1623,,10189,30,,,0
3019,'1198093',1852,,10190,30,,,0
3019,'1198098',1153,,10191,30,,,0
3019,'1198111',1022,,10192,30,,,0
3019,'1198119',1537,,10193,30,,,0
3019,'1198124',1423,,10194,30,,,0
3019,'1198153',1922,,10195,30,,,0
3019,'1198229',1523,,10196,30,,,0
3019,'1198237',1653,,10197,30,,,0
3019,'1198265',2122,,10198,30,,,0
3019,'1198278',1952,,10199,30,,,0
3019,'1198430',1637,,10200,30,,,0
3019,'1198432',1822,,10201,30,,,0
3019,'1198501',1723,,10202,30,,,0
3019,'1198514',653,,10203,30,,,0
3019,'1198654',1737,,10204,30,,,0
3019,'1198677',837,,10205,30,,,0
3019,'1198680',823,,10206,30,,,0
3019,'1198689',2412,,10207,30,,,0
3019,'1198691',1753,,10208,30,,,0
3019,'1198742',2222,,10209,30,,,0
3019,'1198777',1423,,10210,30,,,0
3019,'1198788',737,,10211,30,,,0
3019,'1198845',1037,,10212,30,,,0
3019,'1198989',2137,,10213,30,,,0
3019,'1198991',1837,,10214,30,,,0
3019,'1199009',1337,,10215,30,,,0
3019,'1199035',1223,,10216,30,,,0
3019,'1199052',2037,,10217,30,,,0
3019,'1199066',1137,,10218,30,,,0
3019,'1199133',1323,,10219,30,,,0
3019,'1199262',2322,,10220,30,,,0
3019,'1199277',753,,10221,30,,,0
3019,'1199346',1323,,10222,30,,,0
3019,'1199408',2052,,10223,30,,,0
3019,'1199412',1437,,10224,30,,,0
3019,'1199440',2322,,10225,30,,,0
3019,'1199509',822,,10226,30,,,0
3019,'1199600',1937,,10228,30,,,0
3019,'1199612',1123,,10229,30,,,0
