102029,'1196895',1700,,11907,16,,,0
102029,'1196982',1347,,11908,16,,,0
102029,'1197029',2117,,11909,16,,,0
102029,'1197083',1530,,11910,16,,,0
102029,'1197178',1100,,11911,16,,,0
102029,'1197226',702,,11912,16,,,0
102029,'1197263',747,,11913,16,,,0
102029,'1197297',1446,,11914,16,,,0
102029,'1197309',1830,,11915,16,,,0
102029,'1197330',1732,,11916,16,,,0
102029,'1197420',1517,,11917,16,,,0
102029,'1197536',2300,,11918,16,,,0
102029,'1197603',1047,,11919,16,,,0
102029,'1197704',1016,,11920,16,,,0
102029,'1197770',2417,,11921,16,,,0
102029,'1197839',832,,11922,16,,,0
102029,'1198134',1316,,11923,16,,,0
102029,'1198173',930,,11924,16,,,0
102029,'1198220',1230,,11925,16,,,0
102029,'1198227',1746,,11926,16,,,0
102029,'1198249',1817,,11927,16,,,0
102029,'1198376',1602,,11928,16,,,0
102029,'1198502',1647,,11929,16,,,0
102029,'1198531',800,,11930,16,,,0
102029,'1198599',1616,,11931,16,,,0
102029,'1198638',2247,,11932,16,,,0
102029,'1198688',1146,,11933,16,,,0
102029,'1198705',2046,,11934,16,,,0
102029,'1198769',2000,,11935,16,,,0
102029,'1198816',2130,,11936,16,,,0
102029,'1198930',2216,,11937,16,,,0
102029,'1198996',617,,11938,16,,,0
102029,'1199090',846,,11939,16,,,0
102029,'1199168',917,,11940,16,,,0
102029,'1199202',1947,,11941,16,,,0
102029,'1199211',1916,,11942,16,,,0
102029,'1199244',1002,,11943,16,,,0
102029,'1199434',1217,,11944,16,,,0
102029,'1199477',2346,,11945,16,,,0
102029,'1199479',1432,,11946,16,,,0
102029,'1199488',635,,11947,16,,,0
102029,'1199537',1400,,11948,16,,,0
102029,'1199651',716,,11949,16,,,0
