12029,'1196881',1132,,10722,30,,,0
12029,'1196886',1702,,10723,30,,,0
12029,'1196921',832,,10724,30,,,0
12029,'1196925',1632,,10725,30,,,0
12029,'1197005',2407,,10726,30,,,0
12029,'1197009',2332,,10727,30,,,0
12029,'1197092',1802,,10728,30,,,0
12029,'1197112',902,,10729,30,,,0
12029,'1197136',2302,,10730,30,,,0
12029,'1197164',732,,10731,30,,,0
12029,'1197202',1532,,10732,30,,,0
12029,'1197246',1402,,10733,30,,,0
12029,'1197415',1102,,10734,30,,,0
12029,'1197416',1532,,10735,30,,,0
12029,'1197484',1932,,10736,30,,,0
12029,'1197496',2202,,10737,30,,,0
12029,'1197608',1202,,10738,30,,,0
12029,'1197678',1832,,10739,30,,,0
12029,'1197742',1332,,10740,30,,,0
12029,'1197777',2332,,10741,30,,,0
12029,'1197790',2232,,10742,30,,,0
12029,'1197947',1732,,10743,30,,,0
12029,'1198008',1402,,10744,30,,,0
12029,'1198017',1902,,10745,30,,,0
12029,'1198020',1732,,10746,30,,,0
12029,'1198024',932,,10747,30,,,0
12029,'1198092',1832,,10748,30,,,0
12029,'1198139',1602,,10749,30,,,0
12029,'1198185',1202,,10750,30,,,0
12029,'1198205',832,,10751,30,,,0
12029,'1198239',1002,,10752,30,,,0
12029,'1198318',732,,10753,30,,,0
12029,'1198336',1132,,10754,30,,,0
12029,'1198360',1032,,10755,30,,,0
12029,'1198400',732,,10756,30,,,0
12029,'1198511',2232,,10757,30,,,0
12029,'1198528',1532,,10758,30,,,0
12029,'1198538',1432,,10759,30,,,0
12029,'1198556',2102,,10760,30,,,0
12029,'1198681',1932,,10761,30,,,0
12029,'1198731',2032,,10762,30,,,0
12029,'1198732',1332,,10763,30,,,0
12029,'1198745',2132,,10764,30,,,0
12029,'1198748',932,,10765,30,,,0
12029,'1198775',1032,,10766,30,,,0
12029,'1198818',1732,,10767,30,,,0
12029,'1198856',1132,,10768,30,,,0
12029,'1198877',1302,,10769,30,,,0
12029,'1198898',832,,10770,30,,,0
12029,'1198947',632,,10771,30,,,0
12029,'1198959',1232,,10772,30,,,0
12029,'1198976',1702,,10773,30,,,0
12029,'1199093',1502,,10774,30,,,0
12029,'1199207',1502,,10775,30,,,0
12029,'1199281',1332,,10776,30,,,0
12029,'1199325',1632,,10777,30,,,0
12029,'1199340',1102,,10778,30,,,0
12029,'1199357',1432,,10779,30,,,0
12029,'1199382',802,,10780,30,,,0
12029,'1199384',932,,10781,30,,,0
12029,'1199423',2002,,10782,30,,,0
12029,'1199437',1432,,10783,30,,,0
12029,'1199445',2032,,10784,30,,,0
12029,'1199457',1632,,10785,30,,,0
12029,'1199487',1032,,10786,30,,,0
12029,'1199500',702,,10787,30,,,0
12029,'1199501',1602,,10788,30,,,0
12029,'1199531',1232,,10789,30,,,0
12029,'1199556',2132,,10790,30,,,0
12029,'1199590',1302,,10791,30,,,0
12029,'1199639',1232,,10792,30,,,0
103029,'1196853',1449,,11989,26,,,0
103029,'1196867',1319,,11990,26,,,0
103029,'1196892',1749,,11991,26,,,0
103029,'1196973',1741,,11992,26,,,0
103029,'1197031',1412,,11993,26,,,0
103029,'1197085',2049,,11994,26,,,0
103029,'1197108',1919,,11995,26,,,0
103029,'1197233',1009,,11996,26,,,0
103029,'1197315',1242,,11997,26,,,0
103029,'1197321',1112,,11998,26,,,0
103029,'1197346',1441,,11999,26,,,0
103029,'1197499',1841,,12000,26,,,0
103029,'1197743',812,,12001,26,,,0
103029,'1197784',942,,12002,26,,,0
103029,'1197852',1311,,12003,26,,,0
103029,'1198282',1141,,12004,26,,,0
103029,'1198444',1542,,12005,26,,,0
103029,'1198568',709,,12006,26,,,0
103029,'1198723',2011,,12007,26,,,0
103029,'1198855',839,,12008,26,,,0
103029,'1198880',1526,,12009,26,,,0
103029,'1198882',642,,12010,26,,,0
103029,'1198911',2141,,12011,26,,,0
103029,'1198914',1656,,12012,26,,,0
103029,'1198921',849,,12013,26,,,0
103029,'1198928',754,,12014,26,,,0
103029,'1198990',924,,12015,26,,,0
103029,'1199021',1619,,12016,26,,,0
103029,'1199109',2311,,12017,26,,,0
103029,'1199145',2219,,12018,26,,,0
103029,'1199146',1149,,12019,26,,,0
103029,'1199172',2209,,12020,26,,,0
103029,'1199215',2339,,12021,26,,,0
103029,'1199475',1909,,12022,26,,,0
103029,'1199565',1019,,12023,26,,,0
103029,'1199579',1611,,12024,26,,,0
103029,'1199581',2039,,12025,26,,,0
103029,'1199593',1712,,12026,26,,,0
