14029,'1196849',1723,,10975,16,,,0
14029,'1196912',753,,10976,16,,,0
14029,'1197024',1523,,10977,16,,,0
14029,'1197041',2323,,10978,16,,,0
14029,'1197050',1622,,10979,16,,,0
14029,'1197119',1723,,10980,16,,,0
14029,'1197130',2222,,10981,16,,,0
14029,'1197219',1522,,10982,16,,,0
14029,'1197237',1322,,10983,16,,,0
14029,'1197250',623,,10984,16,,,0
14029,'1197265',1753,,10985,16,,,0
14029,'1197310',2223,,10986,16,,,0
14029,'1197323',1323,,10987,16,,,0
14029,'1197440',2122,,10988,16,,,0
14029,'1197456',1523,,10989,16,,,0
14029,'1197472',1122,,10990,16,,,0
14029,'1197493',1853,,10991,16,,,0
14029,'1197512',1623,,10992,16,,,0
14029,'1197515',1423,,10993,16,,,0
14029,'1197597',723,,10994,16,,,0
14029,'1197605',2253,,10995,16,,,0
14029,'1197639',1222,,10996,16,,,0
14029,'1197699',1953,,10997,16,,,0
14029,'1197717',1722,,10998,16,,,0
14029,'1197738',1022,,10999,16,,,0
14029,'1197809',1623,,11000,16,,,0
14029,'1197863',2358,,11001,16,,,0
14029,'1197882',1422,,11002,16,,,0
14029,'1197961',1223,,11003,16,,,0
14029,'1198040',1023,,11004,16,,,0
14029,'1198078',1123,,11005,16,,,0
14029,'1198100',853,,11006,16,,,0
14029,'1198198',2153,,11007,16,,,0
14029,'1198204',2053,,11008,16,,,0
14029,'1198269',653,,11009,16,,,0
14029,'1198326',922,,11010,16,,,0
14029,'1198404',723,,11011,16,,,0
14029,'1198426',2123,,11012,16,,,0
14029,'1198570',823,,11013,16,,,0
14029,'1198612',2322,,11014,16,,,0
14029,'1198728',822,,11015,16,,,0
14029,'1198772',1823,,11016,16,,,0
14029,'1198830',923,,11017,16,,,0
14029,'1198941',1123,,11018,16,,,0
14029,'1198956',1423,,11019,16,,,0
14029,'1199040',2023,,11020,16,,,0
14029,'1199065',1223,,11021,16,,,0
14029,'1199076',1822,,11022,16,,,0
14029,'1199083',1653,,11023,16,,,0
14029,'1199184',923,,11024,16,,,0
14029,'1199200',823,,11025,16,,,0
14029,'1199222',1553,,11026,16,,,0
14029,'1199266',1323,,11027,16,,,0
14029,'1199447',1923,,11028,16,,,0
14029,'1199472',2022,,11029,16,,,0
14029,'1199520',1023,,11030,16,,,0
14029,'1199554',722,,11031,16,,,0
14029,'1199573',1922,,11032,16,,,0
14029,'1199643',1453,,11033,16,,,0
