28019,'1196931',2334,,11637,6,,,0
28019,'1196961',954,,11638,6,,,0
28019,'1197034',1134,,11640,6,,,0
28019,'1197242',1534,,11643,6,,,0
28019,'1197295',1354,,11645,6,,,0
28019,'1197458',1934,,11648,6,,,0
28019,'1197551',854,,11651,6,,,0
28019,'1197718',2134,,11653,6,,,0
28019,'1197726',1754,,11654,6,,,0
28019,'1197861',1834,,11656,6,,,0
28019,'1197862',1234,,11657,6,,,0
28019,'1198022',654,,11658,6,,,0
28019,'1198061',2054,,11659,6,,,0
28019,'1198096',1434,,11660,6,,,0
28019,'1198110',1154,,11661,6,,,0
28019,'1198319',1954,,11662,6,,,0
28019,'1198329',1634,,11663,6,,,0
28019,'1198345',1454,,11665,6,,,0
28019,'1198414',1054,,11666,6,,,0
28019,'1198454',1034,,11667,6,,,0
28019,'1198522',1554,,11668,6,,,0
28019,'1198672',934,,11670,6,,,0
28019,'1198739',2154,,11671,6,,,0
28019,'1198919',734,,11676,6,,,0
28019,'1198968',1254,,11678,6,,,0
28019,'1199033',2354,,11679,6,,,0
28019,'1199206',2034,,11682,6,,,0
28019,'1199243',2254,,11683,6,,,0
28019,'1199296',1854,,11684,6,,,0
28019,'1199344',1734,,11686,6,,,0
28019,'1199417',1654,,11688,6,,,0
28019,'1199450',834,,11690,6,,,0
28019,'1199529',1334,,11691,6,,,0
28019,'1199584',754,,11694,6,,,0
28019,'1199602',2234,,11695,6,,,0
28019,'1199775',1739,,12871,6,,,0
28019,'1199776',1709,,12872,6,,,0
28019,'1199784',1809,,12873,6,,,0
28019,'1199803',709,,12874,6,,,0
28019,'1199807',2009,,12875,6,,,0
28019,'1199817',2209,,12876,6,,,0
28019,'1199832',2309,,12877,6,,,0
28019,'1199835',1509,,12878,6,,,0
28019,'1199837',1639,,12879,6,,,0
28019,'1199842',1839,,12880,6,,,0
28019,'1199845',909,,12881,6,,,0
28019,'1199851',809,,12882,6,,,0
28019,'1199859',1909,,12883,6,,,0
28019,'1199861',839,,12884,6,,,0
28019,'1199868',1409,,12885,6,,,0
28019,'1199872',639,,12886,6,,,0
28019,'1199880',1309,,12887,6,,,0
28019,'1199885',739,,12888,6,,,0
28019,'1199887',1209,,12889,6,,,0
28019,'1199894',1609,,12890,6,,,0
28019,'1199897',609,,12891,6,,,0
28019,'1199900',2109,,12892,6,,,0
28019,'1199908',1009,,12893,6,,,0
28019,'1199917',1109,,12894,6,,,0
