10029,'1196869',1023,,10389,19,,,0
10029,'1196944',1853,,10390,19,,,0
10029,'1196948',1523,,10391,19,,,0
10029,'1197007',653,,10392,19,,,0
10029,'1197053',1323,,10393,19,,,0
10029,'1197093',1123,,10394,19,,,0
10029,'1197160',1724,,10395,19,,,0
10029,'1197269',1823,,10396,19,,,0
10029,'1197314',2153,,10397,19,,,0
10029,'1197362',2024,,10398,19,,,0
10029,'1197385',824,,10399,19,,,0
10029,'1197414',1423,,10400,19,,,0
10029,'1197492',1653,,10401,19,,,0
10029,'1197523',2224,,10402,19,,,0
10029,'1197565',623,,10403,19,,,0
10029,'1197669',823,,10404,19,,,0
10029,'1197675',2123,,10405,19,,,0
10029,'1197822',1723,,10406,19,,,0
10029,'1197831',1723,,10407,19,,,0
10029,'1197885',2023,,10408,19,,,0
10029,'1197887',1553,,10409,19,,,0
10029,'1197892',1223,,10410,19,,,0
10029,'1197908',2223,,10411,19,,,0
10029,'1197916',2253,,10412,19,,,0
10029,'1197980',2358,,10413,19,,,0
10029,'1198080',1623,,10414,19,,,0
10029,'1198150',1623,,10415,19,,,0
10029,'1198170',1124,,10416,19,,,0
10029,'1198181',1753,,10417,19,,,0
10029,'1198232',1524,,10418,19,,,0
10029,'1198314',1923,,10419,19,,,0
10029,'1198351',1223,,10420,19,,,0
10029,'1198466',2053,,10421,19,,,0
10029,'1198481',1424,,10422,19,,,0
10029,'1198536',1224,,10423,19,,,0
10029,'1198550',1624,,10424,19,,,0
10029,'1198565',2323,,10425,19,,,0
10029,'1198676',723,,10426,19,,,0
10029,'1198703',724,,10427,19,,,0
10029,'1198735',1024,,10428,19,,,0
10029,'1198754',1324,,10429,19,,,0
10029,'1198767',1123,,10430,19,,,0
10029,'1198887',853,,10431,19,,,0
10029,'1198905',1423,,10432,19,,,0
10029,'1198933',823,,10433,19,,,0
10029,'1199013',723,,10434,19,,,0
10029,'1199068',1023,,10435,19,,,0
10029,'1199078',1824,,10436,19,,,0
10029,'1199088',1953,,10437,19,,,0
10029,'1199134',1323,,10438,19,,,0
10029,'1199161',2324,,10439,19,,,0
10029,'1199245',1924,,10440,19,,,0
10029,'1199274',924,,10441,19,,,0
10029,'1199375',1453,,10442,19,,,0
10029,'1199396',753,,10443,19,,,0
10029,'1199411',2124,,10444,19,,,0
10029,'1199422',923,,10445,19,,,0
10029,'1199613',923,,10446,19,,,0
10029,'1199633',1523,,10447,19,,,0
