20019,'1196861',1647,,11034,20,,,0
20019,'1196920',2218,,11035,20,,,0
20019,'1196950',748,,11036,20,,,0
20019,'1196955',647,,11037,20,,,0
20019,'1197117',2018,,11038,20,,,0
20019,'1197128',2118,,11039,20,,,0
20019,'1197129',1547,,11040,20,,,0
20019,'1197174',1519,,11041,20,,,0
20019,'1197187',1540,,11042,20,,,0
20019,'1197300',2240,,11043,20,,,0
20019,'1197337',1940,,11044,20,,,0
20019,'1197360',2140,,11045,20,,,0
20019,'1197373',1247,,11046,20,,,0
20019,'1197429',1740,,11047,20,,,0
20019,'1197469',940,,11048,20,,,0
20019,'1197560',1040,,11049,20,,,0
20019,'1197585',647,,11050,20,,,0
20019,'1197629',1418,,11051,20,,,0
20019,'1197637',2148,,11052,20,,,0
20019,'1197672',1340,,11053,20,,,0
20019,'1197681',1047,,11054,20,,,0
20019,'1197724',1440,,11055,20,,,0
20019,'1197914',1240,,11056,20,,,0
20019,'1197984',1748,,11057,20,,,0
20019,'1197986',1347,,11058,20,,,0
20019,'1198036',1818,,11059,20,,,0
20019,'1198083',2418,,11060,20,,,0
20019,'1198114',947,,11061,20,,,0
20019,'1198133',1118,,11062,20,,,0
20019,'1198141',2048,,11063,20,,,0
20019,'1198152',1318,,11064,20,,,0
20019,'1198178',747,,11065,20,,,0
20019,'1198183',2248,,11066,20,,,0
20019,'1198191',617,,11067,20,,,0
20019,'1198203',2340,,11068,20,,,0
20019,'1198236',740,,11069,20,,,0
20019,'1198244',1948,,11070,20,,,0
20019,'1198268',2040,,11071,20,,,0
20019,'1198364',2318,,11072,20,,,0
20019,'1198377',1618,,11073,20,,,0
20019,'1198420',1718,,11074,20,,,0
20019,'1198431',918,,11075,20,,,0
20019,'1198465',1848,,11076,20,,,0
20019,'1198477',1840,,11077,20,,,0
20019,'1198580',718,,11078,20,,,0
20019,'1198586',818,,11079,20,,,0
20019,'1198656',847,,11080,20,,,0
20019,'1198669',1018,,11081,20,,,0
20019,'1198702',1747,,11082,20,,,0
20019,'1198708',1447,,11083,20,,,0
20019,'1198826',1648,,11084,20,,,0
20019,'1198871',1140,,11085,20,,,0
20019,'1198943',1918,,11086,20,,,0
20019,'1199137',2347,,11087,20,,,0
20019,'1199386',840,,11088,20,,,0
20019,'1199428',1218,,11089,20,,,0
20019,'1199534',1640,,11090,20,,,0
20019,'1199553',1147,,11091,20,,,0
