10019,'1196894',2047,,10329,10,,,0
10019,'1196915',1647,,10330,10,,,0
10019,'1196923',1047,,10331,10,,,0
10019,'1197054',2217,,10332,10,,,0
10019,'1197091',1447,,10333,10,,,0
10019,'1197121',1047,,10334,10,,,0
10019,'1197207',947,,10335,10,,,0
10019,'1197335',817,,10336,10,,,0
10019,'1197345',2117,,10337,10,,,0
10019,'1197397',1447,,10338,10,,,0
10019,'1197418',2347,,10339,10,,,0
10019,'1197505',1547,,10340,10,,,0
10019,'1197587',917,,10341,10,,,0
10019,'1197595',1047,,10342,10,,,0
10019,'1197737',1347,,10343,10,,,0
10019,'1197756',1847,,10344,10,,,0
10019,'1197759',1517,,10345,10,,,0
10019,'1197766',2247,,10346,10,,,0
10019,'1197915',1947,,10347,10,,,0
10019,'1197927',747,,10348,10,,,0
10019,'1197935',647,,10349,10,,,0
10019,'1197985',947,,10350,10,,,0
10019,'1198010',1817,,10351,10,,,0
10019,'1198016',1947,,10352,10,,,0
10019,'1198164',647,,10353,10,,,0
10019,'1198167',1547,,10354,10,,,0
10019,'1198226',1347,,10355,10,,,0
10019,'1198257',1447,,10356,10,,,0
10019,'1198280',2317,,10357,10,,,0
10019,'1198300',1547,,10358,10,,,0
10019,'1198361',2147,,10359,10,,,0
10019,'1198366',847,,10360,10,,,0
10019,'1198390',1847,,10361,10,,,0
10019,'1198410',1747,,10362,10,,,0
10019,'1198440',747,,10363,10,,,0
10019,'1198475',1147,,10364,10,,,0
10019,'1198480',2147,,10365,10,,,0
10019,'1198509',618,,10366,10,,,0
10019,'1198520',1247,,10367,10,,,0
10019,'1198542',2347,,10368,10,,,0
10019,'1198583',2247,,10369,10,,,0
10019,'1198726',1917,,10370,10,,,0
10019,'1198809',847,,10371,10,,,0
10019,'1198815',1647,,10372,10,,,0
10019,'1198881',1617,,10373,10,,,0
10019,'1198903',847,,10374,10,,,0
10019,'1198955',1147,,10375,10,,,0
10019,'1198962',1647,,10376,10,,,0
10019,'1198993',1147,,10377,10,,,0
10019,'1199007',2047,,10378,10,,,0
10019,'1199032',1347,,10379,10,,,0
10019,'1199053',1747,,10380,10,,,0
10019,'1199056',1747,,10381,10,,,0
10019,'1199257',1717,,10382,10,,,0
10019,'1199300',1247,,10383,10,,,0
10019,'1199321',947,,10384,10,,,0
10019,'1199323',2017,,10385,10,,,0
10019,'1199353',1247,,10386,10,,,0
10019,'1199424',717,,10387,10,,,0
10019,'1199598',747,,10388,10,,,0
103029,'1196853',1443,,11989,16,,,0
103029,'1196867',1313,,11990,16,,,0
103029,'1196892',1743,,11991,16,,,0
103029,'1196973',1735,,11992,16,,,0
103029,'1197031',1407,,11993,16,,,0
103029,'1197085',2043,,11994,16,,,0
103029,'1197108',1913,,11995,16,,,0
103029,'1197233',1004,,11996,16,,,0
103029,'1197315',1237,,11997,16,,,0
103029,'1197321',1107,,11998,16,,,0
103029,'1197346',1435,,11999,16,,,0
103029,'1197499',1836,,12000,16,,,0
103029,'1197743',807,,12001,16,,,0
103029,'1197784',937,,12002,16,,,0
103029,'1197852',1305,,12003,16,,,0
103029,'1198282',1135,,12004,16,,,0
103029,'1198444',1537,,12005,16,,,0
103029,'1198568',704,,12006,16,,,0
103029,'1198723',2006,,12007,16,,,0
103029,'1198855',834,,12008,16,,,0
103029,'1198880',1520,,12009,16,,,0
103029,'1198882',637,,12010,16,,,0
103029,'1198911',2136,,12011,16,,,0
103029,'1198914',1650,,12012,16,,,0
103029,'1198921',843,,12013,16,,,0
103029,'1198928',749,,12014,16,,,0
103029,'1198990',919,,12015,16,,,0
103029,'1199021',1613,,12016,16,,,0
103029,'1199109',2306,,12017,16,,,0
103029,'1199145',2213,,12018,16,,,0
103029,'1199146',1143,,12019,16,,,0
103029,'1199172',2204,,12020,16,,,0
103029,'1199215',2334,,12021,16,,,0
103029,'1199475',1904,,12022,16,,,0
103029,'1199565',1013,,12023,16,,,0
103029,'1199579',1605,,12024,16,,,0
103029,'1199581',2034,,12025,16,,,0
103029,'1199593',1707,,12026,16,,,0
