102029,'1196895',1653,,11907,7,,,0
102029,'1196982',1340,,11908,7,,,0
102029,'1197029',2110,,11909,7,,,0
102029,'1197083',1523,,11910,7,,,0
102029,'1197178',1053,,11911,7,,,0
102029,'1197226',655,,11912,7,,,0
102029,'1197263',740,,11913,7,,,0
102029,'1197297',1439,,11914,7,,,0
102029,'1197309',1823,,11915,7,,,0
102029,'1197330',1725,,11916,7,,,0
102029,'1197420',1510,,11917,7,,,0
102029,'1197536',2253,,11918,7,,,0
102029,'1197603',1040,,11919,7,,,0
102029,'1197704',1009,,11920,7,,,0
102029,'1197770',2410,,11921,7,,,0
102029,'1197839',825,,11922,7,,,0
102029,'1198134',1309,,11923,7,,,0
102029,'1198173',923,,11924,7,,,0
102029,'1198220',1223,,11925,7,,,0
102029,'1198227',1739,,11926,7,,,0
102029,'1198249',1810,,11927,7,,,0
102029,'1198376',1555,,11928,7,,,0
102029,'1198502',1640,,11929,7,,,0
102029,'1198531',753,,11930,7,,,0
102029,'1198599',1609,,11931,7,,,0
102029,'1198638',2240,,11932,7,,,0
102029,'1198688',1139,,11933,7,,,0
102029,'1198705',2039,,11934,7,,,0
102029,'1198769',1953,,11935,7,,,0
102029,'1198816',2123,,11936,7,,,0
102029,'1198930',2209,,11937,7,,,0
102029,'1198996',610,,11938,7,,,0
102029,'1199090',839,,11939,7,,,0
102029,'1199168',910,,11940,7,,,0
102029,'1199202',1940,,11941,7,,,0
102029,'1199211',1909,,11942,7,,,0
102029,'1199244',955,,11943,7,,,0
102029,'1199434',1210,,11944,7,,,0
102029,'1199477',2339,,11945,7,,,0
102029,'1199479',1425,,11946,7,,,0
102029,'1199488',628,,11947,7,,,0
102029,'1199537',1353,,11948,7,,,0
102029,'1199651',709,,11949,7,,,0
