105029,'1196840',2315,,12163,48,,,0
105029,'1196987',1030,,12164,48,,,0
105029,'1196996',1702,,12165,48,,,0
105029,'1197020',1545,,12166,48,,,0
105029,'1197097',1802,,12167,48,,,0
105029,'1197137',2028,,12168,48,,,0
105029,'1197220',2015,,12169,48,,,0
105029,'1197228',1517,,12170,48,,,0
105029,'1197231',745,,12171,48,,,0
105029,'1197439',1145,,12172,48,,,0
105029,'1197501',1945,,12173,48,,,0
105029,'1197522',2145,,12174,48,,,0
105029,'1197561',1017,,12175,48,,,0
105029,'1197638',945,,12176,48,,,0
105029,'1197840',2115,,12177,48,,,0
105029,'1197853',2215,,12178,48,,,0
105029,'1197918',1845,,12179,48,,,0
105029,'1197968',2345,,12180,48,,,0
105029,'1198013',1345,,12181,48,,,0
105029,'1198037',1117,,12182,48,,,0
105029,'1198064',1830,,12183,48,,,0
105029,'1198187',1230,,12184,48,,,0
105029,'1198214',1745,,12185,48,,,0
105029,'1198417',1330,,12186,48,,,0
105029,'1198447',1732,,12187,48,,,0
105029,'1198529',1530,,12188,48,,,0
105029,'1198616',715,,12189,48,,,0
105029,'1198625',1632,,12190,48,,,0
105029,'1198711',1332,,12191,48,,,0
105029,'1198718',1547,,12192,48,,,0
105029,'1198725',1730,,12193,48,,,0
105029,'1198779',828,,12194,48,,,0
105029,'1198918',1430,,12195,48,,,0
105029,'1198922',2420,,12196,48,,,0
105029,'1198923',645,,12197,48,,,0
105029,'1199012',628,,12198,48,,,0
105029,'1199037',1417,,12199,48,,,0
105029,'1199107',1447,,12200,48,,,0
105029,'1199124',2428,,12201,48,,,0
105029,'1199144',1232,,12202,48,,,0
105029,'1199148',745,,12203,48,,,0
105029,'1199220',1130,,12204,48,,,0
105029,'1199470',2228,,12205,48,,,0
105029,'1199473',915,,12206,48,,,0
105029,'1199604',815,,12207,48,,,0
105029,'1199607',1630,,12208,48,,,0
