105019,'1196946',917,,12117,61,,,0
105019,'1197049',1826,,12118,61,,,0
105019,'1197077',604,,12119,61,,,0
105019,'1197115',1211,,12120,61,,,0
105019,'1197131',717,,12121,61,,,0
105019,'1197173',1219,,12122,61,,,0
105019,'1197181',1035,,12123,61,,,0
105019,'1197192',2204,,12124,61,,,0
105019,'1197197',1511,,12125,61,,,0
105019,'1197292',1319,,12126,61,,,0
105019,'1197296',1611,,12127,61,,,0
105019,'1197531',1419,,12128,61,,,0
105019,'1197548',1934,,12129,61,,,0
105019,'1197557',1619,,12130,61,,,0
105019,'1197588',835,,12131,61,,,0
105019,'1197596',2104,,12132,61,,,0
105019,'1197617',1519,,12133,61,,,0
105019,'1197633',1235,,12134,61,,,0
105019,'1197710',808,,12135,61,,,0
105019,'1197779',1756,,12136,61,,,0
105019,'1197825',1426,,12137,61,,,0
105019,'1197971',1111,,12138,61,,,0
105019,'1198112',634,,12139,61,,,0
105019,'1198338',1119,,12140,61,,,0
105019,'1198380',2235,,12141,61,,,0
105019,'1198385',1726,,12142,61,,,0
105019,'1198553',1326,,12143,61,,,0
105019,'1198560',2035,,12144,61,,,0
105019,'1198571',1635,,12145,61,,,0
105019,'1198621',738,,12146,61,,,0
105019,'1198667',1008,,12147,61,,,0
105019,'1198717',1541,,12148,61,,,0
105019,'1198741',908,,12149,61,,,0
105019,'1198746',1856,,12150,61,,,0
105019,'1198889',704,,12151,61,,,0
105019,'1199004',1435,,12152,61,,,0
105019,'1199054',1641,,12153,61,,,0
105019,'1199098',838,,12154,61,,,0
105019,'1199298',2404,,12155,61,,,0
105019,'1199347',2317,,12156,61,,,0
105019,'1199383',2304,,12157,61,,,0
105019,'1199400',1719,,12158,61,,,0
105019,'1199461',1835,,12159,61,,,0
105019,'1199511',1819,,12160,61,,,0
105019,'1199546',2117,,12161,61,,,0
105019,'1199574',1919,,12162,61,,,0
106029,'1196836',1614,,12215,12,,,0
106029,'1196851',1729,,12216,12,,,0
106029,'1197042',1012,,12217,12,,,0
106029,'1197408',1844,,12218,12,,,0
106029,'1198086',742,,12219,12,,,0
106029,'1198615',857,,12220,12,,,0
