2019,'1196937',926,,9945,15,,,0
2019,'1196952',1926,,9946,15,,,0
2019,'1196959',726,,9947,15,,,0
2019,'1196966',1011,,9948,15,,,0
2019,'1196990',926,,9949,15,,,0
2019,'1196992',1657,,9950,15,,,0
2019,'1196993',2056,,9951,15,,,0
2019,'1197022',1326,,9952,15,,,0
2019,'1197046',2356,,9953,15,,,0
2019,'1197068',1211,,9954,15,,,0
2019,'1197140',826,,9955,15,,,0
2019,'1197142',2226,,9956,15,,,0
2019,'1197156',656,,9957,15,,,0
2019,'1197159',1242,,9958,15,,,0
2019,'1197165',1311,,9959,15,,,0
2019,'1197200',2041,,9960,15,,,0
2019,'1197205',2326,,9961,15,,,0
2019,'1197230',1557,,9962,15,,,0
2019,'1197258',1527,,9963,15,,,0
2019,'1197273',1826,,9964,15,,,0
2019,'1197277',1011,,9965,15,,,0
2019,'1197304',2026,,9966,15,,,0
2019,'1197311',1757,,9967,15,,,0
2019,'1197384',841,,9968,15,,,0
2019,'1197388',1511,,9969,15,,,0
2019,'1197409',1357,,9970,15,,,0
2019,'1197517',1542,,9971,15,,,0
2019,'1197526',1141,,9972,15,,,0
2019,'1197532',1226,,9973,15,,,0
2019,'1197541',1811,,9974,15,,,0
2019,'1197604',1941,,9975,15,,,0
2019,'1197630',1227,,9976,15,,,0
2019,'1197631',1741,,9977,15,,,0
2019,'1197670',941,,9978,15,,,0
2019,'1197671',1342,,9979,15,,,0
2019,'1197694',1911,,9980,15,,,0
2019,'1197780',1026,,9981,15,,,0
2019,'1197798',1841,,9982,15,,,0
2019,'1197818',1426,,9983,15,,,0
2019,'1197842',1257,,9984,15,,,0
2019,'1197864',2126,,9985,15,,,0
2019,'1197879',1411,,9986,15,,,0
2019,'1197881',1026,,9987,15,,,0
2019,'1197904',856,,9988,15,,,0
2019,'1197931',1156,,9989,15,,,0
2019,'1197939',1512,,9990,15,,,0
2019,'1197952',2401,,9991,15,,,0
2019,'1197970',926,,9992,15,,,0
2019,'1197994',1126,,9993,15,,,0
2019,'1198000',711,,9994,15,,,0
2019,'1198018',726,,9995,15,,,0
2019,'1198034',811,,9996,15,,,0
2019,'1198058',1612,,9997,15,,,0
2019,'1198063',1642,,9998,15,,,0
2019,'1198138',1641,,9999,15,,,0
2019,'1198180',1041,,10000,15,,,0
2019,'1198182',1212,,10001,15,,,0
2019,'1198197',2226,,10002,15,,,0
2019,'1198230',2111,,10003,15,,,0
2019,'1198247',1457,,10004,15,,,0
2019,'1198270',1926,,10005,15,,,0
2019,'1198273',741,,10006,15,,,0
2019,'1198286',756,,10007,15,,,0
2019,'1198328',1727,,10008,15,,,0
2019,'1198379',1742,,10010,15,,,0
2019,'1198387',1541,,10011,15,,,0
2019,'1198392',1141,,10012,15,,,0
2019,'1198443',2011,,10013,15,,,0
2019,'1198453',2141,,10014,15,,,0
2019,'1198468',1241,,10015,15,,,0
2019,'1198483',1726,,10016,15,,,0
2019,'1198564',1111,,10017,15,,,0
2019,'1198584',2311,,10018,15,,,0
2019,'1198637',1627,,10019,15,,,0
2019,'1198722',1526,,10020,15,,,0
2019,'1198740',911,,10021,15,,,0
2019,'1198744',1841,,10022,15,,,0
2019,'1198846',841,,10023,15,,,0
2019,'1198873',641,,10024,15,,,0
2019,'1198904',1341,,10025,15,,,0
2019,'1198940',2211,,10026,15,,,0
2019,'1199047',1312,,10027,15,,,0
2019,'1199073',1711,,10028,15,,,0
2019,'1199085',2141,,10029,15,,,0
2019,'1199096',1441,,10030,15,,,0
2019,'1199176',1041,,10031,15,,,0
2019,'1199234',2011,,10032,15,,,0
2019,'1199238',711,,10033,15,,,0
2019,'1199242',1126,,10034,15,,,0
2019,'1199272',956,,10035,15,,,0
2019,'1199326',2311,,10036,15,,,0
2019,'1199327',1412,,10037,15,,,0
2019,'1199334',1626,,10038,15,,,0
2019,'1199352',1712,,10039,15,,,0
2019,'1199368',1442,,10040,15,,,0
2019,'1199372',1811,,10041,15,,,0
2019,'1199378',1427,,10042,15,,,0
2019,'1199438',1056,,10043,15,,,0
2019,'1199439',756,,10044,15,,,0
2019,'1199485',1327,,10045,15,,,0
2019,'1199505',826,,10046,15,,,0
2019,'1199525',2241,,10047,15,,,0
2019,'1199540',1111,,10048,15,,,0
2019,'1199630',2341,,10049,15,,,0
2019,'1199652',1611,,10050,15,,,0
103029,'1196853',1451,,11989,28,,,0
103029,'1196867',1321,,11990,28,,,0
103029,'1196892',1751,,11991,28,,,0
103029,'1196973',1743,,11992,28,,,0
103029,'1197031',1414,,11993,28,,,0
103029,'1197085',2051,,11994,28,,,0
103029,'1197108',1921,,11995,28,,,0
103029,'1197233',1011,,11996,28,,,0
103029,'1197315',1244,,11997,28,,,0
103029,'1197321',1114,,11998,28,,,0
103029,'1197346',1443,,11999,28,,,0
103029,'1197499',1843,,12000,28,,,0
103029,'1197743',813,,12001,28,,,0
103029,'1197784',944,,12002,28,,,0
103029,'1197852',1313,,12003,28,,,0
103029,'1198282',1143,,12004,28,,,0
103029,'1198444',1544,,12005,28,,,0
103029,'1198568',711,,12006,28,,,0
103029,'1198723',2013,,12007,28,,,0
103029,'1198855',841,,12008,28,,,0
103029,'1198880',1528,,12009,28,,,0
103029,'1198882',643,,12010,28,,,0
103029,'1198911',2143,,12011,28,,,0
103029,'1198914',1658,,12012,28,,,0
103029,'1198921',851,,12013,28,,,0
103029,'1198928',756,,12014,28,,,0
103029,'1198990',926,,12015,28,,,0
103029,'1199021',1621,,12016,28,,,0
103029,'1199109',2312,,12017,28,,,0
103029,'1199145',2221,,12018,28,,,0
103029,'1199146',1151,,12019,28,,,0
103029,'1199172',2211,,12020,28,,,0
103029,'1199215',2341,,12021,28,,,0
103029,'1199475',1911,,12022,28,,,0
103029,'1199565',1021,,12023,28,,,0
103029,'1199579',1613,,12024,28,,,0
103029,'1199581',2041,,12025,28,,,0
103029,'1199593',1714,,12026,28,,,0
