29029,'1196899',1239,,11779,9,,,0
29029,'1197015',1554,,11780,9,,,0
29029,'1197158',839,,11781,9,,,0
29029,'1197161',2039,,11782,9,,,0
29029,'1197340',954,,11783,9,,,0
29029,'1197455',1039,,11784,9,,,0
29029,'1197503',1339,,11785,9,,,0
29029,'1197514',1454,,11786,9,,,0
29029,'1197579',2239,,11787,9,,,0
29029,'1197580',2339,,11788,9,,,0
29029,'1197733',1054,,11789,9,,,0
29029,'1197827',1739,,11790,9,,,0
29029,'1198085',1639,,11791,9,,,0
29029,'1198192',1254,,11792,9,,,0
29029,'1198245',1154,,11793,9,,,0
29029,'1198309',939,,11794,9,,,0
29029,'1198331',2139,,11795,9,,,0
29029,'1198551',1839,,11796,9,,,0
29029,'1198575',1354,,11797,9,,,0
29029,'1198844',1539,,11798,9,,,0
29029,'1199028',739,,11799,9,,,0
29029,'1199153',1439,,11800,9,,,0
29029,'1199188',1139,,11801,9,,,0
29029,'1199343',1939,,11802,9,,,0
