12029,'1196881',1121,,10722,10,,,0
12029,'1196886',1651,,10723,10,,,0
12029,'1196921',822,,10724,10,,,0
12029,'1196925',1621,,10725,10,,,0
12029,'1197005',2356,,10726,10,,,0
12029,'1197009',2321,,10727,10,,,0
12029,'1197092',1751,,10728,10,,,0
12029,'1197112',851,,10729,10,,,0
12029,'1197136',2251,,10730,10,,,0
12029,'1197164',721,,10731,10,,,0
12029,'1197202',1521,,10732,10,,,0
12029,'1197246',1351,,10733,10,,,0
12029,'1197415',1051,,10734,10,,,0
12029,'1197416',1521,,10735,10,,,0
12029,'1197484',1922,,10736,10,,,0
12029,'1197496',2151,,10737,10,,,0
12029,'1197608',1151,,10738,10,,,0
12029,'1197678',1822,,10739,10,,,0
12029,'1197742',1321,,10740,10,,,0
12029,'1197777',2322,,10741,10,,,0
12029,'1197790',2221,,10742,10,,,0
12029,'1197947',1722,,10743,10,,,0
12029,'1198008',1351,,10744,10,,,0
12029,'1198017',1851,,10745,10,,,0
12029,'1198020',1721,,10746,10,,,0
12029,'1198024',921,,10747,10,,,0
12029,'1198092',1821,,10748,10,,,0
12029,'1198139',1551,,10749,10,,,0
12029,'1198185',1151,,10750,10,,,0
12029,'1198205',821,,10751,10,,,0
12029,'1198239',951,,10752,10,,,0
12029,'1198318',722,,10753,10,,,0
12029,'1198336',1121,,10754,10,,,0
12029,'1198360',1022,,10755,10,,,0
12029,'1198400',721,,10756,10,,,0
12029,'1198511',2222,,10757,10,,,0
12029,'1198528',1522,,10758,10,,,0
12029,'1198538',1421,,10759,10,,,0
12029,'1198556',2051,,10760,10,,,0
12029,'1198681',1921,,10761,10,,,0
12029,'1198731',2021,,10762,10,,,0
12029,'1198732',1321,,10763,10,,,0
12029,'1198745',2122,,10764,10,,,0
12029,'1198748',922,,10765,10,,,0
12029,'1198775',1021,,10766,10,,,0
12029,'1198818',1721,,10767,10,,,0
12029,'1198856',1122,,10768,10,,,0
12029,'1198877',1251,,10769,10,,,0
12029,'1198898',821,,10770,10,,,0
12029,'1198947',621,,10771,10,,,0
12029,'1198959',1221,,10772,10,,,0
12029,'1198976',1651,,10773,10,,,0
12029,'1199093',1451,,10774,10,,,0
12029,'1199207',1451,,10775,10,,,0
12029,'1199281',1322,,10776,10,,,0
12029,'1199325',1621,,10777,10,,,0
12029,'1199340',1051,,10778,10,,,0
12029,'1199357',1421,,10779,10,,,0
12029,'1199382',751,,10780,10,,,0
12029,'1199384',921,,10781,10,,,0
12029,'1199423',1951,,10782,10,,,0
12029,'1199437',1422,,10783,10,,,0
12029,'1199445',2022,,10784,10,,,0
12029,'1199457',1622,,10785,10,,,0
12029,'1199487',1021,,10786,10,,,0
12029,'1199500',651,,10787,10,,,0
12029,'1199501',1551,,10788,10,,,0
12029,'1199531',1221,,10789,10,,,0
12029,'1199556',2121,,10790,10,,,0
12029,'1199590',1251,,10791,10,,,0
12029,'1199639',1222,,10792,10,,,0
