103029,'1196853',1439,,11989,6,,,0
103029,'1196867',1309,,11990,6,,,0
103029,'1196892',1739,,11991,6,,,0
103029,'1196973',1730,,11992,6,,,0
103029,'1197031',1402,,11993,6,,,0
103029,'1197085',2039,,11994,6,,,0
103029,'1197108',1909,,11995,6,,,0
103029,'1197233',959,,11996,6,,,0
103029,'1197315',1232,,11997,6,,,0
103029,'1197321',1102,,11998,6,,,0
103029,'1197346',1430,,11999,6,,,0
103029,'1197499',1831,,12000,6,,,0
103029,'1197743',802,,12001,6,,,0
103029,'1197784',932,,12002,6,,,0
103029,'1197852',1300,,12003,6,,,0
103029,'1198282',1130,,12004,6,,,0
103029,'1198444',1532,,12005,6,,,0
103029,'1198568',659,,12006,6,,,0
103029,'1198723',2001,,12007,6,,,0
103029,'1198855',829,,12008,6,,,0
103029,'1198880',1515,,12009,6,,,0
103029,'1198882',632,,12010,6,,,0
103029,'1198911',2131,,12011,6,,,0
103029,'1198914',1645,,12012,6,,,0
103029,'1198921',839,,12013,6,,,0
103029,'1198928',744,,12014,6,,,0
103029,'1198990',914,,12015,6,,,0
103029,'1199021',1609,,12016,6,,,0
103029,'1199109',2301,,12017,6,,,0
103029,'1199145',2209,,12018,6,,,0
103029,'1199146',1139,,12019,6,,,0
103029,'1199172',2159,,12020,6,,,0
103029,'1199215',2329,,12021,6,,,0
103029,'1199475',1859,,12022,6,,,0
103029,'1199565',1009,,12023,6,,,0
103029,'1199579',1600,,12024,6,,,0
103029,'1199581',2029,,12025,6,,,0
103029,'1199593',1702,,12026,6,,,0
