103029,'1196853',1435,,11989,2,,,0
103029,'1196867',1305,,11990,2,,,0
103029,'1196892',1735,,11991,2,,,0
103029,'1196973',1726,,11992,2,,,0
103029,'1197031',1358,,11993,2,,,0
103029,'1197085',2035,,11994,2,,,0
103029,'1197108',1905,,11995,2,,,0
103029,'1197233',955,,11996,2,,,0
103029,'1197315',1228,,11997,2,,,0
103029,'1197321',1058,,11998,2,,,0
103029,'1197346',1426,,11999,2,,,0
103029,'1197499',1827,,12000,2,,,0
103029,'1197743',758,,12001,2,,,0
103029,'1197784',928,,12002,2,,,0
103029,'1197852',1256,,12003,2,,,0
103029,'1198282',1126,,12004,2,,,0
103029,'1198444',1528,,12005,2,,,0
103029,'1198568',655,,12006,2,,,0
103029,'1198723',1957,,12007,2,,,0
103029,'1198855',825,,12008,2,,,0
103029,'1198880',1511,,12009,2,,,0
103029,'1198882',628,,12010,2,,,0
103029,'1198911',2127,,12011,2,,,0
103029,'1198914',1641,,12012,2,,,0
103029,'1198921',835,,12013,2,,,0
103029,'1198928',740,,12014,2,,,0
103029,'1198990',910,,12015,2,,,0
103029,'1199021',1605,,12016,2,,,0
103029,'1199109',2257,,12017,2,,,0
103029,'1199145',2205,,12018,2,,,0
103029,'1199146',1135,,12019,2,,,0
103029,'1199172',2155,,12020,2,,,0
103029,'1199215',2325,,12021,2,,,0
103029,'1199475',1855,,12022,2,,,0
103029,'1199565',1005,,12023,2,,,0
103029,'1199579',1556,,12024,2,,,0
103029,'1199581',2025,,12025,2,,,0
103029,'1199593',1658,,12026,2,,,0
