20019,'1196861',1640,,11034,6,,,0
20019,'1196920',2210,,11035,6,,,0
20019,'1196950',740,,11036,6,,,0
20019,'1196955',640,,11037,6,,,0
20019,'1197117',2010,,11038,6,,,0
20019,'1197128',2110,,11039,6,,,0
20019,'1197129',1540,,11040,6,,,0
20019,'1197174',1510,,11041,6,,,0
20019,'1197187',1534,,11042,6,,,0
20019,'1197300',2234,,11043,6,,,0
20019,'1197337',1934,,11044,6,,,0
20019,'1197360',2134,,11045,6,,,0
20019,'1197373',1240,,11046,6,,,0
20019,'1197429',1734,,11047,6,,,0
20019,'1197469',934,,11048,6,,,0
20019,'1197560',1034,,11049,6,,,0
20019,'1197585',639,,11050,6,,,0
20019,'1197629',1410,,11051,6,,,0
20019,'1197637',2140,,11052,6,,,0
20019,'1197672',1334,,11053,6,,,0
20019,'1197681',1040,,11054,6,,,0
20019,'1197724',1434,,11055,6,,,0
20019,'1197914',1234,,11056,6,,,0
20019,'1197984',1740,,11057,6,,,0
20019,'1197986',1340,,11058,6,,,0
20019,'1198036',1810,,11059,6,,,0
20019,'1198083',2410,,11060,6,,,0
20019,'1198114',940,,11061,6,,,0
20019,'1198133',1110,,11062,6,,,0
20019,'1198141',2040,,11063,6,,,0
20019,'1198152',1310,,11064,6,,,0
20019,'1198178',740,,11065,6,,,0
20019,'1198183',2240,,11066,6,,,0
20019,'1198191',609,,11067,6,,,0
20019,'1198203',2334,,11068,6,,,0
20019,'1198236',734,,11069,6,,,0
20019,'1198244',1940,,11070,6,,,0
20019,'1198268',2034,,11071,6,,,0
20019,'1198364',2310,,11072,6,,,0
20019,'1198377',1610,,11073,6,,,0
20019,'1198420',1710,,11074,6,,,0
20019,'1198431',910,,11075,6,,,0
20019,'1198465',1840,,11076,6,,,0
20019,'1198477',1834,,11077,6,,,0
20019,'1198580',710,,11078,6,,,0
20019,'1198586',810,,11079,6,,,0
20019,'1198656',840,,11080,6,,,0
20019,'1198669',1010,,11081,6,,,0
20019,'1198702',1740,,11082,6,,,0
20019,'1198708',1440,,11083,6,,,0
20019,'1198826',1640,,11084,6,,,0
20019,'1198871',1134,,11085,6,,,0
20019,'1198943',1910,,11086,6,,,0
20019,'1199137',2339,,11087,6,,,0
20019,'1199386',834,,11088,6,,,0
20019,'1199428',1210,,11089,6,,,0
20019,'1199534',1634,,11090,6,,,0
20019,'1199553',1140,,11091,6,,,0
102019,'1197016',2154,,11865,6,,,0
102019,'1197206',1808,,11866,6,,,0
102019,'1197235',854,,11867,6,,,0
102019,'1197240',724,,11868,6,,,0
102019,'1197255',1324,,11869,6,,,0
102019,'1197609',908,,11870,6,,,0
102019,'1197643',1454,,11871,6,,,0
102019,'1197656',1854,,11872,6,,,0
102019,'1197775',1554,,11873,6,,,0
102019,'1197973',639,,11874,6,,,0
102019,'1197982',1754,,11875,6,,,0
102019,'1198067',654,,11876,6,,,0
102019,'1198088',2238,,11877,6,,,0
102019,'1198122',1924,,11878,6,,,0
102019,'1198163',1024,,11879,6,,,0
102019,'1198211',809,,11880,6,,,0
102019,'1198279',1124,,11881,6,,,0
102019,'1198403',1038,,11882,6,,,0
102019,'1198424',1424,,11883,6,,,0
102019,'1198486',954,,11884,6,,,0
102019,'1198508',1508,,11885,6,,,0
102019,'1198523',1254,,11886,6,,,0
102019,'1198532',1208,,11887,6,,,0
102019,'1198591',2224,,11888,6,,,0
102019,'1198661',1624,,11889,6,,,0
102019,'1198730',2054,,11890,6,,,0
102019,'1198749',2024,,11891,6,,,0
102019,'1198805',1938,,11892,6,,,0
102019,'1198848',1638,,11893,6,,,0
102019,'1198865',2324,,11894,6,,,0
102019,'1199016',2108,,11895,6,,,0
102019,'1199130',2354,,11896,6,,,0
102019,'1199199',939,,11897,6,,,0
102019,'1199205',1154,,11898,6,,,0
102019,'1199328',1338,,11899,6,,,0
102019,'1199348',1724,,11900,6,,,0
102019,'1199363',1709,,11901,6,,,0
102019,'1199433',1539,,11902,6,,,0
102019,'1199474',554,,11903,6,,,0
102019,'1199507',824,,11904,6,,,0
102019,'1199572',1409,,11905,6,,,0
102019,'1199618',738,,11906,6,,,0
