13019,'1196852',1347,,10793,47,,,0
13019,'1196856',1745,,10794,47,,,0
13019,'1196922',644,,10795,21,,,0
13019,'1196999',946,,10796,47,,,0
13019,'1197035',645,,10797,47,,,0
13019,'1197132',1517,,10798,47,,,0
13019,'1197251',1617,,10799,47,,,0
13019,'1197279',745,,10800,47,,,0
13019,'1197353',2315,,10801,47,,,0
13019,'1197357',1845,,10802,47,,,0
13019,'1197451',2245,,10803,47,,,0
13019,'1197487',846,,10804,47,,,0
13019,'1197555',1647,,10805,47,,,0
13019,'1197570',945,,10806,47,,,0
13019,'1197575',1645,,10807,47,,,0
13019,'1197641',2045,,10808,47,,,0
13019,'1197645',1717,,10809,47,,,0
13019,'1197648',715,,10810,47,,,0
13019,'1197690',1645,,10811,47,,,0
13019,'1197692',1747,,10812,47,,,0
13019,'1197730',1447,,10813,47,,,0
13019,'1197762',2420,,10814,47,,,0
13019,'1197803',745,,10815,47,,,0
13019,'1197834',1245,,10816,47,,,0
13019,'1197854',2045,,10817,47,,,0
13019,'1197962',1345,,10818,47,,,0
13019,'1197975',1048,,10819,47,,,0
13019,'1198041',1145,,10820,47,,,0
13019,'1198094',1815,,10821,47,,,0
13019,'1198160',845,,10822,47,,,0
13019,'1198201',1245,,10823,47,,,0
13019,'1198243',1845,,10824,47,,,0
13019,'1198290',2215,,10825,47,,,0
13019,'1198352',745,,10826,47,,,0
13019,'1198355',1915,,10827,47,,,0
13019,'1198382',815,,10828,47,,,0
13019,'1198402',2245,,10829,47,,,0
13019,'1198552',2145,,10830,47,,,0
13019,'1198554',1945,,10831,47,,,0
13019,'1198602',1145,,10832,47,,,0
13019,'1198611',2015,,10833,47,,,0
13019,'1198630',1547,,10834,47,,,0
13019,'1198675',1247,,10835,47,,,0
13019,'1198690',615,,10836,21,,,0
13019,'1198716',1045,,10837,47,,,0
13019,'1198729',1015,,10838,47,,,0
13019,'1198761',1345,,10839,47,,,0
13019,'1198778',945,,10840,47,,,0
13019,'1198837',2345,,10841,47,,,0
13019,'1198874',1147,,10842,47,,,0
13019,'1198888',916,,10843,47,,,0
13019,'1199044',845,,10844,47,,,0
13019,'1199123',1045,,10845,47,,,0
13019,'1199151',1445,,10846,47,,,0
13019,'1199233',1445,,10847,47,,,0
13019,'1199276',1545,,10848,47,,,0
13019,'1199284',2115,,10849,47,,,0
13019,'1199418',1945,,10850,47,,,0
13019,'1199448',1745,,10851,47,,,0
13019,'1199536',2145,,10852,47,,,0
13019,'1199588',2345,,10853,47,,,0
13019,'1199631',1545,,10854,47,,,0
