23029,'1196989',1518,,11178,3,,,0
23029,'1197720',917,,11179,3,,,0
23029,'1197799',947,,11180,3,,,0
23029,'1197902',1319,,11181,3,,,0
23029,'1198145',1718,,11182,3,,,0
23029,'1198600',1118,,11183,3,,,0
23029,'1199027',1349,,11184,3,,,0
23029,'1199095',1549,,11185,3,,,0
23029,'1199388',1149,,11186,3,,,0
103019,'1196838',2021,,11950,8,,,0
103019,'1196888',940,,11951,8,,,0
103019,'1196969',1641,,11952,8,,,0
103019,'1196981',1211,,11953,8,,,0
103019,'1197294',2110,,11954,8,,,0
103019,'1197441',1040,,11955,8,,,0
103019,'1197545',1711,,11956,8,,,0
103019,'1197721',1341,,11957,8,,,0
103019,'1197732',855,,11958,8,,,0
103019,'1197772',1456,,11959,8,,,0
103019,'1197847',1541,,11960,8,,,0
103019,'1197900',2310,,11961,8,,,0
103019,'1197976',2140,,11962,8,,,0
103019,'1198084',740,,11963,8,,,0
103019,'1198108',1421,,11964,8,,,0
103019,'1198169',725,,11965,8,,,0
103019,'1198206',910,,11966,8,,,0
103019,'1198228',1111,,11967,8,,,0
103019,'1198242',1851,,11968,8,,,0
103019,'1198304',1411,,11969,8,,,0
103019,'1198348',2151,,11970,8,,,0
103019,'1198369',2240,,11971,8,,,0
103019,'1198383',1241,,11972,8,,,0
103019,'1198393',640,,11973,8,,,0
103019,'1198760',810,,11975,8,,,0
103019,'1198790',2321,,11976,8,,,0
103019,'1198820',1251,,11977,8,,,0
103019,'1198832',1721,,11978,8,,,0
103019,'1198901',2010,,11979,8,,,0
103019,'1198908',951,,11980,8,,,0
103019,'1198992',1551,,11981,8,,,0
103019,'1199041',1121,,11982,8,,,0
103019,'1199057',1511,,11983,8,,,0
103019,'1199120',1840,,11984,8,,,0
103019,'1199157',1810,,11985,8,,,0
103019,'1199198',821,,11986,8,,,0
103019,'1199232',1626,,11987,8,,,0
103019,'1199535',1940,,11988,8,,,0
