11019,'1196979',1321,,10448,8,,,0
11019,'1197040',1650,,10449,8,,,0
11019,'1197065',1506,,10450,8,,,0
11019,'1197103',1905,,10451,8,,,0
11019,'1197109',1320,,10452,8,,,0
11019,'1197110',720,,10453,8,,,0
11019,'1197145',2020,,10454,8,,,0
11019,'1197180',1221,,10455,8,,,0
11019,'1197201',935,,10456,8,,,0
11019,'1197211',720,,10457,8,0,5 6,0
11019,'1197221',1621,,10458,8,,,0
11019,'1197227',1206,,10459,8,,,0
11019,'1197254',1536,,10460,8,,,0
11019,'1197259',2320,,10461,8,,,0
11019,'1197278',2335,,10462,8,,,0
11019,'1197283',905,,10463,8,,,0
11019,'1197316',2020,,10464,8,0,5 6,0
11019,'1197320',1820,,10465,8,,,0
11019,'1197325',2235,,10466,8,,,0
11019,'1197329',1020,,10467,8,,,0
11019,'1197333',950,,10468,8,,,0
11019,'1197344',1935,,10469,8,,,0
11019,'1197354',1105,,10470,8,,,0
11019,'1197406',2220,,10471,8,0,5 6,0
11019,'1197447',2005,,10472,8,,,0
11019,'1197477',2105,,10473,8,,,0
11019,'1197495',1520,,10474,8,,,0
11019,'1197504',2035,,10475,8,,,0
11019,'1197634',820,,10476,8,,,0
11019,'1197652',1135,,10477,8,,,0
11019,'1197663',1306,,10478,8,,,0
11019,'1197722',1706,,10479,8,,,0
11019,'1197727',1805,,10480,8,,,0
11019,'1197728',1620,,10481,8,0,5 6,0
11019,'1197785',920,,10482,8,,,0
11019,'1197855',1835,,10483,8,,,0
11019,'1197865',1636,,10484,8,,,0
11019,'1197880',1450,,10485,8,,,0
11019,'1197889',705,,10486,8,,,0
11019,'1197896',920,,10487,8,,,0
11019,'1197926',1220,,10488,8,0,5 6,0
11019,'1197981',1250,,10489,8,,,0
11019,'1198019',1251,,10490,8,,,0
11019,'1198026',1406,,10491,8,,,0
11019,'1198029',1820,,10492,8,0,5 6,0
11019,'1198038',1720,,10493,8,,,0
11019,'1198149',1120,,10494,8,,,0
11019,'1198166',1520,,10495,8,0,5 6,0
11019,'1198188',1420,,10496,8,0,5 6,0
11019,'1198219',1451,,10497,8,,,0
11019,'1198297',1236,,10498,8,,,0
11019,'1198308',1320,,10499,8,0,5 6,0
11019,'1198327',1721,,10500,8,,,0
11019,'1198365',1020,,10501,8,0,5 6,0
11019,'1198374',720,,10502,8,,,0
11019,'1198401',1920,,10503,8,0,5 6,0
11019,'1198413',2205,,10504,8,,,0
11019,'1198423',1150,,10505,8,,,0
11019,'1198472',835,,10506,8,,,0
11019,'1198605',1120,,10507,8,0,5 6,0
11019,'1198624',1150,,10508,8,,,0
11019,'1198627',2135,,10509,8,,,0
11019,'1198668',850,,10510,8,,,0
11019,'1198671',1421,,10511,8,,,0
11019,'1198695',1606,,10512,8,,,0
11019,'1198698',820,,10513,8,0,5 6,0
11019,'1198701',805,,10514,8,,,0
11019,'1198713',620,,10515,8,,,0
11019,'1198737',1620,,10516,8,,,0
11019,'1198753',2355,,10517,8,,,0
11019,'1198806',1551,,10518,8,,,0
11019,'1198894',735,,10519,8,,,0
11019,'1198896',1351,,10520,8,,,0
11019,'1198957',1651,,10521,8,,,0
11019,'1198963',1220,,10522,8,,,0
11019,'1199015',2320,,10523,8,0,5 6,0
11019,'1199020',1005,,10524,8,,,0
11019,'1199072',1436,,10525,8,,,0
11019,'1199077',750,,10526,8,,,0
11019,'1199162',1521,,10527,8,,,0
11019,'1199164',635,,10528,8,,,0
11019,'1199175',1350,,10529,8,,,0
11019,'1199179',2220,,10530,8,,,0
11019,'1199209',1336,,10531,8,,,0
11019,'1199218',2305,,10532,8,,,0
11019,'1199260',1720,,10533,8,0,5 6,0
11019,'1199285',650,,10534,8,,,0
11019,'1199336',1420,,10535,8,,,0
11019,'1199342',1920,,10536,8,,,0
11019,'1199350',920,,10537,8,0,5 6,0
11019,'1199361',1120,,10538,8,,,0
11019,'1199369',1035,,10539,8,,,0
11019,'1199392',1736,,10540,8,,,0
11019,'1199420',820,,10541,8,,,0
11019,'1199430',2120,,10542,8,,,0
11019,'1199452',1550,,10543,8,,,0
11019,'1199483',1751,,10544,8,,,0
11019,'1199518',1050,,10545,8,,,0
11019,'1199575',2120,,10546,8,0,5 6,0
11019,'1199637',1020,,10547,8,,,0
