105019,'1196946',915,,12117,58,,,0
105019,'1197049',1825,,12118,58,,,0
105019,'1197077',603,,12119,58,,,0
105019,'1197115',1210,,12120,58,,,0
105019,'1197131',715,,12121,58,,,0
105019,'1197173',1217,,12122,58,,,0
105019,'1197181',1033,,12123,58,,,0
105019,'1197192',2202,,12124,58,,,0
105019,'1197197',1510,,12125,58,,,0
105019,'1197292',1317,,12126,58,,,0
105019,'1197296',1610,,12127,58,,,0
105019,'1197531',1417,,12128,58,,,0
105019,'1197548',1932,,12129,58,,,0
105019,'1197557',1617,,12130,58,,,0
105019,'1197588',833,,12131,58,,,0
105019,'1197596',2102,,12132,58,,,0
105019,'1197617',1517,,12133,58,,,0
105019,'1197633',1233,,12134,58,,,0
105019,'1197710',807,,12135,58,,,0
105019,'1197779',1755,,12136,58,,,0
105019,'1197825',1425,,12137,58,,,0
105019,'1197971',1110,,12138,58,,,0
105019,'1198112',633,,12139,58,,,0
105019,'1198338',1117,,12140,58,,,0
105019,'1198380',2233,,12141,58,,,0
105019,'1198385',1725,,12142,58,,,0
105019,'1198553',1325,,12143,58,,,0
105019,'1198560',2033,,12144,58,,,0
105019,'1198571',1633,,12145,58,,,0
105019,'1198621',737,,12146,58,,,0
105019,'1198667',1007,,12147,58,,,0
105019,'1198717',1540,,12148,58,,,0
105019,'1198741',907,,12149,58,,,0
105019,'1198746',1855,,12150,58,,,0
105019,'1198889',703,,12151,58,,,0
105019,'1199004',1433,,12152,58,,,0
105019,'1199054',1640,,12153,58,,,0
105019,'1199098',837,,12154,58,,,0
105019,'1199298',2402,,12155,58,,,0
105019,'1199347',2315,,12156,58,,,0
105019,'1199383',2302,,12157,58,,,0
105019,'1199400',1717,,12158,58,,,0
105019,'1199461',1833,,12159,58,,,0
105019,'1199511',1817,,12160,58,,,0
105019,'1199546',2115,,12161,58,,,0
105019,'1199574',1917,,12162,58,,,0
106029,'1196836',1613,,12215,9,,,0
106029,'1196851',1728,,12216,9,,,0
106029,'1197042',1011,,12217,9,,,0
106029,'1197408',1843,,12218,9,,,0
106029,'1198086',741,,12219,9,,,0
106029,'1198615',856,,12220,9,,,0
