26029,'1196873',1757,,11480,4,,,0
26029,'1196910',2257,,11481,4,,,0
26029,'1196913',1113,,11482,4,,,0
26029,'1196977',1613,,11483,4,,,0
26029,'1196980',1013,,11484,4,,,0
26029,'1197179',2013,,11485,4,,,0
26029,'1197404',1243,,11486,4,,,0
26029,'1197498',1913,,11487,4,,,0
26029,'1197625',913,,11488,4,,,0
26029,'1197661',1013,,11489,4,,,0
26029,'1197679',1857,,11490,4,,,0
26029,'1197751',2212,,11491,4,,,0
26029,'1197754',612,,11492,4,,,0
26029,'1197782',1513,,11493,4,,,0
26029,'1197814',2213,,11494,4,,,0
26029,'1197860',812,,11495,4,,,0
26029,'1197884',757,,11496,4,,,0
26029,'1197936',1313,,11497,4,,,0
26029,'1197940',1213,,11498,4,,,0
26029,'1197960',1143,,11499,4,,,0
26029,'1197999',2113,,11500,4,,,0
26029,'1198011',1557,,11501,4,,,0
26029,'1198044',1357,,11502,4,,,0
26029,'1198105',2113,,11503,4,,,0
26029,'1198189',1813,,11504,4,,,0
26029,'1198210',1043,,11505,4,,,0
26029,'1198276',1614,,11506,4,,,0
26029,'1198303',1157,,11507,4,,,0
26029,'1198354',2013,,11508,4,,,0
26029,'1198406',613,,11509,4,,,0
26029,'1198482',1057,,11510,4,,,0
26029,'1198544',1657,,11511,4,,,0
26029,'1198822',2312,,11512,4,,,0
26029,'1198850',1813,,11513,4,,,0
26029,'1198867',1457,,11514,4,,,0
26029,'1198935',712,,11515,4,,,0
26029,'1198937',1957,,11516,4,,,0
26029,'1199008',713,,11517,4,,,0
26029,'1199034',1913,,11518,4,,,0
26029,'1199114',2313,,11519,4,,,0
26029,'1199122',1713,,11520,4,,,0
26029,'1199135',1513,,11521,4,,,0
26029,'1199139',957,,11522,4,,,0
26029,'1199216',2157,,11523,4,,,0
26029,'1199265',1257,,11524,4,,,0
26029,'1199273',857,,11525,4,,,0
26029,'1199292',1713,,11526,4,,,0
26029,'1199311',1443,,11527,4,,,0
26029,'1199314',1343,,11528,4,,,0
26029,'1199512',2057,,11529,4,,,0
26029,'1199532',912,,11530,4,,,0
26029,'1199605',1413,,11531,4,,,0
26029,'1199628',813,,11532,4,,,0
