10029,'1196869',1021,,10389,14,,,0
10029,'1196944',1851,,10390,14,,,0
10029,'1196948',1521,,10391,14,,,0
10029,'1197007',651,,10392,14,,,0
10029,'1197053',1321,,10393,14,,,0
10029,'1197093',1121,,10394,14,,,0
10029,'1197160',1722,,10395,14,,,0
10029,'1197269',1821,,10396,14,,,0
10029,'1197314',2151,,10397,14,,,0
10029,'1197362',2022,,10398,14,,,0
10029,'1197385',822,,10399,14,,,0
10029,'1197414',1421,,10400,14,,,0
10029,'1197492',1651,,10401,14,,,0
10029,'1197523',2222,,10402,14,,,0
10029,'1197565',621,,10403,14,,,0
10029,'1197669',821,,10404,14,,,0
10029,'1197675',2121,,10405,14,,,0
10029,'1197822',1721,,10406,14,,,0
10029,'1197831',1721,,10407,14,,,0
10029,'1197885',2021,,10408,14,,,0
10029,'1197887',1551,,10409,14,,,0
10029,'1197892',1221,,10410,14,,,0
10029,'1197908',2221,,10411,14,,,0
10029,'1197916',2251,,10412,14,,,0
10029,'1197980',2356,,10413,14,,,0
10029,'1198080',1621,,10414,14,,,0
10029,'1198150',1621,,10415,14,,,0
10029,'1198170',1122,,10416,14,,,0
10029,'1198181',1751,,10417,14,,,0
10029,'1198232',1522,,10418,14,,,0
10029,'1198314',1921,,10419,14,,,0
10029,'1198351',1221,,10420,14,,,0
10029,'1198466',2051,,10421,14,,,0
10029,'1198481',1422,,10422,14,,,0
10029,'1198536',1222,,10423,14,,,0
10029,'1198550',1622,,10424,14,,,0
10029,'1198565',2321,,10425,14,,,0
10029,'1198676',721,,10426,14,,,0
10029,'1198703',722,,10427,14,,,0
10029,'1198735',1022,,10428,14,,,0
10029,'1198754',1322,,10429,14,,,0
10029,'1198767',1121,,10430,14,,,0
10029,'1198887',851,,10431,14,,,0
10029,'1198905',1421,,10432,14,,,0
10029,'1198933',821,,10433,14,,,0
10029,'1199013',721,,10434,14,,,0
10029,'1199068',1021,,10435,14,,,0
10029,'1199078',1822,,10436,14,,,0
10029,'1199088',1951,,10437,14,,,0
10029,'1199134',1321,,10438,14,,,0
10029,'1199161',2322,,10439,14,,,0
10029,'1199245',1922,,10440,14,,,0
10029,'1199274',922,,10441,14,,,0
10029,'1199375',1451,,10442,14,,,0
10029,'1199396',751,,10443,14,,,0
10029,'1199411',2122,,10444,14,,,0
10029,'1199422',921,,10445,14,,,0
10029,'1199613',921,,10446,14,,,0
10029,'1199633',1521,,10447,14,,,0
