105029,'1196840',2327,,12163,70,,,0
105029,'1196987',1042,,12164,70,,,0
105029,'1196996',1715,,12165,70,,,0
105029,'1197020',1558,,12166,70,,,0
105029,'1197097',1815,,12167,70,,,0
105029,'1197137',2040,,12168,70,,,0
105029,'1197220',2027,,12169,70,,,0
105029,'1197228',1530,,12170,70,,,0
105029,'1197231',757,,12171,70,,,0
105029,'1197439',1158,,12172,70,,,0
105029,'1197501',1958,,12173,70,,,0
105029,'1197522',2158,,12174,70,,,0
105029,'1197561',1030,,12175,70,,,0
105029,'1197638',958,,12176,70,,,0
105029,'1197840',2127,,12177,70,,,0
105029,'1197853',2227,,12178,70,,,0
105029,'1197918',1857,,12179,70,,,0
105029,'1197968',2358,,12180,70,,,0
105029,'1198013',1358,,12181,70,,,0
105029,'1198037',1130,,12182,70,,,0
105029,'1198064',1842,,12183,70,,,0
105029,'1198187',1242,,12184,70,,,0
105029,'1198214',1758,,12185,70,,,0
105029,'1198417',1342,,12186,70,,,0
105029,'1198447',1745,,12187,70,,,0
105029,'1198529',1542,,12188,70,,,0
105029,'1198616',727,,12189,70,,,0
105029,'1198625',1645,,12190,70,,,0
105029,'1198711',1345,,12191,70,,,0
105029,'1198718',1600,,12192,70,,,0
105029,'1198725',1742,,12193,70,,,0
105029,'1198779',840,,12194,70,,,0
105029,'1198918',1442,,12195,70,,,0
105029,'1198922',2432,,12196,70,,,0
105029,'1198923',657,,12197,70,,,0
105029,'1199012',640,,12198,70,,,0
105029,'1199037',1430,,12199,70,,,0
105029,'1199107',1500,,12200,70,,,0
105029,'1199124',2440,,12201,70,,,0
105029,'1199144',1245,,12202,70,,,0
105029,'1199148',758,,12203,70,,,0
105029,'1199220',1142,,12204,70,,,0
105029,'1199470',2240,,12205,70,,,0
105029,'1199473',927,,12206,70,,,0
105029,'1199604',827,,12207,70,,,0
105029,'1199607',1642,,12208,70,,,0
