105019,'1196946',924,,12117,76,,,0
105019,'1197049',1835,,12118,76,,,0
105019,'1197077',613,,12119,76,,,0
105019,'1197115',1220,,12120,76,,,0
105019,'1197131',724,,12121,76,,,0
105019,'1197173',1226,,12122,76,,,0
105019,'1197181',1043,,12123,76,,,0
105019,'1197192',2211,,12124,76,,,0
105019,'1197197',1520,,12125,76,,,0
105019,'1197292',1326,,12126,76,,,0
105019,'1197296',1620,,12127,76,,,0
105019,'1197531',1426,,12128,76,,,0
105019,'1197548',1941,,12129,76,,,0
105019,'1197557',1626,,12130,76,,,0
105019,'1197588',843,,12131,76,,,0
105019,'1197596',2111,,12132,76,,,0
105019,'1197617',1526,,12133,76,,,0
105019,'1197633',1243,,12134,76,,,0
105019,'1197710',817,,12135,76,,,0
105019,'1197779',1805,,12136,76,,,0
105019,'1197825',1435,,12137,76,,,0
105019,'1197971',1120,,12138,76,,,0
105019,'1198112',643,,12139,76,,,0
105019,'1198338',1126,,12140,76,,,0
105019,'1198380',2243,,12141,76,,,0
105019,'1198385',1735,,12142,76,,,0
105019,'1198553',1335,,12143,76,,,0
105019,'1198560',2043,,12144,76,,,0
105019,'1198571',1643,,12145,76,,,0
105019,'1198621',747,,12146,76,,,0
105019,'1198667',1017,,12147,76,,,0
105019,'1198717',1550,,12148,76,,,0
105019,'1198741',917,,12149,76,,,0
105019,'1198746',1905,,12150,76,,,0
105019,'1198889',713,,12151,76,,,0
105019,'1199004',1443,,12152,76,,,0
105019,'1199054',1650,,12153,76,,,0
105019,'1199098',847,,12154,76,,,0
105019,'1199298',2411,,12155,76,,,0
105019,'1199347',2324,,12156,76,,,0
105019,'1199383',2311,,12157,76,,,0
105019,'1199400',1726,,12158,76,,,0
105019,'1199461',1843,,12159,76,,,0
105019,'1199511',1826,,12160,76,,,0
105019,'1199546',2124,,12161,76,,,0
105019,'1199574',1926,,12162,76,,,0
