14029,'1196849',1720,,10975,9,,,0
14029,'1196912',750,,10976,9,,,0
14029,'1197024',1520,,10977,9,,,0
14029,'1197041',2320,,10978,9,,,0
14029,'1197050',1620,,10979,9,,,0
14029,'1197119',1720,,10980,9,,,0
14029,'1197130',2220,,10981,9,,,0
14029,'1197219',1520,,10982,9,,,0
14029,'1197237',1320,,10983,9,,,0
14029,'1197250',620,,10984,9,,,0
14029,'1197265',1750,,10985,9,,,0
14029,'1197310',2220,,10986,9,,,0
14029,'1197323',1320,,10987,9,,,0
14029,'1197440',2120,,10988,9,,,0
14029,'1197456',1520,,10989,9,,,0
14029,'1197472',1120,,10990,9,,,0
14029,'1197493',1850,,10991,9,,,0
14029,'1197512',1620,,10992,9,,,0
14029,'1197515',1420,,10993,9,,,0
14029,'1197597',720,,10994,9,,,0
14029,'1197605',2250,,10995,9,,,0
14029,'1197639',1220,,10996,9,,,0
14029,'1197699',1950,,10997,9,,,0
14029,'1197717',1720,,10998,9,,,0
14029,'1197738',1020,,10999,9,,,0
14029,'1197809',1620,,11000,9,,,0
14029,'1197863',2355,,11001,9,,,0
14029,'1197882',1420,,11002,9,,,0
14029,'1197961',1220,,11003,9,,,0
14029,'1198040',1020,,11004,9,,,0
14029,'1198078',1120,,11005,9,,,0
14029,'1198100',850,,11006,9,,,0
14029,'1198198',2150,,11007,9,,,0
14029,'1198204',2050,,11008,9,,,0
14029,'1198269',650,,11009,9,,,0
14029,'1198326',920,,11010,9,,,0
14029,'1198404',720,,11011,9,,,0
14029,'1198426',2120,,11012,9,,,0
14029,'1198570',820,,11013,9,,,0
14029,'1198612',2320,,11014,9,,,0
14029,'1198728',820,,11015,9,,,0
14029,'1198772',1820,,11016,9,,,0
14029,'1198830',920,,11017,9,,,0
14029,'1198941',1120,,11018,9,,,0
14029,'1198956',1420,,11019,9,,,0
14029,'1199040',2020,,11020,9,,,0
14029,'1199065',1220,,11021,9,,,0
14029,'1199076',1820,,11022,9,,,0
14029,'1199083',1650,,11023,9,,,0
14029,'1199184',920,,11024,9,,,0
14029,'1199200',820,,11025,9,,,0
14029,'1199222',1550,,11026,9,,,0
14029,'1199266',1320,,11027,9,,,0
14029,'1199447',1920,,11028,9,,,0
14029,'1199472',2020,,11029,9,,,0
14029,'1199520',1020,,11030,9,,,0
14029,'1199554',720,,11031,9,,,0
14029,'1199573',1920,,11032,9,,,0
14029,'1199643',1450,,11033,9,,,0
