105029,'1196840',2256,,12163,14,,,0
105029,'1196987',1011,,12164,14,,,0
105029,'1196996',1642,,12165,14,,,0
105029,'1197020',1525,,12166,14,,,0
105029,'1197097',1742,,12167,14,,,0
105029,'1197137',2010,,12168,14,,,0
105029,'1197220',1956,,12169,14,,,0
105029,'1197228',1457,,12170,14,,,0
105029,'1197231',726,,12171,14,,,0
105029,'1197439',1125,,12172,14,,,0
105029,'1197501',1925,,12173,14,,,0
105029,'1197522',2125,,12174,14,,,0
105029,'1197561',957,,12175,14,,,0
105029,'1197638',925,,12176,14,,,0
105029,'1197840',2056,,12177,14,,,0
105029,'1197853',2156,,12178,14,,,0
105029,'1197918',1826,,12179,14,,,0
105029,'1197968',2325,,12180,14,,,0
105029,'1198013',1325,,12181,14,,,0
105029,'1198037',1057,,12182,14,,,0
105029,'1198064',1811,,12183,14,,,0
105029,'1198187',1211,,12184,14,,,0
105029,'1198214',1725,,12185,14,,,0
105029,'1198417',1311,,12186,14,,,0
105029,'1198447',1712,,12187,14,,,0
105029,'1198529',1511,,12188,14,,,0
105029,'1198616',656,,12189,14,,,0
105029,'1198625',1612,,12190,14,,,0
105029,'1198711',1312,,12191,14,,,0
105029,'1198718',1527,,12192,14,,,0
105029,'1198725',1711,,12193,14,,,0
105029,'1198779',810,,12194,14,,,0
105029,'1198918',1411,,12195,14,,,0
105029,'1198922',2401,,12196,14,,,0
105029,'1198923',626,,12197,14,,,0
105029,'1199012',610,,12198,14,,,0
105029,'1199037',1357,,12199,14,,,0
105029,'1199107',1427,,12200,14,,,0
105029,'1199124',2410,,12201,14,,,0
105029,'1199144',1212,,12202,14,,,0
105029,'1199148',725,,12203,14,,,0
105029,'1199220',1111,,12204,14,,,0
105029,'1199470',2210,,12205,14,,,0
105029,'1199473',856,,12206,14,,,0
105029,'1199604',756,,12207,14,,,0
105029,'1199607',1611,,12208,14,,,0
106019,'1196832',941,,12209,14,,,0
106019,'1196841',711,,12210,14,,,0
106019,'1197348',826,,12211,14,,,0
106019,'1197389',1812,,12212,14,,,0
106019,'1197951',1542,,12213,14,,,0
106019,'1198120',1657,,12214,14,,,0
