11019,'1196876',1507,,10548,29,,,0
11019,'1196884',1306,,10549,33,,,0
11019,'1196914',1149,,10550,33,,,0
11019,'1196958',808,,10551,33,,,0
11019,'1197000',1307,,10552,29,,,0
11019,'1197070',1907,,10553,29,,,0
11019,'1197071',1848,,10554,33,,,0
11019,'1197114',934,,10555,33,,,0
11019,'1197185',2307,,10556,29,,,0
11019,'1197191',1506,,10557,33,,,0
11019,'1197229',1421,,10558,33,,,0
11019,'1197234',1720,,10559,33,,,0
11019,'1197264',1751,,10560,33,,,0
11019,'1197274',949,,10561,33,,,0
11019,'1197327',1350,,10562,33,,,0
11019,'1197343',749,,10563,33,,,0
11019,'1197351',1607,,10564,29,,,0
11019,'1197398',1836,,10565,33,,,0
11019,'1197412',2318,,10566,33,,,0
11019,'1197422',1651,,10567,33,,,0
11019,'1197446',2407,,10568,29,,,0
11019,'1197463',719,,10569,33,,,0
11019,'1197502',634,,10570,33,,,0
11019,'1197519',804,,10571,33,,,0
11019,'1197564',2308,,10572,33,,,0
11019,'1197573',1407,,10573,29,,,0
11019,'1197695',1119,,10574,33,,,0
11019,'1197696',819,,10575,33,,,0
11019,'1197753',907,,10576,29,,,0
11019,'1197763',1536,,10577,33,,,0
11019,'1197795',2048,,10578,33,,,0
11019,'1197832',1636,,10579,33,,,0
11019,'1197875',2435,,10580,33,,,0
11019,'1197917',2408,,10581,33,,,0
11019,'1197925',1134,,10582,33,,,0
11019,'1197934',1550,,10583,33,,,0
11019,'1197978',1918,,10584,33,,,0
11019,'1197990',1450,,10585,33,,,0
11019,'1198012',904,,10586,33,,,0
11019,'1198053',1008,,10587,33,,,0
11019,'1198076',2018,,10588,33,,,0
11019,'1198113',2118,,10589,33,,,0
11019,'1198146',2248,,10590,33,,,0
11019,'1198266',2008,,10591,33,,,0
11019,'1198296',1707,,10592,29,,,0
11019,'1198337',919,,10593,33,,,0
11019,'1198341',1208,,10594,33,,,0
11019,'1198362',2207,,10595,29,,,0
11019,'1198405',1908,,10596,33,,,0
11019,'1198419',1521,,10597,33,,,0
11019,'1198470',1321,,10598,33,,,0
11019,'1198493',1821,,10599,33,,,0
11019,'1198506',1108,,10600,33,,,0
11019,'1198543',1034,,10601,33,,,0
11019,'1198548',1621,,10602,33,,,0
11019,'1198573',1204,,10603,33,,,0
11019,'1198590',2007,,10604,29,,,0
11019,'1198610',1606,,10605,33,,,0
11019,'1198623',708,,10606,33,,,0
11019,'1198660',1320,,10607,33,,,0
11019,'1198662',1807,,10608,29,,,0
11019,'1198696',1451,,10609,33,,,0
11019,'1198771',1520,,10610,33,,,0
11019,'1198808',1004,,10611,33,,,0
11019,'1198843',2107,,10612,29,,,0
11019,'1198927',1104,,10613,33,,,0
11019,'1198951',1736,,10614,33,,,0
11019,'1198978',1948,,10615,33,,,0
11019,'1199022',1248,,10616,33,,,0
11019,'1199024',2208,,10617,33,,,0
11019,'1199026',2218,,10618,33,,,0
11019,'1199059',1620,,10619,33,,,0
11019,'1199060',1406,,10620,33,,,0
11019,'1199064',1820,,10621,33,,,0
11019,'1199091',807,,10622,29,,,0
11019,'1199100',2148,,10623,33,,,0
11019,'1199118',1721,,10624,33,,,0
11019,'1199132',704,,10625,33,,,0
11019,'1199143',1750,,10626,33,,,0
11019,'1199154',1436,,10627,33,,,0
11019,'1199177',1706,,10628,33,,,0
11019,'1199180',2108,,10629,33,,,0
11019,'1199214',734,,10630,33,,,0
11019,'1199225',1551,,10631,33,,,0
11019,'1199227',1207,,10632,29,,,0
11019,'1199229',1420,,10633,33,,,0
11019,'1199253',1007,,10634,29,,,0
11019,'1199301',2345,,10635,33,,,0
11019,'1199306',1107,,10636,29,,,0
11019,'1199370',1806,,10637,33,,,0
11019,'1199376',849,,10638,33,,,0
11019,'1199394',908,,10639,33,,,0
11019,'1199403',834,,10640,33,,,0
11019,'1199410',1219,,10641,33,,,0
11019,'1199462',2415,,10642,33,,,0
11019,'1199476',1019,,10643,33,,,0
11019,'1199496',1336,,10644,33,,,0
11019,'1199508',1234,,10645,33,,,0
11019,'1199591',1650,,10646,33,,,0
11019,'1199603',1251,,10647,33,,,0
11019,'1199619',1049,,10648,33,,,0
11019,'1199623',1351,,10649,33,,,0
