11019,'1196876',1445,,10548,1,,,0
11019,'1197000',1245,,10552,1,,,0
11019,'1197070',1845,,10553,1,,,0
11019,'1197185',2245,,10556,1,,,0
11019,'1197351',1545,,10564,1,,,0
11019,'1197446',2345,,10568,1,,,0
11019,'1197573',1345,,10573,1,,,0
11019,'1197753',845,,10576,1,,,0
11019,'1198296',1645,,10592,1,,,0
11019,'1198362',2145,,10595,1,,,0
11019,'1198590',1945,,10604,1,,,0
11019,'1198662',1745,,10608,1,,,0
11019,'1198843',2045,,10612,1,,,0
11019,'1199091',745,,10622,1,,,0
11019,'1199227',1145,,10632,1,,,0
11019,'1199253',945,,10634,1,,,0
11019,'1199306',1045,,10636,1,,,0
11029,'1199780',1240,,12775,32,4,,0
11029,'1199783',2240,,12778,32,4,,0
11029,'1199808',1040,,12795,32,4,,0
11029,'1199813',2340,,12800,32,4,,0
11029,'1199839',740,,12817,32,4,,0
11029,'1199844',2040,,12819,32,4,,0
11029,'1199847',940,,12821,32,4,,0
11029,'1199849',2140,,12823,32,4,,0
11029,'1199850',1540,,12824,32,4,,0
11029,'1199855',1640,,12828,32,4,,0
11029,'1199870',1340,,12839,32,4,,0
11029,'1199877',1740,,12845,32,4,,0
11029,'1199883',1140,,12849,32,4,,0
11029,'1199884',1940,,12850,32,4,,0
11029,'1199892',1840,,12855,32,4,,0
11029,'1199919',840,,12869,32,4,,0
11029,'1199920',1440,,12870,32,4,,0
20019,'1196861',1635,,11034,1,,,0
20019,'1196920',2205,,11035,1,,,0
20019,'1196950',735,,11036,1,,,0
20019,'1196955',635,,11037,1,,,0
20019,'1197117',2005,,11038,1,,,0
20019,'1197128',2105,,11039,1,,,0
20019,'1197129',1535,,11040,1,,,0
20019,'1197174',1505,,11041,1,,,0
20019,'1197187',1530,,11042,1,,,0
20019,'1197300',2230,,11043,1,,,0
20019,'1197337',1930,,11044,1,,,0
20019,'1197360',2130,,11045,1,,,0
20019,'1197373',1235,,11046,1,,,0
20019,'1197429',1730,,11047,1,,,0
20019,'1197469',930,,11048,1,,,0
20019,'1197560',1030,,11049,1,,,0
20019,'1197585',635,,11050,1,,,0
20019,'1197629',1405,,11051,1,,,0
20019,'1197637',2135,,11052,1,,,0
20019,'1197672',1330,,11053,1,,,0
20019,'1197681',1035,,11054,1,,,0
20019,'1197724',1430,,11055,1,,,0
20019,'1197914',1230,,11056,1,,,0
20019,'1197984',1735,,11057,1,,,0
20019,'1197986',1335,,11058,1,,,0
20019,'1198036',1805,,11059,1,,,0
20019,'1198083',2405,,11060,1,,,0
20019,'1198114',935,,11061,1,,,0
20019,'1198133',1105,,11062,1,,,0
20019,'1198141',2035,,11063,1,,,0
20019,'1198152',1305,,11064,1,,,0
20019,'1198178',735,,11065,1,,,0
20019,'1198183',2235,,11066,1,,,0
20019,'1198191',605,,11067,1,,,0
20019,'1198203',2330,,11068,1,,,0
20019,'1198236',730,,11069,1,,,0
20019,'1198244',1935,,11070,1,,,0
20019,'1198268',2030,,11071,1,,,0
20019,'1198364',2305,,11072,1,,,0
20019,'1198377',1605,,11073,1,,,0
20019,'1198420',1705,,11074,1,,,0
20019,'1198431',905,,11075,1,,,0
20019,'1198465',1835,,11076,1,,,0
20019,'1198477',1830,,11077,1,,,0
20019,'1198580',705,,11078,1,,,0
20019,'1198586',805,,11079,1,,,0
20019,'1198656',835,,11080,1,,,0
20019,'1198669',1005,,11081,1,,,0
20019,'1198702',1735,,11082,1,,,0
20019,'1198708',1435,,11083,1,,,0
20019,'1198826',1635,,11084,1,,,0
20019,'1198871',1130,,11085,1,,,0
20019,'1198943',1905,,11086,1,,,0
20019,'1199137',2335,,11087,1,,,0
20019,'1199386',830,,11088,1,,,0
20019,'1199428',1205,,11089,1,,,0
20019,'1199534',1630,,11090,1,,,0
20019,'1199553',1135,,11091,1,,,0
20029,'1196868',1655,,11092,13,4,,0
20029,'1196909',1333,,11093,13,4,,0
20029,'1196951',1300,,11094,13,4,,0
20029,'1196962',2200,,11095,13,4,,0
20029,'1196978',1233,,11096,13,4,,0
20029,'1197172',630,,11097,13,4,,0
20029,'1197213',955,,11098,13,4,,0
20029,'1197307',1500,,11099,13,4,,0
20029,'1197312',1755,,11100,13,4,,0
20029,'1197355',659,,11101,13,4,,0
20029,'1197361',855,,11102,13,4,,0
20029,'1197366',755,,11103,13,4,,0
20029,'1197368',1802,,11104,13,4,,0
20029,'1197403',1633,,11105,13,4,,0
20029,'1197421',1433,,11106,13,4,,0
20029,'1197464',731,,11107,13,4,,0
20029,'1197479',1132,,11108,13,4,,0
20029,'1197554',2100,,11109,13,4,,0
20029,'1197566',1055,,11110,13,4,,0
20029,'1197569',1155,,11111,13,4,,0
20029,'1197577',1555,,11112,13,4,,0
20029,'1197610',859,,11113,13,4,,0
20029,'1197632',2055,,11114,13,4,,0
20029,'1197792',2355,,11115,13,4,,0
20029,'1198090',2255,,11116,13,4,,0
20029,'1198196',2131,,11117,13,4,,0
20029,'1198208',1901,,11118,13,4,,0
20029,'1198218',759,,11119,13,4,,0
20029,'1198241',1534,,11120,13,4,,0
20029,'1198256',1955,,11121,13,4,,0
20029,'1198342',1455,,11122,13,4,,0
20029,'1198375',832,,11123,13,4,,0
20029,'1198439',1732,,11124,13,4,,0
20029,'1198464',2300,,11125,13,4,,0
20029,'1198524',2032,,11126,13,4,,0
20029,'1198526',1932,,11127,13,4,,0
20029,'1198650',1800,,11128,13,4,,0
20029,'1198663',1600,,11129,13,4,,0
20029,'1198795',2231,,11130,13,4,,0
20029,'1198866',1200,,11131,13,4,,0
20029,'1198883',1355,,11132,13,4,,0
20029,'1198891',1703,,11133,13,4,,0
20029,'1198917',700,,11134,13,4,,0
20029,'1198942',2155,,11135,13,4,,0
20029,'1199003',1000,,11136,13,4,,0
20029,'1199050',1400,,11137,13,4,,0
20029,'1199089',2001,,11138,13,4,,0
20029,'1199092',932,,11139,13,4,,0
20029,'1199111',1032,,11140,13,4,,0
20029,'1199119',1700,,11141,13,4,,0
20029,'1199171',2359,,11142,13,4,,0
20029,'1199252',1832,,11143,13,4,,0
20029,'1199308',801,,11144,13,4,,0
20029,'1199404',1100,,11145,13,4,,0
20029,'1199499',2331,,11146,13,4,,0
20029,'1199544',1255,,11147,13,4,,0
20029,'1199641',1855,,11148,13,4,,0
22019,'1197225',1805,,11149,1,,,0
22019,'1197486',1005,,11150,1,,,0
22019,'1197592',805,,11151,1,,,0
22019,'1198193',1405,,11152,1,,,0
22019,'1198485',1435,,11153,1,,,0
22019,'1198782',835,,11154,1,,,0
22019,'1198892',1605,,11155,1,,,0
22019,'1199196',1205,,11156,1,,,0
22019,'1199264',1235,,11157,1,,,0
22019,'1199413',1035,,11158,1,,,0
22029,'1196872',1457,,11159,10,4,,0
22029,'1197509',1056,,11160,10,4,,0
22029,'1197841',1257,,11161,10,4,,0
22029,'1198320',1426,,11162,10,4,,0
22029,'1198325',1826,,11163,10,4,,0
22029,'1198632',1026,,11164,10,4,,0
22029,'1198895',1626,,11165,10,4,,0
22029,'1199147',856,,11166,10,4,,0
22029,'1199241',1226,,11167,10,4,,0
22029,'1199309',825,,11168,10,4,,0
23019,'1196858',935,,11169,1,,,0
23019,'1197650',905,,11170,1,,,0
23019,'1197677',1505,,11171,1,,,0
23019,'1198140',1705,,11172,1,,,0
23019,'1198693',1105,,11173,1,,,0
23019,'1198972',1335,,11174,1,,,0
23019,'1199104',1535,,11175,1,,,0
23019,'1199267',1305,,11176,1,,,0
23019,'1199355',1135,,11177,1,,,0
23029,'1196989',1530,,11178,19,4,,0
23029,'1197720',929,,11179,19,4,,0
23029,'1197799',959,,11180,19,4,,0
23029,'1197902',1331,,11181,19,4,,0
23029,'1198145',1730,,11182,19,4,,0
23029,'1198600',1130,,11183,19,4,,0
23029,'1199027',1401,,11184,19,4,,0
23029,'1199095',1602,,11185,19,4,,0
23029,'1199388',1201,,11186,19,4,,0
102029,'1196895',1709,,11907,26,4,,0
102029,'1196982',1356,,11908,26,4,,0
102029,'1197029',2126,,11909,26,4,,0
102029,'1197083',1539,,11910,26,4,,0
102029,'1197178',1109,,11911,26,4,,0
102029,'1197226',711,,11912,26,4,,0
102029,'1197263',756,,11913,26,4,,0
102029,'1197297',1455,,11914,26,4,,0
102029,'1197309',1839,,11915,26,4,,0
102029,'1197330',1741,,11916,26,4,,0
102029,'1197420',1526,,11917,26,4,,0
102029,'1197536',2309,,11918,26,4,,0
102029,'1197603',1056,,11919,26,4,,0
102029,'1197704',1025,,11920,26,4,,0
102029,'1197770',2426,,11921,26,4,,0
102029,'1197839',841,,11922,26,4,,0
102029,'1198134',1325,,11923,26,4,,0
102029,'1198173',939,,11924,26,4,,0
102029,'1198220',1239,,11925,26,4,,0
102029,'1198227',1755,,11926,26,4,,0
102029,'1198249',1826,,11927,26,4,,0
102029,'1198376',1611,,11928,26,4,,0
102029,'1198502',1656,,11929,26,4,,0
102029,'1198531',809,,11930,26,4,,0
102029,'1198599',1625,,11931,26,4,,0
102029,'1198638',2256,,11932,26,4,,0
102029,'1198688',1155,,11933,26,4,,0
102029,'1198705',2055,,11934,26,4,,0
102029,'1198769',2009,,11935,26,4,,0
102029,'1198816',2139,,11936,26,4,,0
102029,'1198930',2225,,11937,26,4,,0
102029,'1198996',626,,11938,26,4,,0
102029,'1199090',855,,11939,26,4,,0
102029,'1199168',926,,11940,26,4,,0
102029,'1199202',1956,,11941,26,4,,0
102029,'1199211',1925,,11942,26,4,,0
102029,'1199244',1011,,11943,26,4,,0
102029,'1199434',1226,,11944,26,4,,0
102029,'1199477',2355,,11945,26,4,,0
102029,'1199479',1441,,11946,26,4,,0
102029,'1199537',1409,,11948,26,4,,0
102029,'1199651',725,,11949,26,4,,0
103019,'1196838',2015,,11950,1,,,0
103019,'1196888',935,,11951,1,,,0
103019,'1196969',1635,,11952,1,,,0
103019,'1196981',1205,,11953,1,,,0
103019,'1197294',2105,,11954,1,,,0
103019,'1197441',1035,,11955,1,,,0
103019,'1197545',1705,,11956,1,,,0
103019,'1197721',1335,,11957,1,,,0
103019,'1197732',850,,11958,1,,,0
103019,'1197772',1450,,11959,1,,,0
103019,'1197847',1535,,11960,1,,,0
103019,'1197900',2305,,11961,1,,,0
103019,'1197976',2135,,11962,1,,,0
103019,'1198084',735,,11963,1,,,0
103019,'1198108',1415,,11964,1,,,0
103019,'1198169',720,,11965,1,,,0
103019,'1198206',905,,11966,1,,,0
103019,'1198228',1105,,11967,1,,,0
103019,'1198242',1845,,11968,1,,,0
103019,'1198304',1405,,11969,1,,,0
103019,'1198348',2145,,11970,1,,,0
103019,'1198369',2235,,11971,1,,,0
103019,'1198383',1235,,11972,1,,,0
103019,'1198393',635,,11973,1,,,0
103019,'1198760',805,,11975,1,,,0
103019,'1198790',2315,,11976,1,,,0
103019,'1198820',1245,,11977,1,,,0
103019,'1198832',1715,,11978,1,,,0
103019,'1198901',2005,,11979,1,,,0
103019,'1198908',945,,11980,1,,,0
103019,'1198992',1545,,11981,1,,,0
103019,'1199041',1115,,11982,1,,,0
103019,'1199057',1505,,11983,1,,,0
103019,'1199120',1835,,11984,1,,,0
103019,'1199157',1805,,11985,1,,,0
103019,'1199198',815,,11986,1,,,0
103019,'1199232',1620,,11987,1,,,0
103019,'1199535',1935,,11988,1,,,0
140001019,'1196866',805,,12221,1,,,0
140001019,'1196880',2205,,12222,1,,,0
140001019,'1196896',1020,,12223,1,,,0
140001019,'1196898',2135,,12224,1,,,0
140001019,'1196900',1920,,12225,1,,,0
140001019,'1196905',1855,,12226,1,,,0
140001019,'1196939',2305,,12227,1,,,0
140001019,'1196943',1320,,12228,1,,,0
140001019,'1196945',2330,,12229,1,,,0
140001019,'1196967',635,,12230,1,,,0
140001019,'1197008',1355,,12231,1,,,0
140001019,'1197072',1409,,12232,1,,,0
140001019,'1197075',1535,,12233,1,,,0
140001019,'1197086',1835,,12234,1,,,0
140001019,'1197088',2035,,12235,1,,,0
140001019,'1197102',650,,12236,1,,,0
140001019,'1197146',1550,,12237,1,,,0
140001019,'1197212',1305,,12238,1,,,0
140001019,'1197216',920,,12239,1,,,0
140001019,'1197238',1150,,12240,1,,,0
140001019,'1197266',1450,,12241,1,,,0
140001019,'1197267',1620,,12242,1,,,0
140001019,'1197281',1624,,12243,1,,,0
140001019,'1197287',935,,12244,1,,,0
140001019,'1197324',1554,,12245,1,,,0
140001019,'1197328',1005,,12246,1,,,0
140001019,'1197350',1035,,12247,1,,,0
140001019,'1197407',1405,,12248,1,,,0
140001019,'1197438',1720,,12249,1,,,0
140001019,'1197459',950,,12250,1,,,0
140001019,'1197465',1120,,12251,1,,,0
140001019,'1197470',1735,,12252,1,,,0
140001019,'1197474',1005,,12253,1,,,0
140001019,'1197516',1424,,12254,1,,,0
140001019,'1197563',1820,,12255,1,,,0
140001019,'1197567',1935,,12256,1,,,0
140001019,'1197593',1220,,12257,1,,,0
140001019,'1197607',1639,,12258,1,,,0
140001019,'1197613',1739,,12259,1,,,0
140001019,'1197621',1751,,12260,1,,,0
140001019,'1197622',2020,,12261,1,,,0
140001019,'1197646',1205,,12262,1,,,0
140001019,'1197676',1135,,12263,1,,,0
140001019,'1197685',1020,,12264,1,,,0
140001019,'1197688',1305,,12265,1,,,0
140001019,'1197689',1420,,12266,1,,,0
140001019,'1197693',1724,,12267,1,,,0
140001019,'1197729',1950,,12268,1,,,0
140001019,'1197734',1555,,12269,1,,,0
140001019,'1197741',1320,,12270,1,,,0
140001019,'1197745',1205,,12271,1,,,0
140001019,'1197767',1105,,12272,1,,,0
140001019,'1197797',2005,,12273,1,,,0
140001019,'1197802',850,,12274,1,,,0
140001019,'1197830',905,,12275,1,,,0
140001019,'1197894',1805,,12276,1,,,0
140001019,'1197944',1055,,12277,1,,,0
140001019,'1197964',1250,,12278,1,,,0
140001019,'1197966',1035,,12279,1,,,0
140001019,'1197987',1609,,12280,1,,,0
140001019,'1197988',735,,12281,1,,,0
140001019,'1198009',2050,,12282,1,,,0
140001019,'1198027',2255,,12283,1,,,0
140001019,'1198035',820,,12284,1,,,0
140001019,'1198147',2055,,12285,1,,,0
140001019,'1198155',1150,,12286,1,,,0
140001019,'1198177',2035,,12287,1,,,0
140001019,'1198195',1250,,12288,1,,,0
140001019,'1198235',1650,,12289,1,,,0
140001019,'1198264',1255,,12290,1,,,0
140001019,'1198294',1350,,12291,1,,,0
140001019,'1198302',2005,,12292,1,,,0
140001019,'1198324',1750,,12293,1,,,0
140001019,'1198349',720,,12294,1,,,0
140001019,'1198356',1705,,12295,1,,,0
140001019,'1198378',705,,12296,1,,,0
140001019,'1198384',1120,,12297,1,,,0
140001019,'1198418',1905,,12298,1,,,0
140001019,'1198429',1850,,12299,1,,,0
140001019,'1198452',1755,,12300,1,,,0
140001019,'1198461',835,,12301,1,,,0
140001019,'1198463',1820,,12302,1,,,0
140001019,'1198487',1835,,12303,1,,,0
140001019,'1198515',1220,,12304,1,,,0
140001019,'1198535',1654,,12305,1,,,0
140001019,'1198541',1050,,12306,1,,,0
140001019,'1198549',635,,12307,1,,,0
140001019,'1198579',1635,,12308,1,,,0
140001019,'1198595',2105,,12309,1,,,0
140001019,'1198601',1605,,12310,1,,,0
140001019,'1198665',2305,,12311,1,,,0
140001019,'1198666',755,,12312,1,,,0
140001019,'1198714',1439,,12313,1,,,0
140001019,'1198763',2405,,12314,1,,,0
140001019,'1198766',955,,12315,1,,,0
140001019,'1198781',1805,,12316,1,,,0
140001019,'1198791',1505,,12317,1,,,0
140001019,'1198797',805,,12318,1,,,0
140001019,'1198813',1455,,12319,1,,,0
140001019,'1198814',2355,,12320,1,,,0
140001019,'1198835',1335,,12321,1,,,0
140001019,'1198872',835,,12322,1,,,0
140001019,'1198878',1235,,12323,1,,,0
140001019,'1198900',1454,,12324,1,,,0
140001019,'1198920',2105,,12325,1,,,0
140001019,'1198925',1105,,12326,1,,,0
140001019,'1198926',905,,12327,1,,,0
140001019,'1198932',950,,12328,1,,,0
140001019,'1198964',1709,,12329,1,,,0
140001019,'1198965',1350,,12330,1,,,0
140001019,'1198980',1524,,12331,1,,,0
140001019,'1199018',2405,,12332,1,,,0
140001019,'1199069',2155,,12333,1,,,0
140001019,'1199136',1235,,12334,1,,,0
140001019,'1199170',735,,12335,1,,,0
140001019,'1199213',2335,,12336,1,,,0
140001019,'1199235',855,,12337,1,,,0
140001019,'1199268',750,,12338,1,,,0
140001019,'1199282',1050,,12339,1,,,0
140001019,'1199297',1509,,12340,1,,,0
140001019,'1199319',935,,12341,1,,,0
140001019,'1199330',1850,,12342,1,,,0
140001019,'1199354',1935,,12343,1,,,0
140001019,'1199367',2135,,12344,1,,,0
140001019,'1199377',1155,,12345,1,,,0
140001019,'1199402',1655,,12346,1,,,0
140001019,'1199414',1435,,12347,1,,,0
140001019,'1199449',1135,,12348,1,,,0
140001019,'1199458',1335,,12349,1,,,0
140001019,'1199468',2235,,12350,1,,,0
140001019,'1199492',1539,,12351,1,,,0
140001019,'1199516',2205,,12352,1,,,0
140001019,'1199563',2235,,12353,1,,,0
140001019,'1199606',1520,,12354,1,,,0
140001019,'1199624',1905,,12355,1,,,0
140001019,'1199632',705,,12356,1,,,0
140001019,'1199638',1955,,12357,1,,,0
140001029,'1196879',630,,12358,24,4,,0
140001029,'1196954',1001,,12359,24,4,,0
140001029,'1196975',1033,,12360,24,4,,0
140001029,'1196976',2330,,12361,24,4,,0
140001029,'1197010',1348,,12362,24,4,,0
140001029,'1197038',1118,,12363,24,4,,0
140001029,'1197058',1845,,12364,24,4,,0
140001029,'1197078',1130,,12365,24,4,,0
140001029,'1197099',2300,,12366,24,4,,0
140001029,'1197105',2330,,12367,24,4,,0
140001029,'1197113',900,,12368,24,4,,0
140001029,'1197141',1449,,12369,24,4,,0
140001029,'1197155',1746,,12370,24,4,,0
140001029,'1197162',945,,12371,24,4,,0
140001029,'1197190',1604,,12372,24,4,,0
140001029,'1197195',1704,,12373,24,4,,0
140001029,'1197198',1404,,12374,24,4,,0
140001029,'1197204',931,,12375,24,4,,0
140001029,'1197222',1233,,12376,24,4,,0
140001029,'1197249',1231,,12377,24,4,,0
140001029,'1197271',1947,,12378,24,4,,0
140001029,'1197276',1101,,12379,24,4,,0
140001029,'1197293',1519,,12380,24,4,,0
140001029,'1197305',1531,,12381,24,4,,0
140001029,'1197370',1218,,12382,24,4,,0
140001029,'1197377',2230,,12383,24,4,,0
140001029,'1197379',800,,12384,24,4,,0
140001029,'1197386',1830,,12385,24,4,,0
140001029,'1197424',2100,,12386,24,4,,0
140001029,'1197426',1016,,12387,24,4,,0
140001029,'1197432',1000,,12388,24,4,,0
140001029,'1197460',2230,,12389,24,4,,0
140001029,'1197482',631,,12390,24,4,,0
140001029,'1197494',2405,,12391,24,4,,0
140001029,'1197497',1701,,12392,24,4,,0
140001029,'1197568',1330,,12393,24,4,,0
140001029,'1197611',2300,,12394,24,4,,0
140001029,'1197612',1549,,12395,24,4,,0
140001029,'1197619',1830,,12396,24,4,,0
140001029,'1197627',845,,12397,24,4,,0
140001029,'1197635',2230,,12398,24,4,,0
140001029,'1197649',1333,,12399,24,4,,0
140001029,'1197658',1930,,12400,24,4,,0
140001029,'1197662',1103,,12401,24,4,,0
140001029,'1197723',930,,12402,24,4,,0
140001029,'1197758',1248,,12403,24,4,,0
140001029,'1197776',2032,,12404,24,4,,0
140001029,'1197849',2200,,12405,24,4,,0
140001029,'1197888',2000,,12406,24,4,,0
140001029,'1197928',1431,,12407,24,4,,0
140001029,'1197938',1419,,12408,24,4,,0
140001029,'1197948',1504,,12409,24,4,,0
140001029,'1197957',1616,,12410,24,4,,0
140001029,'1197967',1719,,12411,24,4,,0
140001029,'1197972',1601,,12412,24,4,,0
140001029,'1197983',730,,12413,24,4,,0
140001029,'1198007',2130,,12414,24,4,,0
140001029,'1198048',745,,12415,24,4,,0
140001029,'1198049',715,,12416,24,4,,0
140001029,'1198081',1301,,12417,24,4,,0
140001029,'1198099',946,,12418,24,4,,0
140001029,'1198101',1133,,12419,24,4,,0
140001029,'1198102',831,,12420,24,4,,0
140001029,'1198131',2030,,12421,24,4,,0
140001029,'1198132',1030,,12422,24,4,,0
140001029,'1198186',1801,,12423,24,4,,0
140001029,'1198207',700,,12424,24,4,,0
140001029,'1198209',915,,12425,24,4,,0
140001029,'1198299',1201,,12426,24,4,,0
140001029,'1198347',645,,12427,24,4,,0
140001029,'1198350',1917,,12428,24,4,,0
140001029,'1198371',1434,,12429,24,4,,0
140001029,'1198391',2047,,12430,24,4,,0
140001029,'1198425',2030,,12431,24,4,,0
140001029,'1198451',2400,,12432,24,4,,0
140001029,'1198469',1631,,12433,24,4,,0
140001029,'1198505',1430,,12434,24,4,,0
140001029,'1198517',1203,,12435,24,4,,0
140001029,'1198540',730,,12436,24,4,,0
140001029,'1198546',1031,,12437,24,4,,0
140001029,'1198572',1546,,12438,24,4,,0
140001029,'1198636',815,,12439,24,4,,0
140001029,'1198643',1230,,12440,24,4,,0
140001029,'1198645',1730,,12441,24,4,,0
140001029,'1198655',801,,12442,24,4,,0
140001029,'1198697',901,,12443,24,4,,0
140001029,'1198757',1630,,12444,24,4,,0
140001029,'1198770',2002,,12445,24,4,,0
140001029,'1198787',1619,,12446,24,4,,0
140001029,'1198789',1932,,12447,24,4,,0
140001029,'1198794',1048,,12448,24,4,,0
140001029,'1198796',2200,,12449,24,4,,0
140001029,'1198802',1116,,12450,24,4,,0
140001029,'1198817',1516,,12451,24,4,,0
140001029,'1198824',1148,,12452,24,4,,0
140001029,'1198860',1815,,12453,24,4,,0
140001029,'1198934',1716,,12454,24,4,,0
140001029,'1198970',1749,,12455,24,4,,0
140001029,'1198973',930,,12456,24,4,,0
140001029,'1198981',1832,,12457,24,4,,0
140001029,'1198986',2330,,12458,24,4,,0
140001029,'1198999',1346,,12459,24,4,,0
140001029,'1199001',731,,12460,24,4,,0
140001029,'1199006',830,,12461,24,4,,0
140001029,'1199010',1802,,12462,24,4,,0
140001029,'1199031',1216,,12463,24,4,,0
140001029,'1199086',1018,,12464,24,4,,0
140001029,'1199101',701,,12465,24,4,,0
140001029,'1199110',1146,,12466,24,4,,0
140001029,'1199113',1646,,12467,24,4,,0
140001029,'1199128',1046,,12468,24,4,,0
140001029,'1199156',1930,,12469,24,4,,0
140001029,'1199174',1318,,12470,24,4,,0
140001029,'1199189',830,,12471,24,4,,0
140001029,'1199191',1817,,12472,24,4,,0
140001029,'1199203',2102,,12473,24,4,,0
140001029,'1199247',1649,,12474,24,4,,0
140001029,'1199259',1847,,12475,24,4,,0
140001029,'1199261',1416,,12476,24,4,,0
140001029,'1199275',1534,,12477,24,4,,0
140001029,'1199283',1331,,12478,24,4,,0
140001029,'1199312',1246,,12479,24,4,,0
140001029,'1199341',2017,,12480,24,4,,0
140001029,'1199351',1316,,12481,24,4,,0
140001029,'1199395',1734,,12482,24,4,,0
140001029,'1199415',1900,,12483,24,4,,0
140001029,'1199446',1902,,12484,24,4,,0
140001029,'1199456',1530,,12485,24,4,,0
140001029,'1199465',1731,,12486,24,4,,0
140001029,'1199469',2130,,12487,24,4,,0
140001029,'1199481',1634,,12488,24,4,,0
140001029,'1199494',1501,,12489,24,4,,0
140001029,'1199502',1401,,12490,24,4,,0
140001029,'1199522',1446,,12491,24,4,,0
140001029,'1199528',2130,,12492,24,4,,0
140001029,'1199569',1131,,12493,24,4,,0
140001029,'1199608',1303,,12494,24,4,,0
