105029,'1196840',2305,,12163,25,,,0
105029,'1196987',1020,,12164,25,,,0
105029,'1196996',1651,,12165,25,,,0
105029,'1197020',1536,,12166,25,,,0
105029,'1197097',1751,,12167,25,,,0
105029,'1197137',2018,,12168,25,,,0
105029,'1197220',2005,,12169,25,,,0
105029,'1197228',1506,,12170,25,,,0
105029,'1197231',735,,12171,25,,,0
105029,'1197439',1136,,12172,25,,,0
105029,'1197501',1936,,12173,25,,,0
105029,'1197522',2136,,12174,25,,,0
105029,'1197561',1006,,12175,25,,,0
105029,'1197638',936,,12176,25,,,0
105029,'1197840',2105,,12177,25,,,0
105029,'1197853',2205,,12178,25,,,0
105029,'1197918',1835,,12179,25,,,0
105029,'1197968',2336,,12180,25,,,0
105029,'1198013',1336,,12181,25,,,0
105029,'1198037',1106,,12182,25,,,0
105029,'1198064',1820,,12183,25,,,0
105029,'1198187',1220,,12184,25,,,0
105029,'1198214',1736,,12185,25,,,0
105029,'1198417',1320,,12186,25,,,0
105029,'1198447',1721,,12187,25,,,0
105029,'1198529',1520,,12188,25,,,0
105029,'1198616',705,,12189,25,,,0
105029,'1198625',1621,,12190,25,,,0
105029,'1198711',1321,,12191,25,,,0
105029,'1198718',1536,,12192,25,,,0
105029,'1198725',1720,,12193,25,,,0
105029,'1198779',818,,12194,25,,,0
105029,'1198918',1420,,12195,25,,,0
105029,'1198922',2410,,12196,25,,,0
105029,'1198923',635,,12197,25,,,0
105029,'1199012',618,,12198,25,,,0
105029,'1199037',1406,,12199,25,,,0
105029,'1199107',1436,,12200,25,,,0
105029,'1199124',2418,,12201,25,,,0
105029,'1199144',1221,,12202,25,,,0
105029,'1199148',736,,12203,25,,,0
105029,'1199220',1120,,12204,25,,,0
105029,'1199470',2218,,12205,25,,,0
105029,'1199473',905,,12206,25,,,0
105029,'1199604',805,,12207,25,,,0
105029,'1199607',1620,,12208,25,,,0
