25019,'1196864',1233,,11307,5,,,0
25019,'1196932',1733,,11308,5,,,0
25019,'1196994',1934,,11309,5,,,0
25019,'1197064',718,,11310,5,,,0
25019,'1197079',2354,,11311,5,,,0
25019,'1197084',2318,,11312,5,,,0
25019,'1197151',733,,11313,5,,,0
25019,'1197299',2134,,11314,5,,,0
25019,'1197317',1333,,11315,5,,,0
25019,'1197342',1734,,11316,5,,,0
25019,'1197442',1518,,11317,5,,,0
25019,'1197448',1604,,11318,5,,,0
25019,'1197471',1033,,11319,5,,,0
25019,'1197624',1834,,11320,5,,,0
25019,'1197657',2118,,11321,5,,,0
25019,'1197660',834,,11322,5,,,0
25019,'1197687',2333,,11323,5,,,0
25019,'1197702',1204,,11324,5,,,0
25019,'1197757',734,,11325,5,,,0
25019,'1197760',1534,,11326,5,,,0
25019,'1197771',2018,,11327,5,,,0
25019,'1198004',2218,,11328,5,,,0
25019,'1198021',704,,11329,5,,,0
25019,'1198071',1933,,11330,5,,,0
25019,'1198079',634,,11331,5,,,0
25019,'1198190',2034,,11332,5,,,0
25019,'1198267',2234,,11333,5,,,0
25019,'1198315',904,,11334,5,,,0
25019,'1198388',1404,,11335,5,,,0
25019,'1198435',2233,,11336,5,,,0
25019,'1198457',633,,11337,5,,,0
25019,'1198479',934,,11338,5,,,0
25019,'1198492',1433,,11339,5,,,0
25019,'1198496',1833,,11340,5,,,0
25019,'1198512',1718,,11341,5,,,0
25019,'1198566',1133,,11342,5,,,0
25019,'1198604',1418,,11343,5,,,0
25019,'1198759',1318,,11344,5,,,0
25019,'1198776',2133,,11345,5,,,0
25019,'1198803',1504,,11346,5,,,0
25019,'1198823',2033,,11347,5,,,0
25019,'1198862',1918,,11348,5,,,0
25019,'1198902',1434,,11349,5,,,0
25019,'1198938',833,,11350,5,,,0
25019,'1199011',1104,,11351,5,,,0
25019,'1199070',1004,,11352,5,,,0
25019,'1199074',818,,11353,5,,,0
25019,'1199097',804,,11354,5,,,0
25019,'1199125',918,,11355,5,,,0
25019,'1199183',1304,,11356,5,,,0
25019,'1199208',1218,,11357,5,,,0
25019,'1199212',1818,,11358,5,,,0
25019,'1199258',1634,,11359,5,,,0
25019,'1199359',1018,,11360,5,,,0
25019,'1199389',933,,11361,5,,,0
25019,'1199464',1633,,11362,5,,,0
25019,'1199480',1704,,11363,5,,,0
25019,'1199589',1118,,11364,5,,,0
25019,'1199634',1533,,11365,5,,,0
25019,'1199649',1618,,11366,5,,,0
104019,'1196891',2318,,12027,4,,,0
104019,'1197169',2353,,12028,4,,,0
104019,'1197256',1319,,12029,4,,,0
104019,'1197286',2118,,12030,4,,,0
104019,'1197298',1149,,12031,4,,,0
104019,'1197387',2218,,12032,4,,,0
104019,'1197452',1948,,12033,4,,,0
104019,'1197544',903,,12034,4,,,0
104019,'1197547',1218,,12035,4,,,0
104019,'1197640',1518,,12036,4,,,0
104019,'1197714',1748,,12037,4,,,0
104019,'1197725',2048,,12038,4,,,0
104019,'1197761',718,,12039,4,,,0
104019,'1197801',948,,12040,4,,,0
104019,'1197820',748,,12042,4,,,0
104019,'1197873',603,,12043,4,,,0
104019,'1197937',1448,,12044,4,,,0
104019,'1198060',1718,,12045,4,,,0
104019,'1198073',2333,,12046,4,,,0
104019,'1198077',2218,,12047,4,,,0
104019,'1198194',1104,,12048,4,,,0
104019,'1198253',1118,,12049,4,,,0
104019,'1198313',1449,,12050,4,,,0
104019,'1198322',1603,,12051,4,,,0
104019,'1198353',1234,,12052,4,,,0
104019,'1198411',918,,12053,4,,,0
104019,'1198567',1718,,12055,4,,,0
104019,'1198664',833,,12056,4,,,0
104019,'1198683',1333,,12057,4,,,0
104019,'1198738',1918,,12058,4,,,0
104019,'1198750',1918,,12059,4,,,0
104019,'1198780',833,,12060,4,,,0
104019,'1198913',1404,,12061,4,,,0
104019,'1198958',633,,12062,4,,,0
104019,'1199185',718,,12064,4,,,0
104019,'1199190',1103,,12065,4,,,0
104019,'1199331',1318,,12066,4,,,0
104019,'1199407',1833,,12067,4,,,0
104019,'1199459',1703,,12068,4,,,0
104019,'1199490',1619,,12069,4,,,0
104019,'1199539',948,,12070,4,,,0
104019,'1199564',718,,12071,4,,,0
104019,'1199583',1534,,12072,4,,,0
104019,'1199617',2103,,12073,4,,,0
