11019,'1196979',1341,,10448,30,,,0
11019,'1197040',1708,,10449,30,,,0
11019,'1197065',1526,,10450,30,,,0
11019,'1197103',1925,,10451,30,,,0
11019,'1197109',1338,,10452,30,,,0
11019,'1197110',740,,10453,30,,,0
11019,'1197145',2038,,10454,30,,,0
11019,'1197180',1241,,10455,30,,,0
11019,'1197201',955,,10456,30,,,0
11019,'1197211',740,,10457,30,0,5 6,0
11019,'1197221',1641,,10458,30,,,0
11019,'1197227',1226,,10459,30,,,0
11019,'1197254',1556,,10460,30,,,0
11019,'1197259',2338,,10461,30,,,0
11019,'1197278',2355,,10462,30,,,0
11019,'1197283',925,,10463,30,,,0
11019,'1197316',2040,,10464,30,0,5 6,0
11019,'1197320',1838,,10465,30,,,0
11019,'1197325',2255,,10466,30,,,0
11019,'1197329',1038,,10467,30,,,0
11019,'1197333',1010,,10468,30,,,0
11019,'1197344',1955,,10469,30,,,0
11019,'1197354',1125,,10470,30,,,0
11019,'1197406',2240,,10471,30,0,5 6,0
11019,'1197447',2025,,10472,30,,,0
11019,'1197477',2125,,10473,30,,,0
11019,'1197495',1538,,10474,30,,,0
11019,'1197504',2055,,10475,30,,,0
11019,'1197634',838,,10476,30,,,0
11019,'1197652',1155,,10477,30,,,0
11019,'1197663',1326,,10478,30,,,0
11019,'1197722',1726,,10479,30,,,0
11019,'1197727',1825,,10480,30,,,0
11019,'1197728',1640,,10481,30,0,5 6,0
11019,'1197785',938,,10482,30,,,0
11019,'1197855',1855,,10483,30,,,0
11019,'1197865',1656,,10484,30,,,0
11019,'1197880',1508,,10485,30,,,0
11019,'1197889',725,,10486,30,,,0
11019,'1197896',940,,10487,30,,,0
11019,'1197926',1240,,10488,30,0,5 6,0
11019,'1197981',1308,,10489,30,,,0
11019,'1198019',1311,,10490,30,,,0
11019,'1198026',1426,,10491,30,,,0
11019,'1198029',1840,,10492,30,0,5 6,0
11019,'1198038',1738,,10493,30,,,0
11019,'1198149',1138,,10494,30,,,0
11019,'1198166',1540,,10495,30,0,5 6,0
11019,'1198188',1440,,10496,30,0,5 6,0
11019,'1198219',1511,,10497,30,,,0
11019,'1198297',1256,,10498,30,,,0
11019,'1198308',1340,,10499,30,0,5 6,0
11019,'1198327',1741,,10500,30,,,0
11019,'1198365',1040,,10501,30,0,5 6,0
11019,'1198374',738,,10502,30,,,0
11019,'1198401',1940,,10503,30,0,5 6,0
11019,'1198413',2225,,10504,30,,,0
11019,'1198423',1210,,10505,30,,,0
11019,'1198472',855,,10506,30,,,0
11019,'1198605',1140,,10507,30,0,5 6,0
11019,'1198624',1208,,10508,30,,,0
11019,'1198627',2155,,10509,30,,,0
11019,'1198668',910,,10510,30,,,0
11019,'1198671',1441,,10511,30,,,0
11019,'1198695',1626,,10512,30,,,0
11019,'1198698',840,,10513,30,0,5 6,0
11019,'1198701',825,,10514,30,,,0
11019,'1198713',640,,10515,30,,,0
11019,'1198737',1638,,10516,30,,,0
11019,'1198753',2415,,10517,30,,,0
11019,'1198806',1611,,10518,30,,,0
11019,'1198894',755,,10519,30,,,0
11019,'1198896',1411,,10520,30,,,0
11019,'1198957',1711,,10521,30,,,0
11019,'1198963',1238,,10522,30,,,0
11019,'1199015',2340,,10523,30,0,5 6,0
11019,'1199020',1025,,10524,30,,,0
11019,'1199072',1456,,10525,30,,,0
11019,'1199077',810,,10526,30,,,0
11019,'1199162',1541,,10527,30,,,0
11019,'1199164',655,,10528,30,,,0
11019,'1199175',1408,,10529,30,,,0
11019,'1199179',2238,,10530,30,,,0
11019,'1199209',1356,,10531,30,,,0
11019,'1199218',2325,,10532,30,,,0
11019,'1199260',1740,,10533,30,0,5 6,0
11019,'1199285',710,,10534,30,,,0
11019,'1199336',1438,,10535,30,,,0
11019,'1199342',1938,,10536,30,,,0
11019,'1199350',940,,10537,30,0,5 6,0
11019,'1199361',1140,,10538,30,,,0
11019,'1199369',1055,,10539,30,,,0
11019,'1199392',1756,,10540,30,,,0
11019,'1199420',840,,10541,30,,,0
11019,'1199430',2138,,10542,30,,,0
11019,'1199452',1608,,10543,30,,,0
11019,'1199483',1811,,10544,30,,,0
11019,'1199518',1110,,10545,30,,,0
11019,'1199575',2140,,10546,30,0,5 6,0
11019,'1199637',1040,,10547,30,,,0
22029,'1196872',1457,,11159,9,,,0
22029,'1197509',1056,,11160,9,,,0
22029,'1197841',1257,,11161,9,,,0
22029,'1198320',1426,,11162,9,,,0
22029,'1198325',1826,,11163,9,,,0
22029,'1198632',1026,,11164,9,,,0
22029,'1198895',1626,,11165,9,,,0
22029,'1199147',856,,11166,9,,,0
22029,'1199241',1226,,11167,9,,,0
22029,'1199309',825,,11168,9,,,0
140001029,'1196879',630,,12358,23,,,0
140001029,'1196954',1001,,12359,23,,,0
140001029,'1196975',1033,,12360,23,,,0
140001029,'1196976',2330,,12361,23,,,0
140001029,'1197010',1348,,12362,23,,,0
140001029,'1197038',1118,,12363,23,,,0
140001029,'1197058',1845,,12364,23,,,0
140001029,'1197078',1130,,12365,23,,,0
140001029,'1197099',2300,,12366,23,,,0
140001029,'1197105',2330,,12367,23,,,0
140001029,'1197113',900,,12368,23,,,0
140001029,'1197141',1449,,12369,23,,,0
140001029,'1197155',1746,,12370,23,,,0
140001029,'1197162',945,,12371,23,,,0
140001029,'1197190',1604,,12372,23,,,0
140001029,'1197195',1704,,12373,23,,,0
140001029,'1197198',1404,,12374,23,,,0
140001029,'1197204',931,,12375,23,,,0
140001029,'1197222',1233,,12376,23,,,0
140001029,'1197249',1231,,12377,23,,,0
140001029,'1197271',1947,,12378,23,,,0
140001029,'1197276',1101,,12379,23,,,0
140001029,'1197293',1519,,12380,23,,,0
140001029,'1197305',1531,,12381,23,,,0
140001029,'1197370',1218,,12382,23,,,0
140001029,'1197377',2230,,12383,23,,,0
140001029,'1197379',800,,12384,23,,,0
140001029,'1197386',1830,,12385,23,,,0
140001029,'1197424',2100,,12386,23,,,0
140001029,'1197426',1016,,12387,23,,,0
140001029,'1197432',1000,,12388,23,,,0
140001029,'1197460',2230,,12389,23,,,0
140001029,'1197482',631,,12390,23,,,0
140001029,'1197494',2405,,12391,23,,,0
140001029,'1197497',1701,,12392,23,,,0
140001029,'1197568',1330,,12393,23,,,0
140001029,'1197611',2300,,12394,23,,,0
140001029,'1197612',1549,,12395,23,,,0
140001029,'1197619',1830,,12396,23,,,0
140001029,'1197627',845,,12397,23,,,0
140001029,'1197635',2230,,12398,23,,,0
140001029,'1197649',1333,,12399,23,,,0
140001029,'1197658',1930,,12400,23,,,0
140001029,'1197662',1103,,12401,23,,,0
140001029,'1197723',930,,12402,23,,,0
140001029,'1197758',1248,,12403,23,,,0
140001029,'1197776',2032,,12404,23,,,0
140001029,'1197849',2200,,12405,23,,,0
140001029,'1197888',2000,,12406,23,,,0
140001029,'1197928',1431,,12407,23,,,0
140001029,'1197938',1419,,12408,23,,,0
140001029,'1197948',1504,,12409,23,,,0
140001029,'1197957',1616,,12410,23,,,0
140001029,'1197967',1719,,12411,23,,,0
140001029,'1197972',1601,,12412,23,,,0
140001029,'1197983',730,,12413,23,,,0
140001029,'1198007',2130,,12414,23,,,0
140001029,'1198048',745,,12415,23,,,0
140001029,'1198049',715,,12416,23,,,0
140001029,'1198081',1301,,12417,23,,,0
140001029,'1198099',946,,12418,23,,,0
140001029,'1198101',1133,,12419,23,,,0
140001029,'1198102',831,,12420,23,,,0
140001029,'1198131',2030,,12421,23,,,0
140001029,'1198132',1030,,12422,23,,,0
140001029,'1198186',1801,,12423,23,,,0
140001029,'1198207',700,,12424,23,,,0
140001029,'1198209',915,,12425,23,,,0
140001029,'1198299',1201,,12426,23,,,0
140001029,'1198347',645,,12427,23,,,0
140001029,'1198350',1917,,12428,23,,,0
140001029,'1198371',1434,,12429,23,,,0
140001029,'1198391',2047,,12430,23,,,0
140001029,'1198425',2030,,12431,23,,,0
140001029,'1198451',2400,,12432,23,,,0
140001029,'1198469',1631,,12433,23,,,0
140001029,'1198505',1430,,12434,23,,,0
140001029,'1198517',1203,,12435,23,,,0
140001029,'1198540',730,,12436,23,,,0
140001029,'1198546',1031,,12437,23,,,0
140001029,'1198572',1546,,12438,23,,,0
140001029,'1198636',815,,12439,23,,,0
140001029,'1198643',1230,,12440,23,,,0
140001029,'1198645',1730,,12441,23,,,0
140001029,'1198655',801,,12442,23,,,0
140001029,'1198697',901,,12443,23,,,0
140001029,'1198757',1630,,12444,23,,,0
140001029,'1198770',2002,,12445,23,,,0
140001029,'1198787',1619,,12446,23,,,0
140001029,'1198789',1932,,12447,23,,,0
140001029,'1198794',1048,,12448,23,,,0
140001029,'1198796',2200,,12449,23,,,0
140001029,'1198802',1116,,12450,23,,,0
140001029,'1198817',1516,,12451,23,,,0
140001029,'1198824',1148,,12452,23,,,0
140001029,'1198860',1815,,12453,23,,,0
140001029,'1198934',1716,,12454,23,,,0
140001029,'1198970',1749,,12455,23,,,0
140001029,'1198973',930,,12456,23,,,0
140001029,'1198981',1832,,12457,23,,,0
140001029,'1198986',2330,,12458,23,,,0
140001029,'1198999',1346,,12459,23,,,0
140001029,'1199001',731,,12460,23,,,0
140001029,'1199006',830,,12461,23,,,0
140001029,'1199010',1802,,12462,23,,,0
140001029,'1199031',1216,,12463,23,,,0
140001029,'1199086',1018,,12464,23,,,0
140001029,'1199101',701,,12465,23,,,0
140001029,'1199110',1146,,12466,23,,,0
140001029,'1199113',1646,,12467,23,,,0
140001029,'1199128',1046,,12468,23,,,0
140001029,'1199156',1930,,12469,23,,,0
140001029,'1199174',1318,,12470,23,,,0
140001029,'1199189',830,,12471,23,,,0
140001029,'1199191',1817,,12472,23,,,0
140001029,'1199203',2102,,12473,23,,,0
140001029,'1199247',1649,,12474,23,,,0
140001029,'1199259',1847,,12475,23,,,0
140001029,'1199261',1416,,12476,23,,,0
140001029,'1199275',1534,,12477,23,,,0
140001029,'1199283',1331,,12478,23,,,0
140001029,'1199312',1246,,12479,23,,,0
140001029,'1199341',2017,,12480,23,,,0
140001029,'1199351',1316,,12481,23,,,0
140001029,'1199395',1734,,12482,23,,,0
140001029,'1199415',1900,,12483,23,,,0
140001029,'1199446',1902,,12484,23,,,0
140001029,'1199456',1530,,12485,23,,,0
140001029,'1199465',1731,,12486,23,,,0
140001029,'1199469',2130,,12487,23,,,0
140001029,'1199481',1634,,12488,23,,,0
140001029,'1199494',1501,,12489,23,,,0
140001029,'1199502',1401,,12490,23,,,0
140001029,'1199522',1446,,12491,23,,,0
140001029,'1199528',2130,,12492,23,,,0
140001029,'1199569',1131,,12493,23,,,0
140001029,'1199608',1303,,12494,23,,,0
