11029,'1196876',1506,,10548,28,,,0
11029,'1196884',1306,,10549,32,,,0
11029,'1196914',1149,,10550,32,,,0
11029,'1196958',807,,10551,32,,,0
11029,'1197000',1306,,10552,28,,,0
11029,'1197070',1906,,10553,28,,,0
11029,'1197071',1847,,10554,32,,,0
11029,'1197114',934,,10555,32,,,0
11029,'1197185',2306,,10556,28,,,0
11029,'1197191',1506,,10557,32,,,0
11029,'1197229',1421,,10558,32,,,0
11029,'1197234',1719,,10559,32,,,0
11029,'1197264',1751,,10560,32,,,0
11029,'1197274',949,,10561,32,,,0
11029,'1197327',1349,,10562,32,,,0
11029,'1197343',749,,10563,32,,,0
11029,'1197351',1606,,10564,28,,,0
11029,'1197398',1836,,10565,32,,,0
11029,'1197412',2317,,10566,32,,,0
11029,'1197422',1651,,10567,32,,,0
11029,'1197446',2406,,10568,28,,,0
11029,'1197463',719,,10569,32,,,0
11029,'1197502',634,,10570,32,,,0
11029,'1197519',804,,10571,32,,,0
11029,'1197564',2307,,10572,32,,,0
11029,'1197573',1406,,10573,28,,,0
11029,'1197695',1119,,10574,32,,,0
11029,'1197696',819,,10575,32,,,0
11029,'1197753',906,,10576,28,,,0
11029,'1197763',1536,,10577,32,,,0
11029,'1197795',2047,,10578,32,,,0
11029,'1197832',1636,,10579,32,,,0
11029,'1197875',2434,,10580,32,,,0
11029,'1197917',2407,,10581,32,,,0
11029,'1197925',1134,,10582,32,,,0
11029,'1197934',1549,,10583,32,,,0
11029,'1197978',1917,,10584,32,,,0
11029,'1197990',1449,,10585,32,,,0
11029,'1198012',904,,10586,32,,,0
11029,'1198053',1007,,10587,32,,,0
11029,'1198076',2017,,10588,32,,,0
11029,'1198113',2117,,10589,32,,,0
11029,'1198146',2247,,10590,32,,,0
11029,'1198266',2007,,10591,32,,,0
11029,'1198296',1706,,10592,28,,,0
11029,'1198337',919,,10593,32,,,0
11029,'1198341',1207,,10594,32,,,0
11029,'1198362',2206,,10595,28,,,0
11029,'1198405',1907,,10596,32,,,0
11029,'1198419',1521,,10597,32,,,0
11029,'1198470',1321,,10598,32,,,0
11029,'1198493',1821,,10599,32,,,0
11029,'1198506',1107,,10600,32,,,0
11029,'1198543',1034,,10601,32,,,0
11029,'1198548',1621,,10602,32,,,0
11029,'1198573',1204,,10603,32,,,0
11029,'1198590',2006,,10604,28,,,0
11029,'1198610',1606,,10605,32,,,0
11029,'1198623',707,,10606,32,,,0
11029,'1198660',1319,,10607,32,,,0
11029,'1198662',1806,,10608,28,,,0
11029,'1198696',1451,,10609,32,,,0
11029,'1198771',1519,,10610,32,,,0
11029,'1198808',1004,,10611,32,,,0
11029,'1198843',2106,,10612,28,,,0
11029,'1198927',1104,,10613,32,,,0
11029,'1198951',1736,,10614,32,,,0
11029,'1198978',1947,,10615,32,,,0
11029,'1199022',1247,,10616,32,,,0
11029,'1199024',2207,,10617,32,,,0
11029,'1199026',2217,,10618,32,,,0
11029,'1199059',1619,,10619,32,,,0
11029,'1199060',1406,,10620,32,,,0
11029,'1199064',1819,,10621,32,,,0
11029,'1199091',806,,10622,28,,,0
11029,'1199100',2147,,10623,32,,,0
11029,'1199118',1721,,10624,32,,,0
11029,'1199132',704,,10625,32,,,0
11029,'1199143',1749,,10626,32,,,0
11029,'1199154',1436,,10627,32,,,0
11029,'1199177',1706,,10628,32,,,0
11029,'1199180',2107,,10629,32,,,0
11029,'1199214',734,,10630,32,,,0
11029,'1199225',1551,,10631,32,,,0
11029,'1199227',1206,,10632,28,,,0
11029,'1199229',1419,,10633,32,,,0
11029,'1199253',1006,,10634,28,,,0
11029,'1199301',2344,,10635,32,,,0
11029,'1199306',1106,,10636,28,,,0
11029,'1199370',1806,,10637,32,,,0
11029,'1199376',849,,10638,32,,,0
11029,'1199394',907,,10639,32,,,0
11029,'1199403',834,,10640,32,,,0
11029,'1199410',1219,,10641,32,,,0
11029,'1199462',2414,,10642,32,,,0
11029,'1199476',1019,,10643,32,,,0
11029,'1199496',1336,,10644,32,,,0
11029,'1199508',1234,,10645,32,,,0
11029,'1199591',1649,,10646,32,,,0
11029,'1199603',1251,,10647,32,,,0
11029,'1199619',1049,,10648,32,,,0
11029,'1199623',1351,,10649,32,,,0
