20029,'1196868',1650,,11092,10,,,0
20029,'1196909',1329,,11093,10,,,0
20029,'1196951',1257,,11094,10,,,0
20029,'1196962',2157,,11095,10,,,0
20029,'1196978',1229,,11096,10,,,0
20029,'1197172',627,,11097,10,,,0
20029,'1197213',950,,11098,10,,,0
20029,'1197307',1457,,11099,10,,,0
20029,'1197312',1750,,11100,10,,,0
20029,'1197355',656,,11101,10,,,0
20029,'1197361',850,,11102,10,,,0
20029,'1197366',750,,11103,10,,,0
20029,'1197368',1759,,11104,10,,,0
20029,'1197403',1629,,11105,10,,,0
20029,'1197421',1429,,11106,10,,,0
20029,'1197464',728,,11107,10,,,0
20029,'1197479',1129,,11108,10,,,0
20029,'1197554',2057,,11109,10,,,0
20029,'1197566',1050,,11110,10,,,0
20029,'1197569',1150,,11111,10,,,0
20029,'1197577',1550,,11112,10,,,0
20029,'1197610',856,,11113,10,,,0
20029,'1197632',2050,,11114,10,,,0
20029,'1197792',2350,,11115,10,,,0
20029,'1198090',2250,,11116,10,,,0
20029,'1198196',2128,,11117,10,,,0
20029,'1198208',1858,,11118,10,,,0
20029,'1198218',756,,11119,10,,,0
20029,'1198241',1530,,11120,10,,,0
20029,'1198256',1950,,11121,10,,,0
20029,'1198342',1450,,11122,10,,,0
20029,'1198375',829,,11123,10,,,0
20029,'1198439',1729,,11124,10,,,0
20029,'1198464',2257,,11125,10,,,0
20029,'1198524',2029,,11126,10,,,0
20029,'1198526',1929,,11127,10,,,0
20029,'1198650',1757,,11128,10,,,0
20029,'1198663',1557,,11129,10,,,0
20029,'1198795',2228,,11130,10,,,0
20029,'1198866',1157,,11131,10,,,0
20029,'1198883',1350,,11132,10,,,0
20029,'1198891',1659,,11133,10,,,0
20029,'1198917',657,,11134,10,,,0
20029,'1198942',2150,,11135,10,,,0
20029,'1199003',957,,11136,10,,,0
20029,'1199050',1357,,11137,10,,,0
20029,'1199089',1958,,11138,10,,,0
20029,'1199092',929,,11139,10,,,0
20029,'1199111',1029,,11140,10,,,0
20029,'1199119',1657,,11141,10,,,0
20029,'1199171',2356,,11142,10,,,0
20029,'1199252',1829,,11143,10,,,0
20029,'1199308',758,,11144,10,,,0
20029,'1199404',1057,,11145,10,,,0
20029,'1199499',2328,,11146,10,,,0
20029,'1199544',1250,,11147,10,,,0
20029,'1199641',1850,,11148,10,,,0
