11029,'1199774',1522,,12771,9,,,0
11029,'1199777',936,,12772,9,,,0
11029,'1199778',1322,,12773,9,,,0
11029,'1199779',2321,,12774,9,,,0
11029,'1199780',1221,,12775,9,,,0
11029,'1199781',1136,,12776,9,,,0
11029,'1199782',1637,,12777,9,,,0
11029,'1199783',2221,,12778,9,,,0
11029,'1199785',1321,,12779,9,,,0
11029,'1199786',806,,12780,9,,,0
11029,'1199787',1622,,12781,9,,,0
11029,'1199788',1552,,12782,9,,,0
11029,'1199789',1437,,12783,9,,,0
11029,'1199790',1451,,12784,9,,,0
11029,'1199791',1121,,12785,9,,,0
11029,'1199792',1537,,12786,9,,,0
11029,'1199793',2336,,12787,9,,,0
11029,'1199794',821,,12788,9,,,0
11029,'1199795',1452,,12789,9,,,0
11029,'1199796',1151,,12790,9,,,0
11029,'1199797',1752,,12791,9,,,0
11029,'1199799',736,,12792,9,,,0
11029,'1199800',1707,,12793,9,,,0
11029,'1199804',921,,12794,9,,,0
11029,'1199808',1021,,12795,9,,,0
11029,'1199809',1722,,12796,9,,,0
11029,'1199810',1051,,12797,9,,,0
11029,'1199811',1036,,12798,9,,,0
11029,'1199812',1551,,12799,9,,,0
11029,'1199813',2321,,12800,9,,,0
11029,'1199814',1222,,12801,9,,,0
11029,'1199815',1621,,12802,9,,,0
11029,'1199816',1151,,12803,9,,,0
11029,'1199818',721,,12804,9,,,0
11029,'1199819',1121,,12805,9,,,0
11029,'1199820',1737,,12806,9,,,0
11029,'1199821',1521,,12807,9,,,0
11029,'1199823',1251,,12808,9,,,0
11029,'1199825',2021,,12809,9,,,0
11029,'1199826',2356,,12810,9,,,0
11029,'1199828',1407,,12811,9,,,0
11029,'1199830',1307,,12812,9,,,0
11029,'1199831',2006,,12813,9,,,0
11029,'1199834',636,,12814,9,,,0
11029,'1199836',751,,12815,9,,,0
11029,'1199838',1507,,12816,9,,,0
11029,'1199839',721,,12817,9,,,0
11029,'1199843',1337,,12818,9,,,0
11029,'1199844',2021,,12819,9,,,0
11029,'1199846',1422,,12820,9,,,0
11029,'1199847',921,,12821,9,,,0
11029,'1199848',906,,12822,9,,,0
11029,'1199849',2121,,12823,9,,,0
11029,'1199850',1521,,12824,9,,,0
11029,'1199852',706,,12825,9,,,0
11029,'1199853',951,,12826,9,,,0
11029,'1199854',836,,12827,9,,,0
11029,'1199855',1621,,12828,9,,,0
11029,'1199856',2121,,12829,9,,,0
11029,'1199858',1607,,12830,9,,,0
11029,'1199860',1021,,12831,9,,,0
11029,'1199862',1936,,12832,9,,,0
11029,'1199863',821,,12833,9,,,0
11029,'1199864',1207,,12834,9,,,0
11029,'1199865',1721,,12835,9,,,0
11029,'1199866',1221,,12836,9,,,0
11029,'1199867',2036,,12837,9,,,0
11029,'1199869',1421,,12838,9,,,0
11029,'1199870',1321,,12839,9,,,0
11029,'1199871',1351,,12840,9,,,0
11029,'1199873',2206,,12841,9,,,0
11029,'1199874',1106,,12842,9,,,0
11029,'1199875',1006,,12843,9,,,0
11029,'1199876',651,,12844,9,,,0
11029,'1199877',1721,,12845,9,,,0
11029,'1199878',1652,,12846,9,,,0
11029,'1199881',1821,,12847,9,,,0
11029,'1199882',1906,,12848,9,,,0
11029,'1199883',1121,,12849,9,,,0
11029,'1199884',1921,,12850,9,,,0
11029,'1199886',1921,,12851,9,,,0
11029,'1199889',721,,12852,9,,,0
11029,'1199890',2106,,12853,9,,,0
11029,'1199891',2221,,12854,9,,,0
11029,'1199892',1821,,12855,9,,,0
11029,'1199893',1021,,12856,9,,,0
11029,'1199898',851,,12857,9,,,0
11029,'1199899',1836,,12858,9,,,0
11029,'1199902',1806,,12859,9,,,0
11029,'1199903',921,,12860,9,,,0
11029,'1199904',1651,,12861,9,,,0
11029,'1199906',621,,12862,9,,,0
11029,'1199907',2306,,12863,9,,,0
11029,'1199910',2236,,12864,9,,,0
11029,'1199911',2136,,12865,9,,,0
11029,'1199912',1352,,12866,9,,,0
11029,'1199913',1237,,12867,9,,,0
11029,'1199914',1252,,12868,9,,,0
11029,'1199919',821,,12869,9,,,0
11029,'1199920',1421,,12870,9,,,0
