105019,'1196946',945,,12117,103,,,0
105019,'1197049',1858,,12118,103,,,0
105019,'1197077',633,,12119,103,,,0
105019,'1197115',1243,,12120,103,,,0
105019,'1197131',745,,12121,103,,,0
105019,'1197173',1246,,12122,103,,,0
105019,'1197181',1100,,12123,103,,,0
105019,'1197192',2232,,12124,103,,,0
105019,'1197197',1543,,12125,103,,,0
105019,'1197292',1346,,12126,103,,,0
105019,'1197296',1643,,12127,103,,,0
105019,'1197531',1446,,12128,103,,,0
105019,'1197548',2002,,12129,103,,,0
105019,'1197557',1646,,12130,103,,,0
105019,'1197588',900,,12131,103,,,0
105019,'1197596',2132,,12132,103,,,0
105019,'1197617',1546,,12133,103,,,0
105019,'1197633',1300,,12134,103,,,0
105019,'1197710',840,,12135,103,,,0
105019,'1197779',1828,,12136,103,,,0
105019,'1197825',1458,,12137,103,,,0
105019,'1197971',1143,,12138,103,,,0
105019,'1198112',703,,12139,103,,,0
105019,'1198338',1146,,12140,103,,,0
105019,'1198380',2300,,12141,103,,,0
105019,'1198385',1758,,12142,103,,,0
105019,'1198553',1358,,12143,103,,,0
105019,'1198560',2100,,12144,103,,,0
105019,'1198571',1700,,12145,103,,,0
105019,'1198621',810,,12146,103,,,0
105019,'1198667',1040,,12147,103,,,0
105019,'1198717',1613,,12148,103,,,0
105019,'1198741',940,,12149,103,,,0
105019,'1198746',1928,,12150,103,,,0
105019,'1198889',733,,12151,103,,,0
105019,'1199004',1500,,12152,103,,,0
105019,'1199054',1713,,12153,103,,,0
105019,'1199098',910,,12154,103,,,0
105019,'1199298',2432,,12155,103,,,0
105019,'1199347',2345,,12156,103,,,0
105019,'1199383',2332,,12157,103,,,0
105019,'1199400',1746,,12158,103,,,0
105019,'1199461',1900,,12159,103,,,0
105019,'1199511',1846,,12160,103,,,0
105019,'1199546',2145,,12161,103,,,0
105019,'1199574',1946,,12162,103,,,0
106029,'1196836',1630,,12215,34,,,0
106029,'1196851',1745,,12216,34,,,0
106029,'1197042',1028,,12217,34,,,0
106029,'1197408',1900,,12218,34,,,0
106029,'1198086',758,,12219,34,,,0
106029,'1198615',913,,12220,34,,,0
140001019,'1196866',815,,12221,13,,,0
140001019,'1196880',2214,,12222,13,,,0
140001019,'1196896',1030,,12223,13,,,0
140001019,'1196898',2145,,12224,13,,,0
140001019,'1196900',1930,,12225,13,,,0
140001019,'1196905',1902,,12226,13,,,0
140001019,'1196939',2315,,12227,13,,,0
140001019,'1196943',1331,,12228,13,,,0
140001019,'1196945',2340,,12229,13,,,0
140001019,'1196967',645,,12230,13,,,0
140001019,'1197008',1402,,12231,13,,,0
140001019,'1197072',1422,,12232,13,,,0
140001019,'1197075',1546,,12233,13,,,0
140001019,'1197086',1845,,12234,13,,,0
140001019,'1197088',2045,,12235,13,,,0
140001019,'1197102',700,,12236,13,,,0
140001019,'1197146',1601,,12237,13,,,0
140001019,'1197212',1316,,12238,13,,,0
140001019,'1197216',930,,12239,13,,,0
140001019,'1197238',1201,,12240,13,,,0
140001019,'1197266',1501,,12241,13,,,0
140001019,'1197267',1631,,12242,13,,,0
140001019,'1197281',1637,,12243,13,,,0
140001019,'1197287',945,,12244,13,,,0
140001019,'1197324',1607,,12245,13,,,0
140001019,'1197328',1015,,12246,13,,,0
140001019,'1197350',1045,,12247,13,,,0
140001019,'1197407',1416,,12248,13,,,0
140001019,'1197438',1731,,12249,13,,,0
140001019,'1197459',1000,,12250,13,,,0
140001019,'1197465',1131,,12251,13,,,0
140001019,'1197470',1746,,12252,13,,,0
140001019,'1197474',1015,,12253,13,,,0
140001019,'1197516',1437,,12254,13,,,0
140001019,'1197563',1830,,12255,13,,,0
140001019,'1197567',1945,,12256,13,,,0
140001019,'1197593',1231,,12257,13,,,0
140001019,'1197607',1652,,12258,13,,,0
140001019,'1197613',1752,,12259,13,,,0
140001019,'1197621',1801,,12260,13,,,0
140001019,'1197622',2030,,12261,13,,,0
140001019,'1197646',1216,,12262,13,,,0
140001019,'1197676',1146,,12263,13,,,0
140001019,'1197685',1031,,12264,13,,,0
140001019,'1197688',1316,,12265,13,,,0
140001019,'1197689',1431,,12266,13,,,0
140001019,'1197693',1737,,12267,13,,,0
140001019,'1197729',2000,,12268,13,,,0
140001019,'1197734',1602,,12269,13,,,0
140001019,'1197741',1331,,12270,13,,,0
140001019,'1197745',1216,,12271,13,,,0
140001019,'1197767',1116,,12272,13,,,0
140001019,'1197797',2015,,12273,13,,,0
140001019,'1197802',900,,12274,13,,,0
140001019,'1197830',915,,12275,13,,,0
140001019,'1197894',1816,,12276,13,,,0
140001019,'1197944',1102,,12277,13,,,0
140001019,'1197964',1301,,12278,13,,,0
140001019,'1197966',1046,,12279,13,,,0
140001019,'1197987',1622,,12280,13,,,0
140001019,'1197988',745,,12281,13,,,0
140001019,'1198009',2100,,12282,13,,,0
140001019,'1198027',2302,,12283,13,,,0
140001019,'1198035',830,,12284,13,,,0
140001019,'1198147',2102,,12285,13,,,0
140001019,'1198155',1201,,12286,13,,,0
140001019,'1198177',2045,,12287,13,,,0
140001019,'1198195',1301,,12288,13,,,0
140001019,'1198235',1701,,12289,13,,,0
140001019,'1198264',1302,,12290,13,,,0
140001019,'1198294',1401,,12291,13,,,0
140001019,'1198302',2015,,12292,13,,,0
140001019,'1198324',1801,,12293,13,,,0
140001019,'1198349',730,,12294,13,,,0
140001019,'1198356',1716,,12295,13,,,0
140001019,'1198378',715,,12296,13,,,0
140001019,'1198384',1131,,12297,13,,,0
140001019,'1198418',1915,,12298,13,,,0
140001019,'1198429',1900,,12299,13,,,0
140001019,'1198452',1802,,12300,13,,,0
140001019,'1198461',845,,12301,13,,,0
140001019,'1198463',1830,,12302,13,,,0
140001019,'1198487',1845,,12303,13,,,0
140001019,'1198515',1231,,12304,13,,,0
140001019,'1198535',1707,,12305,13,,,0
140001019,'1198541',1100,,12306,13,,,0
140001019,'1198549',645,,12307,13,,,0
140001019,'1198579',1646,,12308,13,,,0
140001019,'1198595',2115,,12309,13,,,0
140001019,'1198601',1616,,12310,13,,,0
140001019,'1198665',2314,,12311,13,,,0
140001019,'1198666',802,,12312,13,,,0
140001019,'1198714',1452,,12313,13,,,0
140001019,'1198763',2415,,12314,13,,,0
140001019,'1198766',1002,,12315,13,,,0
140001019,'1198781',1815,,12316,13,,,0
140001019,'1198791',1516,,12317,13,,,0
140001019,'1198797',815,,12318,13,,,0
140001019,'1198813',1502,,12319,13,,,0
140001019,'1198814',2402,,12320,13,,,0
140001019,'1198835',1346,,12321,13,,,0
140001019,'1198872',845,,12322,13,,,0
140001019,'1198878',1246,,12323,13,,,0
140001019,'1198900',1507,,12324,13,,,0
140001019,'1198920',2115,,12325,13,,,0
140001019,'1198925',1115,,12326,13,,,0
140001019,'1198926',915,,12327,13,,,0
140001019,'1198932',1000,,12328,13,,,0
140001019,'1198964',1722,,12329,13,,,0
140001019,'1198965',1401,,12330,13,,,0
140001019,'1198980',1537,,12331,13,,,0
140001019,'1199018',2414,,12332,13,,,0
140001019,'1199069',2202,,12333,13,,,0
140001019,'1199136',1246,,12334,13,,,0
140001019,'1199170',745,,12335,13,,,0
140001019,'1199213',2344,,12336,13,,,0
140001019,'1199235',902,,12337,13,,,0
140001019,'1199268',800,,12338,13,,,0
140001019,'1199282',1101,,12339,13,,,0
140001019,'1199297',1522,,12340,13,,,0
140001019,'1199319',945,,12341,13,,,0
140001019,'1199330',1900,,12342,13,,,0
140001019,'1199354',1945,,12343,13,,,0
140001019,'1199367',2144,,12344,13,,,0
140001019,'1199377',1202,,12345,13,,,0
140001019,'1199402',1702,,12346,13,,,0
140001019,'1199414',1446,,12347,13,,,0
140001019,'1199449',1146,,12348,13,,,0
140001019,'1199458',1346,,12349,13,,,0
140001019,'1199468',2244,,12350,13,,,0
140001019,'1199492',1552,,12351,13,,,0
140001019,'1199516',2215,,12352,13,,,0
140001019,'1199563',2245,,12353,13,,,0
140001019,'1199606',1531,,12354,13,,,0
140001019,'1199624',1915,,12355,13,,,0
140001019,'1199632',715,,12356,13,,,0
140001019,'1199638',2002,,12357,13,,,0
