105019,'1196946',917,,12117,62,,,0
105019,'1197049',1827,,12118,62,,,0
105019,'1197077',605,,12119,62,,,0
105019,'1197115',1212,,12120,62,,,0
105019,'1197131',717,,12121,62,,,0
105019,'1197173',1219,,12122,62,,,0
105019,'1197181',1035,,12123,62,,,0
105019,'1197192',2204,,12124,62,,,0
105019,'1197197',1512,,12125,62,,,0
105019,'1197292',1319,,12126,62,,,0
105019,'1197296',1612,,12127,62,,,0
105019,'1197531',1419,,12128,62,,,0
105019,'1197548',1934,,12129,62,,,0
105019,'1197557',1619,,12130,62,,,0
105019,'1197588',835,,12131,62,,,0
105019,'1197596',2104,,12132,62,,,0
105019,'1197617',1519,,12133,62,,,0
105019,'1197633',1235,,12134,62,,,0
105019,'1197710',809,,12135,62,,,0
105019,'1197779',1757,,12136,62,,,0
105019,'1197825',1427,,12137,62,,,0
105019,'1197971',1112,,12138,62,,,0
105019,'1198112',635,,12139,62,,,0
105019,'1198338',1119,,12140,62,,,0
105019,'1198380',2235,,12141,62,,,0
105019,'1198385',1727,,12142,62,,,0
105019,'1198553',1327,,12143,62,,,0
105019,'1198560',2035,,12144,62,,,0
105019,'1198571',1635,,12145,62,,,0
105019,'1198621',739,,12146,62,,,0
105019,'1198667',1009,,12147,62,,,0
105019,'1198717',1542,,12148,62,,,0
105019,'1198741',909,,12149,62,,,0
105019,'1198746',1857,,12150,62,,,0
105019,'1198889',705,,12151,62,,,0
105019,'1199004',1435,,12152,62,,,0
105019,'1199054',1642,,12153,62,,,0
105019,'1199098',839,,12154,62,,,0
105019,'1199298',2404,,12155,62,,,0
105019,'1199347',2317,,12156,62,,,0
105019,'1199383',2304,,12157,62,,,0
105019,'1199400',1719,,12158,62,,,0
105019,'1199461',1835,,12159,62,,,0
105019,'1199511',1819,,12160,62,,,0
105019,'1199546',2117,,12161,62,,,0
105019,'1199574',1919,,12162,62,,,0
106029,'1196836',1615,,12215,13,,,0
106029,'1196851',1730,,12216,13,,,0
106029,'1197042',1013,,12217,13,,,0
106029,'1197408',1845,,12218,13,,,0
106029,'1198086',743,,12219,13,,,0
106029,'1198615',858,,12220,13,,,0
