14019,'1196890',1833,,10916,41,,,0
14019,'1196970',2103,,10917,41,,,0
14019,'1196984',1400,,10918,41,,,0
14019,'1197073',2203,,10919,41,,,0
14019,'1197090',800,,10920,41,,,0
14019,'1197106',1735,,10921,41,,,0
14019,'1197152',1605,,10922,41,,,0
14019,'1197163',1704,,10923,41,,,0
14019,'1197189',2000,,10924,41,,,0
14019,'1197473',1003,,10925,41,,,0
14019,'1197576',1200,,10926,41,,,0
14019,'1197578',1900,,10927,41,,,0
14019,'1197606',900,,10928,41,,,0
14019,'1197719',1604,,10929,41,,,0
14019,'1197768',1705,,10930,41,,,0
14019,'1197774',1304,,10931,41,,,0
14019,'1197807',703,,10932,41,,,0
14019,'1197857',1300,,10933,41,,,0
14019,'1197872',803,,10934,41,,,0
14019,'1197899',2333,,10935,41,,,0
14019,'1197912',1700,,10936,41,,,0
14019,'1197929',1404,,10937,41,,,0
14019,'1197946',2003,,10938,41,,,0
14019,'1198043',2403,,10939,41,,,0
14019,'1198056',1933,,10940,41,,,0
14019,'1198057',703,,10941,41,,,0
14019,'1198062',1600,,10942,41,,,0
14019,'1198118',2033,,10943,41,,,0
14019,'1198151',1500,,10944,41,,,0
14019,'1198161',1505,,10945,41,,,0
14019,'1198262',1504,,10946,41,,,0
14019,'1198285',2303,,10947,41,,,0
14019,'1198312',1003,,10948,41,,,0
14019,'1198386',1903,,10949,41,,,0
14019,'1198412',1205,,10950,41,,,0
14019,'1198436',903,,10951,41,,,0
14019,'1198460',1105,,10952,41,,,0
14019,'1198507',903,,10953,41,,,0
14019,'1198513',1305,,10954,41,,,0
14019,'1198539',1103,,10955,41,,,0
14019,'1198751',2100,,10956,41,,,0
14019,'1198810',2400,,10957,41,,,0
14019,'1198859',1535,,10958,41,,,0
14019,'1198869',933,,10959,41,,,0
14019,'1198890',2200,,10960,41,,,0
14019,'1199036',733,,10961,41,,,0
14019,'1199048',803,,10962,41,,,0
14019,'1199075',833,,10963,41,,,0
14019,'1199084',1100,,10964,41,,,0
14019,'1199131',2133,,10965,41,,,0
14019,'1199280',2300,,10966,41,,,0
14019,'1199286',1000,,10967,41,,,0
14019,'1199393',1405,,10968,41,,,0
14019,'1199441',1635,,10969,41,,,0
14019,'1199444',1804,,10970,41,,,0
14019,'1199523',1800,,10971,41,,,0
14019,'1199538',1805,,10972,41,,,0
14019,'1199568',2233,,10973,41,,,0
14019,'1199582',1204,,10974,41,,,0
