105019,'1196946',856,,12117,24,,,0
105019,'1197049',1803,,12118,24,,,0
105019,'1197077',543,,12119,24,,,0
105019,'1197115',1148,,12120,24,,,0
105019,'1197131',656,,12121,24,,,0
105019,'1197173',1158,,12122,24,,,0
105019,'1197181',1016,,12123,24,,,0
105019,'1197192',2143,,12124,24,,,0
105019,'1197197',1448,,12125,24,,,0
105019,'1197292',1258,,12126,24,,,0
105019,'1197296',1548,,12127,24,,,0
105019,'1197531',1358,,12128,24,,,0
105019,'1197548',1913,,12129,24,,,0
105019,'1197557',1558,,12130,24,,,0
105019,'1197588',816,,12131,24,,,0
105019,'1197596',2043,,12132,24,,,0
105019,'1197617',1458,,12133,24,,,0
105019,'1197633',1216,,12134,24,,,0
105019,'1197710',745,,12135,24,,,0
105019,'1197779',1733,,12136,24,,,0
105019,'1197825',1403,,12137,24,,,0
105019,'1197971',1048,,12138,24,,,0
105019,'1198112',613,,12139,24,,,0
105019,'1198338',1058,,12140,24,,,0
105019,'1198380',2216,,12141,24,,,0
105019,'1198385',1703,,12142,24,,,0
105019,'1198553',1303,,12143,24,,,0
105019,'1198560',2016,,12144,24,,,0
105019,'1198571',1616,,12145,24,,,0
105019,'1198621',715,,12146,24,,,0
105019,'1198667',945,,12147,24,,,0
105019,'1198717',1518,,12148,24,,,0
105019,'1198741',845,,12149,24,,,0
105019,'1198746',1833,,12150,24,,,0
105019,'1198889',643,,12151,24,,,0
105019,'1199004',1416,,12152,24,,,0
105019,'1199054',1618,,12153,24,,,0
105019,'1199098',815,,12154,24,,,0
105019,'1199298',2343,,12155,24,,,0
105019,'1199347',2256,,12156,24,,,0
105019,'1199383',2243,,12157,24,,,0
105019,'1199400',1658,,12158,24,,,0
105019,'1199461',1816,,12159,24,,,0
105019,'1199511',1758,,12160,24,,,0
105019,'1199546',2056,,12161,24,,,0
105019,'1199574',1858,,12162,24,,,0
