105019,'1196946',933,,12117,87,,,0
105019,'1197049',1845,,12118,87,,,0
105019,'1197077',620,,12119,87,,,0
105019,'1197115',1230,,12120,87,,,0
105019,'1197131',733,,12121,87,,,0
105019,'1197173',1234,,12122,87,,,0
105019,'1197181',1049,,12123,87,,,0
105019,'1197192',2219,,12124,87,,,0
105019,'1197197',1530,,12125,87,,,0
105019,'1197292',1334,,12126,87,,,0
105019,'1197296',1630,,12127,87,,,0
105019,'1197531',1434,,12128,87,,,0
105019,'1197548',1949,,12129,87,,,0
105019,'1197557',1634,,12130,87,,,0
105019,'1197588',849,,12131,87,,,0
105019,'1197596',2119,,12132,87,,,0
105019,'1197617',1534,,12133,87,,,0
105019,'1197633',1249,,12134,87,,,0
105019,'1197710',827,,12135,87,,,0
105019,'1197779',1815,,12136,87,,,0
105019,'1197825',1445,,12137,87,,,0
105019,'1197971',1130,,12138,87,,,0
105019,'1198112',650,,12139,87,,,0
105019,'1198338',1134,,12140,87,,,0
105019,'1198380',2249,,12141,87,,,0
105019,'1198385',1745,,12142,87,,,0
105019,'1198553',1345,,12143,87,,,0
105019,'1198560',2049,,12144,87,,,0
105019,'1198571',1649,,12145,87,,,0
105019,'1198621',757,,12146,87,,,0
105019,'1198667',1027,,12147,87,,,0
105019,'1198717',1600,,12148,87,,,0
105019,'1198741',927,,12149,87,,,0
105019,'1198746',1915,,12150,87,,,0
105019,'1198889',720,,12151,87,,,0
105019,'1199004',1449,,12152,87,,,0
105019,'1199054',1700,,12153,87,,,0
105019,'1199098',857,,12154,87,,,0
105019,'1199298',2419,,12155,87,,,0
105019,'1199347',2333,,12156,87,,,0
105019,'1199383',2319,,12157,87,,,0
105019,'1199400',1734,,12158,87,,,0
105019,'1199461',1849,,12159,87,,,0
105019,'1199511',1834,,12160,87,,,0
105019,'1199546',2133,,12161,87,,,0
105019,'1199574',1934,,12162,87,,,0
106019,'1196832',957,,12209,30,,,0
106019,'1196841',727,,12210,30,,,0
106019,'1197348',842,,12211,30,,,0
106019,'1197389',1829,,12212,30,,,0
106019,'1197951',1559,,12213,30,,,0
106019,'1198120',1714,,12214,30,,,0
