104019,'1196891',2328,,12027,11,,,0
104019,'1197169',2404,,12028,11,,,0
104019,'1197256',1332,,12029,11,,,0
104019,'1197286',2128,,12030,11,,,0
104019,'1197298',1202,,12031,11,,,0
104019,'1197387',2229,,12032,11,,,0
104019,'1197452',1959,,12033,11,,,0
104019,'1197544',914,,12034,11,,,0
104019,'1197547',1229,,12035,11,,,0
104019,'1197640',1528,,12036,11,,,0
104019,'1197714',1759,,12037,11,,,0
104019,'1197725',2059,,12038,11,,,0
104019,'1197761',728,,12039,11,,,0
104019,'1197801',959,,12040,11,,,0
104019,'1197820',759,,12042,11,,,0
104019,'1197873',614,,12043,11,,,0
104019,'1197937',1459,,12044,11,,,0
104019,'1198060',1728,,12045,11,,,0
104019,'1198073',2344,,12046,11,,,0
104019,'1198077',2229,,12047,11,,,0
104019,'1198194',1117,,12048,11,,,0
104019,'1198253',1128,,12049,11,,,0
104019,'1198313',1502,,12050,11,,,0
104019,'1198322',1614,,12051,11,,,0
104019,'1198353',1247,,12052,11,,,0
104019,'1198411',928,,12053,11,,,0
104019,'1198567',1729,,12055,11,,,0
104019,'1198664',844,,12056,11,,,0
104019,'1198683',1344,,12057,11,,,0
104019,'1198738',1929,,12058,11,,,0
104019,'1198750',1928,,12059,11,,,0
104019,'1198780',844,,12060,11,,,0
104019,'1198913',1417,,12061,11,,,0
104019,'1198958',644,,12062,11,,,0
104019,'1199185',729,,12064,11,,,0
104019,'1199190',1114,,12065,11,,,0
104019,'1199331',1328,,12066,11,,,0
104019,'1199407',1844,,12067,11,,,0
104019,'1199459',1714,,12068,11,,,0
104019,'1199490',1632,,12069,11,,,0
104019,'1199539',959,,12070,11,,,0
104019,'1199564',729,,12071,11,,,0
104019,'1199583',1547,,12072,11,,,0
104019,'1199617',2114,,12073,11,,,0
