105029,'1196840',2318,,12163,55,,,0
105029,'1196987',1033,,12164,55,,,0
105029,'1196996',1706,,12165,55,,,0
105029,'1197020',1548,,12166,55,,,0
105029,'1197097',1806,,12167,55,,,0
105029,'1197137',2031,,12168,55,,,0
105029,'1197220',2018,,12169,55,,,0
105029,'1197228',1521,,12170,55,,,0
105029,'1197231',748,,12171,55,,,0
105029,'1197439',1148,,12172,55,,,0
105029,'1197501',1948,,12173,55,,,0
105029,'1197522',2148,,12174,55,,,0
105029,'1197561',1021,,12175,55,,,0
105029,'1197638',948,,12176,55,,,0
105029,'1197840',2118,,12177,55,,,0
105029,'1197853',2218,,12178,55,,,0
105029,'1197918',1848,,12179,55,,,0
105029,'1197968',2348,,12180,55,,,0
105029,'1198013',1348,,12181,55,,,0
105029,'1198037',1121,,12182,55,,,0
105029,'1198064',1833,,12183,55,,,0
105029,'1198187',1233,,12184,55,,,0
105029,'1198214',1748,,12185,55,,,0
105029,'1198417',1333,,12186,55,,,0
105029,'1198447',1736,,12187,55,,,0
105029,'1198529',1533,,12188,55,,,0
105029,'1198616',718,,12189,55,,,0
105029,'1198625',1636,,12190,55,,,0
105029,'1198711',1336,,12191,55,,,0
105029,'1198718',1551,,12192,55,,,0
105029,'1198725',1733,,12193,55,,,0
105029,'1198779',831,,12194,55,,,0
105029,'1198918',1433,,12195,55,,,0
105029,'1198922',2423,,12196,55,,,0
105029,'1198923',648,,12197,55,,,0
105029,'1199012',631,,12198,55,,,0
105029,'1199037',1421,,12199,55,,,0
105029,'1199107',1451,,12200,55,,,0
105029,'1199124',2431,,12201,55,,,0
105029,'1199144',1236,,12202,55,,,0
105029,'1199148',748,,12203,55,,,0
105029,'1199220',1133,,12204,55,,,0
105029,'1199470',2231,,12205,55,,,0
105029,'1199473',918,,12206,55,,,0
105029,'1199604',818,,12207,55,,,0
105029,'1199607',1633,,12208,55,,,0
