105019,'1196946',912,,12117,50,,,0
105019,'1197049',1821,,12118,50,,,0
105019,'1197077',559,,12119,50,,,0
105019,'1197115',1206,,12120,50,,,0
105019,'1197131',712,,12121,50,,,0
105019,'1197173',1214,,12122,50,,,0
105019,'1197181',1030,,12123,50,,,0
105019,'1197192',2159,,12124,50,,,0
105019,'1197197',1506,,12125,50,,,0
105019,'1197292',1314,,12126,50,,,0
105019,'1197296',1606,,12127,50,,,0
105019,'1197531',1414,,12128,50,,,0
105019,'1197548',1929,,12129,50,,,0
105019,'1197557',1614,,12130,50,,,0
105019,'1197588',830,,12131,50,,,0
105019,'1197596',2059,,12132,50,,,0
105019,'1197617',1514,,12133,50,,,0
105019,'1197633',1230,,12134,50,,,0
105019,'1197710',803,,12135,50,,,0
105019,'1197779',1751,,12136,50,,,0
105019,'1197825',1421,,12137,50,,,0
105019,'1197971',1106,,12138,50,,,0
105019,'1198112',629,,12139,50,,,0
105019,'1198338',1114,,12140,50,,,0
105019,'1198380',2230,,12141,50,,,0
105019,'1198385',1721,,12142,50,,,0
105019,'1198553',1321,,12143,50,,,0
105019,'1198560',2030,,12144,50,,,0
105019,'1198571',1630,,12145,50,,,0
105019,'1198621',733,,12146,50,,,0
105019,'1198667',1003,,12147,50,,,0
105019,'1198717',1536,,12148,50,,,0
105019,'1198741',903,,12149,50,,,0
105019,'1198746',1851,,12150,50,,,0
105019,'1198889',659,,12151,50,,,0
105019,'1199004',1430,,12152,50,,,0
105019,'1199054',1636,,12153,50,,,0
105019,'1199098',833,,12154,50,,,0
105019,'1199298',2359,,12155,50,,,0
105019,'1199347',2312,,12156,50,,,0
105019,'1199383',2259,,12157,50,,,0
105019,'1199400',1714,,12158,50,,,0
105019,'1199461',1830,,12159,50,,,0
105019,'1199511',1814,,12160,50,,,0
105019,'1199546',2112,,12161,50,,,0
105019,'1199574',1914,,12162,50,,,0
106019,'1196832',1007,,12209,47,4,,0
106019,'1196841',737,,12210,47,4,,0
106019,'1197348',852,,12211,47,4,,0
106019,'1197389',1839,,12212,47,4,,0
106019,'1197951',1609,,12213,47,4,,0
106019,'1198120',1724,,12214,47,4,,0
106029,'1196836',1609,,12215,1,,,0
106029,'1196851',1724,,12216,1,,,0
106029,'1197042',1007,,12217,1,,,0
106029,'1197408',1839,,12218,1,,,0
106029,'1198086',737,,12219,1,,,0
106029,'1198615',852,,12220,1,,,0
