105029,'1196840',2304,,12163,22,,,0
105029,'1196987',1019,,12164,22,,,0
105029,'1196996',1650,,12165,22,,,0
105029,'1197020',1535,,12166,22,,,0
105029,'1197097',1750,,12167,22,,,0
105029,'1197137',2017,,12168,22,,,0
105029,'1197220',2004,,12169,22,,,0
105029,'1197228',1505,,12170,22,,,0
105029,'1197231',734,,12171,22,,,0
105029,'1197439',1135,,12172,22,,,0
105029,'1197501',1935,,12173,22,,,0
105029,'1197522',2135,,12174,22,,,0
105029,'1197561',1005,,12175,22,,,0
105029,'1197638',935,,12176,22,,,0
105029,'1197840',2104,,12177,22,,,0
105029,'1197853',2204,,12178,22,,,0
105029,'1197918',1834,,12179,22,,,0
105029,'1197968',2335,,12180,22,,,0
105029,'1198013',1335,,12181,22,,,0
105029,'1198037',1105,,12182,22,,,0
105029,'1198064',1819,,12183,22,,,0
105029,'1198187',1219,,12184,22,,,0
105029,'1198214',1735,,12185,22,,,0
105029,'1198417',1319,,12186,22,,,0
105029,'1198447',1720,,12187,22,,,0
105029,'1198529',1519,,12188,22,,,0
105029,'1198616',704,,12189,22,,,0
105029,'1198625',1620,,12190,22,,,0
105029,'1198711',1320,,12191,22,,,0
105029,'1198718',1535,,12192,22,,,0
105029,'1198725',1719,,12193,22,,,0
105029,'1198779',817,,12194,22,,,0
105029,'1198918',1419,,12195,22,,,0
105029,'1198922',2409,,12196,22,,,0
105029,'1198923',634,,12197,22,,,0
105029,'1199012',617,,12198,22,,,0
105029,'1199037',1405,,12199,22,,,0
105029,'1199107',1435,,12200,22,,,0
105029,'1199124',2417,,12201,22,,,0
105029,'1199144',1220,,12202,22,,,0
105029,'1199148',735,,12203,22,,,0
105029,'1199220',1119,,12204,22,,,0
105029,'1199470',2217,,12205,22,,,0
105029,'1199473',904,,12206,22,,,0
105029,'1199604',804,,12207,22,,,0
105029,'1199607',1619,,12208,22,,,0
