2029,'1196924',1520,,10051,19,,,0
2029,'1196985',1205,,10052,19,,,0
2029,'1196991',2248,,10053,19,,,0
2029,'1197028',2048,,10054,19,,,0
2029,'1197134',1835,,10055,19,,,0
2029,'1197139',934,,10056,19,,,0
2029,'1197143',2335,,10057,19,,,0
2029,'1197168',1620,,10058,19,,,0
2029,'1197170',650,,10059,19,,,0
2029,'1197175',1505,,10060,19,,,0
2029,'1197208',1451,,10061,19,,,0
2029,'1197209',905,,10062,19,,,0
2029,'1197218',719,,10063,19,,,0
2029,'1197261',1635,,10064,19,,,0
2029,'1197268',1705,,10065,19,,,0
2029,'1197282',649,,10066,19,,,0
2029,'1197288',2148,,10067,19,,,0
2029,'1197331',1631,,10068,19,,,0
2029,'1197332',2218,,10069,19,,,0
2029,'1197367',1431,,10070,19,,,0
2029,'1197375',904,,10071,19,,,0
2029,'1197411',1049,,10072,19,,,0
2029,'1197419',1335,,10073,19,,,0
2029,'1197430',704,,10074,19,,,0
2029,'1197437',1004,,10075,19,,,0
2029,'1197491',1401,,10076,19,,,0
2029,'1197508',804,,10077,19,,,0
2029,'1197527',1251,,10078,19,,,0
2029,'1197534',1051,,10079,19,,,0
2029,'1197599',1650,,10080,19,,,0
2029,'1197642',749,,10081,19,,,0
2029,'1197644',1820,,10082,19,,,0
2029,'1197647',949,,10083,19,,,0
2029,'1197651',2344,,10084,19,,,0
2029,'1197655',2414,,10085,19,,,0
2029,'1197665',1035,,10086,19,,,0
2029,'1197667',1951,,10087,19,,,0
2029,'1197739',1720,,10088,19,,,0
2029,'1197769',1151,,10089,19,,,0
2029,'1197800',1019,,10090,19,,,0
2029,'1197808',2018,,10091,19,,,0
2029,'1197821',751,,10092,19,,,0
2029,'1197871',819,,10093,19,,,0
2029,'1197901',849,,10094,19,,,0
2029,'1197910',1750,,10095,19,,,0
2029,'1198003',1105,,10096,19,,,0
2029,'1198023',1234,,10097,19,,,0
2029,'1198042',851,,10098,19,,,0
2029,'1198045',2251,,10099,19,,,0
2029,'1198089',919,,10100,19,,,0
2029,'1198144',1034,,10101,19,,,0
2029,'1198156',2318,,10102,19,,,0
2029,'1198168',2035,,10103,19,,,0
2029,'1198184',951,,10104,19,,,0
2029,'1198213',1420,,10105,19,,,0
2029,'1198215',1835,,10106,19,,,0
2029,'1198275',1149,,10107,19,,,0
2029,'1198291',1104,,10108,19,,,0
2029,'1198335',1948,,10109,19,,,0
2029,'1198359',1331,,10110,19,,,0
2029,'1198433',1350,,10111,19,,,0
2029,'1198455',1231,,10112,19,,,0
2029,'1198473',1801,,10113,19,,,0
2029,'1198494',1731,,10114,19,,,0
2029,'1198537',1751,,10115,19,,,0
2029,'1198581',1135,,10116,19,,,0
2029,'1198603',1551,,10117,19,,,0
2029,'1198608',950,,10118,19,,,0
2029,'1198619',2420,,10119,19,,,0
2029,'1198682',1435,,10120,19,,,0
2029,'1198743',2250,,10121,19,,,0
2029,'1198838',1351,,10122,19,,,0
2029,'1198840',1501,,10123,19,,,0
2029,'1198841',734,,10124,19,,,0
2029,'1198851',2118,,10125,19,,,0
2029,'1198854',1204,,10126,19,,,0
2029,'1198870',735,,10127,19,,,0
2029,'1198967',2351,,10128,19,,,0
2029,'1199005',1605,,10129,19,,,0
2029,'1199023',1531,,10130,19,,,0
2029,'1199042',1950,,10131,19,,,0
2029,'1199046',1848,,10132,19,,,0
2029,'1199049',1119,,10133,19,,,0
2029,'1199063',1320,,10134,19,,,0
2029,'1199099',1305,,10135,19,,,0
2029,'1199116',1735,,10136,19,,,0
2029,'1199173',1601,,10137,19,,,0
2029,'1199237',2151,,10138,19,,,0
2029,'1199240',834,,10139,19,,,0
2029,'1199269',1250,,10140,19,,,0
2029,'1199288',1550,,10141,19,,,0
2029,'1199299',2205,,10142,19,,,0
2029,'1199305',1219,,10143,19,,,0
2029,'1199316',1805,,10144,19,,,0
2029,'1199329',1651,,10145,19,,,0
2029,'1199333',820,,10146,19,,,0
2029,'1199335',1301,,10147,19,,,0
2029,'1199398',2051,,10148,19,,,0
2029,'1199466',1918,,10149,19,,,0
2029,'1199478',1851,,10150,19,,,0
2029,'1199484',1535,,10151,19,,,0
2029,'1199542',2434,,10152,19,,,0
2029,'1199552',1405,,10153,19,,,0
2029,'1199560',1905,,10154,19,,,0
2029,'1199580',2120,,10155,19,,,0
2029,'1199620',1450,,10156,19,,,0
2029,'1199621',1134,,10157,19,,,0
2029,'1199635',1701,,10158,19,,,0
12019,'1196839',2135,,10650,34,,,0
12019,'1196874',1137,,10651,34,,,0
12019,'1196885',1637,,10652,34,,,0
12019,'1196887',1607,,10653,34,,,0
12019,'1196940',1337,,10654,34,,,0
12019,'1196983',1935,,10655,34,,,0
12019,'1197026',2235,,10656,34,,,0
12019,'1197080',1835,,10657,34,,,0
12019,'1197104',1905,,10658,34,,,0
12019,'1197223',1807,,10659,34,,,0
12019,'1197306',1207,,10660,34,,,0
12019,'1197322',805,,10661,34,,,0
12019,'1197334',1637,,10662,34,,,0
12019,'1197339',1805,,10663,34,,,0
12019,'1197433',1005,,10664,34,,,0
12019,'1197490',1707,,10665,34,,,0
12019,'1197525',1607,,10666,34,,,0
12019,'1197602',906,,10667,34,,,0
12019,'1197615',1237,,10668,34,,,0
12019,'1197664',1807,,10669,34,,,0
12019,'1197701',2405,,10670,34,,,0
12019,'1197765',2405,,10671,34,,,0
12019,'1197813',1107,,10672,34,,,0
12019,'1197824',1305,,10673,34,,,0
12019,'1197891',2105,,10674,34,,,0
12019,'1197911',2005,,10675,34,,,0
12019,'1197945',1905,,10676,34,,,0
12019,'1197989',1507,,10677,34,,,0
12019,'1197991',1205,,10678,34,,,0
12019,'1198031',706,,10679,34,,,0
12019,'1198072',1405,,10680,34,,,0
12019,'1198097',1605,,10681,34,,,0
12019,'1198121',1707,,10682,34,,,0
12019,'1198127',1107,,10683,34,,,0
12019,'1198171',2205,,10684,34,,,0
12019,'1198224',2305,,10685,34,,,0
12019,'1198250',1337,,10686,34,,,0
12019,'1198260',1437,,10687,34,,,0
12019,'1198263',936,,10688,34,,,0
12019,'1198283',1537,,10689,34,,,0
12019,'1198358',1505,,10690,34,,,0
12019,'1198421',905,,10691,34,,,0
12019,'1198427',1237,,10692,34,,,0
12019,'1198442',1737,,10693,34,,,0
12019,'1198497',2205,,10694,34,,,0
12019,'1198582',905,,10695,34,,,0
12019,'1198588',636,,10696,34,,,0
12019,'1198592',1737,,10697,34,,,0
12019,'1198618',1105,,10698,34,,,0
12019,'1198712',1207,,10699,34,,,0
12019,'1198727',1407,,10700,34,,,0
12019,'1198773',1407,,10701,34,,,0
12019,'1198774',1137,,10702,34,,,0
12019,'1198819',2335,,10703,34,,,0
12019,'1198842',1006,,10704,34,,,0
12019,'1198884',2005,,10705,34,,,0
12019,'1198912',805,,10706,34,,,0
12019,'1198945',1005,,10707,34,,,0
12019,'1199167',736,,10708,34,,,0
12019,'1199197',2105,,10709,34,,,0
12019,'1199223',1307,,10710,34,,,0
12019,'1199224',707,,10711,34,,,0
12019,'1199251',1036,,10712,34,,,0
12019,'1199291',1537,,10713,34,,,0
12019,'1199315',1307,,10714,34,,,0
12019,'1199416',2305,,10715,34,,,0
12019,'1199495',1437,,10716,34,,,0
12019,'1199513',836,,10717,34,,,0
12019,'1199578',1507,,10718,34,,,0
12019,'1199610',2035,,10719,34,,,0
12019,'1199616',806,,10720,34,,,0
12019,'1199625',1705,,10721,34,,,0
