12019,'1196839',2123,,10650,11,,,0
12019,'1196874',1124,,10651,11,,,0
12019,'1196885',1624,,10652,11,,,0
12019,'1196887',1554,,10653,11,,,0
12019,'1196940',1324,,10654,11,,,0
12019,'1196983',1923,,10655,11,,,0
12019,'1197026',2223,,10656,11,,,0
12019,'1197080',1823,,10657,11,,,0
12019,'1197104',1853,,10658,11,,,0
12019,'1197223',1754,,10659,11,,,0
12019,'1197306',1154,,10660,11,,,0
12019,'1197322',753,,10661,11,,,0
12019,'1197334',1624,,10662,11,,,0
12019,'1197339',1753,,10663,11,,,0
12019,'1197433',953,,10664,11,,,0
12019,'1197490',1654,,10665,11,,,0
12019,'1197525',1554,,10666,11,,,0
12019,'1197602',853,,10667,11,,,0
12019,'1197615',1224,,10668,11,,,0
12019,'1197664',1754,,10669,11,,,0
12019,'1197701',2353,,10670,11,,,0
12019,'1197765',2353,,10671,11,,,0
12019,'1197813',1054,,10672,11,,,0
12019,'1197824',1253,,10673,11,,,0
12019,'1197891',2053,,10674,11,,,0
12019,'1197911',1953,,10675,11,,,0
12019,'1197945',1853,,10676,11,,,0
12019,'1197989',1454,,10677,11,,,0
12019,'1197991',1153,,10678,11,,,0
12019,'1198031',653,,10679,11,,,0
12019,'1198072',1353,,10680,11,,,0
12019,'1198097',1553,,10681,11,,,0
12019,'1198121',1654,,10682,11,,,0
12019,'1198127',1054,,10683,11,,,0
12019,'1198171',2153,,10684,11,,,0
12019,'1198224',2253,,10685,11,,,0
12019,'1198250',1324,,10686,11,,,0
12019,'1198260',1424,,10687,11,,,0
12019,'1198263',923,,10688,11,,,0
12019,'1198283',1524,,10689,11,,,0
12019,'1198358',1453,,10690,11,,,0
12019,'1198421',853,,10691,11,,,0
12019,'1198427',1224,,10692,11,,,0
12019,'1198442',1724,,10693,11,,,0
12019,'1198497',2153,,10694,11,,,0
12019,'1198582',853,,10695,11,,,0
12019,'1198588',623,,10696,11,,,0
12019,'1198592',1724,,10697,11,,,0
12019,'1198618',1053,,10698,11,,,0
12019,'1198712',1154,,10699,11,,,0
12019,'1198727',1354,,10700,11,,,0
12019,'1198773',1354,,10701,11,,,0
12019,'1198774',1124,,10702,11,,,0
12019,'1198819',2323,,10703,11,,,0
12019,'1198842',953,,10704,11,,,0
12019,'1198884',1953,,10705,11,,,0
12019,'1198912',753,,10706,11,,,0
12019,'1198945',953,,10707,11,,,0
12019,'1199167',723,,10708,11,,,0
12019,'1199197',2053,,10709,11,,,0
12019,'1199223',1254,,10710,11,,,0
12019,'1199224',655,,10711,11,,,0
12019,'1199251',1023,,10712,11,,,0
12019,'1199291',1524,,10713,11,,,0
12019,'1199315',1254,,10714,11,,,0
12019,'1199416',2253,,10715,11,,,0
12019,'1199495',1424,,10716,11,,,0
12019,'1199513',823,,10717,11,,,0
12019,'1199578',1454,,10718,11,,,0
12019,'1199610',2023,,10719,11,,,0
12019,'1199616',753,,10720,11,,,0
12019,'1199625',1653,,10721,11,,,0
