13019,'1196852',1340,,10793,34,,,0
13019,'1196856',1738,,10794,34,,,0
13019,'1196922',637,,10795,8,,,0
13019,'1196999',939,,10796,34,,,0
13019,'1197035',638,,10797,34,,,0
13019,'1197132',1510,,10798,34,,,0
13019,'1197251',1610,,10799,34,,,0
13019,'1197279',738,,10800,34,,,0
13019,'1197353',2308,,10801,34,,,0
13019,'1197357',1838,,10802,34,,,0
13019,'1197451',2238,,10803,34,,,0
13019,'1197487',839,,10804,34,,,0
13019,'1197555',1640,,10805,34,,,0
13019,'1197570',938,,10806,34,,,0
13019,'1197575',1638,,10807,34,,,0
13019,'1197641',2038,,10808,34,,,0
13019,'1197645',1710,,10809,34,,,0
13019,'1197648',708,,10810,34,,,0
13019,'1197690',1638,,10811,34,,,0
13019,'1197692',1740,,10812,34,,,0
13019,'1197730',1440,,10813,34,,,0
13019,'1197762',2413,,10814,34,,,0
13019,'1197803',738,,10815,34,,,0
13019,'1197834',1238,,10816,34,,,0
13019,'1197854',2038,,10817,34,,,0
13019,'1197962',1338,,10818,34,,,0
13019,'1197975',1041,,10819,34,,,0
13019,'1198041',1138,,10820,34,,,0
13019,'1198094',1808,,10821,34,,,0
13019,'1198160',838,,10822,34,,,0
13019,'1198201',1238,,10823,34,,,0
13019,'1198243',1838,,10824,34,,,0
13019,'1198290',2208,,10825,34,,,0
13019,'1198352',738,,10826,34,,,0
13019,'1198355',1908,,10827,34,,,0
13019,'1198382',808,,10828,34,,,0
13019,'1198402',2238,,10829,34,,,0
13019,'1198552',2138,,10830,34,,,0
13019,'1198554',1938,,10831,34,,,0
13019,'1198602',1138,,10832,34,,,0
13019,'1198611',2008,,10833,34,,,0
13019,'1198630',1540,,10834,34,,,0
13019,'1198675',1240,,10835,34,,,0
13019,'1198690',608,,10836,8,,,0
13019,'1198716',1038,,10837,34,,,0
13019,'1198729',1008,,10838,34,,,0
13019,'1198761',1338,,10839,34,,,0
13019,'1198778',938,,10840,34,,,0
13019,'1198837',2338,,10841,34,,,0
13019,'1198874',1140,,10842,34,,,0
13019,'1198888',909,,10843,34,,,0
13019,'1199044',838,,10844,34,,,0
13019,'1199123',1038,,10845,34,,,0
13019,'1199151',1438,,10846,34,,,0
13019,'1199233',1438,,10847,34,,,0
13019,'1199276',1538,,10848,34,,,0
13019,'1199284',2108,,10849,34,,,0
13019,'1199418',1938,,10850,34,,,0
13019,'1199448',1738,,10851,34,,,0
13019,'1199536',2138,,10852,34,,,0
13019,'1199588',2338,,10853,34,,,0
13019,'1199631',1538,,10854,34,,,0
