14029,'1196849',1722,,10975,13,,,0
14029,'1196912',752,,10976,13,,,0
14029,'1197024',1522,,10977,13,,,0
14029,'1197041',2322,,10978,13,,,0
14029,'1197050',1622,,10979,13,,,0
14029,'1197119',1722,,10980,13,,,0
14029,'1197130',2222,,10981,13,,,0
14029,'1197219',1522,,10982,13,,,0
14029,'1197237',1322,,10983,13,,,0
14029,'1197250',622,,10984,13,,,0
14029,'1197265',1752,,10985,13,,,0
14029,'1197310',2222,,10986,13,,,0
14029,'1197323',1322,,10987,13,,,0
14029,'1197440',2122,,10988,13,,,0
14029,'1197456',1522,,10989,13,,,0
14029,'1197472',1122,,10990,13,,,0
14029,'1197493',1852,,10991,13,,,0
14029,'1197512',1622,,10992,13,,,0
14029,'1197515',1422,,10993,13,,,0
14029,'1197597',722,,10994,13,,,0
14029,'1197605',2252,,10995,13,,,0
14029,'1197639',1222,,10996,13,,,0
14029,'1197699',1952,,10997,13,,,0
14029,'1197717',1722,,10998,13,,,0
14029,'1197738',1022,,10999,13,,,0
14029,'1197809',1622,,11000,13,,,0
14029,'1197863',2357,,11001,13,,,0
14029,'1197882',1422,,11002,13,,,0
14029,'1197961',1222,,11003,13,,,0
14029,'1198040',1022,,11004,13,,,0
14029,'1198078',1122,,11005,13,,,0
14029,'1198100',852,,11006,13,,,0
14029,'1198198',2152,,11007,13,,,0
14029,'1198204',2052,,11008,13,,,0
14029,'1198269',652,,11009,13,,,0
14029,'1198326',922,,11010,13,,,0
14029,'1198404',722,,11011,13,,,0
14029,'1198426',2122,,11012,13,,,0
14029,'1198570',822,,11013,13,,,0
14029,'1198612',2322,,11014,13,,,0
14029,'1198728',822,,11015,13,,,0
14029,'1198772',1822,,11016,13,,,0
14029,'1198830',922,,11017,13,,,0
14029,'1198941',1122,,11018,13,,,0
14029,'1198956',1422,,11019,13,,,0
14029,'1199040',2022,,11020,13,,,0
14029,'1199065',1222,,11021,13,,,0
14029,'1199076',1822,,11022,13,,,0
14029,'1199083',1652,,11023,13,,,0
14029,'1199184',922,,11024,13,,,0
14029,'1199200',822,,11025,13,,,0
14029,'1199222',1552,,11026,13,,,0
14029,'1199266',1322,,11027,13,,,0
14029,'1199447',1922,,11028,13,,,0
14029,'1199472',2022,,11029,13,,,0
14029,'1199520',1022,,11030,13,,,0
14029,'1199554',722,,11031,13,,,0
14029,'1199573',1922,,11032,13,,,0
14029,'1199643',1452,,11033,13,,,0
