105029,'1196840',2317,,12163,53,,,0
105029,'1196987',1032,,12164,53,,,0
105029,'1196996',1705,,12165,53,,,0
105029,'1197020',1548,,12166,53,,,0
105029,'1197097',1805,,12167,53,,,0
105029,'1197137',2030,,12168,53,,,0
105029,'1197220',2017,,12169,53,,,0
105029,'1197228',1520,,12170,53,,,0
105029,'1197231',747,,12171,53,,,0
105029,'1197439',1148,,12172,53,,,0
105029,'1197501',1948,,12173,53,,,0
105029,'1197522',2148,,12174,53,,,0
105029,'1197561',1020,,12175,53,,,0
105029,'1197638',948,,12176,53,,,0
105029,'1197840',2117,,12177,53,,,0
105029,'1197853',2217,,12178,53,,,0
105029,'1197918',1847,,12179,53,,,0
105029,'1197968',2348,,12180,53,,,0
105029,'1198013',1348,,12181,53,,,0
105029,'1198037',1120,,12182,53,,,0
105029,'1198064',1832,,12183,53,,,0
105029,'1198187',1232,,12184,53,,,0
105029,'1198214',1748,,12185,53,,,0
105029,'1198417',1332,,12186,53,,,0
105029,'1198447',1735,,12187,53,,,0
105029,'1198529',1532,,12188,53,,,0
105029,'1198616',717,,12189,53,,,0
105029,'1198625',1635,,12190,53,,,0
105029,'1198711',1335,,12191,53,,,0
105029,'1198718',1550,,12192,53,,,0
105029,'1198725',1732,,12193,53,,,0
105029,'1198779',830,,12194,53,,,0
105029,'1198918',1432,,12195,53,,,0
105029,'1198922',2422,,12196,53,,,0
105029,'1198923',647,,12197,53,,,0
105029,'1199012',630,,12198,53,,,0
105029,'1199037',1420,,12199,53,,,0
105029,'1199107',1450,,12200,53,,,0
105029,'1199124',2430,,12201,53,,,0
105029,'1199144',1235,,12202,53,,,0
105029,'1199148',748,,12203,53,,,0
105029,'1199220',1132,,12204,53,,,0
105029,'1199470',2230,,12205,53,,,0
105029,'1199473',917,,12206,53,,,0
105029,'1199604',817,,12207,53,,,0
105029,'1199607',1632,,12208,53,,,0
