11019,'1196979',1340,,10448,28,,,0
11019,'1197040',1707,,10449,28,,,0
11019,'1197065',1525,,10450,28,,,0
11019,'1197103',1924,,10451,28,,,0
11019,'1197109',1337,,10452,28,,,0
11019,'1197110',739,,10453,28,,,0
11019,'1197145',2037,,10454,28,,,0
11019,'1197180',1240,,10455,28,,,0
11019,'1197201',954,,10456,28,,,0
11019,'1197211',738,,10457,28,0,5 6,0
11019,'1197221',1640,,10458,28,,,0
11019,'1197227',1225,,10459,28,,,0
11019,'1197254',1555,,10460,28,,,0
11019,'1197259',2337,,10461,28,,,0
11019,'1197278',2354,,10462,28,,,0
11019,'1197283',924,,10463,28,,,0
11019,'1197316',2038,,10464,28,0,5 6,0
11019,'1197320',1837,,10465,28,,,0
11019,'1197325',2254,,10466,28,,,0
11019,'1197329',1037,,10467,28,,,0
11019,'1197333',1009,,10468,28,,,0
11019,'1197344',1954,,10469,28,,,0
11019,'1197354',1124,,10470,28,,,0
11019,'1197406',2238,,10471,28,0,5 6,0
11019,'1197447',2024,,10472,28,,,0
11019,'1197477',2124,,10473,28,,,0
11019,'1197495',1537,,10474,28,,,0
11019,'1197504',2054,,10475,28,,,0
11019,'1197634',837,,10476,28,,,0
11019,'1197652',1154,,10477,28,,,0
11019,'1197663',1325,,10478,28,,,0
11019,'1197722',1725,,10479,28,,,0
11019,'1197727',1824,,10480,28,,,0
11019,'1197728',1638,,10481,28,0,5 6,0
11019,'1197785',937,,10482,28,,,0
11019,'1197855',1854,,10483,28,,,0
11019,'1197865',1655,,10484,28,,,0
11019,'1197880',1507,,10485,28,,,0
11019,'1197889',724,,10486,28,,,0
11019,'1197896',939,,10487,28,,,0
11019,'1197926',1238,,10488,28,0,5 6,0
11019,'1197981',1307,,10489,28,,,0
11019,'1198019',1310,,10490,28,,,0
11019,'1198026',1425,,10491,28,,,0
11019,'1198029',1838,,10492,28,0,5 6,0
11019,'1198038',1737,,10493,28,,,0
11019,'1198149',1137,,10494,28,,,0
11019,'1198166',1538,,10495,28,0,5 6,0
11019,'1198188',1438,,10496,28,0,5 6,0
11019,'1198219',1510,,10497,28,,,0
11019,'1198297',1255,,10498,28,,,0
11019,'1198308',1338,,10499,28,0,5 6,0
11019,'1198327',1740,,10500,28,,,0
11019,'1198365',1038,,10501,28,0,5 6,0
11019,'1198374',737,,10502,28,,,0
11019,'1198401',1938,,10503,28,0,5 6,0
11019,'1198413',2224,,10504,28,,,0
11019,'1198423',1209,,10505,28,,,0
11019,'1198472',854,,10506,28,,,0
11019,'1198605',1138,,10507,28,0,5 6,0
11019,'1198624',1207,,10508,28,,,0
11019,'1198627',2154,,10509,28,,,0
11019,'1198668',909,,10510,28,,,0
11019,'1198671',1440,,10511,28,,,0
11019,'1198695',1625,,10512,28,,,0
11019,'1198698',838,,10513,28,0,5 6,0
11019,'1198701',824,,10514,28,,,0
11019,'1198713',639,,10515,28,,,0
11019,'1198737',1637,,10516,28,,,0
11019,'1198753',2414,,10517,28,,,0
11019,'1198806',1610,,10518,28,,,0
11019,'1198894',754,,10519,28,,,0
11019,'1198896',1410,,10520,28,,,0
11019,'1198957',1710,,10521,28,,,0
11019,'1198963',1237,,10522,28,,,0
11019,'1199015',2338,,10523,28,0,5 6,0
11019,'1199020',1024,,10524,28,,,0
11019,'1199072',1455,,10525,28,,,0
11019,'1199077',809,,10526,28,,,0
11019,'1199162',1540,,10527,28,,,0
11019,'1199164',654,,10528,28,,,0
11019,'1199175',1407,,10529,28,,,0
11019,'1199179',2237,,10530,28,,,0
11019,'1199209',1355,,10531,28,,,0
11019,'1199218',2324,,10532,28,,,0
11019,'1199260',1738,,10533,28,0,5 6,0
11019,'1199285',709,,10534,28,,,0
11019,'1199336',1437,,10535,28,,,0
11019,'1199342',1937,,10536,28,,,0
11019,'1199350',938,,10537,28,0,5 6,0
11019,'1199361',1139,,10538,28,,,0
11019,'1199369',1054,,10539,28,,,0
11019,'1199392',1755,,10540,28,,,0
11019,'1199420',839,,10541,28,,,0
11019,'1199430',2137,,10542,28,,,0
11019,'1199452',1607,,10543,28,,,0
11019,'1199483',1810,,10544,28,,,0
11019,'1199518',1109,,10545,28,,,0
11019,'1199575',2138,,10546,28,0,5 6,0
11019,'1199637',1039,,10547,28,,,0
22029,'1196872',1456,,11159,7,,,0
22029,'1197509',1055,,11160,7,,,0
22029,'1197841',1256,,11161,7,,,0
22029,'1198320',1425,,11162,7,,,0
22029,'1198325',1825,,11163,7,,,0
22029,'1198632',1025,,11164,7,,,0
22029,'1198895',1625,,11165,7,,,0
22029,'1199147',855,,11166,7,,,0
22029,'1199241',1225,,11167,7,,,0
22029,'1199309',824,,11168,7,,,0
140001029,'1196879',628,,12358,21,,,0
140001029,'1196954',959,,12359,21,,,0
140001029,'1196975',1031,,12360,21,,,0
140001029,'1196976',2328,,12361,21,,,0
140001029,'1197010',1346,,12362,21,,,0
140001029,'1197038',1116,,12363,21,,,0
140001029,'1197058',1843,,12364,21,,,0
140001029,'1197078',1129,,12365,21,,,0
140001029,'1197099',2258,,12366,21,,,0
140001029,'1197105',2329,,12367,21,,,0
140001029,'1197113',858,,12368,21,,,0
140001029,'1197141',1447,,12369,21,,,0
140001029,'1197155',1744,,12370,21,,,0
140001029,'1197162',943,,12371,21,,,0
140001029,'1197190',1602,,12372,21,,,0
140001029,'1197195',1702,,12373,21,,,0
140001029,'1197198',1402,,12374,21,,,0
140001029,'1197204',929,,12375,21,,,0
140001029,'1197222',1231,,12376,21,,,0
140001029,'1197249',1229,,12377,21,,,0
140001029,'1197271',1945,,12378,21,,,0
140001029,'1197276',1059,,12379,21,,,0
140001029,'1197293',1517,,12380,21,,,0
140001029,'1197305',1529,,12381,21,,,0
140001029,'1197370',1216,,12382,21,,,0
140001029,'1197377',2228,,12383,21,,,0
140001029,'1197379',758,,12384,21,,,0
140001029,'1197386',1829,,12385,21,,,0
140001029,'1197424',2058,,12386,21,,,0
140001029,'1197426',1014,,12387,21,,,0
140001029,'1197432',958,,12388,21,,,0
140001029,'1197460',2228,,12389,21,,,0
140001029,'1197482',629,,12390,21,,,0
140001029,'1197494',2403,,12391,21,,,0
140001029,'1197497',1659,,12392,21,,,0
140001029,'1197568',1329,,12393,21,,,0
140001029,'1197611',2258,,12394,21,,,0
140001029,'1197612',1547,,12395,21,,,0
140001029,'1197619',1828,,12396,21,,,0
140001029,'1197627',843,,12397,21,,,0
140001029,'1197635',2229,,12398,21,,,0
140001029,'1197649',1331,,12399,21,,,0
140001029,'1197658',1929,,12400,21,,,0
140001029,'1197662',1101,,12401,21,,,0
140001029,'1197723',929,,12402,21,,,0
140001029,'1197758',1246,,12403,21,,,0
140001029,'1197776',2030,,12404,21,,,0
140001029,'1197849',2158,,12405,21,,,0
140001029,'1197888',1958,,12406,21,,,0
140001029,'1197928',1429,,12407,21,,,0
140001029,'1197938',1417,,12408,21,,,0
140001029,'1197948',1502,,12409,21,,,0
140001029,'1197957',1614,,12410,21,,,0
140001029,'1197967',1717,,12411,21,,,0
140001029,'1197972',1559,,12412,21,,,0
140001029,'1197983',728,,12413,21,,,0
140001029,'1198007',2128,,12414,21,,,0
140001029,'1198048',743,,12415,21,,,0
140001029,'1198049',713,,12416,21,,,0
140001029,'1198081',1259,,12417,21,,,0
140001029,'1198099',944,,12418,21,,,0
140001029,'1198101',1131,,12419,21,,,0
140001029,'1198102',829,,12420,21,,,0
140001029,'1198131',2029,,12421,21,,,0
140001029,'1198132',1029,,12422,21,,,0
140001029,'1198186',1759,,12423,21,,,0
140001029,'1198207',658,,12424,21,,,0
140001029,'1198209',913,,12425,21,,,0
140001029,'1198299',1159,,12426,21,,,0
140001029,'1198347',643,,12427,21,,,0
140001029,'1198350',1915,,12428,21,,,0
140001029,'1198371',1432,,12429,21,,,0
140001029,'1198391',2045,,12430,21,,,0
140001029,'1198425',2028,,12431,21,,,0
140001029,'1198451',2358,,12432,21,,,0
140001029,'1198469',1629,,12433,21,,,0
140001029,'1198505',1429,,12434,21,,,0
140001029,'1198517',1201,,12435,21,,,0
140001029,'1198540',729,,12436,21,,,0
140001029,'1198546',1029,,12437,21,,,0
140001029,'1198572',1544,,12438,21,,,0
140001029,'1198636',813,,12439,21,,,0
140001029,'1198643',1229,,12440,21,,,0
140001029,'1198645',1729,,12441,21,,,0
140001029,'1198655',759,,12442,21,,,0
140001029,'1198697',859,,12443,21,,,0
140001029,'1198757',1629,,12444,21,,,0
140001029,'1198770',2000,,12445,21,,,0
140001029,'1198787',1617,,12446,21,,,0
140001029,'1198789',1930,,12447,21,,,0
140001029,'1198794',1046,,12448,21,,,0
140001029,'1198796',2158,,12449,21,,,0
140001029,'1198802',1114,,12450,21,,,0
140001029,'1198817',1514,,12451,21,,,0
140001029,'1198824',1146,,12452,21,,,0
140001029,'1198860',1813,,12453,21,,,0
140001029,'1198934',1714,,12454,21,,,0
140001029,'1198970',1747,,12455,21,,,0
140001029,'1198973',928,,12456,21,,,0
140001029,'1198981',1830,,12457,21,,,0
140001029,'1198986',2328,,12458,21,,,0
140001029,'1198999',1344,,12459,21,,,0
140001029,'1199001',729,,12460,21,,,0
140001029,'1199006',828,,12461,21,,,0
140001029,'1199010',1800,,12462,21,,,0
140001029,'1199031',1214,,12463,21,,,0
140001029,'1199086',1016,,12464,21,,,0
140001029,'1199101',659,,12465,21,,,0
140001029,'1199110',1144,,12466,21,,,0
140001029,'1199113',1644,,12467,21,,,0
140001029,'1199128',1044,,12468,21,,,0
140001029,'1199156',1928,,12469,21,,,0
140001029,'1199174',1316,,12470,21,,,0
140001029,'1199189',829,,12471,21,,,0
140001029,'1199191',1815,,12472,21,,,0
140001029,'1199203',2100,,12473,21,,,0
140001029,'1199247',1647,,12474,21,,,0
140001029,'1199259',1845,,12475,21,,,0
140001029,'1199261',1414,,12476,21,,,0
140001029,'1199275',1532,,12477,21,,,0
140001029,'1199283',1329,,12478,21,,,0
140001029,'1199312',1244,,12479,21,,,0
140001029,'1199341',2015,,12480,21,,,0
140001029,'1199351',1314,,12481,21,,,0
140001029,'1199395',1732,,12482,21,,,0
140001029,'1199415',1858,,12483,21,,,0
140001029,'1199446',1900,,12484,21,,,0
140001029,'1199456',1529,,12485,21,,,0
140001029,'1199465',1729,,12486,21,,,0
140001029,'1199469',2128,,12487,21,,,0
140001029,'1199481',1632,,12488,21,,,0
140001029,'1199494',1459,,12489,21,,,0
140001029,'1199502',1359,,12490,21,,,0
140001029,'1199522',1444,,12491,21,,,0
140001029,'1199528',2129,,12492,21,,,0
140001029,'1199569',1129,,12493,21,,,0
140001029,'1199608',1301,,12494,21,,,0
