105029,'1196840',2304,,12163,21,,,0
105029,'1196987',1019,,12164,21,,,0
105029,'1196996',1650,,12165,21,,,0
105029,'1197020',1534,,12166,21,,,0
105029,'1197097',1750,,12167,21,,,0
105029,'1197137',2017,,12168,21,,,0
105029,'1197220',2004,,12169,21,,,0
105029,'1197228',1505,,12170,21,,,0
105029,'1197231',734,,12171,21,,,0
105029,'1197439',1134,,12172,21,,,0
105029,'1197501',1934,,12173,21,,,0
105029,'1197522',2134,,12174,21,,,0
105029,'1197561',1005,,12175,21,,,0
105029,'1197638',934,,12176,21,,,0
105029,'1197840',2104,,12177,21,,,0
105029,'1197853',2204,,12178,21,,,0
105029,'1197918',1834,,12179,21,,,0
105029,'1197968',2334,,12180,21,,,0
105029,'1198013',1334,,12181,21,,,0
105029,'1198037',1105,,12182,21,,,0
105029,'1198064',1819,,12183,21,,,0
105029,'1198187',1219,,12184,21,,,0
105029,'1198214',1734,,12185,21,,,0
105029,'1198417',1319,,12186,21,,,0
105029,'1198447',1720,,12187,21,,,0
105029,'1198529',1519,,12188,21,,,0
105029,'1198616',704,,12189,21,,,0
105029,'1198625',1620,,12190,21,,,0
105029,'1198711',1320,,12191,21,,,0
105029,'1198718',1535,,12192,21,,,0
105029,'1198725',1719,,12193,21,,,0
105029,'1198779',817,,12194,21,,,0
105029,'1198918',1419,,12195,21,,,0
105029,'1198922',2409,,12196,21,,,0
105029,'1198923',634,,12197,21,,,0
105029,'1199012',617,,12198,21,,,0
105029,'1199037',1405,,12199,21,,,0
105029,'1199107',1435,,12200,21,,,0
105029,'1199124',2417,,12201,21,,,0
105029,'1199144',1220,,12202,21,,,0
105029,'1199148',734,,12203,21,,,0
105029,'1199220',1119,,12204,21,,,0
105029,'1199470',2217,,12205,21,,,0
105029,'1199473',904,,12206,21,,,0
105029,'1199604',804,,12207,21,,,0
105029,'1199607',1619,,12208,21,,,0
