28029,'1196904',1707,,11696,3,,,0
28029,'1196938',2107,,11697,3,,,0
28029,'1196995',1022,,11698,3,,,0
28029,'1196997',822,,11699,3,,,0
28029,'1197017',1208,,11700,3,,,0
28029,'1197036',2207,,11701,3,,,0
28029,'1197051',1107,,11702,3,,,0
28029,'1197111',2407,,11703,3,,,0
28029,'1197182',2122,,11704,3,,,0
28029,'1197232',2322,,11705,3,,,0
28029,'1197236',1222,,11706,3,,,0
28029,'1197308',922,,11707,3,,,0
28029,'1197374',1508,,11708,3,,,0
28029,'1197466',1408,,11709,3,,,0
28029,'1197513',652,,11710,3,,,0
28029,'1197529',1347,,11711,3,,,0
28029,'1197584',1322,,11712,3,,,0
28029,'1197623',1247,,11713,3,,,0
28029,'1197715',2247,,11714,3,,,0
28029,'1197789',1807,,11715,3,,,0
28029,'1197906',1652,,11716,3,,,0
28029,'1197943',2022,,11717,3,,,0
28029,'1197949',2222,,11718,3,,,0
28029,'1197963',1122,,11719,3,,,0
28029,'1198258',1747,,11720,3,,,0
28029,'1198259',807,,11721,3,,,0
28029,'1198301',1622,,11722,3,,,0
28029,'1198316',2047,,11723,3,,,0
28029,'1198478',1947,,11724,3,,,0
28029,'1198489',2007,,11725,3,,,0
28029,'1198525',1822,,11726,3,,,0
28029,'1198555',1847,,11727,3,,,0
28029,'1198617',1426,,11728,3,,,0
28029,'1198629',2147,,11729,3,,,0
28029,'1198849',1852,,11730,3,,,0
28029,'1198861',1647,,11731,3,,,0
28029,'1198868',622,,11732,3,,,0
28029,'1198931',1523,,11733,3,,,0
28029,'1198944',1547,,11734,3,,,0
28029,'1198995',847,,11735,3,,,0
28029,'1199030',1922,,11736,3,,,0
28029,'1199105',1007,,11737,3,,,0
28029,'1199138',2307,,11738,3,,,0
28029,'1199152',852,,11739,3,,,0
28029,'1199194',1147,,11740,3,,,0
28029,'1199248',1047,,11741,3,,,0
28029,'1199271',1907,,11742,3,,,0
28029,'1199320',707,,11743,3,,,0
28029,'1199425',1308,,11744,3,,,0
28029,'1199491',1722,,11745,3,,,0
28029,'1199503',722,,11746,3,,,0
28029,'1199562',747,,11747,3,,,0
28029,'1199586',1752,,11748,3,,,0
28029,'1199587',2347,,11749,3,,,0
28029,'1199615',752,,11750,3,,,0
28029,'1199622',1447,,11751,3,,,0
28029,'1199627',907,,11752,3,,,0
28029,'1199647',1608,,11753,3,,,0
28029,'1199657',947,,11754,3,,,0
