11029,'1199774',1519,,12771,5,,,0
11029,'1199777',933,,12772,5,,,0
11029,'1199778',1319,,12773,5,,,0
11029,'1199779',2318,,12774,5,,,0
11029,'1199780',1218,,12775,5,,,0
11029,'1199781',1133,,12776,5,,,0
11029,'1199782',1634,,12777,5,,,0
11029,'1199783',2218,,12778,5,,,0
11029,'1199785',1318,,12779,5,,,0
11029,'1199786',803,,12780,5,,,0
11029,'1199787',1619,,12781,5,,,0
11029,'1199788',1549,,12782,5,,,0
11029,'1199789',1434,,12783,5,,,0
11029,'1199790',1448,,12784,5,,,0
11029,'1199791',1118,,12785,5,,,0
11029,'1199792',1534,,12786,5,,,0
11029,'1199793',2333,,12787,5,,,0
11029,'1199794',818,,12788,5,,,0
11029,'1199795',1449,,12789,5,,,0
11029,'1199796',1148,,12790,5,,,0
11029,'1199797',1749,,12791,5,,,0
11029,'1199799',733,,12792,5,,,0
11029,'1199800',1704,,12793,5,,,0
11029,'1199804',918,,12794,5,,,0
11029,'1199808',1018,,12795,5,,,0
11029,'1199809',1719,,12796,5,,,0
11029,'1199810',1048,,12797,5,,,0
11029,'1199811',1033,,12798,5,,,0
11029,'1199812',1548,,12799,5,,,0
11029,'1199813',2318,,12800,5,,,0
11029,'1199814',1219,,12801,5,,,0
11029,'1199815',1618,,12802,5,,,0
11029,'1199816',1148,,12803,5,,,0
11029,'1199818',718,,12804,5,,,0
11029,'1199819',1118,,12805,5,,,0
11029,'1199820',1734,,12806,5,,,0
11029,'1199821',1518,,12807,5,,,0
11029,'1199823',1248,,12808,5,,,0
11029,'1199825',2018,,12809,5,,,0
11029,'1199826',2353,,12810,5,,,0
11029,'1199828',1404,,12811,5,,,0
11029,'1199830',1304,,12812,5,,,0
11029,'1199831',2003,,12813,5,,,0
11029,'1199834',633,,12814,5,,,0
11029,'1199836',748,,12815,5,,,0
11029,'1199838',1504,,12816,5,,,0
11029,'1199839',718,,12817,5,,,0
11029,'1199843',1334,,12818,5,,,0
11029,'1199844',2018,,12819,5,,,0
11029,'1199846',1419,,12820,5,,,0
11029,'1199847',918,,12821,5,,,0
11029,'1199848',903,,12822,5,,,0
11029,'1199849',2118,,12823,5,,,0
11029,'1199850',1518,,12824,5,,,0
11029,'1199852',703,,12825,5,,,0
11029,'1199853',948,,12826,5,,,0
11029,'1199854',833,,12827,5,,,0
11029,'1199855',1618,,12828,5,,,0
11029,'1199856',2118,,12829,5,,,0
11029,'1199858',1604,,12830,5,,,0
11029,'1199860',1018,,12831,5,,,0
11029,'1199862',1933,,12832,5,,,0
11029,'1199863',818,,12833,5,,,0
11029,'1199864',1204,,12834,5,,,0
11029,'1199865',1718,,12835,5,,,0
11029,'1199866',1218,,12836,5,,,0
11029,'1199867',2033,,12837,5,,,0
11029,'1199869',1418,,12838,5,,,0
11029,'1199870',1318,,12839,5,,,0
11029,'1199871',1348,,12840,5,,,0
11029,'1199873',2203,,12841,5,,,0
11029,'1199874',1103,,12842,5,,,0
11029,'1199875',1003,,12843,5,,,0
11029,'1199876',648,,12844,5,,,0
11029,'1199877',1718,,12845,5,,,0
11029,'1199878',1649,,12846,5,,,0
11029,'1199881',1818,,12847,5,,,0
11029,'1199882',1903,,12848,5,,,0
11029,'1199883',1118,,12849,5,,,0
11029,'1199884',1918,,12850,5,,,0
11029,'1199886',1918,,12851,5,,,0
11029,'1199889',718,,12852,5,,,0
11029,'1199890',2103,,12853,5,,,0
11029,'1199891',2218,,12854,5,,,0
11029,'1199892',1818,,12855,5,,,0
11029,'1199893',1018,,12856,5,,,0
11029,'1199898',848,,12857,5,,,0
11029,'1199899',1833,,12858,5,,,0
11029,'1199902',1803,,12859,5,,,0
11029,'1199903',918,,12860,5,,,0
11029,'1199904',1648,,12861,5,,,0
11029,'1199906',618,,12862,5,,,0
11029,'1199907',2303,,12863,5,,,0
11029,'1199910',2233,,12864,5,,,0
11029,'1199911',2133,,12865,5,,,0
11029,'1199912',1349,,12866,5,,,0
11029,'1199913',1234,,12867,5,,,0
11029,'1199914',1249,,12868,5,,,0
11029,'1199919',818,,12869,5,,,0
11029,'1199920',1418,,12870,5,,,0
