105019,'1196946',932,,12117,85,,,0
105019,'1197049',1844,,12118,85,,,0
105019,'1197077',619,,12119,85,,,0
105019,'1197115',1229,,12120,85,,,0
105019,'1197131',732,,12121,85,,,0
105019,'1197173',1233,,12122,85,,,0
105019,'1197181',1048,,12123,85,,,0
105019,'1197192',2219,,12124,85,,,0
105019,'1197197',1529,,12125,85,,,0
105019,'1197292',1333,,12126,85,,,0
105019,'1197296',1629,,12127,85,,,0
105019,'1197531',1433,,12128,85,,,0
105019,'1197548',1949,,12129,85,,,0
105019,'1197557',1633,,12130,85,,,0
105019,'1197588',848,,12131,85,,,0
105019,'1197596',2119,,12132,85,,,0
105019,'1197617',1533,,12133,85,,,0
105019,'1197633',1248,,12134,85,,,0
105019,'1197710',826,,12135,85,,,0
105019,'1197779',1814,,12136,85,,,0
105019,'1197825',1444,,12137,85,,,0
105019,'1197971',1129,,12138,85,,,0
105019,'1198112',649,,12139,85,,,0
105019,'1198338',1133,,12140,85,,,0
105019,'1198380',2248,,12141,85,,,0
105019,'1198385',1744,,12142,85,,,0
105019,'1198553',1344,,12143,85,,,0
105019,'1198560',2048,,12144,85,,,0
105019,'1198571',1648,,12145,85,,,0
105019,'1198621',756,,12146,85,,,0
105019,'1198667',1026,,12147,85,,,0
105019,'1198717',1559,,12148,85,,,0
105019,'1198741',926,,12149,85,,,0
105019,'1198746',1914,,12150,85,,,0
105019,'1198889',719,,12151,85,,,0
105019,'1199004',1448,,12152,85,,,0
105019,'1199054',1659,,12153,85,,,0
105019,'1199098',856,,12154,85,,,0
105019,'1199298',2419,,12155,85,,,0
105019,'1199347',2332,,12156,85,,,0
105019,'1199383',2319,,12157,85,,,0
105019,'1199400',1733,,12158,85,,,0
105019,'1199461',1848,,12159,85,,,0
105019,'1199511',1833,,12160,85,,,0
105019,'1199546',2132,,12161,85,,,0
105019,'1199574',1933,,12162,85,,,0
106019,'1196832',956,,12209,28,,,0
106019,'1196841',726,,12210,28,,,0
106019,'1197348',841,,12211,28,,,0
106019,'1197389',1828,,12212,28,,,0
106019,'1197951',1558,,12213,28,,,0
106019,'1198120',1713,,12214,28,,,0
