10029,'1196869',1021,,10389,12,,,0
10029,'1196944',1851,,10390,12,,,0
10029,'1196948',1521,,10391,12,,,0
10029,'1197007',651,,10392,12,,,0
10029,'1197053',1321,,10393,12,,,0
10029,'1197093',1121,,10394,12,,,0
10029,'1197160',1721,,10395,12,,,0
10029,'1197269',1821,,10396,12,,,0
10029,'1197314',2151,,10397,12,,,0
10029,'1197362',2021,,10398,12,,,0
10029,'1197385',821,,10399,12,,,0
10029,'1197414',1421,,10400,12,,,0
10029,'1197492',1651,,10401,12,,,0
10029,'1197523',2221,,10402,12,,,0
10029,'1197565',621,,10403,12,,,0
10029,'1197669',821,,10404,12,,,0
10029,'1197675',2121,,10405,12,,,0
10029,'1197822',1721,,10406,12,,,0
10029,'1197831',1721,,10407,12,,,0
10029,'1197885',2021,,10408,12,,,0
10029,'1197887',1551,,10409,12,,,0
10029,'1197892',1221,,10410,12,,,0
10029,'1197908',2221,,10411,12,,,0
10029,'1197916',2251,,10412,12,,,0
10029,'1197980',2356,,10413,12,,,0
10029,'1198080',1621,,10414,12,,,0
10029,'1198150',1621,,10415,12,,,0
10029,'1198170',1121,,10416,12,,,0
10029,'1198181',1751,,10417,12,,,0
10029,'1198232',1521,,10418,12,,,0
10029,'1198314',1921,,10419,12,,,0
10029,'1198351',1221,,10420,12,,,0
10029,'1198466',2051,,10421,12,,,0
10029,'1198481',1421,,10422,12,,,0
10029,'1198536',1221,,10423,12,,,0
10029,'1198550',1621,,10424,12,,,0
10029,'1198565',2321,,10425,12,,,0
10029,'1198676',721,,10426,12,,,0
10029,'1198703',721,,10427,12,,,0
10029,'1198735',1021,,10428,12,,,0
10029,'1198754',1321,,10429,12,,,0
10029,'1198767',1121,,10430,12,,,0
10029,'1198887',851,,10431,12,,,0
10029,'1198905',1421,,10432,12,,,0
10029,'1198933',821,,10433,12,,,0
10029,'1199013',721,,10434,12,,,0
10029,'1199068',1021,,10435,12,,,0
10029,'1199078',1821,,10436,12,,,0
10029,'1199088',1951,,10437,12,,,0
10029,'1199134',1321,,10438,12,,,0
10029,'1199161',2321,,10439,12,,,0
10029,'1199245',1921,,10440,12,,,0
10029,'1199274',921,,10441,12,,,0
10029,'1199375',1451,,10442,12,,,0
10029,'1199396',751,,10443,12,,,0
10029,'1199411',2121,,10444,12,,,0
10029,'1199422',921,,10445,12,,,0
10029,'1199613',921,,10446,12,,,0
10029,'1199633',1521,,10447,12,,,0
