25029,'1196916',949,,11367,6,,,0
25029,'1196933',1549,,11368,6,,,0
25029,'1196986',1133,,11369,6,,,0
25029,'1197030',2149,,11370,6,,,0
25029,'1197059',648,,11371,6,,,0
25029,'1197302',1849,,11372,6,,,0
25029,'1197319',849,,11373,6,,,0
25029,'1197349',1249,,11374,6,,,0
25029,'1197435',2033,,11375,6,,,0
25029,'1197457',2049,,11376,6,,,0
25029,'1197616',2409,,11377,6,,,0
25029,'1197705',2233,,11378,6,,,0
25029,'1197793',1619,,11379,6,,,0
25029,'1197804',733,,11380,6,,,0
25029,'1197835',1649,,11381,6,,,0
25029,'1197846',919,,11382,6,,,0
25029,'1197932',719,,11383,6,,,0
25029,'1198032',933,,11384,6,,,0
25029,'1198046',1019,,11385,6,,,0
25029,'1198129',1449,,11386,6,,,0
25029,'1198137',2249,,11387,6,,,0
25029,'1198143',1233,,11388,6,,,0
25029,'1198148',1849,,11389,6,,,0
25029,'1198154',1319,,11390,6,,,0
25029,'1198159',749,,11391,6,,,0
25029,'1198222',1933,,11392,6,,,0
25029,'1198225',1549,,11393,6,,,0
25029,'1198233',1719,,11394,6,,,0
25029,'1198344',2149,,11395,6,,,0
25029,'1198370',1449,,11396,6,,,0
25029,'1198438',1219,,11397,6,,,0
25029,'1198503',1649,,11398,6,,,0
25029,'1198561',2333,,11399,6,,,0
25029,'1198597',1049,,11400,6,,,0
25029,'1198609',2049,,11401,6,,,0
25029,'1198649',2133,,11402,6,,,0
25029,'1198679',1749,,11403,6,,,0
25029,'1198692',1149,,11404,6,,,0
25029,'1198706',649,,11405,6,,,0
25029,'1198719',2249,,11406,6,,,0
25029,'1198720',1733,,11407,6,,,0
25029,'1198786',1519,,11408,6,,,0
25029,'1198863',1419,,11409,6,,,0
25029,'1198875',849,,11410,6,,,0
25029,'1198879',1949,,11411,6,,,0
25029,'1198885',1033,,11412,6,,,0
25029,'1198987',1833,,11413,6,,,0
25029,'1198994',1533,,11414,6,,,0
25029,'1199055',748,,11415,6,,,0
25029,'1199102',2348,,11416,6,,,0
25029,'1199182',819,,11417,6,,,0
25029,'1199195',1119,,11418,6,,,0
25029,'1199236',949,,11419,6,,,0
25029,'1199255',1433,,11420,6,,,0
25029,'1199294',1333,,11421,6,,,0
25029,'1199362',1949,,11422,6,,,0
25029,'1199541',1749,,11423,6,,,0
25029,'1199549',1633,,11424,6,,,0
25029,'1199576',1349,,11425,6,,,0
25029,'1199642',833,,11426,6,,,0
26029,'1196873',1804,,11480,15,,,0
26029,'1196910',2304,,11481,15,,,0
26029,'1196913',1120,,11482,15,,,0
26029,'1196977',1620,,11483,15,,,0
26029,'1196980',1020,,11484,15,,,0
26029,'1197179',2020,,11485,15,,,0
26029,'1197404',1250,,11486,15,,,0
26029,'1197498',1919,,11487,15,,,0
26029,'1197625',920,,11488,15,,,0
26029,'1197661',1020,,11489,15,,,0
26029,'1197679',1904,,11490,15,,,0
26029,'1197751',2219,,11491,15,,,0
26029,'1197754',619,,11492,15,,,0
26029,'1197782',1520,,11493,15,,,0
26029,'1197814',2219,,11494,15,,,0
26029,'1197860',819,,11495,15,,,0
26029,'1197884',804,,11496,15,,,0
26029,'1197936',1320,,11497,15,,,0
26029,'1197940',1220,,11498,15,,,0
26029,'1197960',1150,,11499,15,,,0
26029,'1197999',2120,,11500,15,,,0
26029,'1198011',1604,,11501,15,,,0
26029,'1198044',1404,,11502,15,,,0
26029,'1198105',2119,,11503,15,,,0
26029,'1198189',1820,,11504,15,,,0
26029,'1198210',1050,,11505,15,,,0
26029,'1198276',1621,,11506,15,,,0
26029,'1198303',1204,,11507,15,,,0
26029,'1198354',2019,,11508,15,,,0
26029,'1198406',620,,11509,15,,,0
26029,'1198482',1104,,11510,15,,,0
26029,'1198544',1704,,11511,15,,,0
26029,'1198822',2319,,11512,15,,,0
26029,'1198850',1820,,11513,15,,,0
26029,'1198867',1504,,11514,15,,,0
26029,'1198935',719,,11515,15,,,0
26029,'1198937',2004,,11516,15,,,0
26029,'1199008',720,,11517,15,,,0
26029,'1199034',1920,,11518,15,,,0
26029,'1199114',2319,,11519,15,,,0
26029,'1199122',1720,,11520,15,,,0
26029,'1199135',1520,,11521,15,,,0
26029,'1199139',1004,,11522,15,,,0
26029,'1199216',2204,,11523,15,,,0
26029,'1199265',1304,,11524,15,,,0
26029,'1199273',904,,11525,15,,,0
26029,'1199292',1720,,11526,15,,,0
26029,'1199311',1450,,11527,15,,,0
26029,'1199314',1350,,11528,15,,,0
26029,'1199512',2104,,11529,15,,,0
26029,'1199532',919,,11530,15,,,0
26029,'1199605',1420,,11531,15,,,0
26029,'1199628',820,,11532,15,,,0
104029,'1196835',2019,,12074,42,,,0
104029,'1196857',819,,12075,42,,,0
104029,'1196889',820,,12076,42,,,0
104029,'1196928',1804,,12077,42,,,0
104029,'1197002',704,,12078,42,,,0
104029,'1197045',1602,,12079,42,,,0
104029,'1197133',849,,12080,42,,,0
104029,'1197341',1302,,12081,42,,,0
104029,'1197454',1820,,12082,42,,,0
104029,'1197461',734,,12083,42,,,0
104029,'1197467',2220,,12084,42,,,0
104029,'1197481',619,,12085,42,,,0
104029,'1197553',2149,,12086,42,,,0
104029,'1197574',934,,12087,42,,,0
104029,'1197583',2204,,12088,42,,,0
104029,'1197794',1819,,12089,42,,,0
104029,'1197965',1420,,12090,42,,,0
104029,'1197979',1549,,12091,42,,,0
104029,'1198234',1049,,12092,42,,,0
104029,'1198287',1647,,12093,42,,,0
104029,'1198288',1217,,12094,42,,,0
104029,'1198449',1319,,12095,42,,,0
104029,'1198458',1934,,12096,42,,,0
104029,'1198510',1004,,12097,42,,,0
104029,'1198521',819,,12098,42,,,0
104029,'1198558',1704,,12099,42,,,0
104029,'1198578',1732,,12100,42,,,0
104029,'1198686',1432,,12101,42,,,0
104029,'1198694',1517,,12102,42,,,0
104029,'1198755',1020,,12103,42,,,0
104029,'1198909',1220,,12104,42,,,0
104029,'1198979',1204,,12105,42,,,0
104029,'1199045',2319,,12106,42,,,0
104029,'1199127',2319,,12107,42,,,0
104029,'1199159',1347,,12108,42,,,0
104029,'1199181',934,,12109,42,,,0
104029,'1199193',1620,,12110,42,,,0
104029,'1199356',1434,,12111,42,,,0
104029,'1199360',2049,,12112,42,,,0
104029,'1199374',704,,12113,42,,,0
104029,'1199380',1049,,12114,42,,,0
104029,'1199442',1849,,12115,42,,,0
104029,'1199577',2020,,12116,42,,,0
