105029,'1196840',2328,,12163,72,,,0
105029,'1196987',1042,,12164,72,,,0
105029,'1196996',1716,,12165,72,,,0
105029,'1197020',1558,,12166,72,,,0
105029,'1197097',1816,,12167,72,,,0
105029,'1197137',2040,,12168,72,,,0
105029,'1197220',2028,,12169,72,,,0
105029,'1197228',1531,,12170,72,,,0
105029,'1197231',758,,12171,72,,,0
105029,'1197439',1158,,12172,72,,,0
105029,'1197501',1958,,12173,72,,,0
105029,'1197522',2158,,12174,72,,,0
105029,'1197561',1031,,12175,72,,,0
105029,'1197638',958,,12176,72,,,0
105029,'1197840',2128,,12177,72,,,0
105029,'1197853',2228,,12178,72,,,0
105029,'1197918',1858,,12179,72,,,0
105029,'1197968',2358,,12180,72,,,0
105029,'1198013',1358,,12181,72,,,0
105029,'1198037',1131,,12182,72,,,0
105029,'1198064',1842,,12183,72,,,0
105029,'1198187',1242,,12184,72,,,0
105029,'1198214',1758,,12185,72,,,0
105029,'1198417',1342,,12186,72,,,0
105029,'1198447',1746,,12187,72,,,0
105029,'1198529',1542,,12188,72,,,0
105029,'1198616',728,,12189,72,,,0
105029,'1198625',1646,,12190,72,,,0
105029,'1198711',1346,,12191,72,,,0
105029,'1198718',1601,,12192,72,,,0
105029,'1198725',1742,,12193,72,,,0
105029,'1198779',840,,12194,72,,,0
105029,'1198918',1442,,12195,72,,,0
105029,'1198922',2433,,12196,72,,,0
105029,'1198923',658,,12197,72,,,0
105029,'1199012',640,,12198,72,,,0
105029,'1199037',1431,,12199,72,,,0
105029,'1199107',1501,,12200,72,,,0
105029,'1199124',2440,,12201,72,,,0
105029,'1199144',1246,,12202,72,,,0
105029,'1199148',758,,12203,72,,,0
105029,'1199220',1142,,12204,72,,,0
105029,'1199470',2240,,12205,72,,,0
105029,'1199473',928,,12206,72,,,0
105029,'1199604',828,,12207,72,,,0
105029,'1199607',1642,,12208,72,,,0
