105029,'1196840',2326,,12163,68,,,0
105029,'1196987',1041,,12164,68,,,0
105029,'1196996',1714,,12165,68,,,0
105029,'1197020',1557,,12166,68,,,0
105029,'1197097',1814,,12167,68,,,0
105029,'1197137',2039,,12168,68,,,0
105029,'1197220',2026,,12169,68,,,0
105029,'1197228',1529,,12170,68,,,0
105029,'1197231',756,,12171,68,,,0
105029,'1197439',1157,,12172,68,,,0
105029,'1197501',1957,,12173,68,,,0
105029,'1197522',2157,,12174,68,,,0
105029,'1197561',1029,,12175,68,,,0
105029,'1197638',957,,12176,68,,,0
105029,'1197840',2126,,12177,68,,,0
105029,'1197853',2226,,12178,68,,,0
105029,'1197918',1856,,12179,68,,,0
105029,'1197968',2357,,12180,68,,,0
105029,'1198013',1357,,12181,68,,,0
105029,'1198037',1129,,12182,68,,,0
105029,'1198064',1841,,12183,68,,,0
105029,'1198187',1241,,12184,68,,,0
105029,'1198214',1757,,12185,68,,,0
105029,'1198417',1341,,12186,68,,,0
105029,'1198447',1744,,12187,68,,,0
105029,'1198529',1541,,12188,68,,,0
105029,'1198616',726,,12189,68,,,0
105029,'1198625',1644,,12190,68,,,0
105029,'1198711',1344,,12191,68,,,0
105029,'1198718',1559,,12192,68,,,0
105029,'1198725',1741,,12193,68,,,0
105029,'1198779',839,,12194,68,,,0
105029,'1198918',1441,,12195,68,,,0
105029,'1198922',2431,,12196,68,,,0
105029,'1198923',656,,12197,68,,,0
105029,'1199012',639,,12198,68,,,0
105029,'1199037',1429,,12199,68,,,0
105029,'1199107',1459,,12200,68,,,0
105029,'1199124',2439,,12201,68,,,0
105029,'1199144',1244,,12202,68,,,0
105029,'1199148',757,,12203,68,,,0
105029,'1199220',1141,,12204,68,,,0
105029,'1199470',2239,,12205,68,,,0
105029,'1199473',926,,12206,68,,,0
105029,'1199604',826,,12207,68,,,0
105029,'1199607',1641,,12208,68,,,0
