29029,'1196899',1240,,11779,10,,,0
29029,'1197015',1555,,11780,10,,,0
29029,'1197158',840,,11781,10,,,0
29029,'1197161',2040,,11782,10,,,0
29029,'1197340',955,,11783,10,,,0
29029,'1197455',1040,,11784,10,,,0
29029,'1197503',1340,,11785,10,,,0
29029,'1197514',1455,,11786,10,,,0
29029,'1197579',2240,,11787,10,,,0
29029,'1197580',2340,,11788,10,,,0
29029,'1197733',1055,,11789,10,,,0
29029,'1197827',1740,,11790,10,,,0
29029,'1198085',1640,,11791,10,,,0
29029,'1198192',1255,,11792,10,,,0
29029,'1198245',1155,,11793,10,,,0
29029,'1198309',940,,11794,10,,,0
29029,'1198331',2140,,11795,10,,,0
29029,'1198551',1840,,11796,10,,,0
29029,'1198575',1355,,11797,10,,,0
29029,'1198844',1540,,11798,10,,,0
29029,'1199028',740,,11799,10,,,0
29029,'1199153',1440,,11800,10,,,0
29029,'1199188',1140,,11801,10,,,0
29029,'1199343',1940,,11802,10,,,0
