105029,'1196840',2313,,12163,45,,,0
105029,'1196987',1028,,12164,45,,,0
105029,'1196996',1700,,12165,45,,,0
105029,'1197020',1544,,12166,45,,,0
105029,'1197097',1800,,12167,45,,,0
105029,'1197137',2026,,12168,45,,,0
105029,'1197220',2013,,12169,45,,,0
105029,'1197228',1515,,12170,45,,,0
105029,'1197231',743,,12171,45,,,0
105029,'1197439',1144,,12172,45,,,0
105029,'1197501',1944,,12173,45,,,0
105029,'1197522',2144,,12174,45,,,0
105029,'1197561',1015,,12175,45,,,0
105029,'1197638',944,,12176,45,,,0
105029,'1197840',2113,,12177,45,,,0
105029,'1197853',2213,,12178,45,,,0
105029,'1197918',1843,,12179,45,,,0
105029,'1197968',2344,,12180,45,,,0
105029,'1198013',1344,,12181,45,,,0
105029,'1198037',1115,,12182,45,,,0
105029,'1198064',1828,,12183,45,,,0
105029,'1198187',1228,,12184,45,,,0
105029,'1198214',1744,,12185,45,,,0
105029,'1198417',1328,,12186,45,,,0
105029,'1198447',1730,,12187,45,,,0
105029,'1198529',1528,,12188,45,,,0
105029,'1198616',713,,12189,45,,,0
105029,'1198625',1630,,12190,45,,,0
105029,'1198711',1330,,12191,45,,,0
105029,'1198718',1545,,12192,45,,,0
105029,'1198725',1728,,12193,45,,,0
105029,'1198779',826,,12194,45,,,0
105029,'1198918',1428,,12195,45,,,0
105029,'1198922',2418,,12196,45,,,0
105029,'1198923',643,,12197,45,,,0
105029,'1199012',626,,12198,45,,,0
105029,'1199037',1415,,12199,45,,,0
105029,'1199107',1445,,12200,45,,,0
105029,'1199124',2426,,12201,45,,,0
105029,'1199144',1230,,12202,45,,,0
105029,'1199148',744,,12203,45,,,0
105029,'1199220',1128,,12204,45,,,0
105029,'1199470',2226,,12205,45,,,0
105029,'1199473',913,,12206,45,,,0
105029,'1199604',813,,12207,45,,,0
105029,'1199607',1628,,12208,45,,,0
