105029,'1196840',2300,,12163,16,,,0
105029,'1196987',1015,,12164,16,,,0
105029,'1196996',1646,,12165,16,,,0
105029,'1197020',1530,,12166,16,,,0
105029,'1197097',1746,,12167,16,,,0
105029,'1197137',2013,,12168,16,,,0
105029,'1197220',2000,,12169,16,,,0
105029,'1197228',1501,,12170,16,,,0
105029,'1197231',730,,12171,16,,,0
105029,'1197439',1130,,12172,16,,,0
105029,'1197501',1930,,12173,16,,,0
105029,'1197522',2130,,12174,16,,,0
105029,'1197561',1001,,12175,16,,,0
105029,'1197638',930,,12176,16,,,0
105029,'1197840',2100,,12177,16,,,0
105029,'1197853',2200,,12178,16,,,0
105029,'1197918',1830,,12179,16,,,0
105029,'1197968',2330,,12180,16,,,0
105029,'1198013',1330,,12181,16,,,0
105029,'1198037',1101,,12182,16,,,0
105029,'1198064',1815,,12183,16,,,0
105029,'1198187',1215,,12184,16,,,0
105029,'1198214',1730,,12185,16,,,0
105029,'1198417',1315,,12186,16,,,0
105029,'1198447',1716,,12187,16,,,0
105029,'1198529',1515,,12188,16,,,0
105029,'1198616',700,,12189,16,,,0
105029,'1198625',1616,,12190,16,,,0
105029,'1198711',1316,,12191,16,,,0
105029,'1198718',1531,,12192,16,,,0
105029,'1198725',1715,,12193,16,,,0
105029,'1198779',813,,12194,16,,,0
105029,'1198918',1415,,12195,16,,,0
105029,'1198922',2405,,12196,16,,,0
105029,'1198923',630,,12197,16,,,0
105029,'1199012',613,,12198,16,,,0
105029,'1199037',1401,,12199,16,,,0
105029,'1199107',1431,,12200,16,,,0
105029,'1199124',2413,,12201,16,,,0
105029,'1199144',1216,,12202,16,,,0
105029,'1199148',730,,12203,16,,,0
105029,'1199220',1115,,12204,16,,,0
105029,'1199470',2213,,12205,16,,,0
105029,'1199473',900,,12206,16,,,0
105029,'1199604',800,,12207,16,,,0
105029,'1199607',1615,,12208,16,,,0
106019,'1196832',944,,12209,16,,,0
106019,'1196841',714,,12210,16,,,0
106019,'1197348',829,,12211,16,,,0
106019,'1197389',1815,,12212,16,,,0
106019,'1197951',1545,,12213,16,,,0
106019,'1198120',1700,,12214,16,,,0
