101019,'1197003',555,,11803,34,,,0
101019,'1197056',2132,,11804,34,,,0
101019,'1197144',2333,,11805,34,,,0
101019,'1197150',1533,,11806,34,,,0
101019,'1197356',1333,,11807,34,,,0
101019,'1197394',1532,,11808,34,,,0
101019,'1197485',732,,11809,34,,,0
101019,'1197542',1332,,11810,34,,,0
101019,'1197666',1055,,11811,34,,,0
101019,'1197703',2133,,11812,34,,,0
101019,'1197735',1155,,11813,34,,,0
101019,'1197816',1132,,11814,34,,,0
101019,'1197893',755,,11815,34,,,0
101019,'1198002',1733,,11816,34,,,0
101019,'1198014',733,,11817,34,,,0
101019,'1198130',955,,11818,34,,,0
101019,'1198162',1357,,11819,34,,,0
101019,'1198212',1933,,11820,34,,,0
101019,'1198408',2054,,11821,34,,,0
101019,'1198684',932,,11822,34,,,0
101019,'1198907',1932,,11823,34,,,0
101019,'1199079',2255,,11824,34,,,0
101019,'1199178',1757,,11825,34,,,0
101019,'1199186',1557,,11826,34,,,0
101019,'1199279',1732,,11827,34,,,0
101019,'1199401',933,,11828,34,,,0
101019,'1199471',1855,,11829,34,,,0
101019,'1199497',1133,,11830,34,,,0
101019,'1199519',855,,11831,34,,,0
101019,'1199566',1457,,11832,34,,,0
101019,'1199626',1657,,11833,34,,,0
