26029,'1196873',1801,,11480,10,,,0
26029,'1196910',2301,,11481,10,,,0
26029,'1196913',1117,,11482,10,,,0
26029,'1196977',1617,,11483,10,,,0
26029,'1196980',1016,,11484,10,,,0
26029,'1197179',2017,,11485,10,,,0
26029,'1197404',1246,,11486,10,,,0
26029,'1197498',1916,,11487,10,,,0
26029,'1197625',916,,11488,10,,,0
26029,'1197661',1017,,11489,10,,,0
26029,'1197679',1901,,11490,10,,,0
26029,'1197751',2216,,11491,10,,,0
26029,'1197754',616,,11492,10,,,0
26029,'1197782',1517,,11493,10,,,0
26029,'1197814',2216,,11494,10,,,0
26029,'1197860',816,,11495,10,,,0
26029,'1197884',801,,11496,10,,,0
26029,'1197936',1317,,11497,10,,,0
26029,'1197940',1217,,11498,10,,,0
26029,'1197960',1146,,11499,10,,,0
26029,'1197999',2117,,11500,10,,,0
26029,'1198011',1601,,11501,10,,,0
26029,'1198044',1401,,11502,10,,,0
26029,'1198105',2116,,11503,10,,,0
26029,'1198189',1817,,11504,10,,,0
26029,'1198210',1046,,11505,10,,,0
26029,'1198276',1617,,11506,10,,,0
26029,'1198303',1201,,11507,10,,,0
26029,'1198354',2016,,11508,10,,,0
26029,'1198406',616,,11509,10,,,0
26029,'1198482',1101,,11510,10,,,0
26029,'1198544',1701,,11511,10,,,0
26029,'1198822',2316,,11512,10,,,0
26029,'1198850',1816,,11513,10,,,0
26029,'1198867',1501,,11514,10,,,0
26029,'1198935',716,,11515,10,,,0
26029,'1198937',2001,,11516,10,,,0
26029,'1199008',716,,11517,10,,,0
26029,'1199034',1917,,11518,10,,,0
26029,'1199114',2316,,11519,10,,,0
26029,'1199122',1716,,11520,10,,,0
26029,'1199135',1516,,11521,10,,,0
26029,'1199139',1001,,11522,10,,,0
26029,'1199216',2201,,11523,10,,,0
26029,'1199265',1301,,11524,10,,,0
26029,'1199273',901,,11525,10,,,0
26029,'1199292',1717,,11526,10,,,0
26029,'1199311',1446,,11527,10,,,0
26029,'1199314',1346,,11528,10,,,0
26029,'1199512',2101,,11529,10,,,0
26029,'1199532',916,,11530,10,,,0
26029,'1199605',1417,,11531,10,,,0
26029,'1199628',816,,11532,10,,,0
