13029,'1196882',1522,,10855,3,,,0
13029,'1196907',1251,,10856,3,,,0
13029,'1196917',1252,,10857,3,,,0
13029,'1196936',1752,,10858,3,,,0
13029,'1196965',750,,10859,3,,,0
13029,'1196972',1622,,10860,3,,,0
13029,'1197006',1451,,10861,3,,,0
13029,'1197082',1151,,10862,3,,,0
13029,'1197122',1051,,10863,3,,,0
13029,'1197184',1451,,10864,3,,,0
13029,'1197188',1920,,10865,3,,,0
13029,'1197193',751,,10866,3,,,0
13029,'1197215',2051,,10867,3,,,0
13029,'1197262',1651,,10868,3,,,0
13029,'1197363',921,,10869,3,,,0
13029,'1197365',2150,,10870,3,,,0
13029,'1197371',951,,10871,3,,,0
13029,'1197444',2250,,10872,3,,,0
13029,'1197556',2251,,10873,3,,,0
13029,'1197773',2020,,10874,3,,,0
13029,'1197812',1452,,10875,3,,,0
13029,'1197866',1351,,10876,3,,,0
13029,'1197909',851,,10877,3,,,0
13029,'1197997',1950,,10878,3,,,0
13029,'1198028',2050,,10879,3,,,0
13029,'1198074',2350,,10880,3,,,0
13029,'1198199',1551,,10881,3,,,0
13029,'1198248',2220,,10882,3,,,0
13029,'1198289',820,,10883,3,,,0
13029,'1198381',1722,,10884,3,,,0
13029,'1198389',1751,,10885,3,,,0
13029,'1198416',1551,,10886,3,,,0
13029,'1198437',1020,,10887,3,,,0
13029,'1198474',1053,,10888,3,,,0
13029,'1198488',1850,,10889,3,,,0
13029,'1198563',720,,10890,3,,,0
13029,'1198648',1050,,10891,3,,,0
13029,'1198673',1251,,10892,3,,,0
13029,'1198704',1851,,10893,3,,,0
13029,'1198733',750,,10894,3,,,0
13029,'1198756',851,,10895,3,,,0
13029,'1198793',950,,10896,3,,,0
13029,'1198811',1351,,10897,3,,,0
13029,'1198812',2351,,10898,3,,,0
13029,'1198828',1151,,10899,3,,,0
13029,'1198858',1552,,10900,3,,,0
13029,'1198910',620,,10901,3,,,0
13029,'1198998',850,,10902,3,,,0
13029,'1199115',650,,10903,3,,,0
13029,'1199250',2151,,10904,3,,,0
13029,'1199324',650,,10905,3,,,0
13029,'1199337',951,,10906,3,,,0
13029,'1199349',2120,,10907,3,,,0
13029,'1199379',2320,,10908,3,,,0
13029,'1199405',1751,,10909,3,,,0
13029,'1199419',1152,,10910,3,,,0
13029,'1199548',1352,,10911,3,,,0
13029,'1199559',1651,,10912,3,,,0
13029,'1199614',1820,,10913,3,,,0
13029,'1199653',1951,,10914,3,,,0
13029,'1199655',1652,,10915,3,,,0
101019,'1197003',609,,11803,45,,,0
101019,'1197056',2147,,11804,45,,,0
101019,'1197144',2346,,11805,45,,,0
101019,'1197150',1546,,11806,45,,,0
101019,'1197356',1346,,11807,45,,,0
101019,'1197394',1547,,11808,45,,,0
101019,'1197485',747,,11809,45,,,0
101019,'1197542',1347,,11810,45,,,0
101019,'1197666',1109,,11811,45,,,0
101019,'1197703',2146,,11812,45,,,0
101019,'1197735',1209,,11813,45,,,0
101019,'1197816',1147,,11814,45,,,0
101019,'1197893',809,,11815,45,,,0
101019,'1198002',1746,,11816,45,,,0
101019,'1198014',746,,11817,45,,,0
101019,'1198130',1009,,11818,45,,,0
101019,'1198162',1411,,11819,45,,,0
101019,'1198212',1946,,11820,45,,,0
101019,'1198408',2108,,11821,45,,,0
101019,'1198684',947,,11822,45,,,0
101019,'1198907',1947,,11823,45,,,0
101019,'1199079',2309,,11824,45,,,0
101019,'1199178',1811,,11825,45,,,0
101019,'1199186',1611,,11826,45,,,0
101019,'1199279',1747,,11827,45,,,0
101019,'1199401',946,,11828,45,,,0
101019,'1199471',1909,,11829,45,,,0
101019,'1199497',1146,,11830,45,,,0
101019,'1199519',909,,11831,45,,,0
101019,'1199566',1511,,11832,45,,,0
101019,'1199626',1711,,11833,45,,,0
