20019,'1196861',1647,,11034,19,,,0
20019,'1196920',2217,,11035,19,,,0
20019,'1196950',747,,11036,19,,,0
20019,'1196955',647,,11037,19,,,0
20019,'1197117',2018,,11038,19,,,0
20019,'1197128',2117,,11039,19,,,0
20019,'1197129',1547,,11040,19,,,0
20019,'1197174',1518,,11041,19,,,0
20019,'1197187',1539,,11042,19,,,0
20019,'1197300',2239,,11043,19,,,0
20019,'1197337',1939,,11044,19,,,0
20019,'1197360',2139,,11045,19,,,0
20019,'1197373',1247,,11046,19,,,0
20019,'1197429',1739,,11047,19,,,0
20019,'1197469',939,,11048,19,,,0
20019,'1197560',1039,,11049,19,,,0
20019,'1197585',646,,11050,19,,,0
20019,'1197629',1418,,11051,19,,,0
20019,'1197637',2147,,11052,19,,,0
20019,'1197672',1339,,11053,19,,,0
20019,'1197681',1047,,11054,19,,,0
20019,'1197724',1439,,11055,19,,,0
20019,'1197914',1239,,11056,19,,,0
20019,'1197984',1748,,11057,19,,,0
20019,'1197986',1347,,11058,19,,,0
20019,'1198036',1818,,11059,19,,,0
20019,'1198083',2417,,11060,19,,,0
20019,'1198114',947,,11061,19,,,0
20019,'1198133',1118,,11062,19,,,0
20019,'1198141',2047,,11063,19,,,0
20019,'1198152',1318,,11064,19,,,0
20019,'1198178',747,,11065,19,,,0
20019,'1198183',2247,,11066,19,,,0
20019,'1198191',616,,11067,19,,,0
20019,'1198203',2339,,11068,19,,,0
20019,'1198236',739,,11069,19,,,0
20019,'1198244',1947,,11070,19,,,0
20019,'1198268',2039,,11071,19,,,0
20019,'1198364',2317,,11072,19,,,0
20019,'1198377',1618,,11073,19,,,0
20019,'1198420',1718,,11074,19,,,0
20019,'1198431',918,,11075,19,,,0
20019,'1198465',1847,,11076,19,,,0
20019,'1198477',1839,,11077,19,,,0
20019,'1198580',717,,11078,19,,,0
20019,'1198586',818,,11079,19,,,0
20019,'1198656',847,,11080,19,,,0
20019,'1198669',1018,,11081,19,,,0
20019,'1198702',1747,,11082,19,,,0
20019,'1198708',1447,,11083,19,,,0
20019,'1198826',1648,,11084,19,,,0
20019,'1198871',1139,,11085,19,,,0
20019,'1198943',1918,,11086,19,,,0
20019,'1199137',2346,,11087,19,,,0
20019,'1199386',839,,11088,19,,,0
20019,'1199428',1218,,11089,19,,,0
20019,'1199534',1639,,11090,19,,,0
20019,'1199553',1147,,11091,19,,,0
