3019,'1196834',1823,,10159,33,,,0
3019,'1196848',2123,,10160,33,,,0
3019,'1196854',723,,10161,33,,,0
3019,'1196968',1239,,10162,33,,,0
3019,'1196971',2023,,10163,33,,,0
3019,'1197069',724,,10164,33,,,0
3019,'1197076',2153,,10165,33,,,0
3019,'1197107',1254,,10166,33,,,0
3019,'1197120',2423,,10167,33,,,0
3019,'1197318',2223,,10168,33,,,0
3019,'1197369',2339,,10169,33,,,0
3019,'1197372',2239,,10170,33,,,0
3019,'1197378',923,,10171,33,,,0
3019,'1197462',924,,10172,33,,,0
3019,'1197478',1624,,10173,33,,,0
3019,'1197537',939,,10174,33,,,0
3019,'1197572',1354,,10175,33,,,0
3019,'1197590',854,,10176,33,,,0
3019,'1197618',1724,,10177,33,,,0
3019,'1197708',626,,10178,3,,,0
3019,'1197731',2023,,10179,33,,,0
3019,'1197748',1024,,10180,33,,,0
3019,'1197755',1054,,10181,33,,,0
3019,'1197810',1454,,10182,33,,,0
3019,'1197819',1923,,10183,33,,,0
3019,'1197850',1554,,10184,33,,,0
3019,'1197851',954,,10185,33,,,0
3019,'1197897',1124,,10186,33,,,0
3019,'1197923',1224,,10187,33,,,0
3019,'1197941',1524,,10188,33,,,0
3019,'1198025',1624,,10189,33,,,0
3019,'1198093',1853,,10190,33,,,0
3019,'1198098',1154,,10191,33,,,0
3019,'1198111',1023,,10192,33,,,0
3019,'1198119',1539,,10193,33,,,0
3019,'1198124',1424,,10194,33,,,0
3019,'1198153',1923,,10195,33,,,0
3019,'1198229',1524,,10196,33,,,0
3019,'1198237',1654,,10197,33,,,0
3019,'1198265',2123,,10198,33,,,0
3019,'1198278',1953,,10199,33,,,0
3019,'1198430',1639,,10200,33,,,0
3019,'1198432',1823,,10201,33,,,0
3019,'1198501',1724,,10202,33,,,0
3019,'1198514',654,,10203,33,,,0
3019,'1198654',1739,,10204,33,,,0
3019,'1198677',839,,10205,33,,,0
3019,'1198680',824,,10206,33,,,0
3019,'1198689',2413,,10207,33,,,0
3019,'1198691',1754,,10208,33,,,0
3019,'1198742',2223,,10209,33,,,0
3019,'1198777',1424,,10210,33,,,0
3019,'1198788',739,,10211,33,,,0
3019,'1198845',1039,,10212,33,,,0
3019,'1198989',2139,,10213,33,,,0
3019,'1198991',1839,,10214,33,,,0
3019,'1199009',1339,,10215,33,,,0
3019,'1199035',1224,,10216,33,,,0
3019,'1199052',2039,,10217,33,,,0
3019,'1199066',1139,,10218,33,,,0
3019,'1199133',1324,,10219,33,,,0
3019,'1199262',2323,,10220,33,,,0
3019,'1199277',754,,10221,33,,,0
3019,'1199346',1324,,10222,33,,,0
3019,'1199408',2053,,10223,33,,,0
3019,'1199412',1439,,10224,33,,,0
3019,'1199440',2323,,10225,33,,,0
3019,'1199509',823,,10226,33,,,0
3019,'1199597',626,,10227,3,,,0
3019,'1199600',1939,,10228,33,,,0
3019,'1199612',1124,,10229,33,,,0
