14029,'1196849',1730,,10975,29,,,0
14029,'1196912',800,,10976,29,,,0
14029,'1197024',1530,,10977,29,,,0
14029,'1197041',2330,,10978,29,,,0
14029,'1197050',1629,,10979,29,,,0
14029,'1197119',1731,,10980,29,,,0
14029,'1197130',2229,,10981,29,,,0
14029,'1197219',1529,,10982,29,,,0
14029,'1197237',1329,,10983,29,,,0
14029,'1197250',630,,10984,29,,,0
14029,'1197265',1800,,10985,29,,,0
14029,'1197310',2230,,10986,29,,,0
14029,'1197323',1330,,10987,29,,,0
14029,'1197440',2129,,10988,29,,,0
14029,'1197456',1531,,10989,29,,,0
14029,'1197472',1129,,10990,29,,,0
14029,'1197493',1900,,10991,29,,,0
14029,'1197512',1631,,10992,29,,,0
14029,'1197515',1430,,10993,29,,,0
14029,'1197597',730,,10994,29,,,0
14029,'1197605',2300,,10995,29,,,0
14029,'1197639',1229,,10996,29,,,0
14029,'1197699',2000,,10997,29,,,0
14029,'1197717',1729,,10998,29,,,0
14029,'1197738',1029,,10999,29,,,0
14029,'1197809',1630,,11000,29,,,0
14029,'1197863',2405,,11001,29,,,0
14029,'1197882',1429,,11002,29,,,0
14029,'1197961',1230,,11003,29,,,0
14029,'1198040',1030,,11004,29,,,0
14029,'1198078',1130,,11005,29,,,0
14029,'1198100',900,,11006,29,,,0
14029,'1198198',2200,,11007,29,,,0
14029,'1198204',2100,,11008,29,,,0
14029,'1198269',700,,11009,29,,,0
14029,'1198326',929,,11010,29,,,0
14029,'1198404',730,,11011,29,,,0
14029,'1198426',2130,,11012,29,,,0
14029,'1198570',830,,11013,29,,,0
14029,'1198612',2329,,11014,29,,,0
14029,'1198728',829,,11015,29,,,0
14029,'1198772',1830,,11016,29,,,0
14029,'1198830',930,,11017,29,,,0
14029,'1198941',1131,,11018,29,,,0
14029,'1198956',1431,,11019,29,,,0
14029,'1199040',2030,,11020,29,,,0
14029,'1199065',1231,,11021,29,,,0
14029,'1199076',1829,,11022,29,,,0
14029,'1199083',1701,,11023,29,,,0
14029,'1199184',930,,11024,29,,,0
14029,'1199200',830,,11025,29,,,0
14029,'1199222',1601,,11026,29,,,0
14029,'1199266',1331,,11027,29,,,0
14029,'1199447',1930,,11028,29,,,0
14029,'1199472',2029,,11029,29,,,0
14029,'1199520',1031,,11030,29,,,0
14029,'1199554',729,,11031,29,,,0
14029,'1199573',1929,,11032,29,,,0
14029,'1199643',1501,,11033,29,,,0
