14029,'1196849',1738,,10975,45,,,0
14029,'1196912',808,,10976,45,,,0
14029,'1197024',1538,,10977,45,,,0
14029,'1197041',2338,,10978,45,,,0
14029,'1197050',1636,,10979,45,,,0
14029,'1197119',1739,,10980,45,,,0
14029,'1197130',2236,,10981,45,,,0
14029,'1197219',1536,,10982,45,,,0
14029,'1197237',1336,,10983,45,,,0
14029,'1197250',638,,10984,45,,,0
14029,'1197265',1808,,10985,45,,,0
14029,'1197310',2238,,10986,45,,,0
14029,'1197323',1338,,10987,45,,,0
14029,'1197440',2136,,10988,45,,,0
14029,'1197456',1539,,10989,45,,,0
14029,'1197472',1136,,10990,45,,,0
14029,'1197493',1908,,10991,45,,,0
14029,'1197512',1639,,10992,45,,,0
14029,'1197515',1438,,10993,45,,,0
14029,'1197597',738,,10994,45,,,0
14029,'1197605',2308,,10995,45,,,0
14029,'1197639',1236,,10996,45,,,0
14029,'1197699',2008,,10997,45,,,0
14029,'1197717',1736,,10998,45,,,0
14029,'1197738',1036,,10999,45,,,0
14029,'1197809',1638,,11000,45,,,0
14029,'1197863',2413,,11001,45,,,0
14029,'1197882',1436,,11002,45,,,0
14029,'1197961',1238,,11003,45,,,0
14029,'1198040',1038,,11004,45,,,0
14029,'1198078',1138,,11005,45,,,0
14029,'1198100',908,,11006,45,,,0
14029,'1198198',2208,,11007,45,,,0
14029,'1198204',2108,,11008,45,,,0
14029,'1198269',708,,11009,45,,,0
14029,'1198326',936,,11010,45,,,0
14029,'1198404',738,,11011,45,,,0
14029,'1198426',2138,,11012,45,,,0
14029,'1198570',838,,11013,45,,,0
14029,'1198612',2336,,11014,45,,,0
14029,'1198728',836,,11015,45,,,0
14029,'1198772',1838,,11016,45,,,0
14029,'1198830',938,,11017,45,,,0
14029,'1198941',1139,,11018,45,,,0
14029,'1198956',1439,,11019,45,,,0
14029,'1199040',2038,,11020,45,,,0
14029,'1199065',1239,,11021,45,,,0
14029,'1199076',1836,,11022,45,,,0
14029,'1199083',1709,,11023,45,,,0
14029,'1199184',938,,11024,45,,,0
14029,'1199200',838,,11025,45,,,0
14029,'1199222',1609,,11026,45,,,0
14029,'1199266',1339,,11027,45,,,0
14029,'1199447',1938,,11028,45,,,0
14029,'1199472',2036,,11029,45,,,0
14029,'1199520',1039,,11030,45,,,0
14029,'1199554',736,,11031,45,,,0
14029,'1199573',1936,,11032,45,,,0
14029,'1199643',1509,,11033,45,,,0
29029,'1196899',1243,,11779,14,,,0
29029,'1197015',1558,,11780,14,,,0
29029,'1197158',843,,11781,14,,,0
29029,'1197161',2043,,11782,14,,,0
29029,'1197340',958,,11783,14,,,0
29029,'1197455',1043,,11784,14,,,0
29029,'1197503',1343,,11785,14,,,0
29029,'1197514',1458,,11786,14,,,0
29029,'1197579',2243,,11787,14,,,0
29029,'1197580',2343,,11788,14,,,0
29029,'1197733',1058,,11789,14,,,0
29029,'1197827',1743,,11790,14,,,0
29029,'1198085',1643,,11791,14,,,0
29029,'1198192',1258,,11792,14,,,0
29029,'1198245',1158,,11793,14,,,0
29029,'1198309',943,,11794,14,,,0
29029,'1198331',2143,,11795,14,,,0
29029,'1198551',1843,,11796,14,,,0
29029,'1198575',1358,,11797,14,,,0
29029,'1198844',1543,,11798,14,,,0
29029,'1199028',743,,11799,14,,,0
29029,'1199153',1443,,11800,14,,,0
29029,'1199188',1143,,11801,14,,,0
29029,'1199343',1943,,11802,14,,,0
190001029,'1196847',1117,,12633,23,,,0
190001029,'1196850',1328,,12634,23,,,0
190001029,'1196860',1802,,12635,23,,,0
190001029,'1196897',1649,,12636,23,,,0
190001029,'1196906',1747,,12637,23,,,0
190001029,'1196908',1402,,12638,23,,,0
190001029,'1196953',1217,,12639,23,,,0
190001029,'1196957',1247,,12640,23,,,0
190001029,'1196963',1632,,12641,23,,,0
190001029,'1197018',1404,,12642,23,,,0
190001029,'1197048',2407,,12643,23,,,0
190001029,'1197052',1747,,12644,23,,,0
190001029,'1197074',1319,,12645,23,,,0
190001029,'1197089',1832,,12646,23,,,0
190001029,'1197125',716,,12647,23,,,0
190001029,'1197135',1549,,12648,23,,,0
190001029,'1197148',1028,,12649,23,,,0
190001029,'1197153',1047,,12650,23,,,0
190001029,'1197176',1432,,12651,23,,,0
190001029,'1197177',2032,,12652,23,,,0
190001029,'1197199',1419,,12653,23,,,0
190001029,'1197224',1532,,12654,23,,,0
190001029,'1197245',1534,,12655,23,,,0
190001029,'1197247',2316,,12656,23,,,0
190001029,'1197252',1528,,12657,23,,,0
190001029,'1197260',1847,,12658,23,,,0
190001029,'1197284',1202,,12659,23,,,0
190001029,'1197289',702,,12660,23,,,0
190001029,'1197291',1304,,12661,23,,,0
190001029,'1197301',1332,,12662,23,,,0
190001029,'1197338',1704,,12663,23,,,0
190001029,'1197391',1831,,12664,23,,,0
190001029,'1197396',1119,,12665,23,,,0
190001029,'1197428',2017,,12666,23,,,0
190001029,'1197434',1502,,12667,23,,,0
190001029,'1197476',1132,,12668,23,,,0
190001029,'1197511',1517,,12669,23,,,0
190001029,'1197533',1417,,12670,23,,,0
190001029,'1197582',1634,,12671,23,,,0
190001029,'1197659',1619,,12672,23,,,0
190001029,'1197668',828,,12673,23,,,0
190001029,'1197682',1147,,12674,23,,,0
190001029,'1197683',2047,,12675,23,,,0
190001029,'1197684',1204,,12676,23,,,0
190001029,'1197778',1149,,12677,23,,,0
190001029,'1197833',1504,,12678,23,,,0
190001029,'1197836',1349,,12679,23,,,0
190001029,'1197848',2116,,12680,23,,,0
190001029,'1197886',1449,,12681,23,,,0
190001029,'1197890',802,,12682,23,,,0
190001029,'1197905',1019,,12683,23,,,0
190001029,'1197913',2217,,12684,23,,,0
190001029,'1197921',1302,,12685,23,,,0
190001029,'1197922',1001,,12686,23,,,0
190001029,'1197992',1604,,12687,23,,,0
190001029,'1197993',916,,12688,23,,,0
190001029,'1198050',616,,12689,23,,,0
190001029,'1198051',1828,,12690,23,,,0
190001029,'1198052',846,,12691,23,,,0
190001029,'1198054',1428,,12692,23,,,0
190001029,'1198082',1702,,12693,23,,,0
190001029,'1198095',1932,,12694,23,,,0
190001029,'1198106',2246,,12695,23,,,0
190001029,'1198117',728,,12696,23,,,0
190001029,'1198128',1128,,12697,23,,,0
190001029,'1198174',947,,12698,23,,,0
190001029,'1198223',2328,,12699,23,,,0
190001029,'1198252',1434,,12700,23,,,0
190001029,'1198272',817,,12701,23,,,0
190001029,'1198293',1734,,12702,23,,,0
190001029,'1198306',902,,12703,23,,,0
190001029,'1198323',747,,12704,23,,,0
190001029,'1198373',1249,,12705,23,,,0
190001029,'1198398',2346,,12706,23,,,0
190001029,'1198415',928,,12707,23,,,0
190001029,'1198446',1817,,12708,23,,,0
190001029,'1198450',1802,,12709,23,,,0
190001029,'1198459',746,,12710,23,,,0
190001029,'1198491',2046,,12711,23,,,0
190001029,'1198504',847,,12712,23,,,0
190001029,'1198519',2347,,12713,23,,,0
190001029,'1198527',646,,12714,23,,,0
190001029,'1198576',2128,,12715,23,,,0
190001029,'1198589',2317,,12716,23,,,0
190001029,'1198594',816,,12717,23,,,0
190001029,'1198620',2228,,12718,23,,,0
190001029,'1198634',1447,,12719,23,,,0
190001029,'1198641',717,,12720,23,,,0
190001029,'1198687',1102,,12721,23,,,0
190001029,'1198747',932,,12722,23,,,0
190001029,'1198758',2102,,12723,23,,,0
190001029,'1198798',1717,,12724,23,,,0
190001029,'1198839',1846,,12725,23,,,0
190001029,'1198853',2146,,12726,23,,,0
190001029,'1198897',1602,,12727,23,,,0
190001029,'1198906',2117,,12728,23,,,0
190001029,'1198916',1719,,12729,23,,,0
190001029,'1198939',1816,,12730,23,,,0
190001029,'1198946',2247,,12731,23,,,0
190001029,'1198952',1928,,12732,23,,,0
190001029,'1198977',2132,,12733,23,,,0
190001029,'1198982',1728,,12734,23,,,0
190001029,'1199067',1947,,12735,23,,,0
190001029,'1199081',1134,,12736,23,,,0
190001029,'1199082',732,,12737,23,,,0
190001029,'1199103',1732,,12738,23,,,0
190001029,'1199165',1347,,12739,23,,,0
190001029,'1199204',1232,,12740,23,,,0
190001029,'1199210',2002,,12741,23,,,0
190001029,'1199221',1219,,12742,23,,,0
190001029,'1199226',1946,,12743,23,,,0
190001029,'1199256',1228,,12744,23,,,0
190001029,'1199270',1334,,12745,23,,,0
190001029,'1199289',1034,,12746,23,,,0
190001029,'1199303',647,,12747,23,,,0
190001029,'1199322',1104,,12748,23,,,0
190001029,'1199332',946,,12749,23,,,0
190001029,'1199345',1032,,12750,23,,,0
190001029,'1199364',1519,,12751,23,,,0
190001029,'1199390',1049,,12752,23,,,0
190001029,'1199391',1234,,12753,23,,,0
190001029,'1199399',1317,,12754,23,,,0
190001029,'1199406',1547,,12755,23,,,0
190001029,'1199432',1017,,12756,23,,,0
190001029,'1199451',1002,,12757,23,,,0
190001029,'1199467',1916,,12758,23,,,0
190001029,'1199482',1647,,12759,23,,,0
190001029,'1199489',632,,12760,23,,,0
190001029,'1199514',1917,,12761,23,,,0
190001029,'1199524',2216,,12762,23,,,0
190001029,'1199526',2028,,12763,23,,,0
190001029,'1199555',832,,12764,23,,,0
190001029,'1199558',1628,,12765,23,,,0
190001029,'1199571',2016,,12766,23,,,0
190001029,'1199594',1617,,12767,23,,,0
190001029,'1199596',2147,,12768,23,,,0
190001029,'1199644',917,,12769,23,,,0
190001029,'1199650',1902,,12770,23,,,0
