105029,'1196840',2306,,12163,29,,,0
105029,'1196987',1021,,12164,29,,,0
105029,'1196996',1652,,12165,29,,,0
105029,'1197020',1537,,12166,29,,,0
105029,'1197097',1752,,12167,29,,,0
105029,'1197137',2019,,12168,29,,,0
105029,'1197220',2006,,12169,29,,,0
105029,'1197228',1507,,12170,29,,,0
105029,'1197231',736,,12171,29,,,0
105029,'1197439',1137,,12172,29,,,0
105029,'1197501',1937,,12173,29,,,0
105029,'1197522',2137,,12174,29,,,0
105029,'1197561',1007,,12175,29,,,0
105029,'1197638',937,,12176,29,,,0
105029,'1197840',2106,,12177,29,,,0
105029,'1197853',2206,,12178,29,,,0
105029,'1197918',1836,,12179,29,,,0
105029,'1197968',2337,,12180,29,,,0
105029,'1198013',1337,,12181,29,,,0
105029,'1198037',1107,,12182,29,,,0
105029,'1198064',1821,,12183,29,,,0
105029,'1198187',1221,,12184,29,,,0
105029,'1198214',1737,,12185,29,,,0
105029,'1198417',1321,,12186,29,,,0
105029,'1198447',1722,,12187,29,,,0
105029,'1198529',1521,,12188,29,,,0
105029,'1198616',706,,12189,29,,,0
105029,'1198625',1622,,12190,29,,,0
105029,'1198711',1322,,12191,29,,,0
105029,'1198718',1537,,12192,29,,,0
105029,'1198725',1721,,12193,29,,,0
105029,'1198779',819,,12194,29,,,0
105029,'1198918',1421,,12195,29,,,0
105029,'1198922',2411,,12196,29,,,0
105029,'1198923',636,,12197,29,,,0
105029,'1199012',619,,12198,29,,,0
105029,'1199037',1407,,12199,29,,,0
105029,'1199107',1437,,12200,29,,,0
105029,'1199124',2419,,12201,29,,,0
105029,'1199144',1222,,12202,29,,,0
105029,'1199148',737,,12203,29,,,0
105029,'1199220',1121,,12204,29,,,0
105029,'1199470',2219,,12205,29,,,0
105029,'1199473',906,,12206,29,,,0
105029,'1199604',806,,12207,29,,,0
105029,'1199607',1621,,12208,29,,,0
106019,'1196832',958,,12209,33,,,0
106019,'1196841',728,,12210,33,,,0
106019,'1197348',843,,12211,33,,,0
106019,'1197389',1830,,12212,33,,,0
106019,'1197951',1600,,12213,33,,,0
106019,'1198120',1715,,12214,33,,,0
