104029,'1196835',2005,,12074,27,,,0
104029,'1196857',805,,12075,27,,,0
104029,'1196889',806,,12076,27,,,0
104029,'1196928',1750,,12077,27,,,0
104029,'1197002',650,,12078,27,,,0
104029,'1197045',1547,,12079,27,,,0
104029,'1197133',835,,12080,27,,,0
104029,'1197341',1247,,12081,27,,,0
104029,'1197454',1806,,12082,27,,,0
104029,'1197461',720,,12083,27,,,0
104029,'1197467',2206,,12084,27,,,0
104029,'1197481',605,,12085,27,,,0
104029,'1197553',2135,,12086,27,,,0
104029,'1197574',920,,12087,27,,,0
104029,'1197583',2150,,12088,27,,,0
104029,'1197794',1805,,12089,27,,,0
104029,'1197965',1406,,12090,27,,,0
104029,'1197979',1535,,12091,27,,,0
104029,'1198234',1035,,12092,27,,,0
104029,'1198287',1632,,12093,27,,,0
104029,'1198288',1202,,12094,27,,,0
104029,'1198449',1305,,12095,27,,,0
104029,'1198458',1920,,12096,27,,,0
104029,'1198510',950,,12097,27,,,0
104029,'1198521',805,,12098,27,,,0
104029,'1198558',1650,,12099,27,,,0
104029,'1198578',1717,,12100,27,,,0
104029,'1198686',1417,,12101,27,,,0
104029,'1198694',1502,,12102,27,,,0
104029,'1198755',1006,,12103,27,,,0
104029,'1198909',1206,,12104,27,,,0
104029,'1198979',1150,,12105,27,,,0
104029,'1199045',2305,,12106,27,,,0
104029,'1199127',2305,,12107,27,,,0
104029,'1199159',1332,,12108,27,,,0
104029,'1199181',920,,12109,27,,,0
104029,'1199193',1606,,12110,27,,,0
104029,'1199356',1420,,12111,27,,,0
104029,'1199360',2035,,12112,27,,,0
104029,'1199374',650,,12113,27,,,0
104029,'1199380',1035,,12114,27,,,0
104029,'1199442',1835,,12115,27,,,0
104029,'1199577',2006,,12116,27,,,0
