20019,'1196861',1646,,11034,17,,,0
20019,'1196920',2216,,11035,17,,,0
20019,'1196950',746,,11036,17,,,0
20019,'1196955',646,,11037,17,,,0
20019,'1197117',2017,,11038,17,,,0
20019,'1197128',2116,,11039,17,,,0
20019,'1197129',1546,,11040,17,,,0
20019,'1197174',1517,,11041,17,,,0
20019,'1197187',1539,,11042,17,,,0
20019,'1197300',2239,,11043,17,,,0
20019,'1197337',1939,,11044,17,,,0
20019,'1197360',2139,,11045,17,,,0
20019,'1197373',1246,,11046,17,,,0
20019,'1197429',1739,,11047,17,,,0
20019,'1197469',939,,11048,17,,,0
20019,'1197560',1039,,11049,17,,,0
20019,'1197585',645,,11050,17,,,0
20019,'1197629',1417,,11051,17,,,0
20019,'1197637',2146,,11052,17,,,0
20019,'1197672',1339,,11053,17,,,0
20019,'1197681',1046,,11054,17,,,0
20019,'1197724',1439,,11055,17,,,0
20019,'1197914',1239,,11056,17,,,0
20019,'1197984',1747,,11057,17,,,0
20019,'1197986',1346,,11058,17,,,0
20019,'1198036',1817,,11059,17,,,0
20019,'1198083',2416,,11060,17,,,0
20019,'1198114',946,,11061,17,,,0
20019,'1198133',1117,,11062,17,,,0
20019,'1198141',2046,,11063,17,,,0
20019,'1198152',1317,,11064,17,,,0
20019,'1198178',746,,11065,17,,,0
20019,'1198183',2246,,11066,17,,,0
20019,'1198191',615,,11067,17,,,0
20019,'1198203',2339,,11068,17,,,0
20019,'1198236',739,,11069,17,,,0
20019,'1198244',1946,,11070,17,,,0
20019,'1198268',2039,,11071,17,,,0
20019,'1198364',2316,,11072,17,,,0
20019,'1198377',1617,,11073,17,,,0
20019,'1198420',1717,,11074,17,,,0
20019,'1198431',917,,11075,17,,,0
20019,'1198465',1846,,11076,17,,,0
20019,'1198477',1839,,11077,17,,,0
20019,'1198580',716,,11078,17,,,0
20019,'1198586',817,,11079,17,,,0
20019,'1198656',846,,11080,17,,,0
20019,'1198669',1017,,11081,17,,,0
20019,'1198702',1746,,11082,17,,,0
20019,'1198708',1446,,11083,17,,,0
20019,'1198826',1647,,11084,17,,,0
20019,'1198871',1139,,11085,17,,,0
20019,'1198943',1917,,11086,17,,,0
20019,'1199137',2345,,11087,17,,,0
20019,'1199386',839,,11088,17,,,0
20019,'1199428',1217,,11089,17,,,0
20019,'1199534',1639,,11090,17,,,0
20019,'1199553',1146,,11091,17,,,0
