28019,'1196931',2343,,11637,20,,,0
28019,'1196961',1003,,11638,20,,,0
28019,'1197032',1718,,11639,20,,,0
28019,'1197034',1143,,11640,20,,,0
28019,'1197095',2118,,11641,20,,,0
28019,'1197138',1618,,11642,20,,,0
28019,'1197242',1543,,11643,20,,,0
28019,'1197270',1118,,11644,20,,,0
28019,'1197295',1403,,11645,20,,,0
28019,'1197405',1918,,11646,20,,,0
28019,'1197436',1218,,11647,20,,,0
28019,'1197458',1943,,11648,20,,,0
28019,'1197480',2018,,11649,20,,,0
28019,'1197538',748,,11650,20,,,0
28019,'1197551',903,,11651,20,,,0
28019,'1197589',1018,,11652,20,,,0
28019,'1197718',2143,,11653,20,,,0
28019,'1197726',1803,,11654,20,,,0
28019,'1197829',1748,,11655,20,,,0
28019,'1197861',1843,,11656,20,,,0
28019,'1197862',1243,,11657,20,,,0
28019,'1198022',703,,11658,20,,,0
28019,'1198061',2103,,11659,20,,,0
28019,'1198096',1443,,11660,20,,,0
28019,'1198110',1203,,11661,20,,,0
28019,'1198319',2003,,11662,20,,,0
28019,'1198329',1643,,11663,20,,,0
28019,'1198340',1848,,11664,20,,,0
28019,'1198345',1503,,11665,20,,,0
28019,'1198414',1103,,11666,20,,,0
28019,'1198454',1043,,11667,20,,,0
28019,'1198522',1603,,11668,20,,,0
28019,'1198545',648,,11669,20,,,0
28019,'1198672',943,,11670,20,,,0
28019,'1198739',2203,,11671,20,,,0
28019,'1198783',1648,,11672,20,,,0
28019,'1198807',1818,,11673,20,,,0
28019,'1198829',848,,11674,20,,,0
28019,'1198876',718,,11675,20,,,0
28019,'1198919',743,,11676,20,,,0
28019,'1198950',918,,11677,20,,,0
28019,'1198968',1303,,11678,20,,,0
28019,'1199033',2403,,11679,20,,,0
28019,'1199129',2318,,11680,20,,,0
28019,'1199149',1318,,11681,20,,,0
28019,'1199206',2043,,11682,20,,,0
28019,'1199243',2303,,11683,20,,,0
28019,'1199296',1903,,11684,20,,,0
28019,'1199338',1518,,11685,20,,,0
28019,'1199344',1743,,11686,20,,,0
28019,'1199358',618,,11687,20,,,0
28019,'1199417',1703,,11688,20,,,0
28019,'1199426',1419,,11689,20,,,0
28019,'1199450',843,,11690,20,,,0
28019,'1199529',1343,,11691,20,,,0
28019,'1199557',818,,11692,20,,,0
28019,'1199561',2218,,11693,20,,,0
28019,'1199584',803,,11694,20,,,0
28019,'1199602',2243,,11695,20,,,0
