28019,'1196931',2336,,11637,8,,,0
28019,'1196961',956,,11638,8,,,0
28019,'1197032',1711,,11639,8,,,0
28019,'1197034',1136,,11640,8,,,0
28019,'1197095',2111,,11641,8,,,0
28019,'1197138',1611,,11642,8,,,0
28019,'1197242',1536,,11643,8,,,0
28019,'1197270',1111,,11644,8,,,0
28019,'1197295',1356,,11645,8,,,0
28019,'1197405',1911,,11646,8,,,0
28019,'1197436',1211,,11647,8,,,0
28019,'1197458',1936,,11648,8,,,0
28019,'1197480',2011,,11649,8,,,0
28019,'1197538',741,,11650,8,,,0
28019,'1197551',856,,11651,8,,,0
28019,'1197589',1011,,11652,8,,,0
28019,'1197718',2136,,11653,8,,,0
28019,'1197726',1756,,11654,8,,,0
28019,'1197829',1741,,11655,8,,,0
28019,'1197861',1836,,11656,8,,,0
28019,'1197862',1236,,11657,8,,,0
28019,'1198022',656,,11658,8,,,0
28019,'1198061',2056,,11659,8,,,0
28019,'1198096',1436,,11660,8,,,0
28019,'1198110',1156,,11661,8,,,0
28019,'1198319',1956,,11662,8,,,0
28019,'1198329',1636,,11663,8,,,0
28019,'1198340',1841,,11664,8,,,0
28019,'1198345',1456,,11665,8,,,0
28019,'1198414',1056,,11666,8,,,0
28019,'1198454',1036,,11667,8,,,0
28019,'1198522',1556,,11668,8,,,0
28019,'1198545',641,,11669,8,,,0
28019,'1198672',936,,11670,8,,,0
28019,'1198739',2156,,11671,8,,,0
28019,'1198783',1641,,11672,8,,,0
28019,'1198807',1811,,11673,8,,,0
28019,'1198829',841,,11674,8,,,0
28019,'1198876',711,,11675,8,,,0
28019,'1198919',736,,11676,8,,,0
28019,'1198950',911,,11677,8,,,0
28019,'1198968',1256,,11678,8,,,0
28019,'1199033',2356,,11679,8,,,0
28019,'1199129',2311,,11680,8,,,0
28019,'1199149',1311,,11681,8,,,0
28019,'1199206',2036,,11682,8,,,0
28019,'1199243',2256,,11683,8,,,0
28019,'1199296',1856,,11684,8,,,0
28019,'1199338',1511,,11685,8,,,0
28019,'1199344',1736,,11686,8,,,0
28019,'1199358',611,,11687,8,,,0
28019,'1199417',1656,,11688,8,,,0
28019,'1199426',1411,,11689,8,,,0
28019,'1199450',836,,11690,8,,,0
28019,'1199529',1336,,11691,8,,,0
28019,'1199557',811,,11692,8,,,0
28019,'1199561',2211,,11693,8,,,0
28019,'1199584',756,,11694,8,,,0
28019,'1199602',2236,,11695,8,,,0
