14019,'1196890',1822,,10916,19,,,0
14019,'1196970',2052,,10917,19,,,0
14019,'1196984',1350,,10918,19,,,0
14019,'1197073',2152,,10919,19,,,0
14019,'1197090',750,,10920,19,,,0
14019,'1197106',1723,,10921,19,,,0
14019,'1197152',1553,,10922,19,,,0
14019,'1197163',1652,,10923,19,,,0
14019,'1197189',1950,,10924,19,,,0
14019,'1197473',952,,10925,19,,,0
14019,'1197576',1150,,10926,19,,,0
14019,'1197578',1850,,10927,19,,,0
14019,'1197606',850,,10928,19,,,0
14019,'1197719',1552,,10929,19,,,0
14019,'1197768',1653,,10930,19,,,0
14019,'1197774',1252,,10931,19,,,0
14019,'1197807',652,,10932,19,,,0
14019,'1197857',1250,,10933,19,,,0
14019,'1197872',752,,10934,19,,,0
14019,'1197899',2322,,10935,19,,,0
14019,'1197912',1650,,10936,19,,,0
14019,'1197929',1352,,10937,19,,,0
14019,'1197946',1952,,10938,19,,,0
14019,'1198043',2352,,10939,19,,,0
14019,'1198056',1922,,10940,19,,,0
14019,'1198057',652,,10941,19,,,0
14019,'1198062',1550,,10942,19,,,0
14019,'1198118',2022,,10943,19,,,0
14019,'1198151',1450,,10944,19,,,0
14019,'1198161',1453,,10945,19,,,0
14019,'1198262',1452,,10946,19,,,0
14019,'1198285',2252,,10947,19,,,0
14019,'1198312',952,,10948,19,,,0
14019,'1198386',1852,,10949,19,,,0
14019,'1198412',1153,,10950,19,,,0
14019,'1198436',852,,10951,19,,,0
14019,'1198460',1053,,10952,19,,,0
14019,'1198507',852,,10953,19,,,0
14019,'1198513',1253,,10954,19,,,0
14019,'1198539',1052,,10955,19,,,0
14019,'1198751',2050,,10956,19,,,0
14019,'1198810',2350,,10957,19,,,0
14019,'1198859',1523,,10958,19,,,0
14019,'1198869',922,,10959,19,,,0
14019,'1198890',2150,,10960,19,,,0
14019,'1199036',722,,10961,19,,,0
14019,'1199048',752,,10962,19,,,0
14019,'1199075',822,,10963,19,,,0
14019,'1199084',1050,,10964,19,,,0
14019,'1199131',2122,,10965,19,,,0
14019,'1199280',2250,,10966,19,,,0
14019,'1199286',950,,10967,19,,,0
14019,'1199393',1353,,10968,19,,,0
14019,'1199441',1623,,10969,19,,,0
14019,'1199444',1752,,10970,19,,,0
14019,'1199523',1750,,10971,19,,,0
14019,'1199538',1753,,10972,19,,,0
14019,'1199568',2222,,10973,19,,,0
14019,'1199582',1152,,10974,19,,,0
