26029,'1196873',1802,,11480,12,,,0
26029,'1196910',2302,,11481,12,,,0
26029,'1196913',1118,,11482,12,,,0
26029,'1196977',1618,,11483,12,,,0
26029,'1196980',1017,,11484,12,,,0
26029,'1197179',2018,,11485,12,,,0
26029,'1197404',1247,,11486,12,,,0
26029,'1197498',1917,,11487,12,,,0
26029,'1197625',917,,11488,12,,,0
26029,'1197661',1018,,11489,12,,,0
26029,'1197679',1902,,11490,12,,,0
26029,'1197751',2217,,11491,12,,,0
26029,'1197754',617,,11492,12,,,0
26029,'1197782',1518,,11493,12,,,0
26029,'1197814',2217,,11494,12,,,0
26029,'1197860',817,,11495,12,,,0
26029,'1197884',802,,11496,12,,,0
26029,'1197936',1318,,11497,12,,,0
26029,'1197940',1218,,11498,12,,,0
26029,'1197960',1147,,11499,12,,,0
26029,'1197999',2118,,11500,12,,,0
26029,'1198011',1602,,11501,12,,,0
26029,'1198044',1402,,11502,12,,,0
26029,'1198105',2117,,11503,12,,,0
26029,'1198189',1818,,11504,12,,,0
26029,'1198210',1047,,11505,12,,,0
26029,'1198276',1618,,11506,12,,,0
26029,'1198303',1202,,11507,12,,,0
26029,'1198354',2017,,11508,12,,,0
26029,'1198406',617,,11509,12,,,0
26029,'1198482',1102,,11510,12,,,0
26029,'1198544',1702,,11511,12,,,0
26029,'1198822',2317,,11512,12,,,0
26029,'1198850',1817,,11513,12,,,0
26029,'1198867',1502,,11514,12,,,0
26029,'1198935',717,,11515,12,,,0
26029,'1198937',2002,,11516,12,,,0
26029,'1199008',717,,11517,12,,,0
26029,'1199034',1918,,11518,12,,,0
26029,'1199114',2317,,11519,12,,,0
26029,'1199122',1717,,11520,12,,,0
26029,'1199135',1517,,11521,12,,,0
26029,'1199139',1002,,11522,12,,,0
26029,'1199216',2202,,11523,12,,,0
26029,'1199265',1302,,11524,12,,,0
26029,'1199273',902,,11525,12,,,0
26029,'1199292',1718,,11526,12,,,0
26029,'1199311',1447,,11527,12,,,0
26029,'1199314',1347,,11528,12,,,0
26029,'1199512',2102,,11529,12,,,0
26029,'1199532',917,,11530,12,,,0
26029,'1199605',1418,,11531,12,,,0
26029,'1199628',817,,11532,12,,,0
