105029,'1196840',2325,,12163,67,,,0
105029,'1196987',1040,,12164,67,,,0
105029,'1196996',1713,,12165,67,,,0
105029,'1197020',1556,,12166,67,,,0
105029,'1197097',1813,,12167,67,,,0
105029,'1197137',2038,,12168,67,,,0
105029,'1197220',2025,,12169,67,,,0
105029,'1197228',1528,,12170,67,,,0
105029,'1197231',755,,12171,67,,,0
105029,'1197439',1156,,12172,67,,,0
105029,'1197501',1956,,12173,67,,,0
105029,'1197522',2156,,12174,67,,,0
105029,'1197561',1028,,12175,67,,,0
105029,'1197638',956,,12176,67,,,0
105029,'1197840',2125,,12177,67,,,0
105029,'1197853',2225,,12178,67,,,0
105029,'1197918',1855,,12179,67,,,0
105029,'1197968',2356,,12180,67,,,0
105029,'1198013',1356,,12181,67,,,0
105029,'1198037',1128,,12182,67,,,0
105029,'1198064',1840,,12183,67,,,0
105029,'1198187',1240,,12184,67,,,0
105029,'1198214',1756,,12185,67,,,0
105029,'1198417',1340,,12186,67,,,0
105029,'1198447',1743,,12187,67,,,0
105029,'1198529',1540,,12188,67,,,0
105029,'1198616',725,,12189,67,,,0
105029,'1198625',1643,,12190,67,,,0
105029,'1198711',1343,,12191,67,,,0
105029,'1198718',1558,,12192,67,,,0
105029,'1198725',1740,,12193,67,,,0
105029,'1198779',838,,12194,67,,,0
105029,'1198918',1440,,12195,67,,,0
105029,'1198922',2430,,12196,67,,,0
105029,'1198923',655,,12197,67,,,0
105029,'1199012',638,,12198,67,,,0
105029,'1199037',1428,,12199,67,,,0
105029,'1199107',1458,,12200,67,,,0
105029,'1199124',2438,,12201,67,,,0
105029,'1199144',1243,,12202,67,,,0
105029,'1199148',756,,12203,67,,,0
105029,'1199220',1140,,12204,67,,,0
105029,'1199470',2238,,12205,67,,,0
105029,'1199473',925,,12206,67,,,0
105029,'1199604',825,,12207,67,,,0
105029,'1199607',1640,,12208,67,,,0
