104019,'1196891',2339,,12027,26,,,0
104019,'1197169',2415,,12028,26,,,0
104019,'1197256',1344,,12029,26,,,0
104019,'1197286',2139,,12030,26,,,0
104019,'1197298',1214,,12031,26,,,0
104019,'1197387',2240,,12032,26,,,0
104019,'1197452',2010,,12033,26,,,0
104019,'1197544',925,,12034,26,,,0
104019,'1197547',1240,,12035,26,,,0
104019,'1197640',1539,,12036,26,,,0
104019,'1197714',1810,,12037,26,,,0
104019,'1197725',2110,,12038,26,,,0
104019,'1197761',739,,12039,26,,,0
104019,'1197801',1010,,12040,26,,,0
104019,'1197820',810,,12042,26,,,0
104019,'1197873',625,,12043,26,,,0
104019,'1197937',1510,,12044,26,,,0
104019,'1198060',1739,,12045,26,,,0
104019,'1198073',2355,,12046,26,,,0
104019,'1198077',2240,,12047,26,,,0
104019,'1198194',1129,,12048,26,,,0
104019,'1198253',1139,,12049,26,,,0
104019,'1198313',1514,,12050,26,,,0
104019,'1198322',1625,,12051,26,,,0
104019,'1198353',1259,,12052,26,,,0
104019,'1198411',939,,12053,26,,,0
104019,'1198567',1740,,12055,26,,,0
104019,'1198664',855,,12056,26,,,0
104019,'1198683',1355,,12057,26,,,0
104019,'1198738',1940,,12058,26,,,0
104019,'1198750',1939,,12059,26,,,0
104019,'1198780',855,,12060,26,,,0
104019,'1198913',1429,,12061,26,,,0
104019,'1198958',655,,12062,26,,,0
104019,'1199185',740,,12064,26,,,0
104019,'1199190',1125,,12065,26,,,0
104019,'1199331',1339,,12066,26,,,0
104019,'1199407',1855,,12067,26,,,0
104019,'1199459',1725,,12068,26,,,0
104019,'1199490',1644,,12069,26,,,0
104019,'1199539',1010,,12070,26,,,0
104019,'1199564',740,,12071,26,,,0
104019,'1199583',1559,,12072,26,,,0
104019,'1199617',2125,,12073,26,,,0
