103029,'1196853',1444,,11989,18,,,0
103029,'1196867',1314,,11990,18,,,0
103029,'1196892',1744,,11991,18,,,0
103029,'1196973',1736,,11992,18,,,0
103029,'1197031',1408,,11993,18,,,0
103029,'1197085',2044,,11994,18,,,0
103029,'1197108',1914,,11995,18,,,0
103029,'1197233',1005,,11996,18,,,0
103029,'1197315',1238,,11997,18,,,0
103029,'1197321',1108,,11998,18,,,0
103029,'1197346',1436,,11999,18,,,0
103029,'1197499',1837,,12000,18,,,0
103029,'1197743',808,,12001,18,,,0
103029,'1197784',938,,12002,18,,,0
103029,'1197852',1306,,12003,18,,,0
103029,'1198282',1136,,12004,18,,,0
103029,'1198444',1538,,12005,18,,,0
103029,'1198568',705,,12006,18,,,0
103029,'1198723',2007,,12007,18,,,0
103029,'1198855',835,,12008,18,,,0
103029,'1198880',1521,,12009,18,,,0
103029,'1198882',638,,12010,18,,,0
103029,'1198911',2137,,12011,18,,,0
103029,'1198914',1651,,12012,18,,,0
103029,'1198921',844,,12013,18,,,0
103029,'1198928',750,,12014,18,,,0
103029,'1198990',920,,12015,18,,,0
103029,'1199021',1614,,12016,18,,,0
103029,'1199109',2307,,12017,18,,,0
103029,'1199145',2214,,12018,18,,,0
103029,'1199146',1144,,12019,18,,,0
103029,'1199172',2205,,12020,18,,,0
103029,'1199215',2335,,12021,18,,,0
103029,'1199475',1905,,12022,18,,,0
103029,'1199565',1014,,12023,18,,,0
103029,'1199579',1606,,12024,18,,,0
103029,'1199581',2035,,12025,18,,,0
103029,'1199593',1708,,12026,18,,,0
