10029,'1196869',1036,,10389,35,,,0
10029,'1196944',1906,,10390,35,,,0
10029,'1196948',1536,,10391,35,,,0
10029,'1197007',706,,10392,35,,,0
10029,'1197053',1336,,10393,35,,,0
10029,'1197093',1136,,10394,35,,,0
10029,'1197160',1737,,10395,35,,,0
10029,'1197269',1836,,10396,35,,,0
10029,'1197314',2206,,10397,35,,,0
10029,'1197362',2037,,10398,35,,,0
10029,'1197385',837,,10399,35,,,0
10029,'1197414',1436,,10400,35,,,0
10029,'1197492',1706,,10401,35,,,0
10029,'1197523',2237,,10402,35,,,0
10029,'1197565',636,,10403,35,,,0
10029,'1197669',836,,10404,35,,,0
10029,'1197675',2136,,10405,35,,,0
10029,'1197822',1736,,10406,35,,,0
10029,'1197831',1736,,10407,35,,,0
10029,'1197885',2036,,10408,35,,,0
10029,'1197887',1606,,10409,35,,,0
10029,'1197892',1236,,10410,35,,,0
10029,'1197908',2236,,10411,35,,,0
10029,'1197916',2306,,10412,35,,,0
10029,'1197980',2411,,10413,35,,,0
10029,'1198080',1636,,10414,35,,,0
10029,'1198150',1636,,10415,35,,,0
10029,'1198170',1137,,10416,35,,,0
10029,'1198181',1806,,10417,35,,,0
10029,'1198232',1537,,10418,35,,,0
10029,'1198314',1936,,10419,35,,,0
10029,'1198351',1236,,10420,35,,,0
10029,'1198466',2106,,10421,35,,,0
10029,'1198481',1437,,10422,35,,,0
10029,'1198536',1237,,10423,35,,,0
10029,'1198550',1637,,10424,35,,,0
10029,'1198565',2336,,10425,35,,,0
10029,'1198676',736,,10426,35,,,0
10029,'1198703',737,,10427,35,,,0
10029,'1198735',1037,,10428,35,,,0
10029,'1198754',1337,,10429,35,,,0
10029,'1198767',1136,,10430,35,,,0
10029,'1198887',906,,10431,35,,,0
10029,'1198905',1436,,10432,35,,,0
10029,'1198933',836,,10433,35,,,0
10029,'1199013',736,,10434,35,,,0
10029,'1199068',1036,,10435,35,,,0
10029,'1199078',1837,,10436,35,,,0
10029,'1199088',2006,,10437,35,,,0
10029,'1199134',1336,,10438,35,,,0
10029,'1199161',2337,,10439,35,,,0
10029,'1199245',1937,,10440,35,,,0
10029,'1199274',937,,10441,35,,,0
10029,'1199375',1506,,10442,35,,,0
10029,'1199396',806,,10443,35,,,0
10029,'1199411',2137,,10444,35,,,0
10029,'1199422',936,,10445,35,,,0
10029,'1199613',936,,10446,35,,,0
10029,'1199633',1536,,10447,35,,,0
