26019,'1196833',2209,,11427,11,,,0
26019,'1196844',2254,,11428,11,,,0
26019,'1196949',709,,11429,11,,,0
26019,'1197013',1954,,11430,11,,,0
26019,'1197027',1809,,11431,11,,,0
26019,'1197186',1109,,11432,11,,,0
26019,'1197303',1754,,11433,11,,,0
26019,'1197313',1909,,11434,11,,,0
26019,'1197393',1309,,11435,11,,,0
26019,'1197399',1009,,11436,11,,,0
26019,'1197400',1039,,11437,11,,,0
26019,'1197410',1154,,11438,11,,,0
26019,'1197475',1554,,11439,11,,,0
26019,'1197528',2009,,11440,11,,,0
26019,'1197539',854,,11441,11,,,0
26019,'1197549',2109,,11442,11,,,0
26019,'1197586',1709,,11443,11,,,0
26019,'1197594',1439,,11444,11,,,0
26019,'1197600',1354,,11445,11,,,0
26019,'1197749',754,,11446,11,,,0
26019,'1197787',1239,,11447,11,,,0
26019,'1197806',909,,11448,11,,,0
26019,'1197817',1409,,11449,11,,,0
26019,'1197995',1609,,11450,11,,,0
26019,'1198158',1254,,11451,11,,,0
26019,'1198274',1139,,11452,11,,,0
26019,'1198317',1454,,11453,11,,,0
26019,'1198334',1509,,11454,11,,,0
26019,'1198448',609,,11455,11,,,0
26019,'1198587',2309,,11456,11,,,0
26019,'1198626',809,,11457,11,,,0
26019,'1198633',909,,11458,11,,,0
26019,'1198635',709,,11459,11,,,0
26019,'1198640',2109,,11460,11,,,0
26019,'1198642',954,,11461,11,,,0
26019,'1198658',1054,,11462,11,,,0
26019,'1198670',1809,,11463,11,,,0
26019,'1198825',1509,,11464,11,,,0
26019,'1198834',1609,,11465,11,,,0
26019,'1198899',2009,,11466,11,,,0
26019,'1198969',1209,,11467,11,,,0
26019,'1199019',1654,,11468,11,,,0
26019,'1199155',809,,11469,11,,,0
26019,'1199246',1009,,11470,11,,,0
26019,'1199249',1339,,11471,11,,,0
26019,'1199290',609,,11472,11,,,0
26019,'1199307',2154,,11473,11,,,0
26019,'1199310',1709,,11474,11,,,0
26019,'1199313',2309,,11475,11,,,0
26019,'1199493',1909,,11476,11,,,0
26019,'1199515',1854,,11477,11,,,0
26019,'1199654',2209,,11478,11,,,0
26019,'1199656',2054,,11479,11,,,0
