105029,'1196840',2310,,12163,38,,,0
105029,'1196987',1025,,12164,38,,,0
105029,'1196996',1657,,12165,38,,,0
105029,'1197020',1541,,12166,38,,,0
105029,'1197097',1757,,12167,38,,,0
105029,'1197137',2023,,12168,38,,,0
105029,'1197220',2010,,12169,38,,,0
105029,'1197228',1512,,12170,38,,,0
105029,'1197231',740,,12171,38,,,0
105029,'1197439',1141,,12172,38,,,0
105029,'1197501',1941,,12173,38,,,0
105029,'1197522',2141,,12174,38,,,0
105029,'1197561',1012,,12175,38,,,0
105029,'1197638',941,,12176,38,,,0
105029,'1197840',2110,,12177,38,,,0
105029,'1197853',2210,,12178,38,,,0
105029,'1197918',1840,,12179,38,,,0
105029,'1197968',2341,,12180,38,,,0
105029,'1198013',1341,,12181,38,,,0
105029,'1198037',1112,,12182,38,,,0
105029,'1198064',1825,,12183,38,,,0
105029,'1198187',1225,,12184,38,,,0
105029,'1198214',1741,,12185,38,,,0
105029,'1198417',1325,,12186,38,,,0
105029,'1198447',1727,,12187,38,,,0
105029,'1198529',1525,,12188,38,,,0
105029,'1198616',710,,12189,38,,,0
105029,'1198625',1627,,12190,38,,,0
105029,'1198711',1327,,12191,38,,,0
105029,'1198718',1542,,12192,38,,,0
105029,'1198725',1725,,12193,38,,,0
105029,'1198779',823,,12194,38,,,0
105029,'1198918',1425,,12195,38,,,0
105029,'1198922',2415,,12196,38,,,0
105029,'1198923',640,,12197,38,,,0
105029,'1199012',623,,12198,38,,,0
105029,'1199037',1412,,12199,38,,,0
105029,'1199107',1442,,12200,38,,,0
105029,'1199124',2423,,12201,38,,,0
105029,'1199144',1227,,12202,38,,,0
105029,'1199148',741,,12203,38,,,0
105029,'1199220',1125,,12204,38,,,0
105029,'1199470',2223,,12205,38,,,0
105029,'1199473',910,,12206,38,,,0
105029,'1199604',810,,12207,38,,,0
105029,'1199607',1625,,12208,38,,,0
