10019,'1196894',2055,,10329,30,,,0
10019,'1196915',1655,,10330,30,,,0
10019,'1196923',1055,,10331,30,,,0
10019,'1197054',2225,,10332,30,,,0
10019,'1197091',1455,,10333,30,,,0
10019,'1197121',1056,,10334,30,,,0
10019,'1197207',955,,10335,30,,,0
10019,'1197335',825,,10336,30,,,0
10019,'1197345',2125,,10337,30,,,0
10019,'1197397',1456,,10338,30,,,0
10019,'1197418',2355,,10339,30,,,0
10019,'1197505',1555,,10340,30,,,0
10019,'1197587',925,,10341,30,,,0
10019,'1197595',1055,,10342,30,,,0
10019,'1197737',1356,,10343,30,,,0
10019,'1197756',1855,,10344,30,,,0
10019,'1197759',1526,,10345,30,,,0
10019,'1197766',2255,,10346,30,,,0
10019,'1197915',1955,,10347,30,,,0
10019,'1197927',755,,10348,30,,,0
10019,'1197935',655,,10349,30,,,0
10019,'1197985',955,,10350,30,,,0
10019,'1198010',1825,,10351,30,,,0
10019,'1198016',1955,,10352,30,,,0
10019,'1198164',655,,10353,30,,,0
10019,'1198167',1555,,10354,30,,,0
10019,'1198226',1355,,10355,30,,,0
10019,'1198257',1455,,10356,30,,,0
10019,'1198280',2325,,10357,30,,,0
10019,'1198300',1556,,10358,30,,,0
10019,'1198361',2155,,10359,30,,,0
10019,'1198366',855,,10360,30,,,0
10019,'1198390',1855,,10361,30,,,0
10019,'1198410',1755,,10362,30,,,0
10019,'1198440',755,,10363,30,,,0
10019,'1198475',1155,,10364,30,,,0
10019,'1198480',2155,,10365,30,,,0
10019,'1198509',626,,10366,30,,,0
10019,'1198520',1255,,10367,30,,,0
10019,'1198542',2355,,10368,30,,,0
10019,'1198583',2255,,10369,30,,,0
10019,'1198726',1925,,10370,30,,,0
10019,'1198809',855,,10371,30,,,0
10019,'1198815',1655,,10372,30,,,0
10019,'1198881',1626,,10373,30,,,0
10019,'1198903',855,,10374,30,,,0
10019,'1198955',1156,,10375,30,,,0
10019,'1198962',1656,,10376,30,,,0
10019,'1198993',1155,,10377,30,,,0
10019,'1199007',2055,,10378,30,,,0
10019,'1199032',1355,,10379,30,,,0
10019,'1199053',1756,,10380,30,,,0
10019,'1199056',1755,,10381,30,,,0
10019,'1199257',1726,,10382,30,,,0
10019,'1199300',1255,,10383,30,,,0
10019,'1199321',955,,10384,30,,,0
10019,'1199323',2025,,10385,30,,,0
10019,'1199353',1256,,10386,30,,,0
10019,'1199424',725,,10387,30,,,0
10019,'1199598',755,,10388,30,,,0
