101019,'1197003',536,,11803,9,,,0
101019,'1197056',2115,,11804,9,,,0
101019,'1197144',2315,,11805,9,,,0
101019,'1197150',1515,,11806,9,,,0
101019,'1197356',1315,,11807,9,,,0
101019,'1197394',1515,,11808,9,,,0
101019,'1197485',715,,11809,9,,,0
101019,'1197542',1315,,11810,9,,,0
101019,'1197666',1036,,11811,9,,,0
101019,'1197703',2115,,11812,9,,,0
101019,'1197735',1136,,11813,9,,,0
101019,'1197816',1115,,11814,9,,,0
101019,'1197893',736,,11815,9,,,0
101019,'1198002',1715,,11816,9,,,0
101019,'1198014',715,,11817,9,,,0
101019,'1198130',936,,11818,9,,,0
101019,'1198162',1339,,11819,9,,,0
101019,'1198212',1915,,11820,9,,,0
101019,'1198408',2035,,11821,9,,,0
101019,'1198684',915,,11822,9,,,0
101019,'1198907',1915,,11823,9,,,0
101019,'1199079',2236,,11824,9,,,0
101019,'1199178',1739,,11825,9,,,0
101019,'1199186',1539,,11826,9,,,0
101019,'1199279',1715,,11827,9,,,0
101019,'1199401',915,,11828,9,,,0
101019,'1199471',1836,,11829,9,,,0
101019,'1199497',1115,,11830,9,,,0
101019,'1199519',836,,11831,9,,,0
101019,'1199566',1439,,11832,9,,,0
101019,'1199626',1639,,11833,9,,,0
101029,'1196911',802,,11834,39,,,0
101029,'1197033',1845,,11835,39,,,0
101029,'1197060',902,,11836,39,,,0
101029,'1197096',1045,,11837,39,,,0
101029,'1197257',1102,,11838,39,,,0
101029,'1197272',1246,,11839,39,,,0
101029,'1197326',1604,,11840,39,,,0
101029,'1197581',2045,,11841,39,,,0
101029,'1197673',1446,,11842,39,,,0
101029,'1197747',2202,,11843,39,,,0
101029,'1197977',1646,,11844,39,,,0
101029,'1198059',646,,11845,39,,,0
101029,'1198116',1046,,11846,39,,,0
101029,'1198125',846,,11847,39,,,0
101029,'1198200',1245,,11848,39,,,0
101029,'1198251',1002,,11849,39,,,0
101029,'1198346',845,,11850,39,,,0
101029,'1198498',2245,,11851,39,,,0
101029,'1198530',2246,,11852,39,,,0
101029,'1198631',1704,,11853,39,,,0
101029,'1198644',2422,,11854,39,,,0
101029,'1198710',1645,,11855,39,,,0
101029,'1198715',1802,,11856,39,,,0
101029,'1198953',2046,,11857,39,,,0
101029,'1198984',1404,,11858,39,,,0
101029,'1199108',1304,,11859,39,,,0
101029,'1199117',702,,11860,39,,,0
101029,'1199304',1846,,11861,39,,,0
101029,'1199366',1445,,11862,39,,,0
101029,'1199567',2002,,11863,39,,,0
101029,'1199585',1504,,11864,39,,,0
