11029,'1199774',1524,,12771,13,,,0
11029,'1199777',938,,12772,13,,,0
11029,'1199778',1324,,12773,13,,,0
11029,'1199779',2323,,12774,13,,,0
11029,'1199780',1222,,12775,13,,,0
11029,'1199781',1138,,12776,13,,,0
11029,'1199782',1639,,12777,13,,,0
11029,'1199783',2222,,12778,13,,,0
11029,'1199785',1323,,12779,13,,,0
11029,'1199786',808,,12780,13,,,0
11029,'1199787',1624,,12781,13,,,0
11029,'1199788',1554,,12782,13,,,0
11029,'1199789',1439,,12783,13,,,0
11029,'1199790',1453,,12784,13,,,0
11029,'1199791',1123,,12785,13,,,0
11029,'1199792',1539,,12786,13,,,0
11029,'1199793',2338,,12787,13,,,0
11029,'1199794',823,,12788,13,,,0
11029,'1199795',1454,,12789,13,,,0
11029,'1199796',1153,,12790,13,,,0
11029,'1199797',1754,,12791,13,,,0
11029,'1199799',738,,12792,13,,,0
11029,'1199800',1709,,12793,13,,,0
11029,'1199804',923,,12794,13,,,0
11029,'1199808',1022,,12795,13,,,0
11029,'1199809',1724,,12796,13,,,0
11029,'1199810',1053,,12797,13,,,0
11029,'1199811',1038,,12798,13,,,0
11029,'1199812',1553,,12799,13,,,0
11029,'1199813',2322,,12800,13,,,0
11029,'1199814',1224,,12801,13,,,0
11029,'1199815',1623,,12802,13,,,0
11029,'1199816',1153,,12803,13,,,0
11029,'1199818',723,,12804,13,,,0
11029,'1199819',1123,,12805,13,,,0
11029,'1199820',1739,,12806,13,,,0
11029,'1199821',1523,,12807,13,,,0
11029,'1199823',1253,,12808,13,,,0
11029,'1199825',2023,,12809,13,,,0
11029,'1199826',2358,,12810,13,,,0
11029,'1199828',1409,,12811,13,,,0
11029,'1199830',1309,,12812,13,,,0
11029,'1199831',2008,,12813,13,,,0
11029,'1199834',638,,12814,13,,,0
11029,'1199836',753,,12815,13,,,0
11029,'1199838',1509,,12816,13,,,0
11029,'1199839',722,,12817,13,,,0
11029,'1199843',1339,,12818,13,,,0
11029,'1199844',2022,,12819,13,,,0
11029,'1199846',1424,,12820,13,,,0
11029,'1199847',922,,12821,13,,,0
11029,'1199848',908,,12822,13,,,0
11029,'1199849',2122,,12823,13,,,0
11029,'1199850',1522,,12824,13,,,0
11029,'1199852',708,,12825,13,,,0
11029,'1199853',953,,12826,13,,,0
11029,'1199854',838,,12827,13,,,0
11029,'1199855',1622,,12828,13,,,0
11029,'1199856',2123,,12829,13,,,0
11029,'1199858',1609,,12830,13,,,0
11029,'1199860',1023,,12831,13,,,0
11029,'1199862',1938,,12832,13,,,0
11029,'1199863',823,,12833,13,,,0
11029,'1199864',1209,,12834,13,,,0
11029,'1199865',1723,,12835,13,,,0
11029,'1199866',1223,,12836,13,,,0
11029,'1199867',2038,,12837,13,,,0
11029,'1199869',1423,,12838,13,,,0
11029,'1199870',1322,,12839,13,,,0
11029,'1199871',1353,,12840,13,,,0
11029,'1199873',2208,,12841,13,,,0
11029,'1199874',1108,,12842,13,,,0
11029,'1199875',1008,,12843,13,,,0
11029,'1199876',653,,12844,13,,,0
11029,'1199877',1722,,12845,13,,,0
11029,'1199878',1654,,12846,13,,,0
11029,'1199881',1823,,12847,13,,,0
11029,'1199882',1908,,12848,13,,,0
11029,'1199883',1122,,12849,13,,,0
11029,'1199884',1922,,12850,13,,,0
11029,'1199886',1923,,12851,13,,,0
11029,'1199889',723,,12852,13,,,0
11029,'1199890',2108,,12853,13,,,0
11029,'1199891',2223,,12854,13,,,0
11029,'1199892',1822,,12855,13,,,0
11029,'1199893',1023,,12856,13,,,0
11029,'1199898',853,,12857,13,,,0
11029,'1199899',1838,,12858,13,,,0
11029,'1199902',1808,,12859,13,,,0
11029,'1199903',923,,12860,13,,,0
11029,'1199904',1653,,12861,13,,,0
11029,'1199906',623,,12862,13,,,0
11029,'1199907',2308,,12863,13,,,0
11029,'1199910',2238,,12864,13,,,0
11029,'1199911',2138,,12865,13,,,0
11029,'1199912',1354,,12866,13,,,0
11029,'1199913',1239,,12867,13,,,0
11029,'1199914',1254,,12868,13,,,0
11029,'1199919',822,,12869,13,,,0
11029,'1199920',1422,,12870,13,,,0
