13019,'1196852',1325,,10793,14,,,0
13019,'1196856',1724,,10794,14,,,0
13019,'1196999',924,,10796,14,,,0
13019,'1197035',624,,10797,14,,,0
13019,'1197132',1455,,10798,14,,,0
13019,'1197251',1555,,10799,14,,,0
13019,'1197279',725,,10800,14,,,0
13019,'1197353',2254,,10801,14,,,0
13019,'1197357',1825,,10802,14,,,0
13019,'1197451',2224,,10803,14,,,0
13019,'1197487',824,,10804,14,,,0
13019,'1197555',1625,,10805,14,,,0
13019,'1197570',925,,10806,14,,,0
13019,'1197575',1625,,10807,14,,,0
13019,'1197641',2025,,10808,14,,,0
13019,'1197645',1655,,10809,14,,,0
13019,'1197648',654,,10810,14,,,0
13019,'1197690',1624,,10811,14,,,0
13019,'1197692',1725,,10812,14,,,0
13019,'1197730',1425,,10813,14,,,0
13019,'1197762',2359,,10814,14,,,0
13019,'1197803',724,,10815,14,,,0
13019,'1197834',1224,,10816,14,,,0
13019,'1197854',2024,,10817,14,,,0
13019,'1197962',1324,,10818,14,,,0
13019,'1197975',1025,,10819,14,,,0
13019,'1198041',1124,,10820,14,,,0
13019,'1198094',1754,,10821,14,,,0
13019,'1198160',824,,10822,14,,,0
13019,'1198201',1225,,10823,14,,,0
13019,'1198243',1824,,10824,14,,,0
13019,'1198290',2154,,10825,14,,,0
13019,'1198352',724,,10826,14,,,0
13019,'1198355',1854,,10827,14,,,0
13019,'1198382',754,,10828,14,,,0
13019,'1198402',2225,,10829,14,,,0
13019,'1198552',2125,,10830,14,,,0
13019,'1198554',1924,,10831,14,,,0
13019,'1198602',1125,,10832,14,,,0
13019,'1198611',1954,,10833,14,,,0
13019,'1198630',1525,,10834,14,,,0
13019,'1198675',1225,,10835,14,,,0
13019,'1198716',1024,,10837,14,,,0
13019,'1198729',954,,10838,14,,,0
13019,'1198761',1325,,10839,14,,,0
13019,'1198778',924,,10840,14,,,0
13019,'1198837',2325,,10841,14,,,0
13019,'1198874',1125,,10842,14,,,0
13019,'1198888',854,,10843,14,,,0
13019,'1199044',825,,10844,14,,,0
13019,'1199123',1025,,10845,14,,,0
13019,'1199151',1425,,10846,14,,,0
13019,'1199233',1424,,10847,14,,,0
13019,'1199276',1524,,10848,14,,,0
13019,'1199284',2054,,10849,14,,,0
13019,'1199418',1925,,10850,14,,,0
13019,'1199448',1725,,10851,14,,,0
13019,'1199536',2124,,10852,14,,,0
13019,'1199588',2324,,10853,14,,,0
13019,'1199631',1525,,10854,14,,,0
