26019,'1196833',2211,,11427,14,,,0
26019,'1196844',2256,,11428,14,,,0
26019,'1196949',711,,11429,14,,,0
26019,'1197013',1956,,11430,14,,,0
26019,'1197027',1812,,11431,14,,,0
26019,'1197186',1112,,11432,14,,,0
26019,'1197303',1756,,11433,14,,,0
26019,'1197313',1912,,11434,14,,,0
26019,'1197393',1312,,11435,14,,,0
26019,'1197399',1012,,11436,14,,,0
26019,'1197400',1042,,11437,14,,,0
26019,'1197410',1156,,11438,14,,,0
26019,'1197475',1556,,11439,14,,,0
26019,'1197528',2012,,11440,14,,,0
26019,'1197539',856,,11441,14,,,0
26019,'1197549',2112,,11442,14,,,0
26019,'1197586',1712,,11443,14,,,0
26019,'1197594',1442,,11444,14,,,0
26019,'1197600',1356,,11445,14,,,0
26019,'1197749',756,,11446,14,,,0
26019,'1197787',1242,,11447,14,,,0
26019,'1197806',911,,11448,14,,,0
26019,'1197817',1412,,11449,14,,,0
26019,'1197995',1612,,11450,14,,,0
26019,'1198158',1256,,11451,14,,,0
26019,'1198274',1142,,11452,14,,,0
26019,'1198317',1456,,11453,14,,,0
26019,'1198334',1512,,11454,14,,,0
26019,'1198448',611,,11455,14,,,0
26019,'1198587',2311,,11456,14,,,0
26019,'1198626',811,,11457,14,,,0
26019,'1198633',912,,11458,14,,,0
26019,'1198635',712,,11459,14,,,0
26019,'1198640',2112,,11460,14,,,0
26019,'1198642',956,,11461,14,,,0
26019,'1198658',1056,,11462,14,,,0
26019,'1198670',1812,,11463,14,,,0
26019,'1198825',1512,,11464,14,,,0
26019,'1198834',1613,,11465,14,,,0
26019,'1198899',2012,,11466,14,,,0
26019,'1198969',1212,,11467,14,,,0
26019,'1199019',1656,,11468,14,,,0
26019,'1199155',812,,11469,14,,,0
26019,'1199246',1012,,11470,14,,,0
26019,'1199249',1342,,11471,14,,,0
26019,'1199290',612,,11472,14,,,0
26019,'1199307',2156,,11473,14,,,0
26019,'1199310',1712,,11474,14,,,0
26019,'1199313',2312,,11475,14,,,0
26019,'1199493',1912,,11476,14,,,0
26019,'1199515',1856,,11477,14,,,0
26019,'1199654',2212,,11478,14,,,0
26019,'1199656',2056,,11479,14,,,0
