24019,'1196934',643,,11187,18,,,0
24019,'1196988',813,,11188,18,,,0
24019,'1197014',2113,,11189,18,,,0
24019,'1197021',2403,,11190,18,,,0
24019,'1197025',713,,11191,18,,,0
24019,'1197047',1445,,11192,18,,,0
24019,'1197094',1013,,11193,18,,,0
24019,'1197127',2243,,11194,18,,,0
24019,'1197154',928,,11195,18,,,0
24019,'1197203',1613,,11196,18,,,0
24019,'1197210',1328,,11197,18,,,0
24019,'1197244',612,,11198,18,,,0
24019,'1197285',1813,,11199,18,,,0
24019,'1197390',1713,,11200,18,,,0
24019,'1197431',1545,,11201,18,,,0
24019,'1197489',2228,,11202,18,,,0
24019,'1197506',1114,,11203,18,,,0
24019,'1197518',1715,,11204,18,,,0
24019,'1197546',1014,,11205,18,,,0
24019,'1197591',1913,,11206,18,,,0
24019,'1197620',914,,11207,18,,,0
24019,'1197680',1415,,11208,18,,,0
24019,'1197686',1928,,11209,18,,,0
24019,'1197707',1314,,11210,18,,,0
24019,'1197750',2143,,11211,18,,,0
24019,'1197764',1645,,11212,18,,,0
24019,'1197783',2128,,11213,18,,,0
24019,'1197805',743,,11214,18,,,0
24019,'1197843',1628,,11215,18,,,0
24019,'1197844',1214,,11216,18,,,0
24019,'1197878',1428,,11217,18,,,0
24019,'1197883',1315,,11218,18,,,0
24019,'1197954',1828,,11219,18,,,0
24019,'1197955',712,,11220,18,,,0
24019,'1197996',813,,11221,18,,,0
24019,'1198055',1414,,11222,18,,,0
24019,'1198087',1115,,11223,18,,,0
24019,'1198107',1528,,11224,18,,,0
24019,'1198126',2013,,11225,18,,,0
24019,'1198142',943,,11226,18,,,0
24019,'1198175',1615,,11227,18,,,0
24019,'1198559',1843,,11228,18,,,0
24019,'1198657',2328,,11229,18,,,0
24019,'1198659',828,,11230,18,,,0
24019,'1198709',1728,,11231,18,,,0
24019,'1198800',2028,,11232,18,,,0
24019,'1198948',913,,11233,18,,,0
24019,'1198975',1228,,11234,18,,,0
24019,'1199043',1028,,11235,18,,,0
24019,'1199106',728,,11236,18,,,0
24019,'1199219',2213,,11237,18,,,0
24019,'1199387',843,,11238,18,,,0
24019,'1199435',1128,,11239,18,,,0
24019,'1199454',2043,,11240,18,,,0
24019,'1199463',1515,,11241,18,,,0
24019,'1199504',1215,,11242,18,,,0
24019,'1199506',1514,,11243,18,,,0
24019,'1199592',1943,,11244,18,,,0
24019,'1199595',1745,,11245,18,,,0
24019,'1199609',2313,,11246,18,,,0
105029,'1196840',2252,,12163,9,,,0
105029,'1196987',1007,,12164,9,,,0
105029,'1196996',1637,,12165,9,,,0
105029,'1197020',1521,,12166,9,,,0
105029,'1197097',1737,,12167,9,,,0
105029,'1197137',2006,,12168,9,,,0
105029,'1197220',1952,,12169,9,,,0
105029,'1197228',1452,,12170,9,,,0
105029,'1197231',722,,12171,9,,,0
105029,'1197439',1121,,12172,9,,,0
105029,'1197501',1921,,12173,9,,,0
105029,'1197522',2121,,12174,9,,,0
105029,'1197561',952,,12175,9,,,0
105029,'1197638',921,,12176,9,,,0
105029,'1197840',2052,,12177,9,,,0
105029,'1197853',2152,,12178,9,,,0
105029,'1197918',1822,,12179,9,,,0
105029,'1197968',2321,,12180,9,,,0
105029,'1198013',1321,,12181,9,,,0
105029,'1198037',1052,,12182,9,,,0
105029,'1198064',1807,,12183,9,,,0
105029,'1198187',1207,,12184,9,,,0
105029,'1198214',1721,,12185,9,,,0
105029,'1198417',1307,,12186,9,,,0
105029,'1198447',1707,,12187,9,,,0
105029,'1198529',1507,,12188,9,,,0
105029,'1198616',652,,12189,9,,,0
105029,'1198625',1607,,12190,9,,,0
105029,'1198711',1307,,12191,9,,,0
105029,'1198718',1522,,12192,9,,,0
105029,'1198725',1707,,12193,9,,,0
105029,'1198779',806,,12194,9,,,0
105029,'1198918',1407,,12195,9,,,0
105029,'1198922',2357,,12196,9,,,0
105029,'1198923',622,,12197,9,,,0
105029,'1199012',606,,12198,9,,,0
105029,'1199037',1352,,12199,9,,,0
105029,'1199107',1422,,12200,9,,,0
105029,'1199124',2406,,12201,9,,,0
105029,'1199144',1207,,12202,9,,,0
105029,'1199148',721,,12203,9,,,0
105029,'1199220',1107,,12204,9,,,0
105029,'1199470',2206,,12205,9,,,0
105029,'1199473',852,,12206,9,,,0
105029,'1199604',752,,12207,9,,,0
105029,'1199607',1607,,12208,9,,,0
106019,'1196832',937,,12209,9,,,0
106019,'1196841',707,,12210,9,,,0
106019,'1197348',822,,12211,9,,,0
106019,'1197389',1807,,12212,9,,,0
106019,'1197951',1537,,12213,9,,,0
106019,'1198120',1652,,12214,9,,,0
140001029,'1196879',621,,12358,9,,,0
140001029,'1196954',952,,12359,9,,,0
140001029,'1196975',1022,,12360,9,,,0
140001029,'1196976',2321,,12361,9,,,0
140001029,'1197010',1337,,12362,9,,,0
140001029,'1197038',1107,,12363,9,,,0
140001029,'1197058',1836,,12364,9,,,0
140001029,'1197078',1122,,12365,9,,,0
140001029,'1197099',2251,,12366,9,,,0
140001029,'1197105',2322,,12367,9,,,0
140001029,'1197113',851,,12368,9,,,0
140001029,'1197141',1438,,12369,9,,,0
140001029,'1197155',1737,,12370,9,,,0
140001029,'1197162',936,,12371,9,,,0
140001029,'1197190',1553,,12372,9,,,0
140001029,'1197195',1653,,12373,9,,,0
140001029,'1197198',1353,,12374,9,,,0
140001029,'1197204',922,,12375,9,,,0
140001029,'1197222',1222,,12376,9,,,0
140001029,'1197249',1222,,12377,9,,,0
140001029,'1197271',1937,,12378,9,,,0
140001029,'1197276',1052,,12379,9,,,0
140001029,'1197293',1508,,12380,9,,,0
140001029,'1197305',1522,,12381,9,,,0
140001029,'1197370',1207,,12382,9,,,0
140001029,'1197377',2221,,12383,9,,,0
140001029,'1197379',751,,12384,9,,,0
140001029,'1197386',1822,,12385,9,,,0
140001029,'1197424',2051,,12386,9,,,0
140001029,'1197426',1007,,12387,9,,,0
140001029,'1197432',951,,12388,9,,,0
140001029,'1197460',2221,,12389,9,,,0
140001029,'1197482',622,,12390,9,,,0
140001029,'1197494',2356,,12391,9,,,0
140001029,'1197497',1652,,12392,9,,,0
140001029,'1197568',1322,,12393,9,,,0
140001029,'1197611',2251,,12394,9,,,0
140001029,'1197612',1538,,12395,9,,,0
140001029,'1197619',1821,,12396,9,,,0
140001029,'1197627',836,,12397,9,,,0
140001029,'1197635',2222,,12398,9,,,0
140001029,'1197649',1322,,12399,9,,,0
140001029,'1197658',1922,,12400,9,,,0
140001029,'1197662',1052,,12401,9,,,0
140001029,'1197723',922,,12402,9,,,0
140001029,'1197758',1237,,12403,9,,,0
140001029,'1197776',2022,,12404,9,,,0
140001029,'1197849',2151,,12405,9,,,0
140001029,'1197888',1951,,12406,9,,,0
140001029,'1197928',1422,,12407,9,,,0
140001029,'1197938',1408,,12408,9,,,0
140001029,'1197948',1453,,12409,9,,,0
140001029,'1197957',1607,,12410,9,,,0
140001029,'1197967',1708,,12411,9,,,0
140001029,'1197972',1552,,12412,9,,,0
140001029,'1197983',721,,12413,9,,,0
140001029,'1198007',2121,,12414,9,,,0
140001029,'1198048',736,,12415,9,,,0
140001029,'1198049',706,,12416,9,,,0
140001029,'1198081',1252,,12417,9,,,0
140001029,'1198099',937,,12418,9,,,0
140001029,'1198101',1122,,12419,9,,,0
140001029,'1198102',822,,12420,9,,,0
140001029,'1198131',2022,,12421,9,,,0
140001029,'1198132',1022,,12422,9,,,0
140001029,'1198186',1752,,12423,9,,,0
140001029,'1198207',651,,12424,9,,,0
140001029,'1198209',906,,12425,9,,,0
140001029,'1198299',1152,,12426,9,,,0
140001029,'1198347',636,,12427,9,,,0
140001029,'1198350',1907,,12428,9,,,0
140001029,'1198371',1423,,12429,9,,,0
140001029,'1198391',2037,,12430,9,,,0
140001029,'1198425',2021,,12431,9,,,0
140001029,'1198451',2351,,12432,9,,,0
140001029,'1198469',1622,,12433,9,,,0
140001029,'1198505',1422,,12434,9,,,0
140001029,'1198517',1152,,12435,9,,,0
140001029,'1198540',722,,12436,9,,,0
140001029,'1198546',1022,,12437,9,,,0
140001029,'1198572',1537,,12438,9,,,0
140001029,'1198636',806,,12439,9,,,0
140001029,'1198643',1222,,12440,9,,,0
140001029,'1198645',1722,,12441,9,,,0
140001029,'1198655',752,,12442,9,,,0
140001029,'1198697',852,,12443,9,,,0
140001029,'1198757',1622,,12444,9,,,0
140001029,'1198770',1952,,12445,9,,,0
140001029,'1198787',1608,,12446,9,,,0
140001029,'1198789',1922,,12447,9,,,0
140001029,'1198794',1037,,12448,9,,,0
140001029,'1198796',2151,,12449,9,,,0
140001029,'1198802',1107,,12450,9,,,0
140001029,'1198817',1507,,12451,9,,,0
140001029,'1198824',1137,,12452,9,,,0
140001029,'1198860',1806,,12453,9,,,0
140001029,'1198934',1707,,12454,9,,,0
140001029,'1198970',1738,,12455,9,,,0
140001029,'1198973',921,,12456,9,,,0
140001029,'1198981',1822,,12457,9,,,0
140001029,'1198986',2321,,12458,9,,,0
140001029,'1198999',1337,,12459,9,,,0
140001029,'1199001',722,,12460,9,,,0
140001029,'1199006',821,,12461,9,,,0
140001029,'1199010',1752,,12462,9,,,0
140001029,'1199031',1207,,12463,9,,,0
140001029,'1199086',1007,,12464,9,,,0
140001029,'1199101',652,,12465,9,,,0
140001029,'1199110',1137,,12466,9,,,0
140001029,'1199113',1637,,12467,9,,,0
140001029,'1199128',1037,,12468,9,,,0
140001029,'1199156',1921,,12469,9,,,0
140001029,'1199174',1307,,12470,9,,,0
140001029,'1199189',822,,12471,9,,,0
140001029,'1199191',1807,,12472,9,,,0
140001029,'1199203',2052,,12473,9,,,0
140001029,'1199247',1638,,12474,9,,,0
140001029,'1199259',1837,,12475,9,,,0
140001029,'1199261',1407,,12476,9,,,0
140001029,'1199275',1523,,12477,9,,,0
140001029,'1199283',1322,,12478,9,,,0
140001029,'1199312',1237,,12479,9,,,0
140001029,'1199341',2007,,12480,9,,,0
140001029,'1199351',1307,,12481,9,,,0
140001029,'1199395',1723,,12482,9,,,0
140001029,'1199415',1851,,12483,9,,,0
140001029,'1199446',1852,,12484,9,,,0
140001029,'1199456',1522,,12485,9,,,0
140001029,'1199465',1722,,12486,9,,,0
140001029,'1199469',2121,,12487,9,,,0
140001029,'1199481',1623,,12488,9,,,0
140001029,'1199494',1452,,12489,9,,,0
140001029,'1199502',1352,,12490,9,,,0
140001029,'1199522',1437,,12491,9,,,0
140001029,'1199528',2122,,12492,9,,,0
140001029,'1199569',1122,,12493,9,,,0
140001029,'1199608',1252,,12494,9,,,0
