29019,'1196845',1231,,11755,14,,,0
29019,'1197023',946,,11756,14,,,0
29019,'1197248',1930,,11757,14,,,0
29019,'1197445',1146,,11758,14,,,0
29019,'1197468',1446,,11759,14,,,0
29019,'1197869',1131,,11760,14,,,0
29019,'1197959',930,,11761,14,,,0
29019,'1198305',1246,,11762,14,,,0
29019,'1198397',1546,,11763,14,,,0
29019,'1198428',830,,11764,14,,,0
29019,'1198456',2330,,11765,14,,,0
29019,'1198533',1531,,11766,14,,,0
29019,'1198557',2130,,11767,14,,,0
29019,'1198961',1631,,11768,14,,,0
29019,'1199000',1830,,11769,14,,,0
29019,'1199017',1431,,11770,14,,,0
29019,'1199038',730,,11771,14,,,0
29019,'1199080',1731,,11772,14,,,0
29019,'1199158',2030,,11773,14,,,0
29019,'1199278',1046,,11774,14,,,0
29019,'1199317',1346,,11775,14,,,0
29019,'1199409',1031,,11776,14,,,0
29019,'1199455',2230,,11777,14,,,0
29019,'1199486',1331,,11778,14,,,0
