101019,'1197003',547,,11803,24,,,0
101019,'1197056',2124,,11804,24,,,0
101019,'1197144',2325,,11805,24,,,0
101019,'1197150',1525,,11806,24,,,0
101019,'1197356',1325,,11807,24,,,0
101019,'1197394',1524,,11808,24,,,0
101019,'1197485',724,,11809,24,,,0
101019,'1197542',1324,,11810,24,,,0
101019,'1197666',1047,,11811,24,,,0
101019,'1197703',2125,,11812,24,,,0
101019,'1197735',1147,,11813,24,,,0
101019,'1197816',1124,,11814,24,,,0
101019,'1197893',747,,11815,24,,,0
101019,'1198002',1725,,11816,24,,,0
101019,'1198014',725,,11817,24,,,0
101019,'1198130',947,,11818,24,,,0
101019,'1198162',1349,,11819,24,,,0
101019,'1198212',1925,,11820,24,,,0
101019,'1198408',2046,,11821,24,,,0
101019,'1198684',924,,11822,24,,,0
101019,'1198907',1924,,11823,24,,,0
101019,'1199079',2247,,11824,24,,,0
101019,'1199178',1749,,11825,24,,,0
101019,'1199186',1549,,11826,24,,,0
101019,'1199279',1724,,11827,24,,,0
101019,'1199401',925,,11828,24,,,0
101019,'1199471',1847,,11829,24,,,0
101019,'1199497',1125,,11830,24,,,0
101019,'1199519',847,,11831,24,,,0
101019,'1199566',1449,,11832,24,,,0
101019,'1199626',1649,,11833,24,,,0
101029,'1196911',813,,11834,54,,,0
101029,'1197033',1856,,11835,54,,,0
101029,'1197060',913,,11836,54,,,0
101029,'1197096',1056,,11837,54,,,0
101029,'1197257',1113,,11838,54,,,0
101029,'1197272',1256,,11839,54,,,0
101029,'1197326',1615,,11840,54,,,0
101029,'1197581',2056,,11841,54,,,0
101029,'1197673',1456,,11842,54,,,0
101029,'1197747',2213,,11843,54,,,0
101029,'1197977',1656,,11844,54,,,0
101029,'1198059',656,,11845,54,,,0
101029,'1198116',1056,,11846,54,,,0
101029,'1198125',856,,11847,54,,,0
101029,'1198200',1256,,11848,54,,,0
101029,'1198251',1013,,11849,54,,,0
101029,'1198346',856,,11850,54,,,0
101029,'1198498',2256,,11851,54,,,0
101029,'1198530',2256,,11852,54,,,0
101029,'1198631',1715,,11853,54,,,0
101029,'1198644',2433,,11854,54,,,0
101029,'1198710',1656,,11855,54,,,0
101029,'1198715',1813,,11856,54,,,0
101029,'1198953',2056,,11857,54,,,0
101029,'1198984',1415,,11858,54,,,0
101029,'1199108',1315,,11859,54,,,0
101029,'1199117',713,,11860,54,,,0
101029,'1199304',1856,,11861,54,,,0
101029,'1199366',1456,,11862,54,,,0
101029,'1199567',2013,,11863,54,,,0
101029,'1199585',1515,,11864,54,,,0
