12019,'1196839',2133,,10650,31,,,0
12019,'1196874',1135,,10651,31,,,0
12019,'1196885',1635,,10652,31,,,0
12019,'1196887',1605,,10653,31,,,0
12019,'1196940',1335,,10654,31,,,0
12019,'1196983',1933,,10655,31,,,0
12019,'1197026',2233,,10656,31,,,0
12019,'1197080',1833,,10657,31,,,0
12019,'1197104',1903,,10658,31,,,0
12019,'1197223',1805,,10659,31,,,0
12019,'1197306',1205,,10660,31,,,0
12019,'1197322',803,,10661,31,,,0
12019,'1197334',1635,,10662,31,,,0
12019,'1197339',1803,,10663,31,,,0
12019,'1197433',1003,,10664,31,,,0
12019,'1197490',1705,,10665,31,,,0
12019,'1197525',1605,,10666,31,,,0
12019,'1197602',904,,10667,31,,,0
12019,'1197615',1235,,10668,31,,,0
12019,'1197664',1805,,10669,31,,,0
12019,'1197701',2403,,10670,31,,,0
12019,'1197765',2403,,10671,31,,,0
12019,'1197813',1105,,10672,31,,,0
12019,'1197824',1303,,10673,31,,,0
12019,'1197891',2103,,10674,31,,,0
12019,'1197911',2003,,10675,31,,,0
12019,'1197945',1903,,10676,31,,,0
12019,'1197989',1505,,10677,31,,,0
12019,'1197991',1203,,10678,31,,,0
12019,'1198031',704,,10679,31,,,0
12019,'1198072',1403,,10680,31,,,0
12019,'1198097',1603,,10681,31,,,0
12019,'1198121',1705,,10682,31,,,0
12019,'1198127',1105,,10683,31,,,0
12019,'1198171',2203,,10684,31,,,0
12019,'1198224',2303,,10685,31,,,0
12019,'1198250',1335,,10686,31,,,0
12019,'1198260',1435,,10687,31,,,0
12019,'1198263',934,,10688,31,,,0
12019,'1198283',1535,,10689,31,,,0
12019,'1198358',1503,,10690,31,,,0
12019,'1198421',903,,10691,31,,,0
12019,'1198427',1235,,10692,31,,,0
12019,'1198442',1735,,10693,31,,,0
12019,'1198497',2203,,10694,31,,,0
12019,'1198582',903,,10695,31,,,0
12019,'1198588',634,,10696,31,,,0
12019,'1198592',1735,,10697,31,,,0
12019,'1198618',1103,,10698,31,,,0
12019,'1198712',1205,,10699,31,,,0
12019,'1198727',1405,,10700,31,,,0
12019,'1198773',1405,,10701,31,,,0
12019,'1198774',1135,,10702,31,,,0
12019,'1198819',2333,,10703,31,,,0
12019,'1198842',1004,,10704,31,,,0
12019,'1198884',2003,,10705,31,,,0
12019,'1198912',803,,10706,31,,,0
12019,'1198945',1003,,10707,31,,,0
12019,'1199167',734,,10708,31,,,0
12019,'1199197',2103,,10709,31,,,0
12019,'1199223',1305,,10710,31,,,0
12019,'1199224',705,,10711,31,,,0
12019,'1199251',1034,,10712,31,,,0
12019,'1199291',1535,,10713,31,,,0
12019,'1199315',1305,,10714,31,,,0
12019,'1199416',2303,,10715,31,,,0
12019,'1199495',1435,,10716,31,,,0
12019,'1199513',834,,10717,31,,,0
12019,'1199578',1505,,10718,31,,,0
12019,'1199610',2033,,10719,31,,,0
12019,'1199616',804,,10720,31,,,0
12019,'1199625',1703,,10721,31,,,0
