11029,'1196876',1449,,10548,11,,,0
11029,'1196884',1249,,10549,15,,,0
11029,'1196914',1132,,10550,15,,,0
11029,'1196958',752,,10551,15,,,0
11029,'1197000',1249,,10552,11,,,0
11029,'1197070',1849,,10553,11,,,0
11029,'1197071',1831,,10554,15,,,0
11029,'1197114',917,,10555,15,,,0
11029,'1197185',2249,,10556,11,,,0
11029,'1197191',1449,,10557,15,,,0
11029,'1197229',1404,,10558,15,,,0
11029,'1197234',1703,,10559,15,,,0
11029,'1197264',1734,,10560,15,,,0
11029,'1197274',932,,10561,15,,,0
11029,'1197327',1333,,10562,15,,,0
11029,'1197343',732,,10563,15,,,0
11029,'1197351',1549,,10564,11,,,0
11029,'1197398',1819,,10565,15,,,0
11029,'1197412',2301,,10566,15,,,0
11029,'1197422',1634,,10567,15,,,0
11029,'1197446',2349,,10568,11,,,0
11029,'1197463',702,,10569,15,,,0
11029,'1197502',617,,10570,15,,,0
11029,'1197519',747,,10571,15,,,0
11029,'1197564',2252,,10572,15,,,0
11029,'1197573',1349,,10573,11,,,0
11029,'1197695',1102,,10574,15,,,0
11029,'1197696',802,,10575,15,,,0
11029,'1197753',849,,10576,11,,,0
11029,'1197763',1519,,10577,15,,,0
11029,'1197795',2031,,10578,15,,,0
11029,'1197832',1619,,10579,15,,,0
11029,'1197875',2418,,10580,15,,,0
11029,'1197917',2352,,10581,15,,,0
11029,'1197925',1117,,10582,15,,,0
11029,'1197934',1533,,10583,15,,,0
11029,'1197978',1901,,10584,15,,,0
11029,'1197990',1433,,10585,15,,,0
11029,'1198012',847,,10586,15,,,0
11029,'1198053',952,,10587,15,,,0
11029,'1198076',2001,,10588,15,,,0
11029,'1198113',2101,,10589,15,,,0
11029,'1198146',2231,,10590,15,,,0
11029,'1198266',1952,,10591,15,,,0
11029,'1198296',1649,,10592,11,,,0
11029,'1198337',902,,10593,15,,,0
11029,'1198341',1152,,10594,15,,,0
11029,'1198362',2149,,10595,11,,,0
11029,'1198405',1852,,10596,15,,,0
11029,'1198419',1504,,10597,15,,,0
11029,'1198470',1304,,10598,15,,,0
11029,'1198493',1804,,10599,15,,,0
11029,'1198506',1052,,10600,15,,,0
11029,'1198543',1017,,10601,15,,,0
11029,'1198548',1604,,10602,15,,,0
11029,'1198573',1147,,10603,15,,,0
11029,'1198590',1949,,10604,11,,,0
11029,'1198610',1549,,10605,15,,,0
11029,'1198623',652,,10606,15,,,0
11029,'1198660',1303,,10607,15,,,0
11029,'1198662',1749,,10608,11,,,0
11029,'1198696',1434,,10609,15,,,0
11029,'1198771',1503,,10610,15,,,0
11029,'1198808',947,,10611,15,,,0
11029,'1198843',2049,,10612,11,,,0
11029,'1198927',1047,,10613,15,,,0
11029,'1198951',1719,,10614,15,,,0
11029,'1198978',1931,,10615,15,,,0
11029,'1199022',1232,,10616,15,,,0
11029,'1199024',2152,,10617,15,,,0
11029,'1199026',2201,,10618,15,,,0
11029,'1199059',1603,,10619,15,,,0
11029,'1199060',1349,,10620,15,,,0
11029,'1199064',1803,,10621,15,,,0
11029,'1199091',749,,10622,11,,,0
11029,'1199100',2131,,10623,15,,,0
11029,'1199118',1704,,10624,15,,,0
11029,'1199132',647,,10625,15,,,0
11029,'1199143',1733,,10626,15,,,0
11029,'1199154',1419,,10627,15,,,0
11029,'1199177',1649,,10628,15,,,0
11029,'1199180',2052,,10629,15,,,0
11029,'1199214',717,,10630,15,,,0
11029,'1199225',1534,,10631,15,,,0
11029,'1199227',1149,,10632,11,,,0
11029,'1199229',1403,,10633,15,,,0
11029,'1199253',949,,10634,11,,,0
11029,'1199301',2328,,10635,15,,,0
11029,'1199306',1049,,10636,11,,,0
11029,'1199370',1749,,10637,15,,,0
11029,'1199376',832,,10638,15,,,0
11029,'1199394',852,,10639,15,,,0
11029,'1199403',817,,10640,15,,,0
11029,'1199410',1202,,10641,15,,,0
11029,'1199462',2358,,10642,15,,,0
11029,'1199476',1002,,10643,15,,,0
11029,'1199496',1319,,10644,15,,,0
11029,'1199508',1217,,10645,15,,,0
11029,'1199591',1633,,10646,15,,,0
11029,'1199603',1234,,10647,15,,,0
11029,'1199619',1032,,10648,15,,,0
11029,'1199623',1334,,10649,15,,,0
140001019,'1196866',813,,12221,11,,,0
140001019,'1196880',2212,,12222,11,,,0
140001019,'1196896',1028,,12223,11,,,0
140001019,'1196898',2143,,12224,11,,,0
140001019,'1196900',1928,,12225,11,,,0
140001019,'1196905',1901,,12226,11,,,0
140001019,'1196939',2313,,12227,11,,,0
140001019,'1196943',1329,,12228,11,,,0
140001019,'1196945',2338,,12229,11,,,0
140001019,'1196967',643,,12230,11,,,0
140001019,'1197008',1401,,12231,11,,,0
140001019,'1197072',1419,,12232,11,,,0
140001019,'1197075',1544,,12233,11,,,0
140001019,'1197086',1843,,12234,11,,,0
140001019,'1197088',2043,,12235,11,,,0
140001019,'1197102',658,,12236,11,,,0
140001019,'1197146',1559,,12237,11,,,0
140001019,'1197212',1314,,12238,11,,,0
140001019,'1197216',928,,12239,11,,,0
140001019,'1197238',1159,,12240,11,,,0
140001019,'1197266',1459,,12241,11,,,0
140001019,'1197267',1629,,12242,11,,,0
140001019,'1197281',1634,,12243,11,,,0
140001019,'1197287',943,,12244,11,,,0
140001019,'1197324',1604,,12245,11,,,0
140001019,'1197328',1013,,12246,11,,,0
140001019,'1197350',1043,,12247,11,,,0
140001019,'1197407',1414,,12248,11,,,0
140001019,'1197438',1729,,12249,11,,,0
140001019,'1197459',958,,12250,11,,,0
140001019,'1197465',1129,,12251,11,,,0
140001019,'1197470',1744,,12252,11,,,0
140001019,'1197474',1013,,12253,11,,,0
140001019,'1197516',1434,,12254,11,,,0
140001019,'1197563',1828,,12255,11,,,0
140001019,'1197567',1943,,12256,11,,,0
140001019,'1197593',1229,,12257,11,,,0
140001019,'1197607',1649,,12258,11,,,0
140001019,'1197613',1749,,12259,11,,,0
140001019,'1197621',1759,,12260,11,,,0
140001019,'1197622',2028,,12261,11,,,0
140001019,'1197646',1214,,12262,11,,,0
140001019,'1197676',1144,,12263,11,,,0
140001019,'1197685',1029,,12264,11,,,0
140001019,'1197688',1314,,12265,11,,,0
140001019,'1197689',1429,,12266,11,,,0
140001019,'1197693',1734,,12267,11,,,0
140001019,'1197729',1958,,12268,11,,,0
140001019,'1197734',1601,,12269,11,,,0
140001019,'1197741',1329,,12270,11,,,0
140001019,'1197745',1214,,12271,11,,,0
140001019,'1197767',1114,,12272,11,,,0
140001019,'1197797',2013,,12273,11,,,0
140001019,'1197802',858,,12274,11,,,0
140001019,'1197830',913,,12275,11,,,0
140001019,'1197894',1814,,12276,11,,,0
140001019,'1197944',1101,,12277,11,,,0
140001019,'1197964',1259,,12278,11,,,0
140001019,'1197966',1044,,12279,11,,,0
140001019,'1197987',1619,,12280,11,,,0
140001019,'1197988',743,,12281,11,,,0
140001019,'1198009',2058,,12282,11,,,0
140001019,'1198027',2301,,12283,11,,,0
140001019,'1198035',828,,12284,11,,,0
140001019,'1198147',2101,,12285,11,,,0
140001019,'1198155',1159,,12286,11,,,0
140001019,'1198177',2043,,12287,11,,,0
140001019,'1198195',1259,,12288,11,,,0
140001019,'1198235',1659,,12289,11,,,0
140001019,'1198264',1301,,12290,11,,,0
140001019,'1198294',1359,,12291,11,,,0
140001019,'1198302',2013,,12292,11,,,0
140001019,'1198324',1759,,12293,11,,,0
140001019,'1198349',728,,12294,11,,,0
140001019,'1198356',1714,,12295,11,,,0
140001019,'1198378',713,,12296,11,,,0
140001019,'1198384',1129,,12297,11,,,0
140001019,'1198418',1913,,12298,11,,,0
140001019,'1198429',1858,,12299,11,,,0
140001019,'1198452',1801,,12300,11,,,0
140001019,'1198461',843,,12301,11,,,0
140001019,'1198463',1828,,12302,11,,,0
140001019,'1198487',1843,,12303,11,,,0
140001019,'1198515',1229,,12304,11,,,0
140001019,'1198535',1704,,12305,11,,,0
140001019,'1198541',1058,,12306,11,,,0
140001019,'1198549',643,,12307,11,,,0
140001019,'1198579',1644,,12308,11,,,0
140001019,'1198595',2113,,12309,11,,,0
140001019,'1198601',1614,,12310,11,,,0
140001019,'1198665',2312,,12311,11,,,0
140001019,'1198666',801,,12312,11,,,0
140001019,'1198714',1449,,12313,11,,,0
140001019,'1198763',2413,,12314,11,,,0
140001019,'1198766',1001,,12315,11,,,0
140001019,'1198781',1813,,12316,11,,,0
140001019,'1198791',1514,,12317,11,,,0
140001019,'1198797',813,,12318,11,,,0
140001019,'1198813',1501,,12319,11,,,0
140001019,'1198814',2401,,12320,11,,,0
140001019,'1198835',1344,,12321,11,,,0
140001019,'1198872',843,,12322,11,,,0
140001019,'1198878',1244,,12323,11,,,0
140001019,'1198900',1504,,12324,11,,,0
140001019,'1198920',2113,,12325,11,,,0
140001019,'1198925',1113,,12326,11,,,0
140001019,'1198926',913,,12327,11,,,0
140001019,'1198932',958,,12328,11,,,0
140001019,'1198964',1719,,12329,11,,,0
140001019,'1198965',1359,,12330,11,,,0
140001019,'1198980',1534,,12331,11,,,0
140001019,'1199018',2412,,12332,11,,,0
140001019,'1199069',2201,,12333,11,,,0
140001019,'1199136',1244,,12334,11,,,0
140001019,'1199170',743,,12335,11,,,0
140001019,'1199213',2342,,12336,11,,,0
140001019,'1199235',901,,12337,11,,,0
140001019,'1199268',758,,12338,11,,,0
140001019,'1199282',1059,,12339,11,,,0
140001019,'1199297',1519,,12340,11,,,0
140001019,'1199319',943,,12341,11,,,0
140001019,'1199330',1858,,12342,11,,,0
140001019,'1199354',1943,,12343,11,,,0
140001019,'1199367',2142,,12344,11,,,0
140001019,'1199377',1201,,12345,11,,,0
140001019,'1199402',1701,,12346,11,,,0
140001019,'1199414',1444,,12347,11,,,0
140001019,'1199449',1144,,12348,11,,,0
140001019,'1199458',1344,,12349,11,,,0
140001019,'1199468',2242,,12350,11,,,0
140001019,'1199492',1549,,12351,11,,,0
140001019,'1199516',2213,,12352,11,,,0
140001019,'1199563',2243,,12353,11,,,0
140001019,'1199606',1529,,12354,11,,,0
140001019,'1199624',1913,,12355,11,,,0
140001019,'1199632',713,,12356,11,,,0
140001019,'1199638',2001,,12357,11,,,0
