103019,'1196838',2030,,11950,13,,,0
103019,'1196888',949,,11951,13,,,0
103019,'1196969',1650,,11952,13,,,0
103019,'1196981',1219,,11953,13,,,0
103019,'1197294',2119,,11954,13,,,0
103019,'1197441',1048,,11955,13,,,0
103019,'1197545',1720,,11956,13,,,0
103019,'1197721',1350,,11957,13,,,0
103019,'1197732',904,,11958,13,,,0
103019,'1197772',1505,,11959,13,,,0
103019,'1197847',1550,,11960,13,,,0
103019,'1197900',2319,,11961,13,,,0
103019,'1197976',2149,,11962,13,,,0
103019,'1198084',748,,11963,13,,,0
103019,'1198108',1430,,11964,13,,,0
103019,'1198169',734,,11965,13,,,0
103019,'1198206',918,,11966,13,,,0
103019,'1198228',1120,,11967,13,,,0
103019,'1198242',1900,,11968,13,,,0
103019,'1198304',1420,,11969,13,,,0
103019,'1198348',2200,,11970,13,,,0
103019,'1198369',2249,,11971,13,,,0
103019,'1198383',1250,,11972,13,,,0
103019,'1198393',649,,11973,13,,,0
103019,'1198760',819,,11975,13,,,0
103019,'1198790',2330,,11976,13,,,0
103019,'1198820',1300,,11977,13,,,0
103019,'1198832',1730,,11978,13,,,0
103019,'1198901',2019,,11979,13,,,0
103019,'1198908',1000,,11980,13,,,0
103019,'1198992',1600,,11981,13,,,0
103019,'1199041',1130,,11982,13,,,0
103019,'1199057',1520,,11983,13,,,0
103019,'1199120',1849,,11984,13,,,0
103019,'1199157',1819,,11985,13,,,0
103019,'1199198',830,,11986,13,,,0
103019,'1199232',1635,,11987,13,,,0
103019,'1199535',1949,,11988,13,,,0
