2029,'1196924',1523,,10051,24,,,0
2029,'1196985',1208,,10052,24,,,0
2029,'1196991',2251,,10053,24,,,0
2029,'1197028',2051,,10054,24,,,0
2029,'1197134',1838,,10055,24,,,0
2029,'1197139',937,,10056,24,,,0
2029,'1197143',2338,,10057,24,,,0
2029,'1197168',1623,,10058,24,,,0
2029,'1197170',653,,10059,24,,,0
2029,'1197175',1508,,10060,24,,,0
2029,'1197208',1454,,10061,24,,,0
2029,'1197209',908,,10062,24,,,0
2029,'1197218',722,,10063,24,,,0
2029,'1197261',1638,,10064,24,,,0
2029,'1197268',1708,,10065,24,,,0
2029,'1197282',652,,10066,24,,,0
2029,'1197288',2151,,10067,24,,,0
2029,'1197331',1634,,10068,24,,,0
2029,'1197332',2221,,10069,24,,,0
2029,'1197367',1434,,10070,24,,,0
2029,'1197375',907,,10071,24,,,0
2029,'1197411',1052,,10072,24,,,0
2029,'1197419',1338,,10073,24,,,0
2029,'1197430',707,,10074,24,,,0
2029,'1197437',1007,,10075,24,,,0
2029,'1197491',1404,,10076,24,,,0
2029,'1197508',807,,10077,24,,,0
2029,'1197527',1254,,10078,24,,,0
2029,'1197534',1054,,10079,24,,,0
2029,'1197599',1653,,10080,24,,,0
2029,'1197642',752,,10081,24,,,0
2029,'1197644',1823,,10082,24,,,0
2029,'1197647',952,,10083,24,,,0
2029,'1197651',2347,,10084,24,,,0
2029,'1197655',2417,,10085,24,,,0
2029,'1197665',1038,,10086,24,,,0
2029,'1197667',1954,,10087,24,,,0
2029,'1197739',1723,,10088,24,,,0
2029,'1197769',1154,,10089,24,,,0
2029,'1197800',1022,,10090,24,,,0
2029,'1197808',2021,,10091,24,,,0
2029,'1197821',754,,10092,24,,,0
2029,'1197871',822,,10093,24,,,0
2029,'1197901',852,,10094,24,,,0
2029,'1197910',1753,,10095,24,,,0
2029,'1198003',1108,,10096,24,,,0
2029,'1198023',1237,,10097,24,,,0
2029,'1198042',854,,10098,24,,,0
2029,'1198045',2254,,10099,24,,,0
2029,'1198089',922,,10100,24,,,0
2029,'1198144',1037,,10101,24,,,0
2029,'1198156',2321,,10102,24,,,0
2029,'1198168',2038,,10103,24,,,0
2029,'1198184',954,,10104,24,,,0
2029,'1198213',1423,,10105,24,,,0
2029,'1198215',1838,,10106,24,,,0
2029,'1198275',1152,,10107,24,,,0
2029,'1198291',1107,,10108,24,,,0
2029,'1198335',1951,,10109,24,,,0
2029,'1198359',1334,,10110,24,,,0
2029,'1198433',1353,,10111,24,,,0
2029,'1198455',1234,,10112,24,,,0
2029,'1198473',1804,,10113,24,,,0
2029,'1198494',1734,,10114,24,,,0
2029,'1198537',1754,,10115,24,,,0
2029,'1198581',1138,,10116,24,,,0
2029,'1198603',1554,,10117,24,,,0
2029,'1198608',953,,10118,24,,,0
2029,'1198619',2423,,10119,24,,,0
2029,'1198682',1438,,10120,24,,,0
2029,'1198743',2253,,10121,24,,,0
2029,'1198838',1354,,10122,24,,,0
2029,'1198840',1504,,10123,24,,,0
2029,'1198841',737,,10124,24,,,0
2029,'1198851',2121,,10125,24,,,0
2029,'1198854',1207,,10126,24,,,0
2029,'1198870',738,,10127,24,,,0
2029,'1198967',2354,,10128,24,,,0
2029,'1199005',1608,,10129,24,,,0
2029,'1199023',1534,,10130,24,,,0
2029,'1199042',1953,,10131,24,,,0
2029,'1199046',1851,,10132,24,,,0
2029,'1199049',1122,,10133,24,,,0
2029,'1199063',1323,,10134,24,,,0
2029,'1199099',1308,,10135,24,,,0
2029,'1199116',1738,,10136,24,,,0
2029,'1199173',1604,,10137,24,,,0
2029,'1199237',2154,,10138,24,,,0
2029,'1199240',837,,10139,24,,,0
2029,'1199269',1253,,10140,24,,,0
2029,'1199288',1553,,10141,24,,,0
2029,'1199299',2208,,10142,24,,,0
2029,'1199305',1222,,10143,24,,,0
2029,'1199316',1808,,10144,24,,,0
2029,'1199329',1654,,10145,24,,,0
2029,'1199333',823,,10146,24,,,0
2029,'1199335',1304,,10147,24,,,0
2029,'1199398',2054,,10148,24,,,0
2029,'1199466',1921,,10149,24,,,0
2029,'1199478',1854,,10150,24,,,0
2029,'1199484',1538,,10151,24,,,0
2029,'1199542',2437,,10152,24,,,0
2029,'1199552',1408,,10153,24,,,0
2029,'1199560',1908,,10154,24,,,0
2029,'1199580',2123,,10155,24,,,0
2029,'1199620',1453,,10156,24,,,0
2029,'1199621',1137,,10157,24,,,0
2029,'1199635',1704,,10158,24,,,0
12019,'1196839',2138,,10650,39,,,0
12019,'1196874',1140,,10651,39,,,0
12019,'1196885',1640,,10652,39,,,0
12019,'1196887',1610,,10653,39,,,0
12019,'1196940',1340,,10654,39,,,0
12019,'1196983',1938,,10655,39,,,0
12019,'1197026',2238,,10656,39,,,0
12019,'1197080',1838,,10657,39,,,0
12019,'1197104',1909,,10658,39,,,0
12019,'1197223',1810,,10659,39,,,0
12019,'1197306',1210,,10660,39,,,0
12019,'1197322',808,,10661,39,,,0
12019,'1197334',1640,,10662,39,,,0
12019,'1197339',1809,,10663,39,,,0
12019,'1197433',1009,,10664,39,,,0
12019,'1197490',1710,,10665,39,,,0
12019,'1197525',1610,,10666,39,,,0
12019,'1197602',909,,10667,39,,,0
12019,'1197615',1240,,10668,39,,,0
12019,'1197664',1810,,10669,39,,,0
12019,'1197701',2408,,10670,39,,,0
12019,'1197765',2409,,10671,39,,,0
12019,'1197813',1110,,10672,39,,,0
12019,'1197824',1309,,10673,39,,,0
12019,'1197891',2108,,10674,39,,,0
12019,'1197911',2008,,10675,39,,,0
12019,'1197945',1908,,10676,39,,,0
12019,'1197989',1510,,10677,39,,,0
12019,'1197991',1209,,10678,39,,,0
12019,'1198031',709,,10679,39,,,0
12019,'1198072',1409,,10680,39,,,0
12019,'1198097',1609,,10681,39,,,0
12019,'1198121',1710,,10682,39,,,0
12019,'1198127',1110,,10683,39,,,0
12019,'1198171',2209,,10684,39,,,0
12019,'1198224',2308,,10685,39,,,0
12019,'1198250',1340,,10686,39,,,0
12019,'1198260',1440,,10687,39,,,0
12019,'1198263',939,,10688,39,,,0
12019,'1198283',1540,,10689,39,,,0
12019,'1198358',1509,,10690,39,,,0
12019,'1198421',908,,10691,39,,,0
12019,'1198427',1240,,10692,39,,,0
12019,'1198442',1740,,10693,39,,,0
12019,'1198497',2208,,10694,39,,,0
12019,'1198582',909,,10695,39,,,0
12019,'1198588',639,,10696,39,,,0
12019,'1198592',1740,,10697,39,,,0
12019,'1198618',1109,,10698,39,,,0
12019,'1198712',1210,,10699,39,,,0
12019,'1198727',1410,,10700,39,,,0
12019,'1198773',1410,,10701,39,,,0
12019,'1198774',1140,,10702,39,,,0
12019,'1198819',2338,,10703,39,,,0
12019,'1198842',1009,,10704,39,,,0
12019,'1198884',2009,,10705,39,,,0
12019,'1198912',809,,10706,39,,,0
12019,'1198945',1008,,10707,39,,,0
12019,'1199167',739,,10708,39,,,0
12019,'1199197',2109,,10709,39,,,0
12019,'1199223',1310,,10710,39,,,0
12019,'1199224',710,,10711,39,,,0
12019,'1199251',1039,,10712,39,,,0
12019,'1199291',1540,,10713,39,,,0
12019,'1199315',1310,,10714,39,,,0
12019,'1199416',2309,,10715,39,,,0
12019,'1199495',1440,,10716,39,,,0
12019,'1199513',839,,10717,39,,,0
12019,'1199578',1510,,10718,39,,,0
12019,'1199610',2038,,10719,39,,,0
12019,'1199616',809,,10720,39,,,0
12019,'1199625',1709,,10721,39,,,0
