29029,'1196899',1238,,11779,8,,,0
29029,'1197015',1553,,11780,8,,,0
29029,'1197158',838,,11781,8,,,0
29029,'1197161',2038,,11782,8,,,0
29029,'1197340',953,,11783,8,,,0
29029,'1197455',1038,,11784,8,,,0
29029,'1197503',1338,,11785,8,,,0
29029,'1197514',1453,,11786,8,,,0
29029,'1197579',2238,,11787,8,,,0
29029,'1197580',2338,,11788,8,,,0
29029,'1197733',1053,,11789,8,,,0
29029,'1197827',1738,,11790,8,,,0
29029,'1198085',1638,,11791,8,,,0
29029,'1198192',1253,,11792,8,,,0
29029,'1198245',1153,,11793,8,,,0
29029,'1198309',938,,11794,8,,,0
29029,'1198331',2138,,11795,8,,,0
29029,'1198551',1838,,11796,8,,,0
29029,'1198575',1353,,11797,8,,,0
29029,'1198844',1538,,11798,8,,,0
29029,'1199028',738,,11799,8,,,0
29029,'1199153',1438,,11800,8,,,0
29029,'1199188',1138,,11801,8,,,0
29029,'1199343',1938,,11802,8,,,0
190001029,'1196847',1114,,12633,19,,,0
190001029,'1196850',1325,,12634,19,,,0
190001029,'1196860',1759,,12635,19,,,0
190001029,'1196897',1646,,12636,19,,,0
190001029,'1196906',1744,,12637,19,,,0
190001029,'1196908',1359,,12638,19,,,0
190001029,'1196953',1214,,12639,19,,,0
190001029,'1196957',1244,,12640,19,,,0
190001029,'1196963',1629,,12641,19,,,0
190001029,'1197018',1401,,12642,19,,,0
190001029,'1197048',2404,,12643,19,,,0
190001029,'1197052',1744,,12644,19,,,0
190001029,'1197074',1316,,12645,19,,,0
190001029,'1197089',1829,,12646,19,,,0
190001029,'1197125',713,,12647,19,,,0
190001029,'1197135',1546,,12648,19,,,0
190001029,'1197148',1025,,12649,19,,,0
190001029,'1197153',1044,,12650,19,,,0
190001029,'1197176',1429,,12651,19,,,0
190001029,'1197177',2029,,12652,19,,,0
190001029,'1197199',1416,,12653,19,,,0
190001029,'1197224',1529,,12654,19,,,0
190001029,'1197245',1531,,12655,19,,,0
190001029,'1197247',2313,,12656,19,,,0
190001029,'1197252',1525,,12657,19,,,0
190001029,'1197260',1844,,12658,19,,,0
190001029,'1197284',1159,,12659,19,,,0
190001029,'1197289',659,,12660,19,,,0
190001029,'1197291',1301,,12661,19,,,0
190001029,'1197301',1329,,12662,19,,,0
190001029,'1197338',1701,,12663,19,,,0
190001029,'1197391',1828,,12664,19,,,0
190001029,'1197396',1116,,12665,19,,,0
190001029,'1197428',2014,,12666,19,,,0
190001029,'1197434',1459,,12667,19,,,0
190001029,'1197476',1129,,12668,19,,,0
190001029,'1197511',1514,,12669,19,,,0
190001029,'1197533',1414,,12670,19,,,0
190001029,'1197582',1631,,12671,19,,,0
190001029,'1197659',1616,,12672,19,,,0
190001029,'1197668',825,,12673,19,,,0
190001029,'1197682',1144,,12674,19,,,0
190001029,'1197683',2044,,12675,19,,,0
190001029,'1197684',1201,,12676,19,,,0
190001029,'1197778',1146,,12677,19,,,0
190001029,'1197833',1501,,12678,19,,,0
190001029,'1197836',1346,,12679,19,,,0
190001029,'1197848',2113,,12680,19,,,0
190001029,'1197886',1446,,12681,19,,,0
190001029,'1197890',759,,12682,19,,,0
190001029,'1197905',1016,,12683,19,,,0
190001029,'1197913',2214,,12684,19,,,0
190001029,'1197921',1259,,12685,19,,,0
190001029,'1197922',958,,12686,19,,,0
190001029,'1197992',1601,,12687,19,,,0
190001029,'1197993',913,,12688,19,,,0
190001029,'1198050',613,,12689,19,,,0
190001029,'1198051',1825,,12690,19,,,0
190001029,'1198052',843,,12691,19,,,0
190001029,'1198054',1425,,12692,19,,,0
190001029,'1198082',1659,,12693,19,,,0
190001029,'1198095',1929,,12694,19,,,0
190001029,'1198106',2243,,12695,19,,,0
190001029,'1198117',725,,12696,19,,,0
190001029,'1198128',1125,,12697,19,,,0
190001029,'1198174',944,,12698,19,,,0
190001029,'1198223',2325,,12699,19,,,0
190001029,'1198252',1431,,12700,19,,,0
190001029,'1198272',814,,12701,19,,,0
190001029,'1198293',1731,,12702,19,,,0
190001029,'1198306',859,,12703,19,,,0
190001029,'1198323',744,,12704,19,,,0
190001029,'1198373',1246,,12705,19,,,0
190001029,'1198398',2343,,12706,19,,,0
190001029,'1198415',925,,12707,19,,,0
190001029,'1198446',1814,,12708,19,,,0
190001029,'1198450',1759,,12709,19,,,0
190001029,'1198459',743,,12710,19,,,0
190001029,'1198491',2043,,12711,19,,,0
190001029,'1198504',844,,12712,19,,,0
190001029,'1198519',2344,,12713,19,,,0
190001029,'1198527',643,,12714,19,,,0
190001029,'1198576',2125,,12715,19,,,0
190001029,'1198589',2314,,12716,19,,,0
190001029,'1198594',813,,12717,19,,,0
190001029,'1198620',2225,,12718,19,,,0
190001029,'1198634',1444,,12719,19,,,0
190001029,'1198641',714,,12720,19,,,0
190001029,'1198687',1059,,12721,19,,,0
190001029,'1198747',929,,12722,19,,,0
190001029,'1198758',2059,,12723,19,,,0
190001029,'1198798',1714,,12724,19,,,0
190001029,'1198839',1843,,12725,19,,,0
190001029,'1198853',2143,,12726,19,,,0
190001029,'1198897',1559,,12727,19,,,0
190001029,'1198906',2114,,12728,19,,,0
190001029,'1198916',1716,,12729,19,,,0
190001029,'1198939',1813,,12730,19,,,0
190001029,'1198946',2244,,12731,19,,,0
190001029,'1198952',1925,,12732,19,,,0
190001029,'1198977',2129,,12733,19,,,0
190001029,'1198982',1725,,12734,19,,,0
190001029,'1199067',1944,,12735,19,,,0
190001029,'1199081',1131,,12736,19,,,0
190001029,'1199082',729,,12737,19,,,0
190001029,'1199103',1729,,12738,19,,,0
190001029,'1199165',1344,,12739,19,,,0
190001029,'1199204',1229,,12740,19,,,0
190001029,'1199210',1959,,12741,19,,,0
190001029,'1199221',1216,,12742,19,,,0
190001029,'1199226',1943,,12743,19,,,0
190001029,'1199256',1225,,12744,19,,,0
190001029,'1199270',1331,,12745,19,,,0
190001029,'1199289',1031,,12746,19,,,0
190001029,'1199303',644,,12747,19,,,0
190001029,'1199322',1101,,12748,19,,,0
190001029,'1199332',943,,12749,19,,,0
190001029,'1199345',1029,,12750,19,,,0
190001029,'1199364',1516,,12751,19,,,0
190001029,'1199390',1046,,12752,19,,,0
190001029,'1199391',1231,,12753,19,,,0
190001029,'1199399',1314,,12754,19,,,0
190001029,'1199406',1544,,12755,19,,,0
190001029,'1199432',1014,,12756,19,,,0
190001029,'1199451',959,,12757,19,,,0
190001029,'1199467',1913,,12758,19,,,0
190001029,'1199482',1644,,12759,19,,,0
190001029,'1199489',629,,12760,19,,,0
190001029,'1199514',1914,,12761,19,,,0
190001029,'1199524',2213,,12762,19,,,0
190001029,'1199526',2025,,12763,19,,,0
190001029,'1199555',829,,12764,19,,,0
190001029,'1199558',1625,,12765,19,,,0
190001029,'1199571',2013,,12766,19,,,0
190001029,'1199594',1614,,12767,19,,,0
190001029,'1199596',2144,,12768,19,,,0
190001029,'1199644',914,,12769,19,,,0
190001029,'1199650',1859,,12770,19,,,0
