10019,'1196894',2055,,10329,29,,,0
10019,'1196915',1655,,10330,29,,,0
10019,'1196923',1055,,10331,29,,,0
10019,'1197054',2225,,10332,29,,,0
10019,'1197091',1455,,10333,29,,,0
10019,'1197121',1056,,10334,29,,,0
10019,'1197207',955,,10335,29,,,0
10019,'1197335',825,,10336,29,,,0
10019,'1197345',2125,,10337,29,,,0
10019,'1197397',1456,,10338,29,,,0
10019,'1197418',2355,,10339,29,,,0
10019,'1197505',1555,,10340,29,,,0
10019,'1197587',925,,10341,29,,,0
10019,'1197595',1055,,10342,29,,,0
10019,'1197737',1356,,10343,29,,,0
10019,'1197756',1855,,10344,29,,,0
10019,'1197759',1526,,10345,29,,,0
10019,'1197766',2255,,10346,29,,,0
10019,'1197915',1955,,10347,29,,,0
10019,'1197927',755,,10348,29,,,0
10019,'1197935',655,,10349,29,,,0
10019,'1197985',955,,10350,29,,,0
10019,'1198010',1825,,10351,29,,,0
10019,'1198016',1955,,10352,29,,,0
10019,'1198164',655,,10353,29,,,0
10019,'1198167',1555,,10354,29,,,0
10019,'1198226',1355,,10355,29,,,0
10019,'1198257',1455,,10356,29,,,0
10019,'1198280',2325,,10357,29,,,0
10019,'1198300',1556,,10358,29,,,0
10019,'1198361',2155,,10359,29,,,0
10019,'1198366',855,,10360,29,,,0
10019,'1198390',1855,,10361,29,,,0
10019,'1198410',1755,,10362,29,,,0
10019,'1198440',755,,10363,29,,,0
10019,'1198475',1155,,10364,29,,,0
10019,'1198480',2155,,10365,29,,,0
10019,'1198509',626,,10366,29,,,0
10019,'1198520',1255,,10367,29,,,0
10019,'1198542',2355,,10368,29,,,0
10019,'1198583',2255,,10369,29,,,0
10019,'1198726',1925,,10370,29,,,0
10019,'1198809',855,,10371,29,,,0
10019,'1198815',1655,,10372,29,,,0
10019,'1198881',1626,,10373,29,,,0
10019,'1198903',855,,10374,29,,,0
10019,'1198955',1156,,10375,29,,,0
10019,'1198962',1656,,10376,29,,,0
10019,'1198993',1155,,10377,29,,,0
10019,'1199007',2055,,10378,29,,,0
10019,'1199032',1355,,10379,29,,,0
10019,'1199053',1756,,10380,29,,,0
10019,'1199056',1755,,10381,29,,,0
10019,'1199257',1726,,10382,29,,,0
10019,'1199300',1255,,10383,29,,,0
10019,'1199321',955,,10384,29,,,0
10019,'1199323',2025,,10385,29,,,0
10019,'1199353',1256,,10386,29,,,0
10019,'1199424',725,,10387,29,,,0
10019,'1199598',755,,10388,29,,,0
