102029,'1196895',1650,,11907,2,,,0
102029,'1196982',1337,,11908,2,,,0
102029,'1197029',2107,,11909,2,,,0
102029,'1197083',1520,,11910,2,,,0
102029,'1197178',1050,,11911,2,,,0
102029,'1197226',652,,11912,2,,,0
102029,'1197263',737,,11913,2,,,0
102029,'1197297',1436,,11914,2,,,0
102029,'1197309',1820,,11915,2,,,0
102029,'1197330',1722,,11916,2,,,0
102029,'1197420',1507,,11917,2,,,0
102029,'1197536',2250,,11918,2,,,0
102029,'1197603',1037,,11919,2,,,0
102029,'1197704',1006,,11920,2,,,0
102029,'1197770',2407,,11921,2,,,0
102029,'1197839',822,,11922,2,,,0
102029,'1198134',1306,,11923,2,,,0
102029,'1198173',920,,11924,2,,,0
102029,'1198220',1220,,11925,2,,,0
102029,'1198227',1736,,11926,2,,,0
102029,'1198249',1807,,11927,2,,,0
102029,'1198376',1552,,11928,2,,,0
102029,'1198502',1637,,11929,2,,,0
102029,'1198531',750,,11930,2,,,0
102029,'1198599',1606,,11931,2,,,0
102029,'1198638',2237,,11932,2,,,0
102029,'1198688',1136,,11933,2,,,0
102029,'1198705',2036,,11934,2,,,0
102029,'1198769',1950,,11935,2,,,0
102029,'1198816',2120,,11936,2,,,0
102029,'1198930',2206,,11937,2,,,0
102029,'1198996',607,,11938,2,,,0
102029,'1199090',836,,11939,2,,,0
102029,'1199168',907,,11940,2,,,0
102029,'1199202',1937,,11941,2,,,0
102029,'1199211',1906,,11942,2,,,0
102029,'1199244',952,,11943,2,,,0
102029,'1199434',1207,,11944,2,,,0
102029,'1199477',2336,,11945,2,,,0
102029,'1199479',1422,,11946,2,,,0
102029,'1199488',625,,11947,2,,,0
102029,'1199537',1350,,11948,2,,,0
102029,'1199651',706,,11949,2,,,0
