104019,'1196891',2344,,12027,34,4,,0
104019,'1197169',2420,,12028,34,4,,0
104019,'1197256',1350,,12029,34,4,,0
104019,'1197286',2144,,12030,34,4,,0
104019,'1197298',1220,,12031,34,4,,0
104019,'1197387',2245,,12032,34,4,,0
104019,'1197452',2015,,12033,34,4,,0
104019,'1197544',930,,12034,34,4,,0
104019,'1197547',1245,,12035,34,4,,0
104019,'1197640',1544,,12036,34,4,,0
104019,'1197714',1815,,12037,34,4,,0
104019,'1197725',2115,,12038,34,4,,0
104019,'1197761',744,,12039,34,4,,0
104019,'1197801',1015,,12040,34,4,,0
104019,'1197815',2344,,12041,1,,,0
104019,'1197820',815,,12042,34,4,,0
104019,'1197873',630,,12043,34,4,,0
104019,'1197937',1515,,12044,34,4,,0
104019,'1198060',1744,,12045,34,4,,0
104019,'1198073',2400,,12046,34,4,,0
104019,'1198077',2245,,12047,34,4,,0
104019,'1198194',1135,,12048,34,4,,0
104019,'1198253',1144,,12049,34,4,,0
104019,'1198313',1520,,12050,34,4,,0
104019,'1198322',1630,,12051,34,4,,0
104019,'1198353',1305,,12052,34,4,,0
104019,'1198411',944,,12053,34,4,,0
104019,'1198490',2420,,12054,1,,,0
104019,'1198567',1745,,12055,34,4,,0
104019,'1198664',900,,12056,34,4,,0
104019,'1198683',1400,,12057,34,4,,0
104019,'1198738',1945,,12058,34,4,,0
104019,'1198750',1944,,12059,34,4,,0
104019,'1198780',900,,12060,34,4,,0
104019,'1198913',1435,,12061,34,4,,0
104019,'1198958',700,,12062,34,4,,0
104019,'1199025',2400,,12063,1,,,0
104019,'1199185',745,,12064,34,4,,0
104019,'1199190',1130,,12065,34,4,,0
104019,'1199331',1344,,12066,34,4,,0
104019,'1199407',1900,,12067,34,4,,0
104019,'1199459',1730,,12068,34,4,,0
104019,'1199490',1650,,12069,34,4,,0
104019,'1199539',1015,,12070,34,4,,0
104019,'1199564',745,,12071,34,4,,0
104019,'1199583',1605,,12072,34,4,,0
104019,'1199617',2130,,12073,34,4,,0
104029,'1196835',1945,,12074,1,,,0
104029,'1196857',745,,12075,1,,,0
104029,'1196889',744,,12076,1,,,0
104029,'1196928',1730,,12077,1,,,0
104029,'1197002',630,,12078,1,,,0
104029,'1197045',1523,,12079,1,,,0
104029,'1197133',815,,12080,1,,,0
104029,'1197341',1223,,12081,1,,,0
104029,'1197454',1744,,12082,1,,,0
104029,'1197461',700,,12083,1,,,0
104029,'1197467',2144,,12084,1,,,0
104029,'1197481',545,,12085,1,,,0
104029,'1197553',2115,,12086,1,,,0
104029,'1197574',900,,12087,1,,,0
104029,'1197583',2130,,12088,1,,,0
104029,'1197794',1745,,12089,1,,,0
104029,'1197965',1344,,12090,1,,,0
104029,'1197979',1515,,12091,1,,,0
104029,'1198234',1015,,12092,1,,,0
104029,'1198287',1608,,12093,1,,,0
104029,'1198288',1138,,12094,1,,,0
104029,'1198449',1245,,12095,1,,,0
104029,'1198458',1900,,12096,1,,,0
104029,'1198510',930,,12097,1,,,0
104029,'1198521',745,,12098,1,,,0
104029,'1198558',1630,,12099,1,,,0
104029,'1198578',1653,,12100,1,,,0
104029,'1198686',1353,,12101,1,,,0
104029,'1198694',1438,,12102,1,,,0
104029,'1198755',944,,12103,1,,,0
104029,'1198909',1144,,12104,1,,,0
104029,'1198979',1130,,12105,1,,,0
104029,'1199045',2245,,12106,1,,,0
104029,'1199127',2245,,12107,1,,,0
104029,'1199159',1308,,12108,1,,,0
104029,'1199181',900,,12109,1,,,0
104029,'1199193',1544,,12110,1,,,0
104029,'1199356',1400,,12111,1,,,0
104029,'1199360',2015,,12112,1,,,0
104029,'1199374',630,,12113,1,,,0
104029,'1199380',1015,,12114,1,,,0
104029,'1199442',1815,,12115,1,,,0
104029,'1199577',1944,,12116,1,,,0
