10029,'1196869',1020,,10389,11,,,0
10029,'1196944',1850,,10390,11,,,0
10029,'1196948',1520,,10391,11,,,0
10029,'1197007',650,,10392,11,,,0
10029,'1197053',1320,,10393,11,,,0
10029,'1197093',1120,,10394,11,,,0
10029,'1197160',1720,,10395,11,,,0
10029,'1197269',1820,,10396,11,,,0
10029,'1197314',2150,,10397,11,,,0
10029,'1197362',2020,,10398,11,,,0
10029,'1197385',820,,10399,11,,,0
10029,'1197414',1420,,10400,11,,,0
10029,'1197492',1650,,10401,11,,,0
10029,'1197523',2220,,10402,11,,,0
10029,'1197565',620,,10403,11,,,0
10029,'1197669',820,,10404,11,,,0
10029,'1197675',2120,,10405,11,,,0
10029,'1197822',1720,,10406,11,,,0
10029,'1197831',1720,,10407,11,,,0
10029,'1197885',2020,,10408,11,,,0
10029,'1197887',1550,,10409,11,,,0
10029,'1197892',1220,,10410,11,,,0
10029,'1197908',2220,,10411,11,,,0
10029,'1197916',2250,,10412,11,,,0
10029,'1197980',2355,,10413,11,,,0
10029,'1198080',1620,,10414,11,,,0
10029,'1198150',1620,,10415,11,,,0
10029,'1198170',1120,,10416,11,,,0
10029,'1198181',1750,,10417,11,,,0
10029,'1198232',1520,,10418,11,,,0
10029,'1198314',1920,,10419,11,,,0
10029,'1198351',1220,,10420,11,,,0
10029,'1198466',2050,,10421,11,,,0
10029,'1198481',1420,,10422,11,,,0
10029,'1198536',1220,,10423,11,,,0
10029,'1198550',1620,,10424,11,,,0
10029,'1198565',2320,,10425,11,,,0
10029,'1198676',720,,10426,11,,,0
10029,'1198703',720,,10427,11,,,0
10029,'1198735',1020,,10428,11,,,0
10029,'1198754',1320,,10429,11,,,0
10029,'1198767',1120,,10430,11,,,0
10029,'1198887',850,,10431,11,,,0
10029,'1198905',1420,,10432,11,,,0
10029,'1198933',820,,10433,11,,,0
10029,'1199013',720,,10434,11,,,0
10029,'1199068',1020,,10435,11,,,0
10029,'1199078',1820,,10436,11,,,0
10029,'1199088',1950,,10437,11,,,0
10029,'1199134',1320,,10438,11,,,0
10029,'1199161',2320,,10439,11,,,0
10029,'1199245',1920,,10440,11,,,0
10029,'1199274',920,,10441,11,,,0
10029,'1199375',1450,,10442,11,,,0
10029,'1199396',750,,10443,11,,,0
10029,'1199411',2120,,10444,11,,,0
10029,'1199422',920,,10445,11,,,0
10029,'1199613',920,,10446,11,,,0
10029,'1199633',1520,,10447,11,,,0
