105029,'1196840',2308,,12163,32,,,0
105029,'1196987',1023,,12164,32,,,0
105029,'1196996',1654,,12165,32,,,0
105029,'1197020',1539,,12166,32,,,0
105029,'1197097',1754,,12167,32,,,0
105029,'1197137',2021,,12168,32,,,0
105029,'1197220',2008,,12169,32,,,0
105029,'1197228',1509,,12170,32,,,0
105029,'1197231',738,,12171,32,,,0
105029,'1197439',1139,,12172,32,,,0
105029,'1197501',1939,,12173,32,,,0
105029,'1197522',2139,,12174,32,,,0
105029,'1197561',1009,,12175,32,,,0
105029,'1197638',939,,12176,32,,,0
105029,'1197840',2108,,12177,32,,,0
105029,'1197853',2208,,12178,32,,,0
105029,'1197918',1838,,12179,32,,,0
105029,'1197968',2339,,12180,32,,,0
105029,'1198013',1339,,12181,32,,,0
105029,'1198037',1109,,12182,32,,,0
105029,'1198064',1823,,12183,32,,,0
105029,'1198187',1223,,12184,32,,,0
105029,'1198214',1739,,12185,32,,,0
105029,'1198417',1323,,12186,32,,,0
105029,'1198447',1724,,12187,32,,,0
105029,'1198529',1523,,12188,32,,,0
105029,'1198616',708,,12189,32,,,0
105029,'1198625',1624,,12190,32,,,0
105029,'1198711',1324,,12191,32,,,0
105029,'1198718',1539,,12192,32,,,0
105029,'1198725',1723,,12193,32,,,0
105029,'1198779',821,,12194,32,,,0
105029,'1198918',1423,,12195,32,,,0
105029,'1198922',2413,,12196,32,,,0
105029,'1198923',638,,12197,32,,,0
105029,'1199012',621,,12198,32,,,0
105029,'1199037',1409,,12199,32,,,0
105029,'1199107',1439,,12200,32,,,0
105029,'1199124',2421,,12201,32,,,0
105029,'1199144',1224,,12202,32,,,0
105029,'1199148',739,,12203,32,,,0
105029,'1199220',1123,,12204,32,,,0
105029,'1199470',2221,,12205,32,,,0
105029,'1199473',908,,12206,32,,,0
105029,'1199604',808,,12207,32,,,0
105029,'1199607',1623,,12208,32,,,0
106019,'1196832',1000,,12209,36,,,0
106019,'1196841',730,,12210,36,,,0
106019,'1197348',845,,12211,36,,,0
106019,'1197389',1832,,12212,36,,,0
106019,'1197951',1602,,12213,36,,,0
106019,'1198120',1717,,12214,36,,,0
