105019,'1196946',935,,12117,92,,,0
105019,'1197049',1847,,12118,92,,,0
105019,'1197077',622,,12119,92,,,0
105019,'1197115',1232,,12120,92,,,0
105019,'1197131',735,,12121,92,,,0
105019,'1197173',1236,,12122,92,,,0
105019,'1197181',1050,,12123,92,,,0
105019,'1197192',2221,,12124,92,,,0
105019,'1197197',1532,,12125,92,,,0
105019,'1197292',1336,,12126,92,,,0
105019,'1197296',1632,,12127,92,,,0
105019,'1197531',1436,,12128,92,,,0
105019,'1197548',1951,,12129,92,,,0
105019,'1197557',1636,,12130,92,,,0
105019,'1197588',850,,12131,92,,,0
105019,'1197596',2121,,12132,92,,,0
105019,'1197617',1536,,12133,92,,,0
105019,'1197633',1250,,12134,92,,,0
105019,'1197710',829,,12135,92,,,0
105019,'1197779',1817,,12136,92,,,0
105019,'1197825',1447,,12137,92,,,0
105019,'1197971',1132,,12138,92,,,0
105019,'1198112',652,,12139,92,,,0
105019,'1198338',1136,,12140,92,,,0
105019,'1198380',2250,,12141,92,,,0
105019,'1198385',1747,,12142,92,,,0
105019,'1198553',1347,,12143,92,,,0
105019,'1198560',2050,,12144,92,,,0
105019,'1198571',1650,,12145,92,,,0
105019,'1198621',759,,12146,92,,,0
105019,'1198667',1029,,12147,92,,,0
105019,'1198717',1602,,12148,92,,,0
105019,'1198741',929,,12149,92,,,0
105019,'1198746',1917,,12150,92,,,0
105019,'1198889',722,,12151,92,,,0
105019,'1199004',1450,,12152,92,,,0
105019,'1199054',1702,,12153,92,,,0
105019,'1199098',859,,12154,92,,,0
105019,'1199298',2421,,12155,92,,,0
105019,'1199347',2335,,12156,92,,,0
105019,'1199383',2321,,12157,92,,,0
105019,'1199400',1736,,12158,92,,,0
105019,'1199461',1850,,12159,92,,,0
105019,'1199511',1836,,12160,92,,,0
105019,'1199546',2135,,12161,92,,,0
105019,'1199574',1936,,12162,92,,,0
106029,'1196836',1619,,12215,23,,,0
106029,'1196851',1734,,12216,23,,,0
106029,'1197042',1017,,12217,23,,,0
106029,'1197408',1849,,12218,23,,,0
106029,'1198086',747,,12219,23,,,0
106029,'1198615',902,,12220,23,,,0
