2019,'1196937',931,,9945,22,,,0
2019,'1196952',1931,,9946,22,,,0
2019,'1196959',731,,9947,22,,,0
2019,'1196966',1016,,9948,22,,,0
2019,'1196990',931,,9949,22,,,0
2019,'1196992',1703,,9950,22,,,0
2019,'1196993',2101,,9951,22,,,0
2019,'1197022',1331,,9952,22,,,0
2019,'1197046',2401,,9953,22,,,0
2019,'1197068',1217,,9954,22,,,0
2019,'1197140',832,,9955,22,,,0
2019,'1197142',2231,,9956,22,,,0
2019,'1197156',702,,9957,22,,,0
2019,'1197159',1248,,9958,22,,,0
2019,'1197165',1317,,9959,22,,,0
2019,'1197200',2046,,9960,22,,,0
2019,'1197205',2331,,9961,22,,,0
2019,'1197230',1603,,9962,22,,,0
2019,'1197258',1533,,9963,22,,,0
2019,'1197273',1831,,9964,22,,,0
2019,'1197277',1017,,9965,22,,,0
2019,'1197304',2031,,9966,22,,,0
2019,'1197311',1803,,9967,22,,,0
2019,'1197384',847,,9968,22,,,0
2019,'1197388',1517,,9969,22,,,0
2019,'1197409',1403,,9970,22,,,0
2019,'1197517',1548,,9971,22,,,0
2019,'1197526',1147,,9972,22,,,0
2019,'1197532',1231,,9973,22,,,0
2019,'1197541',1816,,9974,22,,,0
2019,'1197604',1946,,9975,22,,,0
2019,'1197630',1233,,9976,22,,,0
2019,'1197631',1747,,9977,22,,,0
2019,'1197670',947,,9978,22,,,0
2019,'1197671',1348,,9979,22,,,0
2019,'1197694',1916,,9980,22,,,0
2019,'1197780',1032,,9981,22,,,0
2019,'1197798',1846,,9982,22,,,0
2019,'1197818',1431,,9983,22,,,0
2019,'1197842',1303,,9984,22,,,0
2019,'1197864',2131,,9985,22,,,0
2019,'1197879',1417,,9986,22,,,0
2019,'1197881',1031,,9987,22,,,0
2019,'1197904',902,,9988,22,,,0
2019,'1197931',1202,,9989,22,,,0
2019,'1197939',1518,,9990,22,,,0
2019,'1197952',2406,,9991,22,,,0
2019,'1197970',932,,9992,22,,,0
2019,'1197994',1132,,9993,22,,,0
2019,'1198000',717,,9994,22,,,0
2019,'1198018',732,,9995,22,,,0
2019,'1198034',817,,9996,22,,,0
2019,'1198058',1618,,9997,22,,,0
2019,'1198063',1648,,9998,22,,,0
2019,'1198138',1647,,9999,22,,,0
2019,'1198180',1047,,10000,22,,,0
2019,'1198182',1218,,10001,22,,,0
2019,'1198197',2231,,10002,22,,,0
2019,'1198230',2116,,10003,22,,,0
2019,'1198247',1503,,10004,22,,,0
2019,'1198270',1931,,10005,22,,,0
2019,'1198273',747,,10006,22,,,0
2019,'1198286',801,,10007,22,,,0
2019,'1198328',1733,,10008,22,,,0
2019,'1198379',1748,,10010,22,,,0
2019,'1198387',1547,,10011,22,,,0
2019,'1198392',1147,,10012,22,,,0
2019,'1198443',2016,,10013,22,,,0
2019,'1198453',2146,,10014,22,,,0
2019,'1198468',1247,,10015,22,,,0
2019,'1198483',1731,,10016,22,,,0
2019,'1198564',1117,,10017,22,,,0
2019,'1198584',2316,,10018,22,,,0
2019,'1198637',1633,,10019,22,,,0
2019,'1198722',1531,,10020,22,,,0
2019,'1198740',917,,10021,22,,,0
2019,'1198744',1846,,10022,22,,,0
2019,'1198846',846,,10023,22,,,0
2019,'1198873',647,,10024,22,,,0
2019,'1198904',1347,,10025,22,,,0
2019,'1198940',2216,,10026,22,,,0
2019,'1199047',1318,,10027,22,,,0
2019,'1199073',1717,,10028,22,,,0
2019,'1199085',2146,,10029,22,,,0
2019,'1199096',1447,,10030,22,,,0
2019,'1199176',1046,,10031,22,,,0
2019,'1199234',2016,,10032,22,,,0
2019,'1199238',716,,10033,22,,,0
2019,'1199242',1131,,10034,22,,,0
2019,'1199272',1002,,10035,22,,,0
2019,'1199326',2316,,10036,22,,,0
2019,'1199327',1418,,10037,22,,,0
2019,'1199334',1631,,10038,22,,,0
2019,'1199352',1718,,10039,22,,,0
2019,'1199368',1448,,10040,22,,,0
2019,'1199372',1816,,10041,22,,,0
2019,'1199378',1433,,10042,22,,,0
2019,'1199438',1102,,10043,22,,,0
2019,'1199439',802,,10044,22,,,0
2019,'1199485',1333,,10045,22,,,0
2019,'1199505',831,,10046,22,,,0
2019,'1199525',2246,,10047,22,,,0
2019,'1199540',1117,,10048,22,,,0
2019,'1199630',2346,,10049,22,,,0
2019,'1199652',1617,,10050,22,,,0
11019,'1196979',1343,,10448,33,,,0
11019,'1197040',1710,,10449,33,,,0
11019,'1197065',1528,,10450,33,,,0
11019,'1197103',1927,,10451,33,,,0
11019,'1197109',1340,,10452,33,,,0
11019,'1197110',742,,10453,33,,,0
11019,'1197145',2040,,10454,33,,,0
11019,'1197180',1243,,10455,33,,,0
11019,'1197201',957,,10456,33,,,0
11019,'1197221',1643,,10458,33,,,0
11019,'1197227',1228,,10459,33,,,0
11019,'1197254',1558,,10460,33,,,0
11019,'1197259',2340,,10461,33,,,0
11019,'1197278',2357,,10462,33,,,0
11019,'1197283',927,,10463,33,,,0
11019,'1197320',1840,,10465,33,,,0
11019,'1197325',2257,,10466,33,,,0
11019,'1197329',1040,,10467,33,,,0
11019,'1197333',1012,,10468,33,,,0
11019,'1197344',1957,,10469,33,,,0
11019,'1197354',1127,,10470,33,,,0
11019,'1197447',2027,,10472,33,,,0
11019,'1197477',2127,,10473,33,,,0
11019,'1197495',1540,,10474,33,,,0
11019,'1197504',2057,,10475,33,,,0
11019,'1197634',840,,10476,33,,,0
11019,'1197652',1157,,10477,33,,,0
11019,'1197663',1328,,10478,33,,,0
11019,'1197722',1728,,10479,33,,,0
11019,'1197727',1827,,10480,33,,,0
11019,'1197785',940,,10482,33,,,0
11019,'1197855',1857,,10483,33,,,0
11019,'1197865',1658,,10484,33,,,0
11019,'1197880',1510,,10485,33,,,0
11019,'1197889',727,,10486,33,,,0
11019,'1197896',942,,10487,33,,,0
11019,'1197981',1310,,10489,33,,,0
11019,'1198019',1313,,10490,33,,,0
11019,'1198026',1428,,10491,33,,,0
11019,'1198038',1740,,10493,33,,,0
11019,'1198149',1140,,10494,33,,,0
11019,'1198219',1513,,10497,33,,,0
11019,'1198297',1258,,10498,33,,,0
11019,'1198327',1743,,10500,33,,,0
11019,'1198374',740,,10502,33,,,0
11019,'1198413',2227,,10504,33,,,0
11019,'1198423',1212,,10505,33,,,0
11019,'1198472',857,,10506,33,,,0
11019,'1198624',1210,,10508,33,,,0
11019,'1198627',2157,,10509,33,,,0
11019,'1198668',912,,10510,33,,,0
11019,'1198671',1443,,10511,33,,,0
11019,'1198695',1628,,10512,33,,,0
11019,'1198701',827,,10514,33,,,0
11019,'1198713',642,,10515,33,,,0
11019,'1198737',1640,,10516,33,,,0
11019,'1198753',2417,,10517,33,,,0
11019,'1198806',1613,,10518,33,,,0
11019,'1198894',757,,10519,33,,,0
11019,'1198896',1413,,10520,33,,,0
11019,'1198957',1713,,10521,33,,,0
11019,'1198963',1240,,10522,33,,,0
11019,'1199020',1027,,10524,33,,,0
11019,'1199072',1458,,10525,33,,,0
11019,'1199077',812,,10526,33,,,0
11019,'1199162',1543,,10527,33,,,0
11019,'1199164',657,,10528,33,,,0
11019,'1199175',1410,,10529,33,,,0
11019,'1199179',2240,,10530,33,,,0
11019,'1199209',1358,,10531,33,,,0
11019,'1199218',2327,,10532,33,,,0
11019,'1199285',712,,10534,33,,,0
11019,'1199336',1440,,10535,33,,,0
11019,'1199342',1940,,10536,33,,,0
11019,'1199361',1142,,10538,33,,,0
11019,'1199369',1057,,10539,33,,,0
11019,'1199392',1758,,10540,33,,,0
11019,'1199420',842,,10541,33,,,0
11019,'1199430',2140,,10542,33,,,0
11019,'1199452',1610,,10543,33,,,0
11019,'1199483',1813,,10544,33,,,0
11019,'1199518',1112,,10545,33,,,0
11019,'1199637',1042,,10547,33,,,0
