11019,'1196979',1332,,10448,18,,,0
11019,'1197040',1701,,10449,18,,,0
11019,'1197065',1517,,10450,18,,,0
11019,'1197103',1916,,10451,18,,,0
11019,'1197109',1331,,10452,18,,,0
11019,'1197110',731,,10453,18,,,0
11019,'1197145',2031,,10454,18,,,0
11019,'1197180',1232,,10455,18,,,0
11019,'1197201',946,,10456,18,,,0
11019,'1197211',730,,10457,18,0,5 6,0
11019,'1197221',1632,,10458,18,,,0
11019,'1197227',1217,,10459,18,,,0
11019,'1197254',1547,,10460,18,,,0
11019,'1197259',2331,,10461,18,,,0
11019,'1197278',2346,,10462,18,,,0
11019,'1197283',916,,10463,18,,,0
11019,'1197316',2030,,10464,18,0,5 6,0
11019,'1197320',1831,,10465,18,,,0
11019,'1197325',2246,,10466,18,,,0
11019,'1197329',1031,,10467,18,,,0
11019,'1197333',1001,,10468,18,,,0
11019,'1197344',1946,,10469,18,,,0
11019,'1197354',1116,,10470,18,,,0
11019,'1197406',2230,,10471,18,0,5 6,0
11019,'1197447',2016,,10472,18,,,0
11019,'1197477',2116,,10473,18,,,0
11019,'1197495',1531,,10474,18,,,0
11019,'1197504',2046,,10475,18,,,0
11019,'1197634',831,,10476,18,,,0
11019,'1197652',1146,,10477,18,,,0
11019,'1197663',1317,,10478,18,,,0
11019,'1197722',1717,,10479,18,,,0
11019,'1197727',1816,,10480,18,,,0
11019,'1197728',1630,,10481,18,0,5 6,0
11019,'1197785',931,,10482,18,,,0
11019,'1197855',1846,,10483,18,,,0
11019,'1197865',1647,,10484,18,,,0
11019,'1197880',1501,,10485,18,,,0
11019,'1197889',716,,10486,18,,,0
11019,'1197896',931,,10487,18,,,0
11019,'1197926',1230,,10488,18,0,5 6,0
11019,'1197981',1301,,10489,18,,,0
11019,'1198019',1302,,10490,18,,,0
11019,'1198026',1417,,10491,18,,,0
11019,'1198029',1830,,10492,18,0,5 6,0
11019,'1198038',1731,,10493,18,,,0
11019,'1198149',1131,,10494,18,,,0
11019,'1198166',1530,,10495,18,0,5 6,0
11019,'1198188',1430,,10496,18,0,5 6,0
11019,'1198219',1502,,10497,18,,,0
11019,'1198297',1247,,10498,18,,,0
11019,'1198308',1330,,10499,18,0,5 6,0
11019,'1198327',1732,,10500,18,,,0
11019,'1198365',1030,,10501,18,0,5 6,0
11019,'1198374',731,,10502,18,,,0
11019,'1198401',1930,,10503,18,0,5 6,0
11019,'1198413',2216,,10504,18,,,0
11019,'1198423',1201,,10505,18,,,0
11019,'1198472',846,,10506,18,,,0
11019,'1198605',1130,,10507,18,0,5 6,0
11019,'1198624',1201,,10508,18,,,0
11019,'1198627',2146,,10509,18,,,0
11019,'1198668',901,,10510,18,,,0
11019,'1198671',1432,,10511,18,,,0
11019,'1198695',1617,,10512,18,,,0
11019,'1198698',830,,10513,18,0,5 6,0
11019,'1198701',816,,10514,18,,,0
11019,'1198713',631,,10515,18,,,0
11019,'1198737',1631,,10516,18,,,0
11019,'1198753',2406,,10517,18,,,0
11019,'1198806',1602,,10518,18,,,0
11019,'1198894',746,,10519,18,,,0
11019,'1198896',1402,,10520,18,,,0
11019,'1198957',1702,,10521,18,,,0
11019,'1198963',1231,,10522,18,,,0
11019,'1199015',2330,,10523,18,0,5 6,0
11019,'1199020',1016,,10524,18,,,0
11019,'1199072',1447,,10525,18,,,0
11019,'1199077',801,,10526,18,,,0
11019,'1199162',1532,,10527,18,,,0
11019,'1199164',646,,10528,18,,,0
11019,'1199175',1401,,10529,18,,,0
11019,'1199179',2231,,10530,18,,,0
11019,'1199209',1347,,10531,18,,,0
11019,'1199218',2316,,10532,18,,,0
11019,'1199260',1730,,10533,18,0,5 6,0
11019,'1199285',701,,10534,18,,,0
11019,'1199336',1431,,10535,18,,,0
11019,'1199342',1931,,10536,18,,,0
11019,'1199350',930,,10537,18,0,5 6,0
11019,'1199361',1131,,10538,18,,,0
11019,'1199369',1046,,10539,18,,,0
11019,'1199392',1747,,10540,18,,,0
11019,'1199420',831,,10541,18,,,0
11019,'1199430',2131,,10542,18,,,0
11019,'1199452',1601,,10543,18,,,0
11019,'1199483',1802,,10544,18,,,0
11019,'1199518',1101,,10545,18,,,0
11019,'1199575',2130,,10546,18,0,5 6,0
11019,'1199637',1031,,10547,18,,,0
