25029,'1196916',947,,11367,2,,,0
25029,'1196933',1547,,11368,2,,,0
25029,'1196986',1132,,11369,2,,,0
25029,'1197030',2147,,11370,2,,,0
25029,'1197059',646,,11371,2,,,0
25029,'1197302',1847,,11372,2,,,0
25029,'1197319',847,,11373,2,,,0
25029,'1197349',1247,,11374,2,,,0
25029,'1197435',2032,,11375,2,,,0
25029,'1197457',2047,,11376,2,,,0
25029,'1197616',2407,,11377,2,,,0
25029,'1197705',2232,,11378,2,,,0
25029,'1197793',1617,,11379,2,,,0
25029,'1197804',732,,11380,2,,,0
25029,'1197835',1647,,11381,2,,,0
25029,'1197846',917,,11382,2,,,0
25029,'1197932',717,,11383,2,,,0
25029,'1198032',932,,11384,2,,,0
25029,'1198046',1017,,11385,2,,,0
25029,'1198129',1447,,11386,2,,,0
25029,'1198137',2247,,11387,2,,,0
25029,'1198143',1232,,11388,2,,,0
25029,'1198148',1847,,11389,2,,,0
25029,'1198154',1317,,11390,2,,,0
25029,'1198159',747,,11391,2,,,0
25029,'1198222',1932,,11392,2,,,0
25029,'1198225',1547,,11393,2,,,0
25029,'1198233',1717,,11394,2,,,0
25029,'1198344',2147,,11395,2,,,0
25029,'1198370',1447,,11396,2,,,0
25029,'1198438',1217,,11397,2,,,0
25029,'1198503',1647,,11398,2,,,0
25029,'1198561',2332,,11399,2,,,0
25029,'1198597',1047,,11400,2,,,0
25029,'1198609',2047,,11401,2,,,0
25029,'1198649',2132,,11402,2,,,0
25029,'1198679',1747,,11403,2,,,0
25029,'1198692',1147,,11404,2,,,0
25029,'1198706',647,,11405,2,,,0
25029,'1198719',2247,,11406,2,,,0
25029,'1198720',1732,,11407,2,,,0
25029,'1198786',1517,,11408,2,,,0
25029,'1198863',1417,,11409,2,,,0
25029,'1198875',847,,11410,2,,,0
25029,'1198879',1947,,11411,2,,,0
25029,'1198885',1032,,11412,2,,,0
25029,'1198987',1832,,11413,2,,,0
25029,'1198994',1532,,11414,2,,,0
25029,'1199055',746,,11415,2,,,0
25029,'1199102',2346,,11416,2,,,0
25029,'1199182',817,,11417,2,,,0
25029,'1199195',1117,,11418,2,,,0
25029,'1199236',947,,11419,2,,,0
25029,'1199255',1432,,11420,2,,,0
25029,'1199294',1332,,11421,2,,,0
25029,'1199362',1947,,11422,2,,,0
25029,'1199541',1747,,11423,2,,,0
25029,'1199549',1632,,11424,2,,,0
25029,'1199576',1347,,11425,2,,,0
25029,'1199642',832,,11426,2,,,0
