3019,'1196834',1825,,10159,37,,,0
3019,'1196848',2125,,10160,37,,,0
3019,'1196854',725,,10161,37,,,0
3019,'1196968',1241,,10162,37,,,0
3019,'1196971',2025,,10163,37,,,0
3019,'1197069',726,,10164,37,,,0
3019,'1197076',2155,,10165,37,,,0
3019,'1197107',1256,,10166,37,,,0
3019,'1197120',2425,,10167,37,,,0
3019,'1197318',2225,,10168,37,,,0
3019,'1197369',2341,,10169,37,,,0
3019,'1197372',2241,,10170,37,,,0
3019,'1197378',925,,10171,37,,,0
3019,'1197462',926,,10172,37,,,0
3019,'1197478',1626,,10173,37,,,0
3019,'1197537',941,,10174,37,,,0
3019,'1197572',1356,,10175,37,,,0
3019,'1197590',856,,10176,37,,,0
3019,'1197618',1726,,10177,37,,,0
3019,'1197708',628,,10178,7,,,0
3019,'1197731',2025,,10179,37,,,0
3019,'1197748',1026,,10180,37,,,0
3019,'1197755',1056,,10181,37,,,0
3019,'1197810',1456,,10182,37,,,0
3019,'1197819',1925,,10183,37,,,0
3019,'1197850',1556,,10184,37,,,0
3019,'1197851',956,,10185,37,,,0
3019,'1197897',1126,,10186,37,,,0
3019,'1197923',1226,,10187,37,,,0
3019,'1197941',1526,,10188,37,,,0
3019,'1198025',1626,,10189,37,,,0
3019,'1198093',1855,,10190,37,,,0
3019,'1198098',1156,,10191,37,,,0
3019,'1198111',1025,,10192,37,,,0
3019,'1198119',1541,,10193,37,,,0
3019,'1198124',1426,,10194,37,,,0
3019,'1198153',1925,,10195,37,,,0
3019,'1198229',1526,,10196,37,,,0
3019,'1198237',1656,,10197,37,,,0
3019,'1198265',2125,,10198,37,,,0
3019,'1198278',1955,,10199,37,,,0
3019,'1198430',1641,,10200,37,,,0
3019,'1198432',1825,,10201,37,,,0
3019,'1198501',1726,,10202,37,,,0
3019,'1198514',656,,10203,37,,,0
3019,'1198654',1741,,10204,37,,,0
3019,'1198677',841,,10205,37,,,0
3019,'1198680',826,,10206,37,,,0
3019,'1198689',2415,,10207,37,,,0
3019,'1198691',1756,,10208,37,,,0
3019,'1198742',2225,,10209,37,,,0
3019,'1198777',1426,,10210,37,,,0
3019,'1198788',741,,10211,37,,,0
3019,'1198845',1041,,10212,37,,,0
3019,'1198989',2141,,10213,37,,,0
3019,'1198991',1841,,10214,37,,,0
3019,'1199009',1341,,10215,37,,,0
3019,'1199035',1226,,10216,37,,,0
3019,'1199052',2041,,10217,37,,,0
3019,'1199066',1141,,10218,37,,,0
3019,'1199133',1326,,10219,37,,,0
3019,'1199262',2325,,10220,37,,,0
3019,'1199277',756,,10221,37,,,0
3019,'1199346',1326,,10222,37,,,0
3019,'1199408',2055,,10223,37,,,0
3019,'1199412',1441,,10224,37,,,0
3019,'1199440',2325,,10225,37,,,0
3019,'1199509',825,,10226,37,,,0
3019,'1199597',628,,10227,7,,,0
3019,'1199600',1941,,10228,37,,,0
3019,'1199612',1126,,10229,37,,,0
