101019,'1197003',526,,11803,2,,,0
101019,'1197056',2106,,11804,2,,,0
101019,'1197144',2306,,11805,2,,,0
101019,'1197150',1506,,11806,2,,,0
101019,'1197356',1306,,11807,2,,,0
101019,'1197394',1506,,11808,2,,,0
101019,'1197485',706,,11809,2,,,0
101019,'1197542',1306,,11810,2,,,0
101019,'1197666',1026,,11811,2,,,0
101019,'1197703',2106,,11812,2,,,0
101019,'1197735',1126,,11813,2,,,0
101019,'1197816',1106,,11814,2,,,0
101019,'1197893',726,,11815,2,,,0
101019,'1198002',1706,,11816,2,,,0
101019,'1198014',706,,11817,2,,,0
101019,'1198130',926,,11818,2,,,0
101019,'1198162',1329,,11819,2,,,0
101019,'1198212',1906,,11820,2,,,0
101019,'1198408',2025,,11821,2,,,0
101019,'1198684',906,,11822,2,,,0
101019,'1198907',1906,,11823,2,,,0
101019,'1199079',2226,,11824,2,,,0
101019,'1199178',1729,,11825,2,,,0
101019,'1199186',1529,,11826,2,,,0
101019,'1199279',1706,,11827,2,,,0
101019,'1199401',906,,11828,2,,,0
101019,'1199471',1826,,11829,2,,,0
101019,'1199497',1106,,11830,2,,,0
101019,'1199519',826,,11831,2,,,0
101019,'1199566',1429,,11832,2,,,0
101019,'1199626',1629,,11833,2,,,0
