28019,'1196931',2334,,11637,5,,,0
28019,'1196961',954,,11638,5,,,0
28019,'1197032',1709,,11639,5,,,0
28019,'1197034',1134,,11640,5,,,0
28019,'1197095',2109,,11641,5,,,0
28019,'1197138',1609,,11642,5,,,0
28019,'1197242',1534,,11643,5,,,0
28019,'1197270',1109,,11644,5,,,0
28019,'1197295',1354,,11645,5,,,0
28019,'1197405',1909,,11646,5,,,0
28019,'1197436',1209,,11647,5,,,0
28019,'1197458',1934,,11648,5,,,0
28019,'1197480',2009,,11649,5,,,0
28019,'1197538',739,,11650,5,,,0
28019,'1197551',854,,11651,5,,,0
28019,'1197589',1009,,11652,5,,,0
28019,'1197718',2134,,11653,5,,,0
28019,'1197726',1754,,11654,5,,,0
28019,'1197829',1739,,11655,5,,,0
28019,'1197861',1834,,11656,5,,,0
28019,'1197862',1234,,11657,5,,,0
28019,'1198022',654,,11658,5,,,0
28019,'1198061',2054,,11659,5,,,0
28019,'1198096',1434,,11660,5,,,0
28019,'1198110',1154,,11661,5,,,0
28019,'1198319',1954,,11662,5,,,0
28019,'1198329',1634,,11663,5,,,0
28019,'1198340',1839,,11664,5,,,0
28019,'1198345',1454,,11665,5,,,0
28019,'1198414',1054,,11666,5,,,0
28019,'1198454',1034,,11667,5,,,0
28019,'1198522',1554,,11668,5,,,0
28019,'1198545',639,,11669,5,,,0
28019,'1198672',934,,11670,5,,,0
28019,'1198739',2154,,11671,5,,,0
28019,'1198783',1639,,11672,5,,,0
28019,'1198807',1809,,11673,5,,,0
28019,'1198829',839,,11674,5,,,0
28019,'1198876',709,,11675,5,,,0
28019,'1198919',734,,11676,5,,,0
28019,'1198950',909,,11677,5,,,0
28019,'1198968',1254,,11678,5,,,0
28019,'1199033',2354,,11679,5,,,0
28019,'1199129',2309,,11680,5,,,0
28019,'1199149',1309,,11681,5,,,0
28019,'1199206',2034,,11682,5,,,0
28019,'1199243',2254,,11683,5,,,0
28019,'1199296',1854,,11684,5,,,0
28019,'1199338',1509,,11685,5,,,0
28019,'1199344',1734,,11686,5,,,0
28019,'1199358',609,,11687,5,,,0
28019,'1199417',1654,,11688,5,,,0
28019,'1199426',1409,,11689,5,,,0
28019,'1199450',834,,11690,5,,,0
28019,'1199529',1334,,11691,5,,,0
28019,'1199557',809,,11692,5,,,0
28019,'1199561',2209,,11693,5,,,0
28019,'1199584',754,,11694,5,,,0
28019,'1199602',2234,,11695,5,,,0
