13019,'1196852',1331,,10793,25,,,0
13019,'1196856',1729,,10794,25,,,0
13019,'1196999',929,,10796,25,,,0
13019,'1197035',629,,10797,25,,,0
13019,'1197132',1501,,10798,25,,,0
13019,'1197251',1601,,10799,25,,,0
13019,'1197279',729,,10800,25,,,0
13019,'1197353',2259,,10801,25,,,0
13019,'1197357',1829,,10802,25,,,0
13019,'1197451',2229,,10803,25,,,0
13019,'1197487',829,,10804,25,,,0
13019,'1197555',1631,,10805,25,,,0
13019,'1197570',929,,10806,25,,,0
13019,'1197575',1629,,10807,25,,,0
13019,'1197641',2029,,10808,25,,,0
13019,'1197645',1701,,10809,25,,,0
13019,'1197648',659,,10810,25,,,0
13019,'1197690',1629,,10811,25,,,0
13019,'1197692',1731,,10812,25,,,0
13019,'1197730',1431,,10813,25,,,0
13019,'1197762',2404,,10814,25,,,0
13019,'1197803',729,,10815,25,,,0
13019,'1197834',1229,,10816,25,,,0
13019,'1197854',2029,,10817,25,,,0
13019,'1197962',1329,,10818,25,,,0
13019,'1197975',1031,,10819,25,,,0
13019,'1198041',1129,,10820,25,,,0
13019,'1198094',1759,,10821,25,,,0
13019,'1198160',829,,10822,25,,,0
13019,'1198201',1229,,10823,25,,,0
13019,'1198243',1829,,10824,25,,,0
13019,'1198290',2159,,10825,25,,,0
13019,'1198352',729,,10826,25,,,0
13019,'1198355',1859,,10827,25,,,0
13019,'1198382',759,,10828,25,,,0
13019,'1198402',2229,,10829,25,,,0
13019,'1198552',2129,,10830,25,,,0
13019,'1198554',1929,,10831,25,,,0
13019,'1198602',1129,,10832,25,,,0
13019,'1198611',1959,,10833,25,,,0
13019,'1198630',1531,,10834,25,,,0
13019,'1198675',1231,,10835,25,,,0
13019,'1198716',1029,,10837,25,,,0
13019,'1198729',959,,10838,25,,,0
13019,'1198761',1329,,10839,25,,,0
13019,'1198778',929,,10840,25,,,0
13019,'1198837',2329,,10841,25,,,0
13019,'1198874',1131,,10842,25,,,0
13019,'1198888',859,,10843,25,,,0
13019,'1199044',829,,10844,25,,,0
13019,'1199123',1029,,10845,25,,,0
13019,'1199151',1429,,10846,25,,,0
13019,'1199233',1429,,10847,25,,,0
13019,'1199276',1529,,10848,25,,,0
13019,'1199284',2059,,10849,25,,,0
13019,'1199418',1929,,10850,25,,,0
13019,'1199448',1729,,10851,25,,,0
13019,'1199536',2129,,10852,25,,,0
13019,'1199588',2329,,10853,25,,,0
13019,'1199631',1529,,10854,25,,,0
101029,'1196911',740,,11834,17,,,0
101029,'1197033',1825,,11835,17,,,0
101029,'1197060',840,,11836,17,,,0
101029,'1197096',1025,,11837,17,,,0
101029,'1197257',1040,,11838,17,,,0
101029,'1197272',1225,,11839,17,,,0
101029,'1197326',1542,,11840,17,,,0
101029,'1197581',2025,,11841,17,,,0
101029,'1197673',1425,,11842,17,,,0
101029,'1197747',2140,,11843,17,,,0
101029,'1197977',1625,,11844,17,,,0
101029,'1198059',625,,11845,17,,,0
101029,'1198116',1025,,11846,17,,,0
101029,'1198125',825,,11847,17,,,0
101029,'1198200',1225,,11848,17,,,0
101029,'1198251',940,,11849,17,,,0
101029,'1198346',825,,11850,17,,,0
101029,'1198498',2225,,11851,17,,,0
101029,'1198530',2225,,11852,17,,,0
101029,'1198631',1642,,11853,17,,,0
101029,'1198644',2400,,11854,17,,,0
101029,'1198710',1625,,11855,17,,,0
101029,'1198715',1740,,11856,17,,,0
101029,'1198953',2025,,11857,17,,,0
101029,'1198984',1342,,11858,17,,,0
101029,'1199108',1242,,11859,17,,,0
101029,'1199117',640,,11860,17,,,0
101029,'1199304',1825,,11861,17,,,0
101029,'1199366',1425,,11862,17,,,0
101029,'1199567',1940,,11863,17,,,0
101029,'1199585',1442,,11864,17,,,0
