105019,'1196946',858,,12117,26,,,0
105019,'1197049',1806,,12118,26,,,0
105019,'1197077',545,,12119,26,,,0
105019,'1197115',1151,,12120,26,,,0
105019,'1197131',658,,12121,26,,,0
105019,'1197173',1200,,12122,26,,,0
105019,'1197181',1018,,12123,26,,,0
105019,'1197192',2145,,12124,26,,,0
105019,'1197197',1451,,12125,26,,,0
105019,'1197292',1300,,12126,26,,,0
105019,'1197296',1551,,12127,26,,,0
105019,'1197531',1400,,12128,26,,,0
105019,'1197548',1915,,12129,26,,,0
105019,'1197557',1600,,12130,26,,,0
105019,'1197588',818,,12131,26,,,0
105019,'1197596',2045,,12132,26,,,0
105019,'1197617',1500,,12133,26,,,0
105019,'1197633',1218,,12134,26,,,0
105019,'1197710',748,,12135,26,,,0
105019,'1197779',1736,,12136,26,,,0
105019,'1197825',1406,,12137,26,,,0
105019,'1197971',1051,,12138,26,,,0
105019,'1198112',615,,12139,26,,,0
105019,'1198338',1100,,12140,26,,,0
105019,'1198380',2218,,12141,26,,,0
105019,'1198385',1706,,12142,26,,,0
105019,'1198553',1306,,12143,26,,,0
105019,'1198560',2018,,12144,26,,,0
105019,'1198571',1618,,12145,26,,,0
105019,'1198621',718,,12146,26,,,0
105019,'1198667',948,,12147,26,,,0
105019,'1198717',1521,,12148,26,,,0
105019,'1198741',848,,12149,26,,,0
105019,'1198746',1836,,12150,26,,,0
105019,'1198889',645,,12151,26,,,0
105019,'1199004',1418,,12152,26,,,0
105019,'1199054',1621,,12153,26,,,0
105019,'1199098',818,,12154,26,,,0
105019,'1199298',2345,,12155,26,,,0
105019,'1199347',2258,,12156,26,,,0
105019,'1199383',2245,,12157,26,,,0
105019,'1199400',1700,,12158,26,,,0
105019,'1199461',1818,,12159,26,,,0
105019,'1199511',1800,,12160,26,,,0
105019,'1199546',2058,,12161,26,,,0
105019,'1199574',1900,,12162,26,,,0
