2019,'1196937',933,,9945,24,4,,0
2019,'1196952',1933,,9946,24,4,,0
2019,'1196959',733,,9947,24,4,,0
2019,'1196966',1018,,9948,24,4,,0
2019,'1196990',933,,9949,24,4,,0
2019,'1196992',1706,,9950,24,4,,0
2019,'1196993',2103,,9951,24,4,,0
2019,'1197022',1333,,9952,24,4,,0
2019,'1197046',2403,,9953,24,4,,0
2019,'1197068',1219,,9954,24,4,,0
2019,'1197140',835,,9955,24,4,,0
2019,'1197142',2233,,9956,24,4,,0
2019,'1197156',705,,9957,24,4,,0
2019,'1197159',1251,,9958,24,4,,0
2019,'1197165',1319,,9959,24,4,,0
2019,'1197200',2049,,9960,24,4,,0
2019,'1197205',2333,,9961,24,4,,0
2019,'1197230',1606,,9962,24,4,,0
2019,'1197258',1536,,9963,24,4,,0
2019,'1197273',1833,,9964,24,4,,0
2019,'1197277',1020,,9965,24,4,,0
2019,'1197304',2033,,9966,24,4,,0
2019,'1197311',1806,,9967,24,4,,0
2019,'1197384',850,,9968,24,4,,0
2019,'1197388',1519,,9969,24,4,,0
2019,'1197409',1406,,9970,24,4,,0
2019,'1197517',1551,,9971,24,4,,0
2019,'1197526',1149,,9972,24,4,,0
2019,'1197532',1233,,9973,24,4,,0
2019,'1197541',1819,,9974,24,4,,0
2019,'1197604',1949,,9975,24,4,,0
2019,'1197630',1236,,9976,24,4,,0
2019,'1197631',1749,,9977,24,4,,0
2019,'1197670',950,,9978,24,4,,0
2019,'1197671',1351,,9979,24,4,,0
2019,'1197694',1919,,9980,24,4,,0
2019,'1197780',1035,,9981,24,4,,0
2019,'1197798',1849,,9982,24,4,,0
2019,'1197818',1433,,9983,24,4,,0
2019,'1197842',1306,,9984,24,4,,0
2019,'1197864',2133,,9985,24,4,,0
2019,'1197879',1419,,9986,24,4,,0
2019,'1197881',1033,,9987,24,4,,0
2019,'1197904',905,,9988,24,4,,0
2019,'1197931',1205,,9989,24,4,,0
2019,'1197939',1521,,9990,24,4,,0
2019,'1197952',2409,,9991,24,4,,0
2019,'1197970',935,,9992,24,4,,0
2019,'1197994',1135,,9993,24,4,,0
2019,'1198000',720,,9994,24,4,,0
2019,'1198018',735,,9995,24,4,,0
2019,'1198034',820,,9996,24,4,,0
2019,'1198058',1621,,9997,24,4,,0
2019,'1198063',1651,,9998,24,4,,0
2019,'1198138',1649,,9999,24,4,,0
2019,'1198180',1050,,10000,24,4,,0
2019,'1198182',1221,,10001,24,4,,0
2019,'1198197',2233,,10002,24,4,,0
2019,'1198230',2119,,10003,24,4,,0
2019,'1198247',1506,,10004,24,4,,0
2019,'1198270',1933,,10005,24,4,,0
2019,'1198273',750,,10006,24,4,,0
2019,'1198286',803,,10007,24,4,,0
2019,'1198328',1736,,10008,24,4,,0
2019,'1198368',815,,10009,2,4,,0
2019,'1198379',1751,,10010,24,4,,0
2019,'1198387',1549,,10011,24,4,,0
2019,'1198392',1150,,10012,24,4,,0
2019,'1198443',2018,,10013,24,4,,0
2019,'1198453',2148,,10014,24,4,,0
2019,'1198468',1249,,10015,24,4,,0
2019,'1198483',1733,,10016,24,4,,0
2019,'1198564',1120,,10017,24,4,,0
2019,'1198584',2318,,10018,24,4,,0
2019,'1198637',1636,,10019,24,4,,0
2019,'1198722',1533,,10020,24,4,,0
2019,'1198740',920,,10021,24,4,,0
2019,'1198744',1848,,10022,24,4,,0
2019,'1198846',848,,10023,24,4,,0
2019,'1198873',650,,10024,24,4,,0
2019,'1198904',1349,,10025,24,4,,0
2019,'1198940',2219,,10026,24,4,,0
2019,'1199047',1321,,10027,24,4,,0
2019,'1199073',1719,,10028,24,4,,0
2019,'1199085',2149,,10029,24,4,,0
2019,'1199096',1449,,10030,24,4,,0
2019,'1199176',1048,,10031,24,4,,0
2019,'1199234',2019,,10032,24,4,,0
2019,'1199238',718,,10033,24,4,,0
2019,'1199242',1133,,10034,24,4,,0
2019,'1199272',1005,,10035,24,4,,0
2019,'1199326',2319,,10036,24,4,,0
2019,'1199327',1421,,10037,24,4,,0
2019,'1199334',1633,,10038,24,4,,0
2019,'1199352',1721,,10039,24,4,,0
2019,'1199368',1451,,10040,24,4,,0
2019,'1199372',1818,,10041,24,4,,0
2019,'1199378',1436,,10042,24,4,,0
2019,'1199438',1105,,10043,24,4,,0
2019,'1199439',805,,10044,24,4,,0
2019,'1199485',1336,,10045,24,4,,0
2019,'1199505',833,,10046,24,4,,0
2019,'1199525',2249,,10047,24,4,,0
2019,'1199540',1119,,10048,24,4,,0
2019,'1199630',2349,,10049,24,4,,0
2019,'1199652',1619,,10050,24,4,,0
2029,'1196924',1503,,10051,1,,,0
2029,'1196985',1150,,10052,1,,,0
2029,'1196991',2233,,10053,1,,,0
2029,'1197028',2033,,10054,1,,,0
2029,'1197134',1820,,10055,1,,,0
2029,'1197139',918,,10056,1,,,0
2029,'1197143',2320,,10057,1,,,0
2029,'1197168',1603,,10058,1,,,0
2029,'1197170',635,,10059,1,,,0
2029,'1197175',1448,,10060,1,,,0
2029,'1197208',1435,,10061,1,,,0
2029,'1197209',850,,10062,1,,,0
2029,'1197218',703,,10063,1,,,0
2029,'1197261',1618,,10064,1,,,0
2029,'1197268',1648,,10065,1,,,0
2029,'1197282',633,,10066,1,,,0
2029,'1197288',2133,,10067,1,,,0
2029,'1197331',1615,,10068,1,,,0
2029,'1197332',2203,,10069,1,,,0
2029,'1197367',1415,,10070,1,,,0
2029,'1197375',848,,10071,1,,,0
2029,'1197411',1033,,10072,1,,,0
2029,'1197419',1318,,10073,1,,,0
2029,'1197430',648,,10074,1,,,0
2029,'1197437',948,,10075,1,,,0
2029,'1197491',1345,,10076,1,,,0
2029,'1197508',748,,10077,1,,,0
2029,'1197527',1235,,10078,1,,,0
2029,'1197534',1035,,10079,1,,,0
2029,'1197599',1633,,10080,1,,,0
2029,'1197642',733,,10081,1,,,0
2029,'1197644',1803,,10082,1,,,0
2029,'1197647',933,,10083,1,,,0
2029,'1197651',2330,,10084,1,,,0
2029,'1197655',2400,,10085,1,,,0
2029,'1197665',1020,,10086,1,,,0
2029,'1197667',1935,,10087,1,,,0
2029,'1197739',1703,,10088,1,,,0
2029,'1197769',1135,,10089,1,,,0
2029,'1197800',1003,,10090,1,,,0
2029,'1197808',2003,,10091,1,,,0
2029,'1197821',735,,10092,1,,,0
2029,'1197871',803,,10093,1,,,0
2029,'1197901',833,,10094,1,,,0
2029,'1197910',1733,,10095,1,,,0
2029,'1198003',1050,,10096,1,,,0
2029,'1198023',1218,,10097,1,,,0
2029,'1198042',835,,10098,1,,,0
2029,'1198045',2235,,10099,1,,,0
2029,'1198089',903,,10100,1,,,0
2029,'1198144',1018,,10101,1,,,0
2029,'1198156',2303,,10102,1,,,0
2029,'1198168',2020,,10103,1,,,0
2029,'1198184',935,,10104,1,,,0
2029,'1198213',1403,,10105,1,,,0
2029,'1198215',1818,,10106,1,,,0
2029,'1198275',1133,,10107,1,,,0
2029,'1198291',1048,,10108,1,,,0
2029,'1198335',1933,,10109,1,,,0
2029,'1198359',1315,,10110,1,,,0
2029,'1198433',1333,,10111,1,,,0
2029,'1198455',1215,,10112,1,,,0
2029,'1198473',1745,,10113,1,,,0
2029,'1198494',1715,,10114,1,,,0
2029,'1198537',1735,,10115,1,,,0
2029,'1198581',1120,,10116,1,,,0
2029,'1198603',1535,,10117,1,,,0
2029,'1198608',935,,10118,1,,,0
2029,'1198619',2405,,10119,1,,,0
2029,'1198682',1418,,10120,1,,,0
2029,'1198743',2235,,10121,1,,,0
2029,'1198838',1335,,10122,1,,,0
2029,'1198840',1445,,10123,1,,,0
2029,'1198841',718,,10124,1,,,0
2029,'1198851',2103,,10125,1,,,0
2029,'1198854',1148,,10126,1,,,0
2029,'1198870',720,,10127,1,,,0
2029,'1198967',2335,,10128,1,,,0
2029,'1199005',1548,,10129,1,,,0
2029,'1199023',1515,,10130,1,,,0
2029,'1199042',1935,,10131,1,,,0
2029,'1199046',1833,,10132,1,,,0
2029,'1199049',1103,,10133,1,,,0
2029,'1199063',1303,,10134,1,,,0
2029,'1199099',1248,,10135,1,,,0
2029,'1199116',1718,,10136,1,,,0
2029,'1199173',1545,,10137,1,,,0
2029,'1199237',2135,,10138,1,,,0
2029,'1199240',818,,10139,1,,,0
2029,'1199269',1233,,10140,1,,,0
2029,'1199288',1533,,10141,1,,,0
2029,'1199299',2150,,10142,1,,,0
2029,'1199305',1203,,10143,1,,,0
2029,'1199316',1748,,10144,1,,,0
2029,'1199329',1635,,10145,1,,,0
2029,'1199333',805,,10146,1,,,0
2029,'1199335',1245,,10147,1,,,0
2029,'1199398',2035,,10148,1,,,0
2029,'1199466',1903,,10149,1,,,0
2029,'1199478',1835,,10150,1,,,0
2029,'1199484',1518,,10151,1,,,0
2029,'1199542',2420,,10152,1,,,0
2029,'1199552',1348,,10153,1,,,0
2029,'1199560',1850,,10154,1,,,0
2029,'1199580',2105,,10155,1,,,0
2029,'1199620',1433,,10156,1,,,0
2029,'1199621',1118,,10157,1,,,0
2029,'1199635',1645,,10158,1,,,0
11019,'1196884',1238,,10549,1,,,0
11019,'1196914',1123,,10550,1,,,0
11019,'1196958',743,,10551,1,,,0
11019,'1197071',1822,,10554,1,,,0
11019,'1197114',908,,10555,1,,,0
11019,'1197191',1438,,10557,1,,,0
11019,'1197229',1353,,10558,1,,,0
11019,'1197234',1653,,10559,1,,,0
11019,'1197264',1723,,10560,1,,,0
11019,'1197274',923,,10561,1,,,0
11019,'1197327',1323,,10562,1,,,0
11019,'1197343',723,,10563,1,,,0
11019,'1197398',1808,,10565,1,,,0
11019,'1197412',2252,,10566,1,,,0
11019,'1197422',1623,,10567,1,,,0
11019,'1197463',653,,10569,1,,,0
11019,'1197502',608,,10570,1,,,0
11019,'1197519',738,,10571,1,,,0
11019,'1197564',2243,,10572,1,,,0
11019,'1197695',1053,,10574,1,,,0
11019,'1197696',753,,10575,1,,,0
11019,'1197763',1508,,10577,1,,,0
11019,'1197795',2022,,10578,1,,,0
11019,'1197832',1608,,10579,1,,,0
11019,'1197875',2409,,10580,1,,,0
11019,'1197917',2343,,10581,1,,,0
11019,'1197925',1108,,10582,1,,,0
11019,'1197934',1523,,10583,1,,,0
11019,'1197978',1852,,10584,1,,,0
11019,'1197990',1423,,10585,1,,,0
11019,'1198012',838,,10586,1,,,0
11019,'1198053',943,,10587,1,,,0
11019,'1198076',1952,,10588,1,,,0
11019,'1198113',2052,,10589,1,,,0
11019,'1198146',2222,,10590,1,,,0
11019,'1198266',1943,,10591,1,,,0
11019,'1198337',853,,10593,1,,,0
11019,'1198341',1143,,10594,1,,,0
11019,'1198405',1843,,10596,1,,,0
11019,'1198419',1453,,10597,1,,,0
11019,'1198470',1253,,10598,1,,,0
11019,'1198493',1753,,10599,1,,,0
11019,'1198506',1043,,10600,1,,,0
11019,'1198543',1008,,10601,1,,,0
11019,'1198548',1553,,10602,1,,,0
11019,'1198573',1138,,10603,1,,,0
11019,'1198610',1538,,10605,1,,,0
11019,'1198623',643,,10606,1,,,0
11019,'1198660',1253,,10607,1,,,0
11019,'1198696',1423,,10609,1,,,0
11019,'1198771',1453,,10610,1,,,0
11019,'1198808',938,,10611,1,,,0
11019,'1198927',1038,,10613,1,,,0
11019,'1198951',1708,,10614,1,,,0
11019,'1198978',1922,,10615,1,,,0
11019,'1199022',1223,,10616,1,,,0
11019,'1199024',2143,,10617,1,,,0
11019,'1199026',2152,,10618,1,,,0
11019,'1199059',1553,,10619,1,,,0
11019,'1199060',1338,,10620,1,,,0
11019,'1199064',1753,,10621,1,,,0
11019,'1199100',2122,,10623,1,,,0
11019,'1199118',1653,,10624,1,,,0
11019,'1199132',638,,10625,1,,,0
11019,'1199143',1723,,10626,1,,,0
11019,'1199154',1408,,10627,1,,,0
11019,'1199177',1638,,10628,1,,,0
11019,'1199180',2043,,10629,1,,,0
11019,'1199214',708,,10630,1,,,0
11019,'1199225',1523,,10631,1,,,0
11019,'1199229',1353,,10633,1,,,0
11019,'1199301',2319,,10635,1,,,0
11019,'1199370',1738,,10637,1,,,0
11019,'1199376',823,,10638,1,,,0
11019,'1199394',843,,10639,1,,,0
11019,'1199403',808,,10640,1,,,0
11019,'1199410',1153,,10641,1,,,0
11019,'1199462',2349,,10642,1,,,0
11019,'1199476',953,,10643,1,,,0
11019,'1199496',1308,,10644,1,,,0
11019,'1199508',1208,,10645,1,,,0
11019,'1199591',1623,,10646,1,,,0
11019,'1199603',1223,,10647,1,,,0
11019,'1199619',1023,,10648,1,,,0
11019,'1199623',1323,,10649,1,,,0
11029,'1199774',1546,,12771,36,4,,0
11029,'1199777',1000,,12772,36,4,,0
11029,'1199778',1346,,12773,36,4,,0
11029,'1199779',2342,,12774,36,4,,0
11029,'1199781',1200,,12776,36,4,,0
11029,'1199782',1701,,12777,36,4,,0
11029,'1199785',1342,,12779,36,4,,0
11029,'1199786',830,,12780,36,4,,0
11029,'1199787',1646,,12781,36,4,,0
11029,'1199788',1616,,12782,36,4,,0
11029,'1199789',1501,,12783,36,4,,0
11029,'1199790',1512,,12784,36,4,,0
11029,'1199791',1142,,12785,36,4,,0
11029,'1199792',1601,,12786,36,4,,0
11029,'1199793',2400,,12787,36,4,,0
11029,'1199794',845,,12788,36,4,,0
11029,'1199795',1516,,12789,36,4,,0
11029,'1199796',1215,,12790,36,4,,0
11029,'1199797',1816,,12791,36,4,,0
11029,'1199799',800,,12792,36,4,,0
11029,'1199800',1731,,12793,36,4,,0
11029,'1199804',945,,12794,36,4,,0
11029,'1199809',1746,,12796,36,4,,0
11029,'1199810',1115,,12797,36,4,,0
11029,'1199811',1100,,12798,36,4,,0
11029,'1199812',1612,,12799,36,4,,0
11029,'1199814',1246,,12801,36,4,,0
11029,'1199815',1642,,12802,36,4,,0
11029,'1199816',1212,,12803,36,4,,0
11029,'1199818',745,,12804,36,4,,0
11029,'1199819',1145,,12805,36,4,,0
11029,'1199820',1801,,12806,36,4,,0
11029,'1199821',1542,,12807,36,4,,0
11029,'1199823',1312,,12808,36,4,,0
11029,'1199825',2042,,12809,36,4,,0
11029,'1199826',2420,,12810,36,4,,0
11029,'1199828',1431,,12811,36,4,,0
11029,'1199830',1331,,12812,36,4,,0
11029,'1199831',2030,,12813,36,4,,0
11029,'1199834',700,,12814,36,4,,0
11029,'1199836',815,,12815,36,4,,0
11029,'1199838',1531,,12816,36,4,,0
11029,'1199843',1401,,12818,36,4,,0
11029,'1199846',1446,,12820,36,4,,0
11029,'1199848',930,,12822,36,4,,0
11029,'1199852',730,,12825,36,4,,0
11029,'1199853',1015,,12826,36,4,,0
11029,'1199854',900,,12827,36,4,,0
11029,'1199856',2142,,12829,36,4,,0
11029,'1199858',1631,,12830,36,4,,0
11029,'1199860',1045,,12831,36,4,,0
11029,'1199862',2000,,12832,36,4,,0
11029,'1199863',842,,12833,36,4,,0
11029,'1199864',1231,,12834,36,4,,0
11029,'1199865',1742,,12835,36,4,,0
11029,'1199866',1242,,12836,36,4,,0
11029,'1199867',2100,,12837,36,4,,0
11029,'1199869',1442,,12838,36,4,,0
11029,'1199871',1412,,12840,36,4,,0
11029,'1199873',2230,,12841,36,4,,0
11029,'1199874',1130,,12842,36,4,,0
11029,'1199875',1030,,12843,36,4,,0
11029,'1199876',715,,12844,36,4,,0
11029,'1199878',1716,,12846,36,4,,0
11029,'1199881',1842,,12847,36,4,,0
11029,'1199882',1930,,12848,36,4,,0
11029,'1199886',1942,,12851,36,4,,0
11029,'1199889',742,,12852,36,4,,0
11029,'1199890',2130,,12853,36,4,,0
11029,'1199891',2242,,12854,36,4,,0
11029,'1199893',1042,,12856,36,4,,0
11029,'1199898',915,,12857,36,4,,0
11029,'1199899',1900,,12858,36,4,,0
11029,'1199902',1830,,12859,36,4,,0
11029,'1199903',942,,12860,36,4,,0
11029,'1199904',1712,,12861,36,4,,0
11029,'1199906',645,,12862,36,4,,0
11029,'1199907',2330,,12863,36,4,,0
11029,'1199910',2300,,12864,36,4,,0
11029,'1199911',2200,,12865,36,4,,0
11029,'1199912',1416,,12866,36,4,,0
11029,'1199913',1301,,12867,36,4,,0
11029,'1199914',1316,,12868,36,4,,0
