26019,'1196833',2205,,11427,7,,,0
26019,'1196844',2251,,11428,7,,,0
26019,'1196949',705,,11429,7,,,0
26019,'1197013',1951,,11430,7,,,0
26019,'1197027',1805,,11431,7,,,0
26019,'1197186',1105,,11432,7,,,0
26019,'1197303',1751,,11433,7,,,0
26019,'1197313',1905,,11434,7,,,0
26019,'1197393',1305,,11435,7,,,0
26019,'1197399',1005,,11436,7,,,0
26019,'1197400',1035,,11437,7,,,0
26019,'1197410',1151,,11438,7,,,0
26019,'1197475',1551,,11439,7,,,0
26019,'1197528',2005,,11440,7,,,0
26019,'1197539',851,,11441,7,,,0
26019,'1197549',2105,,11442,7,,,0
26019,'1197586',1705,,11443,7,,,0
26019,'1197594',1435,,11444,7,,,0
26019,'1197600',1351,,11445,7,,,0
26019,'1197749',751,,11446,7,,,0
26019,'1197787',1235,,11447,7,,,0
26019,'1197806',905,,11448,7,,,0
26019,'1197817',1405,,11449,7,,,0
26019,'1197995',1605,,11450,7,,,0
26019,'1198158',1251,,11451,7,,,0
26019,'1198274',1135,,11452,7,,,0
26019,'1198317',1451,,11453,7,,,0
26019,'1198334',1505,,11454,7,,,0
26019,'1198448',605,,11455,7,,,0
26019,'1198587',2305,,11456,7,,,0
26019,'1198626',805,,11457,7,,,0
26019,'1198633',905,,11458,7,,,0
26019,'1198635',705,,11459,7,,,0
26019,'1198640',2105,,11460,7,,,0
26019,'1198642',951,,11461,7,,,0
26019,'1198658',1051,,11462,7,,,0
26019,'1198670',1805,,11463,7,,,0
26019,'1198825',1505,,11464,7,,,0
26019,'1198834',1605,,11465,7,,,0
26019,'1198899',2005,,11466,7,,,0
26019,'1198969',1205,,11467,7,,,0
26019,'1199019',1651,,11468,7,,,0
26019,'1199155',805,,11469,7,,,0
26019,'1199246',1005,,11470,7,,,0
26019,'1199249',1335,,11471,7,,,0
26019,'1199290',605,,11472,7,,,0
26019,'1199307',2151,,11473,7,,,0
26019,'1199310',1705,,11474,7,,,0
26019,'1199313',2305,,11475,7,,,0
26019,'1199493',1905,,11476,7,,,0
26019,'1199515',1851,,11477,7,,,0
26019,'1199654',2205,,11478,7,,,0
26019,'1199656',2051,,11479,7,,,0
