3029,'1196871',649,,10230,25,,,0
3029,'1196875',2400,,10231,25,,,0
3029,'1196902',1550,,10232,25,,,0
3029,'1196918',1150,,10233,25,,,0
3029,'1196929',800,,10234,25,,,0
3029,'1197004',2148,,10235,25,,,0
3029,'1197012',1450,,10236,25,,,0
3029,'1197066',1900,,10237,25,,,0
3029,'1197101',1320,,10238,25,,,0
3029,'1197253',1600,,10239,25,,,0
3029,'1197290',819,,10240,25,,,0
3029,'1197380',2200,,10241,25,,,0
3029,'1197402',1620,,10242,25,,,0
3029,'1197413',2048,,10243,25,,,0
3029,'1197417',1100,,10244,25,,,0
3029,'1197427',2217,,10245,25,,,0
3029,'1197507',2348,,10246,25,,,0
3029,'1197510',1820,,10247,25,,,0
3029,'1197558',1019,,10248,25,,,0
3029,'1197601',949,,10249,25,,,0
3029,'1197654',1200,,10250,25,,,0
3029,'1197697',1220,,10251,25,,,0
3029,'1197823',1250,,10252,25,,,0
3029,'1197828',1420,,10253,25,,,0
3029,'1197856',1650,,10254,25,,,0
3029,'1197870',1350,,10255,25,,,0
3029,'1197895',2117,,10256,25,,,0
3029,'1197903',1948,,10257,25,,,0
3029,'1197920',1300,,10258,25,,,0
3029,'1197958',2248,,10259,25,,,0
3029,'1197998',2147,,10260,25,,,0
3029,'1198039',1700,,10261,25,,,0
3029,'1198070',1750,,10262,25,,,0
3029,'1198115',1000,,10263,25,,,0
3029,'1198165',1800,,10264,25,,,0
3029,'1198246',1550,,10265,25,,,0
3029,'1198281',1750,,10266,25,,,0
3029,'1198295',748,,10267,25,,,0
3029,'1198310',2247,,10268,25,,,0
3029,'1198321',1049,,10269,25,,,0
3029,'1198363',1250,,10270,25,,,0
3029,'1198395',749,,10271,25,,,0
3029,'1198434',1520,,10272,25,,,0
3029,'1198445',1150,,10273,25,,,0
3029,'1198462',2047,,10274,25,,,0
3029,'1198484',2300,,10275,25,,,0
3029,'1198500',1720,,10276,25,,,0
3029,'1198518',948,,10277,25,,,0
3029,'1198562',1400,,10278,25,,,0
3029,'1198577',1450,,10279,25,,,0
3029,'1198614',648,,10280,25,,,0
3029,'1198734',1847,,10281,25,,,0
3029,'1198836',849,,10282,25,,,0
3029,'1198936',1500,,10283,25,,,0
3029,'1198983',2100,,10284,25,,,0
3029,'1199061',848,,10285,25,,,0
3029,'1199094',1947,,10286,25,,,0
3029,'1199112',2344,,10287,25,,,0
3029,'1199231',2000,,10288,25,,,0
3029,'1199421',1650,,10289,25,,,0
3029,'1199431',1048,,10290,25,,,0
3029,'1199453',1848,,10291,25,,,0
3029,'1199460',1350,,10292,25,,,0
3029,'1199521',919,,10293,25,,,0
3029,'1199533',1917,,10294,25,,,0
3029,'1199547',719,,10295,25,,,0
3029,'1199601',1119,,10296,25,,,0
3029,'1199629',900,,10297,25,,,0
3029,'1199646',2017,,10298,25,,,0
