10019,'1196894',2044,,10329,4,,,0
10019,'1196915',1644,,10330,4,,,0
10019,'1196923',1044,,10331,4,,,0
10019,'1197054',2214,,10332,4,,,0
10019,'1197091',1444,,10333,4,,,0
10019,'1197121',1044,,10334,4,,,0
10019,'1197207',944,,10335,4,,,0
10019,'1197335',814,,10336,4,,,0
10019,'1197345',2114,,10337,4,,,0
10019,'1197397',1444,,10338,4,,,0
10019,'1197418',2344,,10339,4,,,0
10019,'1197505',1544,,10340,4,,,0
10019,'1197587',914,,10341,4,,,0
10019,'1197595',1044,,10342,4,,,0
10019,'1197737',1344,,10343,4,,,0
10019,'1197756',1844,,10344,4,,,0
10019,'1197759',1514,,10345,4,,,0
10019,'1197766',2244,,10346,4,,,0
10019,'1197915',1944,,10347,4,,,0
10019,'1197927',744,,10348,4,,,0
10019,'1197935',644,,10349,4,,,0
10019,'1197985',944,,10350,4,,,0
10019,'1198010',1814,,10351,4,,,0
10019,'1198016',1944,,10352,4,,,0
10019,'1198164',644,,10353,4,,,0
10019,'1198167',1544,,10354,4,,,0
10019,'1198226',1344,,10355,4,,,0
10019,'1198257',1444,,10356,4,,,0
10019,'1198280',2314,,10357,4,,,0
10019,'1198300',1544,,10358,4,,,0
10019,'1198361',2144,,10359,4,,,0
10019,'1198366',844,,10360,4,,,0
10019,'1198390',1844,,10361,4,,,0
10019,'1198410',1744,,10362,4,,,0
10019,'1198440',744,,10363,4,,,0
10019,'1198475',1144,,10364,4,,,0
10019,'1198480',2144,,10365,4,,,0
10019,'1198509',615,,10366,4,,,0
10019,'1198520',1244,,10367,4,,,0
10019,'1198542',2344,,10368,4,,,0
10019,'1198583',2244,,10369,4,,,0
10019,'1198726',1914,,10370,4,,,0
10019,'1198809',844,,10371,4,,,0
10019,'1198815',1644,,10372,4,,,0
10019,'1198881',1614,,10373,4,,,0
10019,'1198903',844,,10374,4,,,0
10019,'1198955',1144,,10375,4,,,0
10019,'1198962',1644,,10376,4,,,0
10019,'1198993',1144,,10377,4,,,0
10019,'1199007',2044,,10378,4,,,0
10019,'1199032',1344,,10379,4,,,0
10019,'1199053',1744,,10380,4,,,0
10019,'1199056',1744,,10381,4,,,0
10019,'1199257',1714,,10382,4,,,0
10019,'1199300',1244,,10383,4,,,0
10019,'1199321',944,,10384,4,,,0
10019,'1199323',2014,,10385,4,,,0
10019,'1199353',1244,,10386,4,,,0
10019,'1199424',714,,10387,4,,,0
10019,'1199598',744,,10388,4,,,0
103029,'1196853',1441,,11989,10,,,0
103029,'1196867',1311,,11990,10,,,0
103029,'1196892',1741,,11991,10,,,0
103029,'1196973',1733,,11992,10,,,0
103029,'1197031',1405,,11993,10,,,0
103029,'1197085',2041,,11994,10,,,0
103029,'1197108',1911,,11995,10,,,0
103029,'1197233',1002,,11996,10,,,0
103029,'1197315',1235,,11997,10,,,0
103029,'1197321',1105,,11998,10,,,0
103029,'1197346',1433,,11999,10,,,0
103029,'1197499',1834,,12000,10,,,0
103029,'1197743',805,,12001,10,,,0
103029,'1197784',935,,12002,10,,,0
103029,'1197852',1303,,12003,10,,,0
103029,'1198282',1133,,12004,10,,,0
103029,'1198444',1535,,12005,10,,,0
103029,'1198568',702,,12006,10,,,0
103029,'1198723',2004,,12007,10,,,0
103029,'1198855',832,,12008,10,,,0
103029,'1198880',1518,,12009,10,,,0
103029,'1198882',635,,12010,10,,,0
103029,'1198911',2134,,12011,10,,,0
103029,'1198914',1648,,12012,10,,,0
103029,'1198921',841,,12013,10,,,0
103029,'1198928',747,,12014,10,,,0
103029,'1198990',917,,12015,10,,,0
103029,'1199021',1611,,12016,10,,,0
103029,'1199109',2304,,12017,10,,,0
103029,'1199145',2211,,12018,10,,,0
103029,'1199146',1141,,12019,10,,,0
103029,'1199172',2202,,12020,10,,,0
103029,'1199215',2332,,12021,10,,,0
103029,'1199475',1902,,12022,10,,,0
103029,'1199565',1011,,12023,10,,,0
103029,'1199579',1603,,12024,10,,,0
103029,'1199581',2032,,12025,10,,,0
103029,'1199593',1705,,12026,10,,,0
