12019,'1196839',2119,,10650,5,,,0
12019,'1196874',1119,,10651,5,,,0
12019,'1196885',1619,,10652,5,,,0
12019,'1196887',1549,,10653,5,,,0
12019,'1196940',1319,,10654,5,,,0
12019,'1196983',1919,,10655,5,,,0
12019,'1197026',2219,,10656,5,,,0
12019,'1197080',1819,,10657,5,,,0
12019,'1197104',1849,,10658,5,,,0
12019,'1197223',1749,,10659,5,,,0
12019,'1197306',1149,,10660,5,,,0
12019,'1197322',749,,10661,5,,,0
12019,'1197334',1619,,10662,5,,,0
12019,'1197339',1749,,10663,5,,,0
12019,'1197433',949,,10664,5,,,0
12019,'1197490',1649,,10665,5,,,0
12019,'1197525',1549,,10666,5,,,0
12019,'1197602',849,,10667,5,,,0
12019,'1197615',1219,,10668,5,,,0
12019,'1197664',1749,,10669,5,,,0
12019,'1197701',2349,,10670,5,,,0
12019,'1197765',2349,,10671,5,,,0
12019,'1197813',1049,,10672,5,,,0
12019,'1197824',1249,,10673,5,,,0
12019,'1197891',2049,,10674,5,,,0
12019,'1197911',1949,,10675,5,,,0
12019,'1197945',1849,,10676,5,,,0
12019,'1197989',1449,,10677,5,,,0
12019,'1197991',1149,,10678,5,,,0
12019,'1198031',649,,10679,5,,,0
12019,'1198072',1349,,10680,5,,,0
12019,'1198097',1549,,10681,5,,,0
12019,'1198121',1649,,10682,5,,,0
12019,'1198127',1049,,10683,5,,,0
12019,'1198171',2149,,10684,5,,,0
12019,'1198224',2249,,10685,5,,,0
12019,'1198250',1319,,10686,5,,,0
12019,'1198260',1419,,10687,5,,,0
12019,'1198263',919,,10688,5,,,0
12019,'1198283',1519,,10689,5,,,0
12019,'1198358',1449,,10690,5,,,0
12019,'1198421',849,,10691,5,,,0
12019,'1198427',1219,,10692,5,,,0
12019,'1198442',1719,,10693,5,,,0
12019,'1198497',2149,,10694,5,,,0
12019,'1198582',849,,10695,5,,,0
12019,'1198588',619,,10696,5,,,0
12019,'1198592',1719,,10697,5,,,0
12019,'1198618',1049,,10698,5,,,0
12019,'1198712',1149,,10699,5,,,0
12019,'1198727',1349,,10700,5,,,0
12019,'1198773',1349,,10701,5,,,0
12019,'1198774',1119,,10702,5,,,0
12019,'1198819',2319,,10703,5,,,0
12019,'1198842',949,,10704,5,,,0
12019,'1198884',1949,,10705,5,,,0
12019,'1198912',749,,10706,5,,,0
12019,'1198945',949,,10707,5,,,0
12019,'1199167',719,,10708,5,,,0
12019,'1199197',2049,,10709,5,,,0
12019,'1199223',1249,,10710,5,,,0
12019,'1199224',651,,10711,5,,,0
12019,'1199251',1019,,10712,5,,,0
12019,'1199291',1519,,10713,5,,,0
12019,'1199315',1249,,10714,5,,,0
12019,'1199416',2249,,10715,5,,,0
12019,'1199495',1419,,10716,5,,,0
12019,'1199513',819,,10717,5,,,0
12019,'1199578',1449,,10718,5,,,0
12019,'1199610',2019,,10719,5,,,0
12019,'1199616',749,,10720,5,,,0
12019,'1199625',1649,,10721,5,,,0
