28019,'1196931',2338,,11637,11,,,0
28019,'1196961',958,,11638,11,,,0
28019,'1197034',1138,,11640,11,,,0
28019,'1197242',1538,,11643,11,,,0
28019,'1197295',1358,,11645,11,,,0
28019,'1197458',1938,,11648,11,,,0
28019,'1197551',858,,11651,11,,,0
28019,'1197718',2138,,11653,11,,,0
28019,'1197726',1758,,11654,11,,,0
28019,'1197861',1838,,11656,11,,,0
28019,'1197862',1238,,11657,11,,,0
28019,'1198022',658,,11658,11,,,0
28019,'1198061',2058,,11659,11,,,0
28019,'1198096',1438,,11660,11,,,0
28019,'1198110',1158,,11661,11,,,0
28019,'1198319',1958,,11662,11,,,0
28019,'1198329',1638,,11663,11,,,0
28019,'1198345',1458,,11665,11,,,0
28019,'1198414',1058,,11666,11,,,0
28019,'1198454',1038,,11667,11,,,0
28019,'1198522',1558,,11668,11,,,0
28019,'1198672',938,,11670,11,,,0
28019,'1198739',2158,,11671,11,,,0
28019,'1198919',738,,11676,11,,,0
28019,'1198968',1258,,11678,11,,,0
28019,'1199033',2358,,11679,11,,,0
28019,'1199206',2038,,11682,11,,,0
28019,'1199243',2258,,11683,11,,,0
28019,'1199296',1858,,11684,11,,,0
28019,'1199344',1738,,11686,11,,,0
28019,'1199417',1658,,11688,11,,,0
28019,'1199450',838,,11690,11,,,0
28019,'1199529',1338,,11691,11,,,0
28019,'1199584',758,,11694,11,,,0
28019,'1199602',2238,,11695,11,,,0
28019,'1199775',1743,,12871,11,,,0
28019,'1199776',1713,,12872,11,,,0
28019,'1199784',1813,,12873,11,,,0
28019,'1199803',713,,12874,11,,,0
28019,'1199807',2013,,12875,11,,,0
28019,'1199817',2213,,12876,11,,,0
28019,'1199832',2313,,12877,11,,,0
28019,'1199835',1513,,12878,11,,,0
28019,'1199837',1643,,12879,11,,,0
28019,'1199842',1843,,12880,11,,,0
28019,'1199845',913,,12881,11,,,0
28019,'1199851',813,,12882,11,,,0
28019,'1199859',1913,,12883,11,,,0
28019,'1199861',843,,12884,11,,,0
28019,'1199868',1417,,12885,11,,,0
28019,'1199872',643,,12886,11,,,0
28019,'1199880',1313,,12887,11,,,0
28019,'1199885',743,,12888,11,,,0
28019,'1199887',1213,,12889,11,,,0
28019,'1199894',1613,,12890,11,,,0
28019,'1199897',613,,12891,11,,,0
28019,'1199900',2113,,12892,11,,,0
28019,'1199908',1013,,12893,11,,,0
28019,'1199917',1113,,12894,11,,,0
