104029,'1196835',2004,,12074,26,,,0
104029,'1196857',804,,12075,26,,,0
104029,'1196889',804,,12076,26,,,0
104029,'1196928',1749,,12077,26,,,0
104029,'1197002',649,,12078,26,,,0
104029,'1197045',1545,,12079,26,,,0
104029,'1197133',834,,12080,26,,,0
104029,'1197341',1245,,12081,26,,,0
104029,'1197454',1804,,12082,26,,,0
104029,'1197461',719,,12083,26,,,0
104029,'1197467',2204,,12084,26,,,0
104029,'1197481',604,,12085,26,,,0
104029,'1197553',2134,,12086,26,,,0
104029,'1197574',919,,12087,26,,,0
104029,'1197583',2149,,12088,26,,,0
104029,'1197794',1804,,12089,26,,,0
104029,'1197965',1404,,12090,26,,,0
104029,'1197979',1534,,12091,26,,,0
104029,'1198234',1034,,12092,26,,,0
104029,'1198287',1630,,12093,26,,,0
104029,'1198288',1200,,12094,26,,,0
104029,'1198449',1304,,12095,26,,,0
104029,'1198458',1919,,12096,26,,,0
104029,'1198510',949,,12097,26,,,0
104029,'1198521',804,,12098,26,,,0
104029,'1198558',1649,,12099,26,,,0
104029,'1198578',1715,,12100,26,,,0
104029,'1198686',1415,,12101,26,,,0
104029,'1198694',1500,,12102,26,,,0
104029,'1198755',1004,,12103,26,,,0
104029,'1198909',1204,,12104,26,,,0
104029,'1198979',1149,,12105,26,,,0
104029,'1199045',2304,,12106,26,,,0
104029,'1199127',2304,,12107,26,,,0
104029,'1199159',1330,,12108,26,,,0
104029,'1199181',919,,12109,26,,,0
104029,'1199193',1604,,12110,26,,,0
104029,'1199356',1419,,12111,26,,,0
104029,'1199360',2034,,12112,26,,,0
104029,'1199374',649,,12113,26,,,0
104029,'1199380',1034,,12114,26,,,0
104029,'1199442',1834,,12115,26,,,0
104029,'1199577',2004,,12116,26,,,0
