4019,'1197123',716,,10299,18,,,0
4019,'1197392',1515,,10300,18,,,0
4019,'1197520',916,,10301,18,,,0
4019,'1197788',1545,,10302,18,,,0
4019,'1197874',1345,,10303,18,,,0
4019,'1198006',846,,10304,18,,,0
4019,'1198332',1745,,10305,18,,,0
4019,'1198394',1445,,10306,18,,,0
4019,'1198409',816,,10307,18,,,0
4019,'1198799',1415,,10308,18,,,0
4019,'1198924',1715,,10309,18,,,0
4019,'1199002',945,,10310,18,,,0
4019,'1199239',1615,,10311,18,,,0
4019,'1199517',747,,10312,18,,,0
4019,'1199645',1645,,10313,18,,,0
