13019,'1196852',1325,,10793,13,,,0
13019,'1196856',1724,,10794,13,,,0
13019,'1196999',924,,10796,13,,,0
13019,'1197035',624,,10797,13,,,0
13019,'1197132',1455,,10798,13,,,0
13019,'1197251',1555,,10799,13,,,0
13019,'1197279',725,,10800,13,,,0
13019,'1197353',2254,,10801,13,,,0
13019,'1197357',1825,,10802,13,,,0
13019,'1197451',2224,,10803,13,,,0
13019,'1197487',824,,10804,13,,,0
13019,'1197555',1625,,10805,13,,,0
13019,'1197570',925,,10806,13,,,0
13019,'1197575',1625,,10807,13,,,0
13019,'1197641',2025,,10808,13,,,0
13019,'1197645',1655,,10809,13,,,0
13019,'1197648',654,,10810,13,,,0
13019,'1197690',1624,,10811,13,,,0
13019,'1197692',1725,,10812,13,,,0
13019,'1197730',1425,,10813,13,,,0
13019,'1197762',2359,,10814,13,,,0
13019,'1197803',724,,10815,13,,,0
13019,'1197834',1224,,10816,13,,,0
13019,'1197854',2024,,10817,13,,,0
13019,'1197962',1324,,10818,13,,,0
13019,'1197975',1025,,10819,13,,,0
13019,'1198041',1124,,10820,13,,,0
13019,'1198094',1754,,10821,13,,,0
13019,'1198160',824,,10822,13,,,0
13019,'1198201',1225,,10823,13,,,0
13019,'1198243',1824,,10824,13,,,0
13019,'1198290',2154,,10825,13,,,0
13019,'1198352',724,,10826,13,,,0
13019,'1198355',1854,,10827,13,,,0
13019,'1198382',754,,10828,13,,,0
13019,'1198402',2225,,10829,13,,,0
13019,'1198552',2125,,10830,13,,,0
13019,'1198554',1924,,10831,13,,,0
13019,'1198602',1125,,10832,13,,,0
13019,'1198611',1954,,10833,13,,,0
13019,'1198630',1525,,10834,13,,,0
13019,'1198675',1225,,10835,13,,,0
13019,'1198716',1024,,10837,13,,,0
13019,'1198729',954,,10838,13,,,0
13019,'1198761',1325,,10839,13,,,0
13019,'1198778',924,,10840,13,,,0
13019,'1198837',2325,,10841,13,,,0
13019,'1198874',1125,,10842,13,,,0
13019,'1198888',854,,10843,13,,,0
13019,'1199044',825,,10844,13,,,0
13019,'1199123',1025,,10845,13,,,0
13019,'1199151',1425,,10846,13,,,0
13019,'1199233',1424,,10847,13,,,0
13019,'1199276',1524,,10848,13,,,0
13019,'1199284',2054,,10849,13,,,0
13019,'1199418',1925,,10850,13,,,0
13019,'1199448',1725,,10851,13,,,0
13019,'1199536',2124,,10852,13,,,0
13019,'1199588',2324,,10853,13,,,0
13019,'1199631',1525,,10854,13,,,0
101029,'1196911',738,,11834,13,,,0
101029,'1197033',1823,,11835,13,,,0
101029,'1197060',838,,11836,13,,,0
101029,'1197096',1023,,11837,13,,,0
101029,'1197257',1038,,11838,13,,,0
101029,'1197272',1223,,11839,13,,,0
101029,'1197326',1540,,11840,13,,,0
101029,'1197581',2023,,11841,13,,,0
101029,'1197673',1423,,11842,13,,,0
101029,'1197747',2138,,11843,13,,,0
101029,'1197977',1623,,11844,13,,,0
101029,'1198059',623,,11845,13,,,0
101029,'1198116',1023,,11846,13,,,0
101029,'1198125',823,,11847,13,,,0
101029,'1198200',1223,,11848,13,,,0
101029,'1198251',938,,11849,13,,,0
101029,'1198346',823,,11850,13,,,0
101029,'1198498',2223,,11851,13,,,0
101029,'1198530',2223,,11852,13,,,0
101029,'1198631',1640,,11853,13,,,0
101029,'1198644',2358,,11854,13,,,0
101029,'1198710',1623,,11855,13,,,0
101029,'1198715',1738,,11856,13,,,0
101029,'1198953',2023,,11857,13,,,0
101029,'1198984',1340,,11858,13,,,0
101029,'1199108',1240,,11859,13,,,0
101029,'1199117',638,,11860,13,,,0
101029,'1199304',1823,,11861,13,,,0
101029,'1199366',1423,,11862,13,,,0
101029,'1199567',1938,,11863,13,,,0
101029,'1199585',1440,,11864,13,,,0
