101029,'1196911',739,,11834,14,,,0
101029,'1197033',1823,,11835,14,,,0
101029,'1197060',839,,11836,14,,,0
101029,'1197096',1023,,11837,14,,,0
101029,'1197257',1039,,11838,14,,,0
101029,'1197272',1224,,11839,14,,,0
101029,'1197326',1541,,11840,14,,,0
101029,'1197581',2023,,11841,14,,,0
101029,'1197673',1424,,11842,14,,,0
101029,'1197747',2139,,11843,14,,,0
101029,'1197977',1624,,11844,14,,,0
101029,'1198059',624,,11845,14,,,0
101029,'1198116',1024,,11846,14,,,0
101029,'1198125',824,,11847,14,,,0
101029,'1198200',1223,,11848,14,,,0
101029,'1198251',939,,11849,14,,,0
101029,'1198346',823,,11850,14,,,0
101029,'1198498',2223,,11851,14,,,0
101029,'1198530',2224,,11852,14,,,0
101029,'1198631',1641,,11853,14,,,0
101029,'1198644',2359,,11854,14,,,0
101029,'1198710',1623,,11855,14,,,0
101029,'1198715',1739,,11856,14,,,0
101029,'1198953',2024,,11857,14,,,0
101029,'1198984',1341,,11858,14,,,0
101029,'1199108',1241,,11859,14,,,0
101029,'1199117',639,,11860,14,,,0
101029,'1199304',1824,,11861,14,,,0
101029,'1199366',1423,,11862,14,,,0
101029,'1199567',1939,,11863,14,,,0
101029,'1199585',1441,,11864,14,,,0
