3019,'1196834',1816,,10159,24,,,0
3019,'1196848',2116,,10160,24,,,0
3019,'1196854',716,,10161,24,,,0
3019,'1196968',1231,,10162,24,,,0
3019,'1196971',2016,,10163,24,,,0
3019,'1197069',717,,10164,24,,,0
3019,'1197076',2146,,10165,24,,,0
3019,'1197107',1247,,10166,24,,,0
3019,'1197120',2416,,10167,24,,,0
3019,'1197318',2216,,10168,24,,,0
3019,'1197369',2331,,10169,24,,,0
3019,'1197372',2231,,10170,24,,,0
3019,'1197378',916,,10171,24,,,0
3019,'1197462',917,,10172,24,,,0
3019,'1197478',1617,,10173,24,,,0
3019,'1197537',931,,10174,24,,,0
3019,'1197572',1347,,10175,24,,,0
3019,'1197590',847,,10176,24,,,0
3019,'1197618',1717,,10177,24,,,0
3019,'1197731',2016,,10179,24,,,0
3019,'1197748',1017,,10180,24,,,0
3019,'1197755',1047,,10181,24,,,0
3019,'1197810',1447,,10182,24,,,0
3019,'1197819',1916,,10183,24,,,0
3019,'1197850',1547,,10184,24,,,0
3019,'1197851',947,,10185,24,,,0
3019,'1197897',1117,,10186,24,,,0
3019,'1197923',1217,,10187,24,,,0
3019,'1197941',1517,,10188,24,,,0
3019,'1198025',1617,,10189,24,,,0
3019,'1198093',1846,,10190,24,,,0
3019,'1198098',1147,,10191,24,,,0
3019,'1198111',1016,,10192,24,,,0
3019,'1198119',1531,,10193,24,,,0
3019,'1198124',1417,,10194,24,,,0
3019,'1198153',1916,,10195,24,,,0
3019,'1198229',1517,,10196,24,,,0
3019,'1198237',1647,,10197,24,,,0
3019,'1198265',2116,,10198,24,,,0
3019,'1198278',1946,,10199,24,,,0
3019,'1198430',1631,,10200,24,,,0
3019,'1198432',1816,,10201,24,,,0
3019,'1198501',1717,,10202,24,,,0
3019,'1198514',647,,10203,24,,,0
3019,'1198654',1731,,10204,24,,,0
3019,'1198677',831,,10205,24,,,0
3019,'1198680',817,,10206,24,,,0
3019,'1198689',2406,,10207,24,,,0
3019,'1198691',1747,,10208,24,,,0
3019,'1198742',2216,,10209,24,,,0
3019,'1198777',1417,,10210,24,,,0
3019,'1198788',731,,10211,24,,,0
3019,'1198845',1031,,10212,24,,,0
3019,'1198989',2131,,10213,24,,,0
3019,'1198991',1831,,10214,24,,,0
3019,'1199009',1331,,10215,24,,,0
3019,'1199035',1217,,10216,24,,,0
3019,'1199052',2031,,10217,24,,,0
3019,'1199066',1131,,10218,24,,,0
3019,'1199133',1317,,10219,24,,,0
3019,'1199262',2316,,10220,24,,,0
3019,'1199277',747,,10221,24,,,0
3019,'1199346',1317,,10222,24,,,0
3019,'1199408',2046,,10223,24,,,0
3019,'1199412',1431,,10224,24,,,0
3019,'1199440',2316,,10225,24,,,0
3019,'1199509',816,,10226,24,,,0
3019,'1199600',1931,,10228,24,,,0
3019,'1199612',1117,,10229,24,,,0
4019,'1197123',708,,10299,12,,,0
4019,'1197392',1508,,10300,12,,,0
4019,'1197520',908,,10301,12,,,0
4019,'1197788',1538,,10302,12,,,0
4019,'1197874',1338,,10303,12,,,0
4019,'1198006',838,,10304,12,,,0
4019,'1198332',1738,,10305,12,,,0
4019,'1198394',1438,,10306,12,,,0
4019,'1198409',808,,10307,12,,,0
4019,'1198799',1408,,10308,12,,,0
4019,'1198924',1708,,10309,12,,,0
4019,'1199002',938,,10310,12,,,0
4019,'1199239',1608,,10311,12,,,0
4019,'1199517',739,,10312,12,,,0
4019,'1199645',1638,,10313,12,,,0
190001019,'1196837',1345,,12495,12,,,0
190001019,'1196862',1637,,12496,12,,,0
190001019,'1196877',1859,,12497,12,,,0
190001019,'1196883',1230,,12498,12,,,0
190001019,'1196901',628,,12499,12,,,0
190001019,'1196926',814,,12500,12,,,0
190001019,'1196927',1929,,12501,12,,,0
190001019,'1196941',2002,,12502,12,,,0
190001019,'1196956',1300,,12503,12,,,0
190001019,'1196974',1245,,12504,12,,,0
190001019,'1197019',1422,,12505,12,,,0
190001019,'1197037',1737,,12506,12,,,0
190001019,'1197055',1914,,12507,12,,,0
190001019,'1197061',1402,,12508,12,,,0
190001019,'1197062',1515,,12509,12,,,0
190001019,'1197067',1752,,12510,12,,,0
190001019,'1197087',1100,,12511,12,,,0
190001019,'1197116',728,,12512,12,,,0
190001019,'1197124',2328,,12513,12,,,0
190001019,'1197149',1215,,12514,12,,,0
190001019,'1197157',944,,12515,12,,,0
190001019,'1197183',2158,,12516,12,,,0
190001019,'1197196',1630,,12517,12,,,0
190001019,'1197239',1400,,12518,12,,,0
190001019,'1197241',929,,12519,12,,,0
190001019,'1197275',902,,12520,12,,,0
190001019,'1197336',1815,,12521,12,,,0
190001019,'1197358',1102,,12522,12,,,0
190001019,'1197359',829,,12523,12,,,0
190001019,'1197381',1715,,12524,12,,,0
190001019,'1197382',1702,,12525,12,,,0
190001019,'1197450',1759,,12526,12,,,0
190001019,'1197483',1115,,12527,12,,,0
190001019,'1197488',1430,,12528,12,,,0
190001019,'1197500',859,,12529,12,,,0
190001019,'1197524',928,,12530,12,,,0
190001019,'1197530',1615,,12531,12,,,0
190001019,'1197543',1602,,12532,12,,,0
190001019,'1197562',1959,,12533,12,,,0
190001019,'1197598',1452,,12534,12,,,0
190001019,'1197653',1030,,12535,12,,,0
190001019,'1197698',1013,,12536,12,,,0
190001019,'1197706',1002,,12537,12,,,0
190001019,'1197709',1115,,12538,12,,,0
190001019,'1197713',1800,,12539,12,,,0
190001019,'1197736',1345,,12540,12,,,0
190001019,'1197746',914,,12541,12,,,0
190001019,'1197811',1843,,12542,12,,,0
190001019,'1197845',1400,,12543,12,,,0
190001019,'1197867',2228,,12544,12,,,0
190001019,'1197877',1100,,12545,12,,,0
190001019,'1197919',1045,,12546,12,,,0
190001019,'1197924',1944,,12547,12,,,0
190001019,'1197933',1745,,12548,12,,,0
190001019,'1197942',1828,,12549,12,,,0
190001019,'1197950',1437,,12550,12,,,0
190001019,'1197953',1030,,12551,12,,,0
190001019,'1197956',1315,,12552,12,,,0
190001019,'1198005',1730,,12553,12,,,0
190001019,'1198015',2402,,12554,12,,,0
190001019,'1198030',2102,,12555,12,,,0
190001019,'1198047',1502,,12556,12,,,0
190001019,'1198065',2058,,12557,12,,,0
190001019,'1198066',659,,12558,12,,,0
190001019,'1198075',2158,,12559,12,,,0
190001019,'1198104',958,,12560,12,,,0
190001019,'1198135',2014,,12561,12,,,0
190001019,'1198157',2258,,12562,12,,,0
190001019,'1198172',1802,,12563,12,,,0
190001019,'1198202',1145,,12564,12,,,0
190001019,'1198216',1230,,12565,12,,,0
190001019,'1198221',2143,,12566,12,,,0
190001019,'1198238',759,,12567,12,,,0
190001019,'1198255',644,,12568,12,,,0
190001019,'1198261',1844,,12569,12,,,0
190001019,'1198292',1145,,12570,12,,,0
190001019,'1198298',1700,,12571,12,,,0
190001019,'1198311',1607,,12572,12,,,0
190001019,'1198339',1928,,12573,12,,,0
190001019,'1198343',1507,,12574,12,,,0
190001019,'1198372',802,,12575,12,,,0
190001019,'1198396',1722,,12576,12,,,0
190001019,'1198407',1200,,12577,12,,,0
190001019,'1198441',1622,,12578,12,,,0
190001019,'1198467',1829,,12579,12,,,0
190001019,'1198471',1545,,12580,12,,,0
190001019,'1198476',1302,,12581,12,,,0
190001019,'1198499',2302,,12582,12,,,0
190001019,'1198534',2358,,12583,12,,,0
190001019,'1198547',1014,,12584,12,,,0
190001019,'1198574',1530,,12585,12,,,0
190001019,'1198598',828,,12586,12,,,0
190001019,'1198607',858,,12587,12,,,0
190001019,'1198613',2228,,12588,12,,,0
190001019,'1198622',1958,,12589,12,,,0
190001019,'1198646',2114,,12590,12,,,0
190001019,'1198647',658,,12591,12,,,0
190001019,'1198653',2059,,12592,12,,,0
190001019,'1198674',1200,,12593,12,,,0
190001019,'1198678',2044,,12594,12,,,0
190001019,'1198685',2029,,12595,12,,,0
190001019,'1198700',1130,,12596,12,,,0
190001019,'1198707',1415,,12597,12,,,0
190001019,'1198721',1045,,12598,12,,,0
190001019,'1198724',1537,,12599,12,,,0
190001019,'1198784',1215,,12600,12,,,0
190001019,'1198792',1858,,12601,12,,,0
190001019,'1198804',1202,,12602,12,,,0
190001019,'1198821',714,,12603,12,,,0
190001019,'1198827',2128,,12604,12,,,0
190001019,'1198852',2202,,12605,12,,,0
190001019,'1198857',1645,,12606,12,,,0
190001019,'1198864',1814,,12607,12,,,0
190001019,'1198929',1600,,12608,12,,,0
190001019,'1198949',1245,,12609,12,,,0
190001019,'1198960',1902,,12610,12,,,0
190001019,'1198974',1300,,12611,12,,,0
190001019,'1198988',1330,,12612,12,,,0
190001019,'1198997',1445,,12613,12,,,0
190001019,'1199029',2258,,12614,12,,,0
190001019,'1199121',1652,,12615,12,,,0
190001019,'1199126',1330,,12616,12,,,0
190001019,'1199140',2418,,12617,12,,,0
190001019,'1199142',1130,,12618,12,,,0
190001019,'1199166',758,,12619,12,,,0
190001019,'1199192',2028,,12620,12,,,0
190001019,'1199228',744,,12621,12,,,0
190001019,'1199318',1522,,12622,12,,,0
190001019,'1199339',1707,,12623,12,,,0
190001019,'1199371',729,,12624,12,,,0
190001019,'1199373',844,,12625,12,,,0
190001019,'1199385',1315,,12626,12,,,0
190001019,'1199427',1500,,12627,12,,,0
190001019,'1199436',1552,,12628,12,,,0
190001019,'1199510',2328,,12629,12,,,0
190001019,'1199550',2358,,12630,12,,,0
190001019,'1199551',2128,,12631,12,,,0
190001019,'1199648',959,,12632,12,,,0
190001029,'1196847',1107,,12633,8,,,0
190001029,'1196850',1321,,12634,8,,,0
190001029,'1196860',1752,,12635,8,,,0
190001029,'1196897',1638,,12636,8,,,0
190001029,'1196906',1737,,12637,8,,,0
190001029,'1196908',1352,,12638,8,,,0
190001029,'1196953',1207,,12639,8,,,0
190001029,'1196957',1237,,12640,8,,,0
190001029,'1196963',1622,,12641,8,,,0
190001029,'1197018',1353,,12642,8,,,0
190001029,'1197048',2357,,12643,8,,,0
190001029,'1197052',1737,,12644,8,,,0
190001029,'1197074',1308,,12645,8,,,0
190001029,'1197089',1822,,12646,8,,,0
190001029,'1197125',707,,12647,8,,,0
190001029,'1197135',1538,,12648,8,,,0
190001029,'1197148',1021,,12649,8,,,0
190001029,'1197153',1037,,12650,8,,,0
190001029,'1197176',1422,,12651,8,,,0
190001029,'1197177',2022,,12652,8,,,0
190001029,'1197199',1408,,12653,8,,,0
190001029,'1197224',1522,,12654,8,,,0
190001029,'1197245',1523,,12655,8,,,0
190001029,'1197247',2307,,12656,8,,,0
190001029,'1197252',1521,,12657,8,,,0
190001029,'1197260',1837,,12658,8,,,0
190001029,'1197284',1152,,12659,8,,,0
190001029,'1197289',652,,12660,8,,,0
190001029,'1197291',1253,,12661,8,,,0
190001029,'1197301',1322,,12662,8,,,0
190001029,'1197338',1653,,12663,8,,,0
190001029,'1197391',1822,,12664,8,,,0
190001029,'1197396',1108,,12665,8,,,0
190001029,'1197428',2007,,12666,8,,,0
190001029,'1197434',1452,,12667,8,,,0
190001029,'1197476',1122,,12668,8,,,0
190001029,'1197511',1507,,12669,8,,,0
190001029,'1197533',1407,,12670,8,,,0
190001029,'1197582',1623,,12671,8,,,0
190001029,'1197659',1608,,12672,8,,,0
190001029,'1197668',821,,12673,8,,,0
190001029,'1197682',1137,,12674,8,,,0
190001029,'1197683',2037,,12675,8,,,0
190001029,'1197684',1153,,12676,8,,,0
190001029,'1197778',1138,,12677,8,,,0
190001029,'1197833',1453,,12678,8,,,0
190001029,'1197836',1338,,12679,8,,,0
190001029,'1197848',2107,,12680,8,,,0
190001029,'1197886',1438,,12681,8,,,0
190001029,'1197890',752,,12682,8,,,0
190001029,'1197905',1008,,12683,8,,,0
190001029,'1197913',2207,,12684,8,,,0
190001029,'1197921',1252,,12685,8,,,0
190001029,'1197922',952,,12686,8,,,0
190001029,'1197992',1553,,12687,8,,,0
190001029,'1197993',907,,12688,8,,,0
190001029,'1198050',607,,12689,8,,,0
190001029,'1198051',1821,,12690,8,,,0
190001029,'1198052',837,,12691,8,,,0
190001029,'1198054',1421,,12692,8,,,0
190001029,'1198082',1652,,12693,8,,,0
190001029,'1198095',1922,,12694,8,,,0
190001029,'1198106',2237,,12695,8,,,0
190001029,'1198117',721,,12696,8,,,0
190001029,'1198128',1121,,12697,8,,,0
190001029,'1198174',937,,12698,8,,,0
190001029,'1198223',2321,,12699,8,,,0
190001029,'1198252',1423,,12700,8,,,0
190001029,'1198272',807,,12701,8,,,0
190001029,'1198293',1723,,12702,8,,,0
190001029,'1198306',852,,12703,8,,,0
190001029,'1198323',737,,12704,8,,,0
190001029,'1198373',1238,,12705,8,,,0
190001029,'1198398',2337,,12706,8,,,0
190001029,'1198415',921,,12707,8,,,0
190001029,'1198446',1807,,12708,8,,,0
190001029,'1198450',1752,,12709,8,,,0
190001029,'1198459',737,,12710,8,,,0
190001029,'1198491',2037,,12711,8,,,0
190001029,'1198504',837,,12712,8,,,0
190001029,'1198519',2337,,12713,8,,,0
190001029,'1198527',637,,12714,8,,,0
190001029,'1198576',2121,,12715,8,,,0
190001029,'1198589',2307,,12716,8,,,0
190001029,'1198594',807,,12717,8,,,0
190001029,'1198620',2221,,12718,8,,,0
190001029,'1198634',1437,,12719,8,,,0
190001029,'1198641',707,,12720,8,,,0
190001029,'1198687',1052,,12721,8,,,0
190001029,'1198747',922,,12722,8,,,0
190001029,'1198758',2052,,12723,8,,,0
190001029,'1198798',1707,,12724,8,,,0
190001029,'1198839',1837,,12725,8,,,0
190001029,'1198853',2137,,12726,8,,,0
190001029,'1198897',1552,,12727,8,,,0
190001029,'1198906',2107,,12728,8,,,0
190001029,'1198916',1708,,12729,8,,,0
190001029,'1198939',1807,,12730,8,,,0
190001029,'1198946',2237,,12731,8,,,0
190001029,'1198952',1921,,12732,8,,,0
190001029,'1198977',2122,,12733,8,,,0
190001029,'1198982',1721,,12734,8,,,0
190001029,'1199067',1937,,12735,8,,,0
190001029,'1199081',1123,,12736,8,,,0
190001029,'1199082',722,,12737,8,,,0
190001029,'1199103',1722,,12738,8,,,0
190001029,'1199165',1337,,12739,8,,,0
190001029,'1199204',1222,,12740,8,,,0
190001029,'1199210',1952,,12741,8,,,0
190001029,'1199221',1208,,12742,8,,,0
190001029,'1199226',1937,,12743,8,,,0
190001029,'1199256',1221,,12744,8,,,0
190001029,'1199270',1323,,12745,8,,,0
190001029,'1199289',1023,,12746,8,,,0
190001029,'1199303',637,,12747,8,,,0
190001029,'1199322',1053,,12748,8,,,0
190001029,'1199332',937,,12749,8,,,0
190001029,'1199345',1022,,12750,8,,,0
190001029,'1199364',1508,,12751,8,,,0
190001029,'1199390',1038,,12752,8,,,0
190001029,'1199391',1223,,12753,8,,,0
190001029,'1199399',1307,,12754,8,,,0
190001029,'1199406',1537,,12755,8,,,0
190001029,'1199432',1007,,12756,8,,,0
190001029,'1199451',952,,12757,8,,,0
190001029,'1199467',1907,,12758,8,,,0
190001029,'1199482',1637,,12759,8,,,0
190001029,'1199489',622,,12760,8,,,0
190001029,'1199514',1907,,12761,8,,,0
190001029,'1199524',2207,,12762,8,,,0
190001029,'1199526',2021,,12763,8,,,0
190001029,'1199555',822,,12764,8,,,0
190001029,'1199558',1621,,12765,8,,,0
190001029,'1199571',2007,,12766,8,,,0
190001029,'1199594',1607,,12767,8,,,0
190001029,'1199596',2137,,12768,8,,,0
190001029,'1199644',907,,12769,8,,,0
190001029,'1199650',1852,,12770,8,,,0
