101019,'1197003',603,,11803,38,,,0
101019,'1197056',2140,,11804,38,,,0
101019,'1197144',2340,,11805,38,,,0
101019,'1197150',1540,,11806,38,,,0
101019,'1197356',1340,,11807,38,,,0
101019,'1197394',1540,,11808,38,,,0
101019,'1197485',740,,11809,38,,,0
101019,'1197542',1340,,11810,38,,,0
101019,'1197666',1103,,11811,38,,,0
101019,'1197703',2140,,11812,38,,,0
101019,'1197735',1203,,11813,38,,,0
101019,'1197816',1140,,11814,38,,,0
101019,'1197893',803,,11815,38,,,0
101019,'1198002',1740,,11816,38,,,0
101019,'1198014',740,,11817,38,,,0
101019,'1198130',1003,,11818,38,,,0
101019,'1198162',1405,,11819,38,,,0
101019,'1198212',1940,,11820,38,,,0
101019,'1198408',2102,,11821,38,,,0
101019,'1198684',940,,11822,38,,,0
101019,'1198907',1940,,11823,38,,,0
101019,'1199079',2303,,11824,38,,,0
101019,'1199178',1805,,11825,38,,,0
101019,'1199186',1605,,11826,38,,,0
101019,'1199279',1740,,11827,38,,,0
101019,'1199401',940,,11828,38,,,0
101019,'1199471',1903,,11829,38,,,0
101019,'1199497',1140,,11830,38,,,0
101019,'1199519',903,,11831,38,,,0
101019,'1199566',1505,,11832,38,,,0
101019,'1199626',1705,,11833,38,,,0
