10029,'1196869',1040,,10389,44,,,0
10029,'1196944',1910,,10390,44,,,0
10029,'1196948',1540,,10391,44,,,0
10029,'1197007',710,,10392,44,,,0
10029,'1197053',1340,,10393,44,,,0
10029,'1197093',1140,,10394,44,,,0
10029,'1197160',1741,,10395,44,,,0
10029,'1197269',1840,,10396,44,,,0
10029,'1197314',2210,,10397,44,,,0
10029,'1197362',2041,,10398,44,,,0
10029,'1197385',841,,10399,44,,,0
10029,'1197414',1440,,10400,44,,,0
10029,'1197492',1710,,10401,44,,,0
10029,'1197523',2241,,10402,44,,,0
10029,'1197565',640,,10403,44,,,0
10029,'1197669',840,,10404,44,,,0
10029,'1197675',2140,,10405,44,,,0
10029,'1197822',1740,,10406,44,,,0
10029,'1197831',1740,,10407,44,,,0
10029,'1197885',2040,,10408,44,,,0
10029,'1197887',1610,,10409,44,,,0
10029,'1197892',1240,,10410,44,,,0
10029,'1197908',2240,,10411,44,,,0
10029,'1197916',2310,,10412,44,,,0
10029,'1197980',2415,,10413,44,,,0
10029,'1198080',1640,,10414,44,,,0
10029,'1198150',1640,,10415,44,,,0
10029,'1198170',1141,,10416,44,,,0
10029,'1198181',1810,,10417,44,,,0
10029,'1198232',1541,,10418,44,,,0
10029,'1198314',1940,,10419,44,,,0
10029,'1198351',1240,,10420,44,,,0
10029,'1198466',2110,,10421,44,,,0
10029,'1198481',1441,,10422,44,,,0
10029,'1198536',1241,,10423,44,,,0
10029,'1198550',1641,,10424,44,,,0
10029,'1198565',2340,,10425,44,,,0
10029,'1198676',740,,10426,44,,,0
10029,'1198703',741,,10427,44,,,0
10029,'1198735',1041,,10428,44,,,0
10029,'1198754',1341,,10429,44,,,0
10029,'1198767',1140,,10430,44,,,0
10029,'1198887',910,,10431,44,,,0
10029,'1198905',1440,,10432,44,,,0
10029,'1198933',840,,10433,44,,,0
10029,'1199013',740,,10434,44,,,0
10029,'1199068',1040,,10435,44,,,0
10029,'1199078',1841,,10436,44,,,0
10029,'1199088',2010,,10437,44,,,0
10029,'1199134',1340,,10438,44,,,0
10029,'1199161',2341,,10439,44,,,0
10029,'1199245',1941,,10440,44,,,0
10029,'1199274',941,,10441,44,,,0
10029,'1199375',1510,,10442,44,,,0
10029,'1199396',810,,10443,44,,,0
10029,'1199411',2141,,10444,44,,,0
10029,'1199422',940,,10445,44,,,0
10029,'1199613',940,,10446,44,,,0
10029,'1199633',1540,,10447,44,,,0
103019,'1196838',2027,,11950,11,,,0
103019,'1196888',945,,11951,11,,,0
103019,'1196969',1646,,11952,11,,,0
103019,'1196981',1216,,11953,11,,,0
103019,'1197294',2115,,11954,11,,,0
103019,'1197441',1045,,11955,11,,,0
103019,'1197545',1716,,11956,11,,,0
103019,'1197721',1346,,11957,11,,,0
103019,'1197732',900,,11958,11,,,0
103019,'1197772',1501,,11959,11,,,0
103019,'1197847',1546,,11960,11,,,0
103019,'1197900',2315,,11961,11,,,0
103019,'1197976',2145,,11962,11,,,0
103019,'1198084',745,,11963,11,,,0
103019,'1198108',1427,,11964,11,,,0
103019,'1198169',730,,11965,11,,,0
103019,'1198206',915,,11966,11,,,0
103019,'1198228',1116,,11967,11,,,0
103019,'1198242',1857,,11968,11,,,0
103019,'1198304',1416,,11969,11,,,0
103019,'1198348',2157,,11970,11,,,0
103019,'1198369',2245,,11971,11,,,0
103019,'1198383',1246,,11972,11,,,0
103019,'1198393',645,,11973,11,,,0
103019,'1198760',815,,11975,11,,,0
103019,'1198790',2327,,11976,11,,,0
103019,'1198820',1257,,11977,11,,,0
103019,'1198832',1727,,11978,11,,,0
103019,'1198901',2015,,11979,11,,,0
103019,'1198908',957,,11980,11,,,0
103019,'1198992',1557,,11981,11,,,0
103019,'1199041',1127,,11982,11,,,0
103019,'1199057',1516,,11983,11,,,0
103019,'1199120',1845,,11984,11,,,0
103019,'1199157',1815,,11985,11,,,0
103019,'1199198',827,,11986,11,,,0
103019,'1199232',1631,,11987,11,,,0
103019,'1199535',1945,,11988,11,,,0
