26019,'1196833',2201,,11427,2,,,0
26019,'1196844',2246,,11428,2,,,0
26019,'1196949',701,,11429,2,,,0
26019,'1197013',1946,,11430,2,,,0
26019,'1197027',1801,,11431,2,,,0
26019,'1197186',1101,,11432,2,,,0
26019,'1197303',1746,,11433,2,,,0
26019,'1197313',1901,,11434,2,,,0
26019,'1197393',1301,,11435,2,,,0
26019,'1197399',1001,,11436,2,,,0
26019,'1197400',1031,,11437,2,,,0
26019,'1197410',1146,,11438,2,,,0
26019,'1197475',1546,,11439,2,,,0
26019,'1197528',2001,,11440,2,,,0
26019,'1197539',846,,11441,2,,,0
26019,'1197549',2101,,11442,2,,,0
26019,'1197586',1701,,11443,2,,,0
26019,'1197594',1431,,11444,2,,,0
26019,'1197600',1346,,11445,2,,,0
26019,'1197749',746,,11446,2,,,0
26019,'1197787',1231,,11447,2,,,0
26019,'1197806',901,,11448,2,,,0
26019,'1197817',1401,,11449,2,,,0
26019,'1197995',1601,,11450,2,,,0
26019,'1198158',1246,,11451,2,,,0
26019,'1198274',1131,,11452,2,,,0
26019,'1198317',1446,,11453,2,,,0
26019,'1198334',1501,,11454,2,,,0
26019,'1198448',601,,11455,2,,,0
26019,'1198587',2301,,11456,2,,,0
26019,'1198626',801,,11457,2,,,0
26019,'1198633',901,,11458,2,,,0
26019,'1198635',701,,11459,2,,,0
26019,'1198640',2101,,11460,2,,,0
26019,'1198642',946,,11461,2,,,0
26019,'1198658',1046,,11462,2,,,0
26019,'1198670',1801,,11463,2,,,0
26019,'1198825',1501,,11464,2,,,0
26019,'1198834',1601,,11465,2,,,0
26019,'1198899',2001,,11466,2,,,0
26019,'1198969',1201,,11467,2,,,0
26019,'1199019',1646,,11468,2,,,0
26019,'1199155',801,,11469,2,,,0
26019,'1199246',1001,,11470,2,,,0
26019,'1199249',1331,,11471,2,,,0
26019,'1199290',601,,11472,2,,,0
26019,'1199307',2146,,11473,2,,,0
26019,'1199310',1701,,11474,2,,,0
26019,'1199313',2301,,11475,2,,,0
26019,'1199493',1901,,11476,2,,,0
26019,'1199515',1846,,11477,2,,,0
26019,'1199654',2201,,11478,2,,,0
26019,'1199656',2046,,11479,2,,,0
