104019,'1196891',2342,,12027,30,,,0
104019,'1197169',2418,,12028,30,,,0
104019,'1197256',1347,,12029,30,,,0
104019,'1197286',2142,,12030,30,,,0
104019,'1197298',1217,,12031,30,,,0
104019,'1197387',2243,,12032,30,,,0
104019,'1197452',2013,,12033,30,,,0
104019,'1197544',928,,12034,30,,,0
104019,'1197547',1243,,12035,30,,,0
104019,'1197640',1542,,12036,30,,,0
104019,'1197714',1813,,12037,30,,,0
104019,'1197725',2113,,12038,30,,,0
104019,'1197761',742,,12039,30,,,0
104019,'1197801',1013,,12040,30,,,0
104019,'1197820',813,,12042,30,,,0
104019,'1197873',628,,12043,30,,,0
104019,'1197937',1513,,12044,30,,,0
104019,'1198060',1742,,12045,30,,,0
104019,'1198073',2358,,12046,30,,,0
104019,'1198077',2243,,12047,30,,,0
104019,'1198194',1132,,12048,30,,,0
104019,'1198253',1142,,12049,30,,,0
104019,'1198313',1517,,12050,30,,,0
104019,'1198322',1628,,12051,30,,,0
104019,'1198353',1302,,12052,30,,,0
104019,'1198411',942,,12053,30,,,0
104019,'1198567',1743,,12055,30,,,0
104019,'1198664',858,,12056,30,,,0
104019,'1198683',1358,,12057,30,,,0
104019,'1198738',1943,,12058,30,,,0
104019,'1198750',1942,,12059,30,,,0
104019,'1198780',858,,12060,30,,,0
104019,'1198913',1432,,12061,30,,,0
104019,'1198958',658,,12062,30,,,0
104019,'1199185',743,,12064,30,,,0
104019,'1199190',1128,,12065,30,,,0
104019,'1199331',1342,,12066,30,,,0
104019,'1199407',1858,,12067,30,,,0
104019,'1199459',1728,,12068,30,,,0
104019,'1199490',1647,,12069,30,,,0
104019,'1199539',1013,,12070,30,,,0
104019,'1199564',743,,12071,30,,,0
104019,'1199583',1602,,12072,30,,,0
104019,'1199617',2128,,12073,30,,,0
