14019,'1196890',1811,,10916,1,,,0
14019,'1196970',2041,,10917,1,,,0
14019,'1196984',1340,,10918,1,,,0
14019,'1197073',2141,,10919,1,,,0
14019,'1197090',740,,10920,1,,,0
14019,'1197106',1712,,10921,1,,,0
14019,'1197152',1542,,10922,1,,,0
14019,'1197163',1641,,10923,1,,,0
14019,'1197189',1940,,10924,1,,,0
14019,'1197473',941,,10925,1,,,0
14019,'1197576',1140,,10926,1,,,0
14019,'1197578',1840,,10927,1,,,0
14019,'1197606',840,,10928,1,,,0
14019,'1197719',1541,,10929,1,,,0
14019,'1197768',1642,,10930,1,,,0
14019,'1197774',1241,,10931,1,,,0
14019,'1197807',641,,10932,1,,,0
14019,'1197857',1240,,10933,1,,,0
14019,'1197872',741,,10934,1,,,0
14019,'1197899',2311,,10935,1,,,0
14019,'1197912',1640,,10936,1,,,0
14019,'1197929',1341,,10937,1,,,0
14019,'1197946',1941,,10938,1,,,0
14019,'1198043',2341,,10939,1,,,0
14019,'1198056',1911,,10940,1,,,0
14019,'1198057',641,,10941,1,,,0
14019,'1198062',1540,,10942,1,,,0
14019,'1198118',2011,,10943,1,,,0
14019,'1198151',1440,,10944,1,,,0
14019,'1198161',1442,,10945,1,,,0
14019,'1198262',1441,,10946,1,,,0
14019,'1198285',2241,,10947,1,,,0
14019,'1198312',941,,10948,1,,,0
14019,'1198386',1841,,10949,1,,,0
14019,'1198412',1142,,10950,1,,,0
14019,'1198436',841,,10951,1,,,0
14019,'1198460',1042,,10952,1,,,0
14019,'1198507',841,,10953,1,,,0
14019,'1198513',1242,,10954,1,,,0
14019,'1198539',1041,,10955,1,,,0
14019,'1198751',2040,,10956,1,,,0
14019,'1198810',2340,,10957,1,,,0
14019,'1198859',1512,,10958,1,,,0
14019,'1198869',911,,10959,1,,,0
14019,'1198890',2140,,10960,1,,,0
14019,'1199036',711,,10961,1,,,0
14019,'1199048',741,,10962,1,,,0
14019,'1199075',811,,10963,1,,,0
14019,'1199084',1040,,10964,1,,,0
14019,'1199131',2111,,10965,1,,,0
14019,'1199280',2240,,10966,1,,,0
14019,'1199286',940,,10967,1,,,0
14019,'1199393',1342,,10968,1,,,0
14019,'1199441',1612,,10969,1,,,0
14019,'1199444',1741,,10970,1,,,0
14019,'1199523',1740,,10971,1,,,0
14019,'1199538',1742,,10972,1,,,0
14019,'1199568',2211,,10973,1,,,0
14019,'1199582',1141,,10974,1,,,0
14029,'1196849',1739,,10975,46,4,,0
14029,'1196912',809,,10976,46,4,,0
14029,'1197024',1539,,10977,46,4,,0
14029,'1197041',2339,,10978,46,4,,0
14029,'1197050',1637,,10979,46,4,,0
14029,'1197119',1740,,10980,46,4,,0
14029,'1197130',2237,,10981,46,4,,0
14029,'1197219',1537,,10982,46,4,,0
14029,'1197237',1337,,10983,46,4,,0
14029,'1197250',639,,10984,46,4,,0
14029,'1197265',1809,,10985,46,4,,0
14029,'1197310',2239,,10986,46,4,,0
14029,'1197323',1339,,10987,46,4,,0
14029,'1197440',2137,,10988,46,4,,0
14029,'1197456',1540,,10989,46,4,,0
14029,'1197472',1137,,10990,46,4,,0
14029,'1197493',1909,,10991,46,4,,0
14029,'1197512',1640,,10992,46,4,,0
14029,'1197515',1439,,10993,46,4,,0
14029,'1197597',739,,10994,46,4,,0
14029,'1197605',2309,,10995,46,4,,0
14029,'1197639',1237,,10996,46,4,,0
14029,'1197699',2009,,10997,46,4,,0
14029,'1197717',1737,,10998,46,4,,0
14029,'1197738',1037,,10999,46,4,,0
14029,'1197809',1639,,11000,46,4,,0
14029,'1197863',2414,,11001,46,4,,0
14029,'1197882',1437,,11002,46,4,,0
14029,'1197961',1239,,11003,46,4,,0
14029,'1198040',1039,,11004,46,4,,0
14029,'1198078',1139,,11005,46,4,,0
14029,'1198100',909,,11006,46,4,,0
14029,'1198198',2209,,11007,46,4,,0
14029,'1198204',2109,,11008,46,4,,0
14029,'1198269',709,,11009,46,4,,0
14029,'1198326',937,,11010,46,4,,0
14029,'1198404',739,,11011,46,4,,0
14029,'1198426',2139,,11012,46,4,,0
14029,'1198570',839,,11013,46,4,,0
14029,'1198612',2337,,11014,46,4,,0
14029,'1198728',837,,11015,46,4,,0
14029,'1198772',1839,,11016,46,4,,0
14029,'1198830',939,,11017,46,4,,0
14029,'1198941',1140,,11018,46,4,,0
14029,'1198956',1440,,11019,46,4,,0
14029,'1199040',2039,,11020,46,4,,0
14029,'1199065',1240,,11021,46,4,,0
14029,'1199076',1837,,11022,46,4,,0
14029,'1199083',1710,,11023,46,4,,0
14029,'1199184',939,,11024,46,4,,0
14029,'1199200',839,,11025,46,4,,0
14029,'1199222',1610,,11026,46,4,,0
14029,'1199266',1340,,11027,46,4,,0
14029,'1199447',1939,,11028,46,4,,0
14029,'1199472',2037,,11029,46,4,,0
14029,'1199520',1040,,11030,46,4,,0
14029,'1199554',737,,11031,46,4,,0
14029,'1199573',1937,,11032,46,4,,0
14029,'1199643',1510,,11033,46,4,,0
28019,'1196931',2330,,11637,1,,,0
28019,'1196961',950,,11638,1,,,0
28019,'1197034',1130,,11640,1,,,0
28019,'1197242',1530,,11643,1,,,0
28019,'1197295',1350,,11645,1,,,0
28019,'1197458',1930,,11648,1,,,0
28019,'1197551',850,,11651,1,,,0
28019,'1197718',2130,,11653,1,,,0
28019,'1197726',1750,,11654,1,,,0
28019,'1197861',1830,,11656,1,,,0
28019,'1197862',1230,,11657,1,,,0
28019,'1198022',650,,11658,1,,,0
28019,'1198061',2050,,11659,1,,,0
28019,'1198096',1430,,11660,1,,,0
28019,'1198110',1150,,11661,1,,,0
28019,'1198319',1950,,11662,1,,,0
28019,'1198329',1630,,11663,1,,,0
28019,'1198345',1450,,11665,1,,,0
28019,'1198414',1050,,11666,1,,,0
28019,'1198454',1030,,11667,1,,,0
28019,'1198522',1550,,11668,1,,,0
28019,'1198672',930,,11670,1,,,0
28019,'1198739',2150,,11671,1,,,0
28019,'1198919',730,,11676,1,,,0
28019,'1198968',1250,,11678,1,,,0
28019,'1199033',2350,,11679,1,,,0
28019,'1199206',2030,,11682,1,,,0
28019,'1199243',2250,,11683,1,,,0
28019,'1199296',1850,,11684,1,,,0
28019,'1199344',1730,,11686,1,,,0
28019,'1199417',1650,,11688,1,,,0
28019,'1199450',830,,11690,1,,,0
28019,'1199529',1330,,11691,1,,,0
28019,'1199584',750,,11694,1,,,0
28019,'1199602',2230,,11695,1,,,0
28019,'1199775',1735,,12871,1,,,0
28019,'1199776',1705,,12872,1,,,0
28019,'1199784',1805,,12873,1,,,0
28019,'1199803',705,,12874,1,,,0
28019,'1199807',2005,,12875,1,,,0
28019,'1199817',2205,,12876,1,,,0
28019,'1199832',2305,,12877,1,,,0
28019,'1199835',1505,,12878,1,,,0
28019,'1199837',1635,,12879,1,,,0
28019,'1199842',1835,,12880,1,,,0
28019,'1199845',905,,12881,1,,,0
28019,'1199851',805,,12882,1,,,0
28019,'1199859',1905,,12883,1,,,0
28019,'1199861',835,,12884,1,,,0
28019,'1199868',1405,,12885,1,,,0
28019,'1199872',635,,12886,1,,,0
28019,'1199880',1305,,12887,1,,,0
28019,'1199885',735,,12888,1,,,0
28019,'1199887',1205,,12889,1,,,0
28019,'1199894',1605,,12890,1,,,0
28019,'1199897',605,,12891,1,,,0
28019,'1199900',2105,,12892,1,,,0
28019,'1199908',1005,,12893,1,,,0
28019,'1199917',1105,,12894,1,,,0
28029,'1196904',1713,,11696,12,4,,0
28029,'1196938',2113,,11697,12,4,,0
28029,'1197017',1214,,11700,12,4,,0
28029,'1197036',2213,,11701,12,4,,0
28029,'1197051',1113,,11702,12,4,,0
28029,'1197111',2413,,11703,12,4,,0
28029,'1197374',1514,,11708,12,4,,0
28029,'1197466',1414,,11709,12,4,,0
28029,'1197529',1353,,11711,12,4,,0
28029,'1197623',1253,,11713,12,4,,0
28029,'1197715',2253,,11714,12,4,,0
28029,'1197789',1813,,11715,12,4,,0
28029,'1198258',1753,,11720,12,4,,0
28029,'1198259',813,,11721,12,4,,0
28029,'1198316',2053,,11723,12,4,,0
28029,'1198478',1953,,11724,12,4,,0
28029,'1198489',2013,,11725,12,4,,0
28029,'1198555',1853,,11727,12,4,,0
28029,'1198629',2153,,11729,12,4,,0
28029,'1198861',1653,,11731,12,4,,0
28029,'1198944',1553,,11734,12,4,,0
28029,'1198995',853,,11735,12,4,,0
28029,'1199105',1013,,11737,12,4,,0
28029,'1199138',2313,,11738,12,4,,0
28029,'1199194',1153,,11740,12,4,,0
28029,'1199248',1053,,11741,12,4,,0
28029,'1199271',1913,,11742,12,4,,0
28029,'1199320',713,,11743,12,4,,0
28029,'1199425',1314,,11744,12,4,,0
28029,'1199562',753,,11747,12,4,,0
28029,'1199587',2353,,11749,12,4,,0
28029,'1199622',1453,,11751,12,4,,0
28029,'1199627',913,,11752,12,4,,0
28029,'1199647',1614,,11753,12,4,,0
28029,'1199657',953,,11754,12,4,,0
28029,'1199798',2328,,12895,12,4,,0
28029,'1199801',858,,12896,12,4,,0
28029,'1199802',1028,,12897,12,4,,0
28029,'1199805',2128,,12898,12,4,,0
28029,'1199806',928,,12899,12,4,,0
28029,'1199822',1828,,12900,12,4,,0
28029,'1199824',1328,,12901,12,4,,0
28029,'1199827',1858,,12902,12,4,,0
28029,'1199829',658,,12903,12,4,,0
28029,'1199833',1658,,12904,12,4,,0
28029,'1199840',1529,,12905,12,4,,0
28029,'1199841',1628,,12906,12,4,,0
28029,'1199857',1728,,12907,12,4,,0
28029,'1199879',1432,,12908,12,4,,0
28029,'1199888',1228,,12909,12,4,,0
28029,'1199895',758,,12910,12,4,,0
28029,'1199896',1758,,12911,12,4,,0
28029,'1199901',2028,,12912,12,4,,0
28029,'1199905',2228,,12913,12,4,,0
28029,'1199909',1128,,12914,12,4,,0
28029,'1199915',728,,12915,12,4,,0
28029,'1199916',1928,,12916,12,4,,0
28029,'1199918',828,,12917,12,4,,0
28029,'1199921',628,,12918,12,4,,0
29019,'1196845',1220,,11755,1,,,0
29019,'1197023',935,,11756,1,,,0
29019,'1197248',1920,,11757,1,,,0
29019,'1197445',1135,,11758,1,,,0
29019,'1197468',1435,,11759,1,,,0
29019,'1197869',1120,,11760,1,,,0
29019,'1197959',920,,11761,1,,,0
29019,'1198305',1235,,11762,1,,,0
29019,'1198397',1535,,11763,1,,,0
29019,'1198428',820,,11764,1,,,0
29019,'1198456',2320,,11765,1,,,0
29019,'1198533',1520,,11766,1,,,0
29019,'1198557',2120,,11767,1,,,0
29019,'1198961',1620,,11768,1,,,0
29019,'1199000',1820,,11769,1,,,0
29019,'1199017',1420,,11770,1,,,0
29019,'1199038',720,,11771,1,,,0
29019,'1199080',1720,,11772,1,,,0
29019,'1199158',2020,,11773,1,,,0
29019,'1199278',1035,,11774,1,,,0
29019,'1199317',1335,,11775,1,,,0
29019,'1199409',1020,,11776,1,,,0
29019,'1199455',2220,,11777,1,,,0
29019,'1199486',1320,,11778,1,,,0
29029,'1196899',1245,,11779,15,4,,0
29029,'1197015',1600,,11780,15,4,,0
29029,'1197158',845,,11781,15,4,,0
29029,'1197161',2045,,11782,15,4,,0
29029,'1197340',1000,,11783,15,4,,0
29029,'1197455',1045,,11784,15,4,,0
29029,'1197503',1345,,11785,15,4,,0
29029,'1197514',1500,,11786,15,4,,0
29029,'1197579',2245,,11787,15,4,,0
29029,'1197580',2345,,11788,15,4,,0
29029,'1197733',1100,,11789,15,4,,0
29029,'1197827',1745,,11790,15,4,,0
29029,'1198085',1645,,11791,15,4,,0
29029,'1198192',1300,,11792,15,4,,0
29029,'1198245',1200,,11793,15,4,,0
29029,'1198309',945,,11794,15,4,,0
29029,'1198331',2145,,11795,15,4,,0
29029,'1198551',1845,,11796,15,4,,0
29029,'1198575',1400,,11797,15,4,,0
29029,'1198844',1545,,11798,15,4,,0
29029,'1199028',745,,11799,15,4,,0
29029,'1199153',1445,,11800,15,4,,0
29029,'1199188',1145,,11801,15,4,,0
29029,'1199343',1945,,11802,15,4,,0
190001019,'1196837',1335,,12495,1,,,0
190001019,'1196862',1625,,12496,1,,,0
190001019,'1196877',1850,,12497,1,,,0
190001019,'1196883',1220,,12498,1,,,0
190001019,'1196901',620,,12499,1,,,0
190001019,'1196926',805,,12500,1,,,0
190001019,'1196927',1920,,12501,1,,,0
190001019,'1196941',1955,,12502,1,,,0
190001019,'1196956',1250,,12503,1,,,0
190001019,'1196974',1235,,12504,1,,,0
190001019,'1197019',1410,,12505,1,,,0
190001019,'1197037',1725,,12506,1,,,0
190001019,'1197055',1905,,12507,1,,,0
190001019,'1197061',1355,,12508,1,,,0
190001019,'1197062',1506,,12509,1,,,0
190001019,'1197067',1740,,12510,1,,,0
190001019,'1197087',1051,,12511,1,,,0
190001019,'1197116',720,,12512,1,,,0
190001019,'1197124',2320,,12513,1,,,0
190001019,'1197149',1205,,12514,1,,,0
190001019,'1197157',935,,12515,1,,,0
190001019,'1197183',2150,,12516,1,,,0
190001019,'1197196',1621,,12517,1,,,0
190001019,'1197239',1351,,12518,1,,,0
190001019,'1197241',920,,12519,1,,,0
190001019,'1197275',855,,12520,1,,,0
190001019,'1197336',1806,,12521,1,,,0
190001019,'1197358',1055,,12522,1,,,0
190001019,'1197359',820,,12523,1,,,0
190001019,'1197381',1706,,12524,1,,,0
190001019,'1197382',1655,,12525,1,,,0
190001019,'1197450',1750,,12526,1,,,0
190001019,'1197483',1106,,12527,1,,,0
190001019,'1197488',1421,,12528,1,,,0
190001019,'1197500',850,,12529,1,,,0
190001019,'1197524',920,,12530,1,,,0
190001019,'1197530',1606,,12531,1,,,0
190001019,'1197543',1555,,12532,1,,,0
190001019,'1197562',1950,,12533,1,,,0
190001019,'1197598',1440,,12534,1,,,0
190001019,'1197653',1020,,12535,1,,,0
190001019,'1197698',1005,,12536,1,,,0
190001019,'1197706',955,,12537,1,,,0
190001019,'1197709',1105,,12538,1,,,0
190001019,'1197713',1751,,12539,1,,,0
190001019,'1197736',1336,,12540,1,,,0
190001019,'1197746',905,,12541,1,,,0
190001019,'1197811',1835,,12542,1,,,0
190001019,'1197845',1350,,12543,1,,,0
190001019,'1197867',2220,,12544,1,,,0
190001019,'1197877',1050,,12545,1,,,0
190001019,'1197919',1036,,12546,1,,,0
190001019,'1197924',1935,,12547,1,,,0
190001019,'1197933',1736,,12548,1,,,0
190001019,'1197942',1820,,12549,1,,,0
190001019,'1197950',1425,,12550,1,,,0
190001019,'1197953',1021,,12551,1,,,0
190001019,'1197956',1305,,12552,1,,,0
190001019,'1198005',1721,,12553,1,,,0
190001019,'1198015',2355,,12554,1,,,0
190001019,'1198030',2055,,12555,1,,,0
190001019,'1198047',1455,,12556,1,,,0
190001019,'1198065',2050,,12557,1,,,0
190001019,'1198066',650,,12558,1,,,0
190001019,'1198075',2150,,12559,1,,,0
190001019,'1198104',950,,12560,1,,,0
190001019,'1198135',2005,,12561,1,,,0
190001019,'1198157',2250,,12562,1,,,0
190001019,'1198172',1755,,12563,1,,,0
190001019,'1198202',1136,,12564,1,,,0
190001019,'1198216',1221,,12565,1,,,0
190001019,'1198221',2135,,12566,1,,,0
190001019,'1198238',750,,12567,1,,,0
190001019,'1198255',635,,12568,1,,,0
190001019,'1198261',1835,,12569,1,,,0
190001019,'1198292',1135,,12570,1,,,0
190001019,'1198298',1651,,12571,1,,,0
190001019,'1198311',1555,,12572,1,,,0
190001019,'1198339',1920,,12573,1,,,0
190001019,'1198343',1455,,12574,1,,,0
190001019,'1198372',755,,12575,1,,,0
190001019,'1198396',1710,,12576,1,,,0
190001019,'1198407',1150,,12577,1,,,0
190001019,'1198441',1610,,12578,1,,,0
190001019,'1198467',1820,,12579,1,,,0
190001019,'1198471',1536,,12580,1,,,0
190001019,'1198476',1255,,12581,1,,,0
190001019,'1198499',2255,,12582,1,,,0
190001019,'1198534',2350,,12583,1,,,0
190001019,'1198547',1005,,12584,1,,,0
190001019,'1198574',1521,,12585,1,,,0
190001019,'1198598',820,,12586,1,,,0
190001019,'1198607',850,,12587,1,,,0
190001019,'1198613',2220,,12588,1,,,0
190001019,'1198622',1950,,12589,1,,,0
190001019,'1198646',2105,,12590,1,,,0
190001019,'1198647',650,,12591,1,,,0
190001019,'1198653',2050,,12592,1,,,0
190001019,'1198674',1151,,12593,1,,,0
190001019,'1198678',2035,,12594,1,,,0
190001019,'1198685',2020,,12595,1,,,0
190001019,'1198700',1121,,12596,1,,,0
190001019,'1198707',1406,,12597,1,,,0
190001019,'1198721',1035,,12598,1,,,0
190001019,'1198724',1525,,12599,1,,,0
190001019,'1198784',1206,,12600,1,,,0
190001019,'1198792',1850,,12601,1,,,0
190001019,'1198804',1155,,12602,1,,,0
190001019,'1198821',705,,12603,1,,,0
190001019,'1198827',2120,,12604,1,,,0
190001019,'1198852',2155,,12605,1,,,0
190001019,'1198857',1636,,12606,1,,,0
190001019,'1198864',1805,,12607,1,,,0
190001019,'1198929',1551,,12608,1,,,0
190001019,'1198949',1236,,12609,1,,,0
190001019,'1198960',1855,,12610,1,,,0
190001019,'1198974',1251,,12611,1,,,0
190001019,'1198988',1321,,12612,1,,,0
190001019,'1198997',1436,,12613,1,,,0
190001019,'1199029',2250,,12614,1,,,0
190001019,'1199121',1640,,12615,1,,,0
190001019,'1199126',1320,,12616,1,,,0
190001019,'1199140',2410,,12617,1,,,0
190001019,'1199142',1120,,12618,1,,,0
190001019,'1199166',750,,12619,1,,,0
190001019,'1199192',2020,,12620,1,,,0
190001019,'1199228',735,,12621,1,,,0
190001019,'1199318',1510,,12622,1,,,0
190001019,'1199339',1655,,12623,1,,,0
190001019,'1199371',720,,12624,1,,,0
190001019,'1199373',835,,12625,1,,,0
190001019,'1199385',1306,,12626,1,,,0
190001019,'1199427',1451,,12627,1,,,0
190001019,'1199436',1540,,12628,1,,,0
190001019,'1199510',2320,,12629,1,,,0
190001019,'1199550',2350,,12630,1,,,0
190001019,'1199551',2120,,12631,1,,,0
190001019,'1199648',950,,12632,1,,,0
190001029,'1196847',1118,,12633,24,4,,0
190001029,'1196850',1330,,12634,24,4,,0
190001029,'1196860',1803,,12635,24,4,,0
190001029,'1196897',1650,,12636,24,4,,0
190001029,'1196906',1748,,12637,24,4,,0
190001029,'1196908',1403,,12638,24,4,,0
190001029,'1196953',1218,,12639,24,4,,0
190001029,'1196957',1248,,12640,24,4,,0
190001029,'1196963',1633,,12641,24,4,,0
190001029,'1197018',1405,,12642,24,4,,0
190001029,'1197048',2408,,12643,24,4,,0
190001029,'1197052',1748,,12644,24,4,,0
190001029,'1197074',1320,,12645,24,4,,0
190001029,'1197089',1833,,12646,24,4,,0
190001029,'1197125',717,,12647,24,4,,0
190001029,'1197135',1550,,12648,24,4,,0
190001029,'1197148',1030,,12649,24,4,,0
190001029,'1197153',1048,,12650,24,4,,0
190001029,'1197176',1433,,12651,24,4,,0
190001029,'1197177',2033,,12652,24,4,,0
190001029,'1197199',1420,,12653,24,4,,0
190001029,'1197224',1533,,12654,24,4,,0
190001029,'1197245',1535,,12655,24,4,,0
190001029,'1197247',2317,,12656,24,4,,0
190001029,'1197252',1530,,12657,24,4,,0
190001029,'1197260',1848,,12658,24,4,,0
190001029,'1197284',1203,,12659,24,4,,0
190001029,'1197289',703,,12660,24,4,,0
190001029,'1197291',1305,,12661,24,4,,0
190001029,'1197301',1333,,12662,24,4,,0
190001029,'1197338',1705,,12663,24,4,,0
190001029,'1197391',1832,,12664,24,4,,0
190001029,'1197396',1120,,12665,24,4,,0
190001029,'1197428',2018,,12666,24,4,,0
190001029,'1197434',1503,,12667,24,4,,0
190001029,'1197476',1133,,12668,24,4,,0
190001029,'1197511',1518,,12669,24,4,,0
190001029,'1197533',1418,,12670,24,4,,0
190001029,'1197582',1635,,12671,24,4,,0
190001029,'1197659',1620,,12672,24,4,,0
190001029,'1197668',830,,12673,24,4,,0
190001029,'1197682',1148,,12674,24,4,,0
190001029,'1197683',2048,,12675,24,4,,0
190001029,'1197684',1205,,12676,24,4,,0
190001029,'1197778',1150,,12677,24,4,,0
190001029,'1197833',1505,,12678,24,4,,0
190001029,'1197836',1350,,12679,24,4,,0
190001029,'1197848',2117,,12680,24,4,,0
190001029,'1197886',1450,,12681,24,4,,0
190001029,'1197890',803,,12682,24,4,,0
190001029,'1197905',1020,,12683,24,4,,0
190001029,'1197913',2218,,12684,24,4,,0
190001029,'1197921',1303,,12685,24,4,,0
190001029,'1197922',1002,,12686,24,4,,0
190001029,'1197992',1605,,12687,24,4,,0
190001029,'1197993',917,,12688,24,4,,0
190001029,'1198050',617,,12689,24,4,,0
190001029,'1198051',1830,,12690,24,4,,0
190001029,'1198052',847,,12691,24,4,,0
190001029,'1198054',1430,,12692,24,4,,0
190001029,'1198082',1703,,12693,24,4,,0
190001029,'1198095',1933,,12694,24,4,,0
190001029,'1198106',2247,,12695,24,4,,0
190001029,'1198117',730,,12696,24,4,,0
190001029,'1198128',1130,,12697,24,4,,0
190001029,'1198174',948,,12698,24,4,,0
190001029,'1198223',2330,,12699,24,4,,0
190001029,'1198252',1435,,12700,24,4,,0
190001029,'1198272',818,,12701,24,4,,0
190001029,'1198293',1735,,12702,24,4,,0
190001029,'1198306',903,,12703,24,4,,0
190001029,'1198323',748,,12704,24,4,,0
190001029,'1198373',1250,,12705,24,4,,0
190001029,'1198398',2347,,12706,24,4,,0
190001029,'1198415',930,,12707,24,4,,0
190001029,'1198446',1818,,12708,24,4,,0
190001029,'1198450',1803,,12709,24,4,,0
190001029,'1198459',747,,12710,24,4,,0
190001029,'1198491',2047,,12711,24,4,,0
190001029,'1198504',848,,12712,24,4,,0
190001029,'1198519',2348,,12713,24,4,,0
190001029,'1198527',647,,12714,24,4,,0
190001029,'1198576',2130,,12715,24,4,,0
190001029,'1198589',2318,,12716,24,4,,0
190001029,'1198594',817,,12717,24,4,,0
190001029,'1198620',2230,,12718,24,4,,0
190001029,'1198634',1448,,12719,24,4,,0
190001029,'1198641',718,,12720,24,4,,0
190001029,'1198687',1103,,12721,24,4,,0
190001029,'1198747',933,,12722,24,4,,0
190001029,'1198758',2103,,12723,24,4,,0
190001029,'1198798',1718,,12724,24,4,,0
190001029,'1198839',1847,,12725,24,4,,0
190001029,'1198853',2147,,12726,24,4,,0
190001029,'1198897',1603,,12727,24,4,,0
190001029,'1198906',2118,,12728,24,4,,0
190001029,'1198916',1720,,12729,24,4,,0
190001029,'1198939',1817,,12730,24,4,,0
190001029,'1198946',2248,,12731,24,4,,0
190001029,'1198952',1930,,12732,24,4,,0
190001029,'1198977',2133,,12733,24,4,,0
190001029,'1198982',1730,,12734,24,4,,0
190001029,'1199067',1948,,12735,24,4,,0
190001029,'1199081',1135,,12736,24,4,,0
190001029,'1199082',733,,12737,24,4,,0
190001029,'1199103',1733,,12738,24,4,,0
190001029,'1199165',1348,,12739,24,4,,0
190001029,'1199204',1233,,12740,24,4,,0
190001029,'1199210',2003,,12741,24,4,,0
190001029,'1199221',1220,,12742,24,4,,0
190001029,'1199226',1947,,12743,24,4,,0
190001029,'1199256',1230,,12744,24,4,,0
190001029,'1199270',1335,,12745,24,4,,0
190001029,'1199289',1035,,12746,24,4,,0
190001029,'1199303',648,,12747,24,4,,0
190001029,'1199322',1105,,12748,24,4,,0
190001029,'1199332',947,,12749,24,4,,0
190001029,'1199345',1033,,12750,24,4,,0
190001029,'1199364',1520,,12751,24,4,,0
190001029,'1199390',1050,,12752,24,4,,0
190001029,'1199391',1235,,12753,24,4,,0
190001029,'1199399',1318,,12754,24,4,,0
190001029,'1199406',1548,,12755,24,4,,0
190001029,'1199432',1018,,12756,24,4,,0
190001029,'1199451',1003,,12757,24,4,,0
190001029,'1199467',1917,,12758,24,4,,0
190001029,'1199482',1648,,12759,24,4,,0
190001029,'1199489',633,,12760,24,4,,0
190001029,'1199514',1918,,12761,24,4,,0
190001029,'1199524',2217,,12762,24,4,,0
190001029,'1199526',2030,,12763,24,4,,0
190001029,'1199555',833,,12764,24,4,,0
190001029,'1199558',1630,,12765,24,4,,0
190001029,'1199571',2017,,12766,24,4,,0
190001029,'1199594',1618,,12767,24,4,,0
190001029,'1199596',2148,,12768,24,4,,0
190001029,'1199644',918,,12769,24,4,,0
190001029,'1199650',1903,,12770,24,4,,0
