13019,'1196852',1341,,10793,37,,,0
13019,'1196856',1739,,10794,37,,,0
13019,'1196922',638,,10795,11,,,0
13019,'1196999',940,,10796,37,,,0
13019,'1197035',639,,10797,37,,,0
13019,'1197132',1511,,10798,37,,,0
13019,'1197251',1611,,10799,37,,,0
13019,'1197279',739,,10800,37,,,0
13019,'1197353',2309,,10801,37,,,0
13019,'1197357',1839,,10802,37,,,0
13019,'1197451',2239,,10803,37,,,0
13019,'1197487',840,,10804,37,,,0
13019,'1197555',1641,,10805,37,,,0
13019,'1197570',939,,10806,37,,,0
13019,'1197575',1639,,10807,37,,,0
13019,'1197641',2039,,10808,37,,,0
13019,'1197645',1711,,10809,37,,,0
13019,'1197648',709,,10810,37,,,0
13019,'1197690',1639,,10811,37,,,0
13019,'1197692',1741,,10812,37,,,0
13019,'1197730',1441,,10813,37,,,0
13019,'1197762',2414,,10814,37,,,0
13019,'1197803',739,,10815,37,,,0
13019,'1197834',1239,,10816,37,,,0
13019,'1197854',2039,,10817,37,,,0
13019,'1197962',1339,,10818,37,,,0
13019,'1197975',1042,,10819,37,,,0
13019,'1198041',1139,,10820,37,,,0
13019,'1198094',1809,,10821,37,,,0
13019,'1198160',839,,10822,37,,,0
13019,'1198201',1239,,10823,37,,,0
13019,'1198243',1839,,10824,37,,,0
13019,'1198290',2209,,10825,37,,,0
13019,'1198352',739,,10826,37,,,0
13019,'1198355',1909,,10827,37,,,0
13019,'1198382',809,,10828,37,,,0
13019,'1198402',2239,,10829,37,,,0
13019,'1198552',2139,,10830,37,,,0
13019,'1198554',1939,,10831,37,,,0
13019,'1198602',1139,,10832,37,,,0
13019,'1198611',2009,,10833,37,,,0
13019,'1198630',1541,,10834,37,,,0
13019,'1198675',1241,,10835,37,,,0
13019,'1198690',609,,10836,11,,,0
13019,'1198716',1039,,10837,37,,,0
13019,'1198729',1009,,10838,37,,,0
13019,'1198761',1339,,10839,37,,,0
13019,'1198778',939,,10840,37,,,0
13019,'1198837',2339,,10841,37,,,0
13019,'1198874',1141,,10842,37,,,0
13019,'1198888',910,,10843,37,,,0
13019,'1199044',839,,10844,37,,,0
13019,'1199123',1039,,10845,37,,,0
13019,'1199151',1439,,10846,37,,,0
13019,'1199233',1439,,10847,37,,,0
13019,'1199276',1539,,10848,37,,,0
13019,'1199284',2109,,10849,37,,,0
13019,'1199418',1939,,10850,37,,,0
13019,'1199448',1739,,10851,37,,,0
13019,'1199536',2139,,10852,37,,,0
13019,'1199588',2339,,10853,37,,,0
13019,'1199631',1539,,10854,37,,,0
