11019,'1196876',1447,,10548,4,,,0
11019,'1196884',1244,,10549,8,,,0
11019,'1196914',1128,,10550,8,,,0
11019,'1196958',749,,10551,8,,,0
11019,'1197000',1247,,10552,4,,,0
11019,'1197070',1847,,10553,4,,,0
11019,'1197071',1827,,10554,8,,,0
11019,'1197114',913,,10555,8,,,0
11019,'1197185',2247,,10556,4,,,0
11019,'1197191',1444,,10557,8,,,0
11019,'1197229',1359,,10558,8,,,0
11019,'1197234',1659,,10559,8,,,0
11019,'1197264',1729,,10560,8,,,0
11019,'1197274',928,,10561,8,,,0
11019,'1197327',1329,,10562,8,,,0
11019,'1197343',728,,10563,8,,,0
11019,'1197351',1547,,10564,4,,,0
11019,'1197398',1814,,10565,8,,,0
11019,'1197412',2257,,10566,8,,,0
11019,'1197422',1629,,10567,8,,,0
11019,'1197446',2347,,10568,4,,,0
11019,'1197463',658,,10569,8,,,0
11019,'1197502',613,,10570,8,,,0
11019,'1197519',743,,10571,8,,,0
11019,'1197564',2249,,10572,8,,,0
11019,'1197573',1347,,10573,4,,,0
11019,'1197695',1058,,10574,8,,,0
11019,'1197696',758,,10575,8,,,0
11019,'1197753',847,,10576,4,,,0
11019,'1197763',1514,,10577,8,,,0
11019,'1197795',2027,,10578,8,,,0
11019,'1197832',1614,,10579,8,,,0
11019,'1197875',2414,,10580,8,,,0
11019,'1197917',2349,,10581,8,,,0
11019,'1197925',1113,,10582,8,,,0
11019,'1197934',1529,,10583,8,,,0
11019,'1197978',1857,,10584,8,,,0
11019,'1197990',1429,,10585,8,,,0
11019,'1198012',843,,10586,8,,,0
11019,'1198053',949,,10587,8,,,0
11019,'1198076',1957,,10588,8,,,0
11019,'1198113',2057,,10589,8,,,0
11019,'1198146',2227,,10590,8,,,0
11019,'1198266',1949,,10591,8,,,0
11019,'1198296',1647,,10592,4,,,0
11019,'1198337',858,,10593,8,,,0
11019,'1198341',1149,,10594,8,,,0
11019,'1198362',2147,,10595,4,,,0
11019,'1198405',1849,,10596,8,,,0
11019,'1198419',1459,,10597,8,,,0
11019,'1198470',1259,,10598,8,,,0
11019,'1198493',1759,,10599,8,,,0
11019,'1198506',1049,,10600,8,,,0
11019,'1198543',1013,,10601,8,,,0
11019,'1198548',1559,,10602,8,,,0
11019,'1198573',1143,,10603,8,,,0
11019,'1198590',1947,,10604,4,,,0
11019,'1198610',1544,,10605,8,,,0
11019,'1198623',649,,10606,8,,,0
11019,'1198660',1259,,10607,8,,,0
11019,'1198662',1747,,10608,4,,,0
11019,'1198696',1429,,10609,8,,,0
11019,'1198771',1459,,10610,8,,,0
11019,'1198808',943,,10611,8,,,0
11019,'1198843',2047,,10612,4,,,0
11019,'1198927',1043,,10613,8,,,0
11019,'1198951',1714,,10614,8,,,0
11019,'1198978',1927,,10615,8,,,0
11019,'1199022',1229,,10616,8,,,0
11019,'1199024',2149,,10617,8,,,0
11019,'1199026',2157,,10618,8,,,0
11019,'1199059',1559,,10619,8,,,0
11019,'1199060',1344,,10620,8,,,0
11019,'1199064',1759,,10621,8,,,0
11019,'1199091',747,,10622,4,,,0
11019,'1199100',2127,,10623,8,,,0
11019,'1199118',1659,,10624,8,,,0
11019,'1199132',643,,10625,8,,,0
11019,'1199143',1729,,10626,8,,,0
11019,'1199154',1414,,10627,8,,,0
11019,'1199177',1644,,10628,8,,,0
11019,'1199180',2049,,10629,8,,,0
11019,'1199214',713,,10630,8,,,0
11019,'1199225',1529,,10631,8,,,0
11019,'1199227',1147,,10632,4,,,0
11019,'1199229',1359,,10633,8,,,0
11019,'1199253',947,,10634,4,,,0
11019,'1199301',2324,,10635,8,,,0
11019,'1199306',1047,,10636,4,,,0
11019,'1199370',1744,,10637,8,,,0
11019,'1199376',828,,10638,8,,,0
11019,'1199394',849,,10639,8,,,0
11019,'1199403',813,,10640,8,,,0
11019,'1199410',1158,,10641,8,,,0
11019,'1199462',2354,,10642,8,,,0
11019,'1199476',958,,10643,8,,,0
11019,'1199496',1314,,10644,8,,,0
11019,'1199508',1213,,10645,8,,,0
11019,'1199591',1629,,10646,8,,,0
11019,'1199603',1229,,10647,8,,,0
11019,'1199619',1028,,10648,8,,,0
11019,'1199623',1329,,10649,8,,,0
140001019,'1196866',808,,12221,4,,,0
140001019,'1196880',2208,,12222,4,,,0
140001019,'1196896',1023,,12223,4,,,0
140001019,'1196898',2138,,12224,4,,,0
140001019,'1196900',1923,,12225,4,,,0
140001019,'1196905',1857,,12226,4,,,0
140001019,'1196939',2308,,12227,4,,,0
140001019,'1196943',1323,,12228,4,,,0
140001019,'1196945',2333,,12229,4,,,0
140001019,'1196967',638,,12230,4,,,0
140001019,'1197008',1357,,12231,4,,,0
140001019,'1197072',1413,,12232,4,,,0
140001019,'1197075',1538,,12233,4,,,0
140001019,'1197086',1838,,12234,4,,,0
140001019,'1197088',2038,,12235,4,,,0
140001019,'1197102',653,,12236,4,,,0
140001019,'1197146',1553,,12237,4,,,0
140001019,'1197212',1308,,12238,4,,,0
140001019,'1197216',923,,12239,4,,,0
140001019,'1197238',1153,,12240,4,,,0
140001019,'1197266',1453,,12241,4,,,0
140001019,'1197267',1623,,12242,4,,,0
140001019,'1197281',1628,,12243,4,,,0
140001019,'1197287',938,,12244,4,,,0
140001019,'1197324',1558,,12245,4,,,0
140001019,'1197328',1008,,12246,4,,,0
140001019,'1197350',1038,,12247,4,,,0
140001019,'1197407',1408,,12248,4,,,0
140001019,'1197438',1723,,12249,4,,,0
140001019,'1197459',953,,12250,4,,,0
140001019,'1197465',1123,,12251,4,,,0
140001019,'1197470',1738,,12252,4,,,0
140001019,'1197474',1008,,12253,4,,,0
140001019,'1197516',1428,,12254,4,,,0
140001019,'1197563',1823,,12255,4,,,0
140001019,'1197567',1938,,12256,4,,,0
140001019,'1197593',1223,,12257,4,,,0
140001019,'1197607',1643,,12258,4,,,0
140001019,'1197613',1743,,12259,4,,,0
140001019,'1197621',1754,,12260,4,,,0
140001019,'1197622',2023,,12261,4,,,0
140001019,'1197646',1208,,12262,4,,,0
140001019,'1197676',1138,,12263,4,,,0
140001019,'1197685',1023,,12264,4,,,0
140001019,'1197688',1308,,12265,4,,,0
140001019,'1197689',1423,,12266,4,,,0
140001019,'1197693',1728,,12267,4,,,0
140001019,'1197729',1953,,12268,4,,,0
140001019,'1197734',1557,,12269,4,,,0
140001019,'1197741',1323,,12270,4,,,0
140001019,'1197745',1208,,12271,4,,,0
140001019,'1197767',1108,,12272,4,,,0
140001019,'1197797',2008,,12273,4,,,0
140001019,'1197802',853,,12274,4,,,0
140001019,'1197830',908,,12275,4,,,0
140001019,'1197894',1808,,12276,4,,,0
140001019,'1197944',1057,,12277,4,,,0
140001019,'1197964',1253,,12278,4,,,0
140001019,'1197966',1038,,12279,4,,,0
140001019,'1197987',1613,,12280,4,,,0
140001019,'1197988',738,,12281,4,,,0
140001019,'1198009',2053,,12282,4,,,0
140001019,'1198027',2257,,12283,4,,,0
140001019,'1198035',823,,12284,4,,,0
140001019,'1198147',2057,,12285,4,,,0
140001019,'1198155',1153,,12286,4,,,0
140001019,'1198177',2038,,12287,4,,,0
140001019,'1198195',1253,,12288,4,,,0
140001019,'1198235',1653,,12289,4,,,0
140001019,'1198264',1257,,12290,4,,,0
140001019,'1198294',1353,,12291,4,,,0
140001019,'1198302',2008,,12292,4,,,0
140001019,'1198324',1753,,12293,4,,,0
140001019,'1198349',723,,12294,4,,,0
140001019,'1198356',1708,,12295,4,,,0
140001019,'1198378',708,,12296,4,,,0
140001019,'1198384',1123,,12297,4,,,0
140001019,'1198418',1908,,12298,4,,,0
140001019,'1198429',1853,,12299,4,,,0
140001019,'1198452',1757,,12300,4,,,0
140001019,'1198461',838,,12301,4,,,0
140001019,'1198463',1823,,12302,4,,,0
140001019,'1198487',1838,,12303,4,,,0
140001019,'1198515',1223,,12304,4,,,0
140001019,'1198535',1658,,12305,4,,,0
140001019,'1198541',1053,,12306,4,,,0
140001019,'1198549',638,,12307,4,,,0
140001019,'1198579',1638,,12308,4,,,0
140001019,'1198595',2108,,12309,4,,,0
140001019,'1198601',1608,,12310,4,,,0
140001019,'1198665',2308,,12311,4,,,0
140001019,'1198666',757,,12312,4,,,0
140001019,'1198714',1443,,12313,4,,,0
140001019,'1198763',2408,,12314,4,,,0
140001019,'1198766',957,,12315,4,,,0
140001019,'1198781',1808,,12316,4,,,0
140001019,'1198791',1508,,12317,4,,,0
140001019,'1198797',808,,12318,4,,,0
140001019,'1198813',1457,,12319,4,,,0
140001019,'1198814',2357,,12320,4,,,0
140001019,'1198835',1338,,12321,4,,,0
140001019,'1198872',838,,12322,4,,,0
140001019,'1198878',1238,,12323,4,,,0
140001019,'1198900',1458,,12324,4,,,0
140001019,'1198920',2108,,12325,4,,,0
140001019,'1198925',1108,,12326,4,,,0
140001019,'1198926',908,,12327,4,,,0
140001019,'1198932',953,,12328,4,,,0
140001019,'1198964',1713,,12329,4,,,0
140001019,'1198965',1353,,12330,4,,,0
140001019,'1198980',1528,,12331,4,,,0
140001019,'1199018',2408,,12332,4,,,0
140001019,'1199069',2157,,12333,4,,,0
140001019,'1199136',1238,,12334,4,,,0
140001019,'1199170',738,,12335,4,,,0
140001019,'1199213',2338,,12336,4,,,0
140001019,'1199235',857,,12337,4,,,0
140001019,'1199268',753,,12338,4,,,0
140001019,'1199282',1053,,12339,4,,,0
140001019,'1199297',1513,,12340,4,,,0
140001019,'1199319',938,,12341,4,,,0
140001019,'1199330',1853,,12342,4,,,0
140001019,'1199354',1938,,12343,4,,,0
140001019,'1199367',2138,,12344,4,,,0
140001019,'1199377',1157,,12345,4,,,0
140001019,'1199402',1657,,12346,4,,,0
140001019,'1199414',1438,,12347,4,,,0
140001019,'1199449',1138,,12348,4,,,0
140001019,'1199458',1338,,12349,4,,,0
140001019,'1199468',2238,,12350,4,,,0
140001019,'1199492',1543,,12351,4,,,0
140001019,'1199516',2208,,12352,4,,,0
140001019,'1199563',2238,,12353,4,,,0
140001019,'1199606',1523,,12354,4,,,0
140001019,'1199624',1908,,12355,4,,,0
140001019,'1199632',708,,12356,4,,,0
140001019,'1199638',1957,,12357,4,,,0
