101019,'1197003',541,,11803,16,,,0
101019,'1197056',2118,,11804,16,,,0
101019,'1197144',2319,,11805,16,,,0
101019,'1197150',1519,,11806,16,,,0
101019,'1197356',1319,,11807,16,,,0
101019,'1197394',1518,,11808,16,,,0
101019,'1197485',718,,11809,16,,,0
101019,'1197542',1318,,11810,16,,,0
101019,'1197666',1041,,11811,16,,,0
101019,'1197703',2119,,11812,16,,,0
101019,'1197735',1141,,11813,16,,,0
101019,'1197816',1118,,11814,16,,,0
101019,'1197893',741,,11815,16,,,0
101019,'1198002',1719,,11816,16,,,0
101019,'1198014',719,,11817,16,,,0
101019,'1198130',941,,11818,16,,,0
101019,'1198162',1343,,11819,16,,,0
101019,'1198212',1919,,11820,16,,,0
101019,'1198408',2040,,11821,16,,,0
101019,'1198684',918,,11822,16,,,0
101019,'1198907',1918,,11823,16,,,0
101019,'1199079',2241,,11824,16,,,0
101019,'1199178',1743,,11825,16,,,0
101019,'1199186',1543,,11826,16,,,0
101019,'1199279',1718,,11827,16,,,0
101019,'1199401',919,,11828,16,,,0
101019,'1199471',1841,,11829,16,,,0
101019,'1199497',1119,,11830,16,,,0
101019,'1199519',841,,11831,16,,,0
101019,'1199566',1443,,11832,16,,,0
101019,'1199626',1643,,11833,16,,,0
101029,'1196911',807,,11834,46,,,0
101029,'1197033',1850,,11835,46,,,0
101029,'1197060',907,,11836,46,,,0
101029,'1197096',1050,,11837,46,,,0
101029,'1197257',1107,,11838,46,,,0
101029,'1197272',1250,,11839,46,,,0
101029,'1197326',1609,,11840,46,,,0
101029,'1197581',2050,,11841,46,,,0
101029,'1197673',1450,,11842,46,,,0
101029,'1197747',2207,,11843,46,,,0
101029,'1197977',1650,,11844,46,,,0
101029,'1198059',650,,11845,46,,,0
101029,'1198116',1050,,11846,46,,,0
101029,'1198125',850,,11847,46,,,0
101029,'1198200',1250,,11848,46,,,0
101029,'1198251',1007,,11849,46,,,0
101029,'1198346',850,,11850,46,,,0
101029,'1198498',2250,,11851,46,,,0
101029,'1198530',2250,,11852,46,,,0
101029,'1198631',1709,,11853,46,,,0
101029,'1198644',2427,,11854,46,,,0
101029,'1198710',1650,,11855,46,,,0
101029,'1198715',1807,,11856,46,,,0
101029,'1198953',2050,,11857,46,,,0
101029,'1198984',1409,,11858,46,,,0
101029,'1199108',1309,,11859,46,,,0
101029,'1199117',707,,11860,46,,,0
101029,'1199304',1850,,11861,46,,,0
101029,'1199366',1450,,11862,46,,,0
101029,'1199567',2007,,11863,46,,,0
101029,'1199585',1509,,11864,46,,,0
