11019,'1196979',1334,,10448,20,,,0
11019,'1197040',1702,,10449,20,,,0
11019,'1197065',1519,,10450,20,,,0
11019,'1197103',1918,,10451,20,,,0
11019,'1197109',1332,,10452,20,,,0
11019,'1197110',733,,10453,20,,,0
11019,'1197145',2032,,10454,20,,,0
11019,'1197180',1234,,10455,20,,,0
11019,'1197201',948,,10456,20,,,0
11019,'1197211',732,,10457,20,0,5 6,0
11019,'1197221',1634,,10458,20,,,0
11019,'1197227',1219,,10459,20,,,0
11019,'1197254',1549,,10460,20,,,0
11019,'1197259',2332,,10461,20,,,0
11019,'1197278',2348,,10462,20,,,0
11019,'1197283',918,,10463,20,,,0
11019,'1197316',2032,,10464,20,0,5 6,0
11019,'1197320',1832,,10465,20,,,0
11019,'1197325',2248,,10466,20,,,0
11019,'1197329',1032,,10467,20,,,0
11019,'1197333',1003,,10468,20,,,0
11019,'1197344',1948,,10469,20,,,0
11019,'1197354',1118,,10470,20,,,0
11019,'1197406',2232,,10471,20,0,5 6,0
11019,'1197447',2018,,10472,20,,,0
11019,'1197477',2118,,10473,20,,,0
11019,'1197495',1532,,10474,20,,,0
11019,'1197504',2048,,10475,20,,,0
11019,'1197634',832,,10476,20,,,0
11019,'1197652',1148,,10477,20,,,0
11019,'1197663',1319,,10478,20,,,0
11019,'1197722',1719,,10479,20,,,0
11019,'1197727',1818,,10480,20,,,0
11019,'1197728',1632,,10481,20,0,5 6,0
11019,'1197785',932,,10482,20,,,0
11019,'1197855',1848,,10483,20,,,0
11019,'1197865',1649,,10484,20,,,0
11019,'1197880',1502,,10485,20,,,0
11019,'1197889',718,,10486,20,,,0
11019,'1197896',933,,10487,20,,,0
11019,'1197926',1232,,10488,20,0,5 6,0
11019,'1197981',1302,,10489,20,,,0
11019,'1198019',1304,,10490,20,,,0
11019,'1198026',1419,,10491,20,,,0
11019,'1198029',1832,,10492,20,0,5 6,0
11019,'1198038',1732,,10493,20,,,0
11019,'1198149',1132,,10494,20,,,0
11019,'1198166',1532,,10495,20,0,5 6,0
11019,'1198188',1432,,10496,20,0,5 6,0
11019,'1198219',1504,,10497,20,,,0
11019,'1198297',1249,,10498,20,,,0
11019,'1198308',1332,,10499,20,0,5 6,0
11019,'1198327',1734,,10500,20,,,0
11019,'1198365',1032,,10501,20,0,5 6,0
11019,'1198374',732,,10502,20,,,0
11019,'1198401',1932,,10503,20,0,5 6,0
11019,'1198413',2218,,10504,20,,,0
11019,'1198423',1203,,10505,20,,,0
11019,'1198472',848,,10506,20,,,0
11019,'1198605',1132,,10507,20,0,5 6,0
11019,'1198624',1202,,10508,20,,,0
11019,'1198627',2148,,10509,20,,,0
11019,'1198668',903,,10510,20,,,0
11019,'1198671',1434,,10511,20,,,0
11019,'1198695',1619,,10512,20,,,0
11019,'1198698',832,,10513,20,0,5 6,0
11019,'1198701',818,,10514,20,,,0
11019,'1198713',633,,10515,20,,,0
11019,'1198737',1632,,10516,20,,,0
11019,'1198753',2408,,10517,20,,,0
11019,'1198806',1604,,10518,20,,,0
11019,'1198894',748,,10519,20,,,0
11019,'1198896',1404,,10520,20,,,0
11019,'1198957',1704,,10521,20,,,0
11019,'1198963',1232,,10522,20,,,0
11019,'1199015',2332,,10523,20,0,5 6,0
11019,'1199020',1018,,10524,20,,,0
11019,'1199072',1449,,10525,20,,,0
11019,'1199077',803,,10526,20,,,0
11019,'1199162',1534,,10527,20,,,0
11019,'1199164',648,,10528,20,,,0
11019,'1199175',1402,,10529,20,,,0
11019,'1199179',2232,,10530,20,,,0
11019,'1199209',1349,,10531,20,,,0
11019,'1199218',2318,,10532,20,,,0
11019,'1199260',1732,,10533,20,0,5 6,0
11019,'1199285',703,,10534,20,,,0
11019,'1199336',1432,,10535,20,,,0
11019,'1199342',1932,,10536,20,,,0
11019,'1199350',932,,10537,20,0,5 6,0
11019,'1199361',1133,,10538,20,,,0
11019,'1199369',1048,,10539,20,,,0
11019,'1199392',1749,,10540,20,,,0
11019,'1199420',833,,10541,20,,,0
11019,'1199430',2132,,10542,20,,,0
11019,'1199452',1602,,10543,20,,,0
11019,'1199483',1804,,10544,20,,,0
11019,'1199518',1103,,10545,20,,,0
11019,'1199575',2132,,10546,20,0,5 6,0
11019,'1199637',1033,,10547,20,,,0
140001029,'1196879',623,,12358,13,,,0
140001029,'1196954',954,,12359,13,,,0
140001029,'1196975',1025,,12360,13,,,0
140001029,'1196976',2323,,12361,13,,,0
140001029,'1197010',1340,,12362,13,,,0
140001029,'1197038',1110,,12363,13,,,0
140001029,'1197058',1838,,12364,13,,,0
140001029,'1197078',1124,,12365,13,,,0
140001029,'1197099',2253,,12366,13,,,0
140001029,'1197105',2324,,12367,13,,,0
140001029,'1197113',853,,12368,13,,,0
140001029,'1197141',1441,,12369,13,,,0
140001029,'1197155',1739,,12370,13,,,0
140001029,'1197162',938,,12371,13,,,0
140001029,'1197190',1556,,12372,13,,,0
140001029,'1197195',1656,,12373,13,,,0
140001029,'1197198',1356,,12374,13,,,0
140001029,'1197204',924,,12375,13,,,0
140001029,'1197222',1225,,12376,13,,,0
140001029,'1197249',1224,,12377,13,,,0
140001029,'1197271',1939,,12378,13,,,0
140001029,'1197276',1054,,12379,13,,,0
140001029,'1197293',1511,,12380,13,,,0
140001029,'1197305',1524,,12381,13,,,0
140001029,'1197370',1210,,12382,13,,,0
140001029,'1197377',2223,,12383,13,,,0
140001029,'1197379',753,,12384,13,,,0
140001029,'1197386',1824,,12385,13,,,0
140001029,'1197424',2053,,12386,13,,,0
140001029,'1197426',1009,,12387,13,,,0
140001029,'1197432',953,,12388,13,,,0
140001029,'1197460',2223,,12389,13,,,0
140001029,'1197482',624,,12390,13,,,0
140001029,'1197494',2358,,12391,13,,,0
140001029,'1197497',1654,,12392,13,,,0
140001029,'1197568',1324,,12393,13,,,0
140001029,'1197611',2253,,12394,13,,,0
140001029,'1197612',1541,,12395,13,,,0
140001029,'1197619',1823,,12396,13,,,0
140001029,'1197627',838,,12397,13,,,0
140001029,'1197635',2224,,12398,13,,,0
140001029,'1197649',1325,,12399,13,,,0
140001029,'1197658',1924,,12400,13,,,0
140001029,'1197662',1055,,12401,13,,,0
140001029,'1197723',924,,12402,13,,,0
140001029,'1197758',1240,,12403,13,,,0
140001029,'1197776',2024,,12404,13,,,0
140001029,'1197849',2153,,12405,13,,,0
140001029,'1197888',1953,,12406,13,,,0
140001029,'1197928',1424,,12407,13,,,0
140001029,'1197938',1411,,12408,13,,,0
140001029,'1197948',1456,,12409,13,,,0
140001029,'1197957',1609,,12410,13,,,0
140001029,'1197967',1711,,12411,13,,,0
140001029,'1197972',1554,,12412,13,,,0
140001029,'1197983',723,,12413,13,,,0
140001029,'1198007',2123,,12414,13,,,0
140001029,'1198048',738,,12415,13,,,0
140001029,'1198049',708,,12416,13,,,0
140001029,'1198081',1254,,12417,13,,,0
140001029,'1198099',939,,12418,13,,,0
140001029,'1198101',1125,,12419,13,,,0
140001029,'1198102',824,,12420,13,,,0
140001029,'1198131',2024,,12421,13,,,0
140001029,'1198132',1024,,12422,13,,,0
140001029,'1198186',1754,,12423,13,,,0
140001029,'1198207',653,,12424,13,,,0
140001029,'1198209',908,,12425,13,,,0
140001029,'1198299',1154,,12426,13,,,0
140001029,'1198347',638,,12427,13,,,0
140001029,'1198350',1909,,12428,13,,,0
140001029,'1198371',1426,,12429,13,,,0
140001029,'1198391',2039,,12430,13,,,0
140001029,'1198425',2023,,12431,13,,,0
140001029,'1198451',2353,,12432,13,,,0
140001029,'1198469',1624,,12433,13,,,0
140001029,'1198505',1424,,12434,13,,,0
140001029,'1198517',1155,,12435,13,,,0
140001029,'1198540',724,,12436,13,,,0
140001029,'1198546',1024,,12437,13,,,0
140001029,'1198572',1539,,12438,13,,,0
140001029,'1198636',808,,12439,13,,,0
140001029,'1198643',1224,,12440,13,,,0
140001029,'1198645',1724,,12441,13,,,0
140001029,'1198655',754,,12442,13,,,0
140001029,'1198697',854,,12443,13,,,0
140001029,'1198757',1624,,12444,13,,,0
140001029,'1198770',1954,,12445,13,,,0
140001029,'1198787',1611,,12446,13,,,0
140001029,'1198789',1924,,12447,13,,,0
140001029,'1198794',1040,,12448,13,,,0
140001029,'1198796',2153,,12449,13,,,0
140001029,'1198802',1109,,12450,13,,,0
140001029,'1198817',1509,,12451,13,,,0
140001029,'1198824',1140,,12452,13,,,0
140001029,'1198860',1808,,12453,13,,,0
140001029,'1198934',1709,,12454,13,,,0
140001029,'1198970',1741,,12455,13,,,0
140001029,'1198973',923,,12456,13,,,0
140001029,'1198981',1824,,12457,13,,,0
140001029,'1198986',2323,,12458,13,,,0
140001029,'1198999',1339,,12459,13,,,0
140001029,'1199001',724,,12460,13,,,0
140001029,'1199006',823,,12461,13,,,0
140001029,'1199010',1754,,12462,13,,,0
140001029,'1199031',1209,,12463,13,,,0
140001029,'1199086',1010,,12464,13,,,0
140001029,'1199101',654,,12465,13,,,0
140001029,'1199110',1139,,12466,13,,,0
140001029,'1199113',1639,,12467,13,,,0
140001029,'1199128',1039,,12468,13,,,0
140001029,'1199156',1923,,12469,13,,,0
140001029,'1199174',1310,,12470,13,,,0
140001029,'1199189',824,,12471,13,,,0
140001029,'1199191',1809,,12472,13,,,0
140001029,'1199203',2054,,12473,13,,,0
140001029,'1199247',1641,,12474,13,,,0
140001029,'1199259',1839,,12475,13,,,0
140001029,'1199261',1409,,12476,13,,,0
140001029,'1199275',1526,,12477,13,,,0
140001029,'1199283',1324,,12478,13,,,0
140001029,'1199312',1239,,12479,13,,,0
140001029,'1199341',2009,,12480,13,,,0
140001029,'1199351',1309,,12481,13,,,0
140001029,'1199395',1726,,12482,13,,,0
140001029,'1199415',1853,,12483,13,,,0
140001029,'1199446',1854,,12484,13,,,0
140001029,'1199456',1524,,12485,13,,,0
140001029,'1199465',1724,,12486,13,,,0
140001029,'1199469',2123,,12487,13,,,0
140001029,'1199481',1626,,12488,13,,,0
140001029,'1199494',1454,,12489,13,,,0
140001029,'1199502',1354,,12490,13,,,0
140001029,'1199522',1439,,12491,13,,,0
140001029,'1199528',2124,,12492,13,,,0
140001029,'1199569',1124,,12493,13,,,0
140001029,'1199608',1255,,12494,13,,,0
