25029,'1196916',948,,11367,4,,,0
25029,'1196933',1548,,11368,4,,,0
25029,'1196986',1133,,11369,4,,,0
25029,'1197030',2148,,11370,4,,,0
25029,'1197059',647,,11371,4,,,0
25029,'1197302',1848,,11372,4,,,0
25029,'1197319',848,,11373,4,,,0
25029,'1197349',1248,,11374,4,,,0
25029,'1197435',2033,,11375,4,,,0
25029,'1197457',2048,,11376,4,,,0
25029,'1197616',2408,,11377,4,,,0
25029,'1197705',2233,,11378,4,,,0
25029,'1197793',1618,,11379,4,,,0
25029,'1197804',733,,11380,4,,,0
25029,'1197835',1648,,11381,4,,,0
25029,'1197846',918,,11382,4,,,0
25029,'1197932',718,,11383,4,,,0
25029,'1198032',933,,11384,4,,,0
25029,'1198046',1018,,11385,4,,,0
25029,'1198129',1448,,11386,4,,,0
25029,'1198137',2248,,11387,4,,,0
25029,'1198143',1233,,11388,4,,,0
25029,'1198148',1848,,11389,4,,,0
25029,'1198154',1318,,11390,4,,,0
25029,'1198159',748,,11391,4,,,0
25029,'1198222',1933,,11392,4,,,0
25029,'1198225',1548,,11393,4,,,0
25029,'1198233',1718,,11394,4,,,0
25029,'1198344',2148,,11395,4,,,0
25029,'1198370',1448,,11396,4,,,0
25029,'1198438',1218,,11397,4,,,0
25029,'1198503',1648,,11398,4,,,0
25029,'1198561',2333,,11399,4,,,0
25029,'1198597',1048,,11400,4,,,0
25029,'1198609',2048,,11401,4,,,0
25029,'1198649',2133,,11402,4,,,0
25029,'1198679',1748,,11403,4,,,0
25029,'1198692',1148,,11404,4,,,0
25029,'1198706',648,,11405,4,,,0
25029,'1198719',2248,,11406,4,,,0
25029,'1198720',1733,,11407,4,,,0
25029,'1198786',1518,,11408,4,,,0
25029,'1198863',1418,,11409,4,,,0
25029,'1198875',848,,11410,4,,,0
25029,'1198879',1948,,11411,4,,,0
25029,'1198885',1033,,11412,4,,,0
25029,'1198987',1833,,11413,4,,,0
25029,'1198994',1533,,11414,4,,,0
25029,'1199055',747,,11415,4,,,0
25029,'1199102',2347,,11416,4,,,0
25029,'1199182',818,,11417,4,,,0
25029,'1199195',1118,,11418,4,,,0
25029,'1199236',948,,11419,4,,,0
25029,'1199255',1433,,11420,4,,,0
25029,'1199294',1333,,11421,4,,,0
25029,'1199362',1948,,11422,4,,,0
25029,'1199541',1748,,11423,4,,,0
25029,'1199549',1633,,11424,4,,,0
25029,'1199576',1348,,11425,4,,,0
25029,'1199642',833,,11426,4,,,0
26029,'1196873',1803,,11480,13,,,0
26029,'1196910',2303,,11481,13,,,0
26029,'1196913',1119,,11482,13,,,0
26029,'1196977',1619,,11483,13,,,0
26029,'1196980',1018,,11484,13,,,0
26029,'1197179',2019,,11485,13,,,0
26029,'1197404',1248,,11486,13,,,0
26029,'1197498',1918,,11487,13,,,0
26029,'1197625',918,,11488,13,,,0
26029,'1197661',1019,,11489,13,,,0
26029,'1197679',1903,,11490,13,,,0
26029,'1197751',2218,,11491,13,,,0
26029,'1197754',618,,11492,13,,,0
26029,'1197782',1519,,11493,13,,,0
26029,'1197814',2218,,11494,13,,,0
26029,'1197860',818,,11495,13,,,0
26029,'1197884',803,,11496,13,,,0
26029,'1197936',1319,,11497,13,,,0
26029,'1197940',1219,,11498,13,,,0
26029,'1197960',1148,,11499,13,,,0
26029,'1197999',2119,,11500,13,,,0
26029,'1198011',1603,,11501,13,,,0
26029,'1198044',1403,,11502,13,,,0
26029,'1198105',2118,,11503,13,,,0
26029,'1198189',1819,,11504,13,,,0
26029,'1198210',1048,,11505,13,,,0
26029,'1198276',1619,,11506,13,,,0
26029,'1198303',1203,,11507,13,,,0
26029,'1198354',2018,,11508,13,,,0
26029,'1198406',618,,11509,13,,,0
26029,'1198482',1103,,11510,13,,,0
26029,'1198544',1703,,11511,13,,,0
26029,'1198822',2318,,11512,13,,,0
26029,'1198850',1818,,11513,13,,,0
26029,'1198867',1503,,11514,13,,,0
26029,'1198935',718,,11515,13,,,0
26029,'1198937',2003,,11516,13,,,0
26029,'1199008',718,,11517,13,,,0
26029,'1199034',1919,,11518,13,,,0
26029,'1199114',2318,,11519,13,,,0
26029,'1199122',1718,,11520,13,,,0
26029,'1199135',1518,,11521,13,,,0
26029,'1199139',1003,,11522,13,,,0
26029,'1199216',2203,,11523,13,,,0
26029,'1199265',1303,,11524,13,,,0
26029,'1199273',903,,11525,13,,,0
26029,'1199292',1719,,11526,13,,,0
26029,'1199311',1448,,11527,13,,,0
26029,'1199314',1348,,11528,13,,,0
26029,'1199512',2103,,11529,13,,,0
26029,'1199532',918,,11530,13,,,0
26029,'1199605',1419,,11531,13,,,0
26029,'1199628',818,,11532,13,,,0
104029,'1196835',2018,,12074,40,,,0
104029,'1196857',818,,12075,40,,,0
104029,'1196889',819,,12076,40,,,0
104029,'1196928',1803,,12077,40,,,0
104029,'1197002',703,,12078,40,,,0
104029,'1197045',1600,,12079,40,,,0
104029,'1197133',848,,12080,40,,,0
104029,'1197341',1300,,12081,40,,,0
104029,'1197454',1819,,12082,40,,,0
104029,'1197461',733,,12083,40,,,0
104029,'1197467',2219,,12084,40,,,0
104029,'1197481',618,,12085,40,,,0
104029,'1197553',2148,,12086,40,,,0
104029,'1197574',933,,12087,40,,,0
104029,'1197583',2203,,12088,40,,,0
104029,'1197794',1818,,12089,40,,,0
104029,'1197965',1419,,12090,40,,,0
104029,'1197979',1548,,12091,40,,,0
104029,'1198234',1048,,12092,40,,,0
104029,'1198287',1645,,12093,40,,,0
104029,'1198288',1215,,12094,40,,,0
104029,'1198449',1318,,12095,40,,,0
104029,'1198458',1933,,12096,40,,,0
104029,'1198510',1003,,12097,40,,,0
104029,'1198521',818,,12098,40,,,0
104029,'1198558',1703,,12099,40,,,0
104029,'1198578',1730,,12100,40,,,0
104029,'1198686',1430,,12101,40,,,0
104029,'1198694',1515,,12102,40,,,0
104029,'1198755',1019,,12103,40,,,0
104029,'1198909',1219,,12104,40,,,0
104029,'1198979',1203,,12105,40,,,0
104029,'1199045',2318,,12106,40,,,0
104029,'1199127',2318,,12107,40,,,0
104029,'1199159',1345,,12108,40,,,0
104029,'1199181',933,,12109,40,,,0
104029,'1199193',1619,,12110,40,,,0
104029,'1199356',1433,,12111,40,,,0
104029,'1199360',2048,,12112,40,,,0
104029,'1199374',703,,12113,40,,,0
104029,'1199380',1048,,12114,40,,,0
104029,'1199442',1848,,12115,40,,,0
104029,'1199577',2019,,12116,40,,,0
