12029,'1196881',1127,,10722,22,,,0
12029,'1196886',1657,,10723,22,,,0
12029,'1196921',828,,10724,22,,,0
12029,'1196925',1627,,10725,22,,,0
12029,'1197005',2402,,10726,22,,,0
12029,'1197009',2327,,10727,22,,,0
12029,'1197092',1757,,10728,22,,,0
12029,'1197112',857,,10729,22,,,0
12029,'1197136',2257,,10730,22,,,0
12029,'1197164',727,,10731,22,,,0
12029,'1197202',1527,,10732,22,,,0
12029,'1197246',1357,,10733,22,,,0
12029,'1197415',1057,,10734,22,,,0
12029,'1197416',1527,,10735,22,,,0
12029,'1197484',1928,,10736,22,,,0
12029,'1197496',2157,,10737,22,,,0
12029,'1197608',1157,,10738,22,,,0
12029,'1197678',1828,,10739,22,,,0
12029,'1197742',1327,,10740,22,,,0
12029,'1197777',2328,,10741,22,,,0
12029,'1197790',2227,,10742,22,,,0
12029,'1197947',1728,,10743,22,,,0
12029,'1198008',1357,,10744,22,,,0
12029,'1198017',1857,,10745,22,,,0
12029,'1198020',1727,,10746,22,,,0
12029,'1198024',927,,10747,22,,,0
12029,'1198092',1827,,10748,22,,,0
12029,'1198139',1557,,10749,22,,,0
12029,'1198185',1157,,10750,22,,,0
12029,'1198205',827,,10751,22,,,0
12029,'1198239',957,,10752,22,,,0
12029,'1198318',728,,10753,22,,,0
12029,'1198336',1127,,10754,22,,,0
12029,'1198360',1028,,10755,22,,,0
12029,'1198400',727,,10756,22,,,0
12029,'1198511',2228,,10757,22,,,0
12029,'1198528',1528,,10758,22,,,0
12029,'1198538',1427,,10759,22,,,0
12029,'1198556',2057,,10760,22,,,0
12029,'1198681',1927,,10761,22,,,0
12029,'1198731',2027,,10762,22,,,0
12029,'1198732',1327,,10763,22,,,0
12029,'1198745',2128,,10764,22,,,0
12029,'1198748',928,,10765,22,,,0
12029,'1198775',1027,,10766,22,,,0
12029,'1198818',1727,,10767,22,,,0
12029,'1198856',1128,,10768,22,,,0
12029,'1198877',1257,,10769,22,,,0
12029,'1198898',827,,10770,22,,,0
12029,'1198947',627,,10771,22,,,0
12029,'1198959',1227,,10772,22,,,0
12029,'1198976',1657,,10773,22,,,0
12029,'1199093',1457,,10774,22,,,0
12029,'1199207',1457,,10775,22,,,0
12029,'1199281',1328,,10776,22,,,0
12029,'1199325',1627,,10777,22,,,0
12029,'1199340',1057,,10778,22,,,0
12029,'1199357',1427,,10779,22,,,0
12029,'1199382',757,,10780,22,,,0
12029,'1199384',927,,10781,22,,,0
12029,'1199423',1957,,10782,22,,,0
12029,'1199437',1428,,10783,22,,,0
12029,'1199445',2028,,10784,22,,,0
12029,'1199457',1628,,10785,22,,,0
12029,'1199487',1027,,10786,22,,,0
12029,'1199500',657,,10787,22,,,0
12029,'1199501',1557,,10788,22,,,0
12029,'1199531',1227,,10789,22,,,0
12029,'1199556',2127,,10790,22,,,0
12029,'1199590',1257,,10791,22,,,0
12029,'1199639',1228,,10792,22,,,0
