10019,'1196894',2048,,10329,13,,,0
10019,'1196915',1648,,10330,13,,,0
10019,'1196923',1048,,10331,13,,,0
10019,'1197054',2218,,10332,13,,,0
10019,'1197091',1448,,10333,13,,,0
10019,'1197121',1048,,10334,13,,,0
10019,'1197207',948,,10335,13,,,0
10019,'1197335',818,,10336,13,,,0
10019,'1197345',2118,,10337,13,,,0
10019,'1197397',1448,,10338,13,,,0
10019,'1197418',2348,,10339,13,,,0
10019,'1197505',1548,,10340,13,,,0
10019,'1197587',918,,10341,13,,,0
10019,'1197595',1048,,10342,13,,,0
10019,'1197737',1348,,10343,13,,,0
10019,'1197756',1848,,10344,13,,,0
10019,'1197759',1518,,10345,13,,,0
10019,'1197766',2248,,10346,13,,,0
10019,'1197915',1948,,10347,13,,,0
10019,'1197927',748,,10348,13,,,0
10019,'1197935',648,,10349,13,,,0
10019,'1197985',948,,10350,13,,,0
10019,'1198010',1818,,10351,13,,,0
10019,'1198016',1948,,10352,13,,,0
10019,'1198164',648,,10353,13,,,0
10019,'1198167',1548,,10354,13,,,0
10019,'1198226',1348,,10355,13,,,0
10019,'1198257',1448,,10356,13,,,0
10019,'1198280',2318,,10357,13,,,0
10019,'1198300',1548,,10358,13,,,0
10019,'1198361',2148,,10359,13,,,0
10019,'1198366',848,,10360,13,,,0
10019,'1198390',1848,,10361,13,,,0
10019,'1198410',1748,,10362,13,,,0
10019,'1198440',748,,10363,13,,,0
10019,'1198475',1148,,10364,13,,,0
10019,'1198480',2148,,10365,13,,,0
10019,'1198509',619,,10366,13,,,0
10019,'1198520',1248,,10367,13,,,0
10019,'1198542',2348,,10368,13,,,0
10019,'1198583',2248,,10369,13,,,0
10019,'1198726',1918,,10370,13,,,0
10019,'1198809',848,,10371,13,,,0
10019,'1198815',1648,,10372,13,,,0
10019,'1198881',1618,,10373,13,,,0
10019,'1198903',848,,10374,13,,,0
10019,'1198955',1148,,10375,13,,,0
10019,'1198962',1648,,10376,13,,,0
10019,'1198993',1148,,10377,13,,,0
10019,'1199007',2048,,10378,13,,,0
10019,'1199032',1348,,10379,13,,,0
10019,'1199053',1748,,10380,13,,,0
10019,'1199056',1748,,10381,13,,,0
10019,'1199257',1718,,10382,13,,,0
10019,'1199300',1248,,10383,13,,,0
10019,'1199321',948,,10384,13,,,0
10019,'1199323',2018,,10385,13,,,0
10019,'1199353',1248,,10386,13,,,0
10019,'1199424',718,,10387,13,,,0
10019,'1199598',748,,10388,13,,,0
12019,'1196839',2128,,10650,19,,,0
12019,'1196874',1129,,10651,19,,,0
12019,'1196885',1629,,10652,19,,,0
12019,'1196887',1559,,10653,19,,,0
12019,'1196940',1329,,10654,19,,,0
12019,'1196983',1928,,10655,19,,,0
12019,'1197026',2228,,10656,19,,,0
12019,'1197080',1828,,10657,19,,,0
12019,'1197104',1858,,10658,19,,,0
12019,'1197223',1759,,10659,19,,,0
12019,'1197306',1159,,10660,19,,,0
12019,'1197322',758,,10661,19,,,0
12019,'1197334',1629,,10662,19,,,0
12019,'1197339',1758,,10663,19,,,0
12019,'1197433',958,,10664,19,,,0
12019,'1197490',1659,,10665,19,,,0
12019,'1197525',1559,,10666,19,,,0
12019,'1197602',858,,10667,19,,,0
12019,'1197615',1229,,10668,19,,,0
12019,'1197664',1759,,10669,19,,,0
12019,'1197701',2358,,10670,19,,,0
12019,'1197765',2358,,10671,19,,,0
12019,'1197813',1059,,10672,19,,,0
12019,'1197824',1258,,10673,19,,,0
12019,'1197891',2058,,10674,19,,,0
12019,'1197911',1958,,10675,19,,,0
12019,'1197945',1858,,10676,19,,,0
12019,'1197989',1459,,10677,19,,,0
12019,'1197991',1158,,10678,19,,,0
12019,'1198031',658,,10679,19,,,0
12019,'1198072',1358,,10680,19,,,0
12019,'1198097',1558,,10681,19,,,0
12019,'1198121',1659,,10682,19,,,0
12019,'1198127',1059,,10683,19,,,0
12019,'1198171',2158,,10684,19,,,0
12019,'1198224',2258,,10685,19,,,0
12019,'1198250',1329,,10686,19,,,0
12019,'1198260',1429,,10687,19,,,0
12019,'1198263',928,,10688,19,,,0
12019,'1198283',1529,,10689,19,,,0
12019,'1198358',1458,,10690,19,,,0
12019,'1198421',858,,10691,19,,,0
12019,'1198427',1229,,10692,19,,,0
12019,'1198442',1729,,10693,19,,,0
12019,'1198497',2158,,10694,19,,,0
12019,'1198582',858,,10695,19,,,0
12019,'1198588',628,,10696,19,,,0
12019,'1198592',1729,,10697,19,,,0
12019,'1198618',1058,,10698,19,,,0
12019,'1198712',1159,,10699,19,,,0
12019,'1198727',1359,,10700,19,,,0
12019,'1198773',1359,,10701,19,,,0
12019,'1198774',1129,,10702,19,,,0
12019,'1198819',2328,,10703,19,,,0
12019,'1198842',958,,10704,19,,,0
12019,'1198884',1958,,10705,19,,,0
12019,'1198912',758,,10706,19,,,0
12019,'1198945',958,,10707,19,,,0
12019,'1199167',728,,10708,19,,,0
12019,'1199197',2058,,10709,19,,,0
12019,'1199223',1259,,10710,19,,,0
12019,'1199224',700,,10711,19,,,0
12019,'1199251',1028,,10712,19,,,0
12019,'1199291',1529,,10713,19,,,0
12019,'1199315',1259,,10714,19,,,0
12019,'1199416',2258,,10715,19,,,0
12019,'1199495',1429,,10716,19,,,0
12019,'1199513',828,,10717,19,,,0
12019,'1199578',1459,,10718,19,,,0
12019,'1199610',2028,,10719,19,,,0
12019,'1199616',758,,10720,19,,,0
12019,'1199625',1658,,10721,19,,,0
