3029,'1196871',633,,10230,5,,,0
3029,'1196875',2347,,10231,5,,,0
3029,'1196902',1534,,10232,5,,,0
3029,'1196918',1133,,10233,5,,,0
3029,'1196929',747,,10234,5,,,0
3029,'1197004',2133,,10235,5,,,0
3029,'1197012',1434,,10236,5,,,0
3029,'1197066',1847,,10237,5,,,0
3029,'1197101',1303,,10238,5,,,0
3029,'1197253',1547,,10239,5,,,0
3029,'1197290',803,,10240,5,,,0
3029,'1197380',2147,,10241,5,,,0
3029,'1197402',1603,,10242,5,,,0
3029,'1197413',2033,,10243,5,,,0
3029,'1197417',1047,,10244,5,,,0
3029,'1197427',2203,,10245,5,,,0
3029,'1197507',2333,,10246,5,,,0
3029,'1197510',1803,,10247,5,,,0
3029,'1197558',1003,,10248,5,,,0
3029,'1197601',933,,10249,5,,,0
3029,'1197654',1147,,10250,5,,,0
3029,'1197697',1203,,10251,5,,,0
3029,'1197823',1233,,10252,5,,,0
3029,'1197828',1403,,10253,5,,,0
3029,'1197856',1634,,10254,5,,,0
3029,'1197870',1333,,10255,5,,,0
3029,'1197895',2103,,10256,5,,,0
3029,'1197903',1933,,10257,5,,,0
3029,'1197920',1247,,10258,5,,,0
3029,'1197958',2233,,10259,5,,,0
3029,'1197998',2133,,10260,5,,,0
3029,'1198039',1647,,10261,5,,,0
3029,'1198070',1733,,10262,5,,,0
3029,'1198115',947,,10263,5,,,0
3029,'1198165',1747,,10264,5,,,0
3029,'1198246',1533,,10265,5,,,0
3029,'1198281',1734,,10266,5,,,0
3029,'1198295',733,,10267,5,,,0
3029,'1198310',2233,,10268,5,,,0
3029,'1198321',1033,,10269,5,,,0
3029,'1198363',1234,,10270,5,,,0
3029,'1198395',733,,10271,5,,,0
3029,'1198434',1503,,10272,5,,,0
3029,'1198445',1134,,10273,5,,,0
3029,'1198462',2033,,10274,5,,,0
3029,'1198484',2247,,10275,5,,,0
3029,'1198500',1703,,10276,5,,,0
3029,'1198518',933,,10277,5,,,0
3029,'1198562',1347,,10278,5,,,0
3029,'1198577',1433,,10279,5,,,0
3029,'1198614',633,,10280,5,,,0
3029,'1198734',1833,,10281,5,,,0
3029,'1198836',833,,10282,5,,,0
3029,'1198936',1447,,10283,5,,,0
3029,'1198983',2047,,10284,5,,,0
3029,'1199061',833,,10285,5,,,0
3029,'1199094',1933,,10286,5,,,0
3029,'1199112',2330,,10287,5,,,0
3029,'1199231',1947,,10288,5,,,0
3029,'1199421',1633,,10289,5,,,0
3029,'1199431',1033,,10290,5,,,0
3029,'1199453',1833,,10291,5,,,0
3029,'1199460',1334,,10292,5,,,0
3029,'1199521',903,,10293,5,,,0
3029,'1199533',1903,,10294,5,,,0
3029,'1199547',703,,10295,5,,,0
3029,'1199601',1103,,10296,5,,,0
3029,'1199629',847,,10297,5,,,0
3029,'1199646',2003,,10298,5,,,0
4029,'1196947',1728,,10314,5,,,0
4029,'1196960',1428,,10315,5,,,0
4029,'1197081',1628,,10316,5,,,0
4029,'1197217',1658,,10317,5,,,0
4029,'1197243',828,,10318,5,,,0
4029,'1197423',1358,,10319,5,,,0
4029,'1198231',1758,,10320,5,,,0
4029,'1198271',1528,,10321,5,,,0
4029,'1198399',758,,10322,5,,,0
4029,'1198606',958,,10323,5,,,0
4029,'1198651',1458,,10324,5,,,0
4029,'1199058',728,,10325,5,,,0
4029,'1199062',858,,10326,5,,,0
4029,'1199498',1558,,10327,5,,,0
4029,'1199611',928,,10328,5,,,0
