14029,'1196849',1734,,10975,38,,,0
14029,'1196912',804,,10976,38,,,0
14029,'1197024',1534,,10977,38,,,0
14029,'1197041',2334,,10978,38,,,0
14029,'1197050',1632,,10979,38,,,0
14029,'1197119',1735,,10980,38,,,0
14029,'1197130',2232,,10981,38,,,0
14029,'1197219',1532,,10982,38,,,0
14029,'1197237',1332,,10983,38,,,0
14029,'1197250',634,,10984,38,,,0
14029,'1197265',1804,,10985,38,,,0
14029,'1197310',2234,,10986,38,,,0
14029,'1197323',1334,,10987,38,,,0
14029,'1197440',2132,,10988,38,,,0
14029,'1197456',1535,,10989,38,,,0
14029,'1197472',1132,,10990,38,,,0
14029,'1197493',1904,,10991,38,,,0
14029,'1197512',1635,,10992,38,,,0
14029,'1197515',1434,,10993,38,,,0
14029,'1197597',734,,10994,38,,,0
14029,'1197605',2304,,10995,38,,,0
14029,'1197639',1232,,10996,38,,,0
14029,'1197699',2004,,10997,38,,,0
14029,'1197717',1732,,10998,38,,,0
14029,'1197738',1032,,10999,38,,,0
14029,'1197809',1634,,11000,38,,,0
14029,'1197863',2409,,11001,38,,,0
14029,'1197882',1432,,11002,38,,,0
14029,'1197961',1234,,11003,38,,,0
14029,'1198040',1034,,11004,38,,,0
14029,'1198078',1134,,11005,38,,,0
14029,'1198100',904,,11006,38,,,0
14029,'1198198',2204,,11007,38,,,0
14029,'1198204',2104,,11008,38,,,0
14029,'1198269',704,,11009,38,,,0
14029,'1198326',932,,11010,38,,,0
14029,'1198404',734,,11011,38,,,0
14029,'1198426',2134,,11012,38,,,0
14029,'1198570',834,,11013,38,,,0
14029,'1198612',2332,,11014,38,,,0
14029,'1198728',832,,11015,38,,,0
14029,'1198772',1834,,11016,38,,,0
14029,'1198830',934,,11017,38,,,0
14029,'1198941',1135,,11018,38,,,0
14029,'1198956',1435,,11019,38,,,0
14029,'1199040',2034,,11020,38,,,0
14029,'1199065',1235,,11021,38,,,0
14029,'1199076',1832,,11022,38,,,0
14029,'1199083',1705,,11023,38,,,0
14029,'1199184',934,,11024,38,,,0
14029,'1199200',834,,11025,38,,,0
14029,'1199222',1605,,11026,38,,,0
14029,'1199266',1335,,11027,38,,,0
14029,'1199447',1934,,11028,38,,,0
14029,'1199472',2032,,11029,38,,,0
14029,'1199520',1035,,11030,38,,,0
14029,'1199554',732,,11031,38,,,0
14029,'1199573',1932,,11032,38,,,0
14029,'1199643',1505,,11033,38,,,0
