13019,'1196852',1327,,10793,18,,,0
13019,'1196856',1726,,10794,18,,,0
13019,'1196999',926,,10796,18,,,0
13019,'1197035',626,,10797,18,,,0
13019,'1197132',1457,,10798,18,,,0
13019,'1197251',1557,,10799,18,,,0
13019,'1197279',727,,10800,18,,,0
13019,'1197353',2256,,10801,18,,,0
13019,'1197357',1827,,10802,18,,,0
13019,'1197451',2226,,10803,18,,,0
13019,'1197487',826,,10804,18,,,0
13019,'1197555',1627,,10805,18,,,0
13019,'1197570',927,,10806,18,,,0
13019,'1197575',1627,,10807,18,,,0
13019,'1197641',2027,,10808,18,,,0
13019,'1197645',1657,,10809,18,,,0
13019,'1197648',656,,10810,18,,,0
13019,'1197690',1626,,10811,18,,,0
13019,'1197692',1727,,10812,18,,,0
13019,'1197730',1427,,10813,18,,,0
13019,'1197762',2401,,10814,18,,,0
13019,'1197803',726,,10815,18,,,0
13019,'1197834',1226,,10816,18,,,0
13019,'1197854',2026,,10817,18,,,0
13019,'1197962',1326,,10818,18,,,0
13019,'1197975',1027,,10819,18,,,0
13019,'1198041',1126,,10820,18,,,0
13019,'1198094',1756,,10821,18,,,0
13019,'1198160',826,,10822,18,,,0
13019,'1198201',1227,,10823,18,,,0
13019,'1198243',1826,,10824,18,,,0
13019,'1198290',2156,,10825,18,,,0
13019,'1198352',726,,10826,18,,,0
13019,'1198355',1856,,10827,18,,,0
13019,'1198382',756,,10828,18,,,0
13019,'1198402',2227,,10829,18,,,0
13019,'1198552',2127,,10830,18,,,0
13019,'1198554',1926,,10831,18,,,0
13019,'1198602',1127,,10832,18,,,0
13019,'1198611',1956,,10833,18,,,0
13019,'1198630',1527,,10834,18,,,0
13019,'1198675',1227,,10835,18,,,0
13019,'1198716',1026,,10837,18,,,0
13019,'1198729',956,,10838,18,,,0
13019,'1198761',1327,,10839,18,,,0
13019,'1198778',926,,10840,18,,,0
13019,'1198837',2327,,10841,18,,,0
13019,'1198874',1127,,10842,18,,,0
13019,'1198888',856,,10843,18,,,0
13019,'1199044',827,,10844,18,,,0
13019,'1199123',1027,,10845,18,,,0
13019,'1199151',1427,,10846,18,,,0
13019,'1199233',1426,,10847,18,,,0
13019,'1199276',1526,,10848,18,,,0
13019,'1199284',2056,,10849,18,,,0
13019,'1199418',1927,,10850,18,,,0
13019,'1199448',1727,,10851,18,,,0
13019,'1199536',2126,,10852,18,,,0
13019,'1199588',2326,,10853,18,,,0
13019,'1199631',1527,,10854,18,,,0
