10029,'1196869',1021,,10389,13,,,0
10029,'1196944',1851,,10390,13,,,0
10029,'1196948',1521,,10391,13,,,0
10029,'1197007',651,,10392,13,,,0
10029,'1197053',1321,,10393,13,,,0
10029,'1197093',1121,,10394,13,,,0
10029,'1197160',1721,,10395,13,,,0
10029,'1197269',1821,,10396,13,,,0
10029,'1197314',2151,,10397,13,,,0
10029,'1197362',2021,,10398,13,,,0
10029,'1197385',821,,10399,13,,,0
10029,'1197414',1421,,10400,13,,,0
10029,'1197492',1651,,10401,13,,,0
10029,'1197523',2221,,10402,13,,,0
10029,'1197565',621,,10403,13,,,0
10029,'1197669',821,,10404,13,,,0
10029,'1197675',2121,,10405,13,,,0
10029,'1197822',1721,,10406,13,,,0
10029,'1197831',1721,,10407,13,,,0
10029,'1197885',2021,,10408,13,,,0
10029,'1197887',1551,,10409,13,,,0
10029,'1197892',1221,,10410,13,,,0
10029,'1197908',2221,,10411,13,,,0
10029,'1197916',2251,,10412,13,,,0
10029,'1197980',2356,,10413,13,,,0
10029,'1198080',1621,,10414,13,,,0
10029,'1198150',1621,,10415,13,,,0
10029,'1198170',1121,,10416,13,,,0
10029,'1198181',1751,,10417,13,,,0
10029,'1198232',1521,,10418,13,,,0
10029,'1198314',1921,,10419,13,,,0
10029,'1198351',1221,,10420,13,,,0
10029,'1198466',2051,,10421,13,,,0
10029,'1198481',1421,,10422,13,,,0
10029,'1198536',1221,,10423,13,,,0
10029,'1198550',1621,,10424,13,,,0
10029,'1198565',2321,,10425,13,,,0
10029,'1198676',721,,10426,13,,,0
10029,'1198703',721,,10427,13,,,0
10029,'1198735',1021,,10428,13,,,0
10029,'1198754',1321,,10429,13,,,0
10029,'1198767',1121,,10430,13,,,0
10029,'1198887',851,,10431,13,,,0
10029,'1198905',1421,,10432,13,,,0
10029,'1198933',821,,10433,13,,,0
10029,'1199013',721,,10434,13,,,0
10029,'1199068',1021,,10435,13,,,0
10029,'1199078',1821,,10436,13,,,0
10029,'1199088',1951,,10437,13,,,0
10029,'1199134',1321,,10438,13,,,0
10029,'1199161',2321,,10439,13,,,0
10029,'1199245',1921,,10440,13,,,0
10029,'1199274',921,,10441,13,,,0
10029,'1199375',1451,,10442,13,,,0
10029,'1199396',751,,10443,13,,,0
10029,'1199411',2121,,10444,13,,,0
10029,'1199422',921,,10445,13,,,0
10029,'1199613',921,,10446,13,,,0
10029,'1199633',1521,,10447,13,,,0
