27019,'1196842',1901,,11533,8,,,0
27019,'1196846',1646,,11534,8,,,0
27019,'1196878',946,,11535,8,,,0
27019,'1196919',1401,,11536,8,,,0
27019,'1196930',2116,,11537,8,,,0
27019,'1197039',846,,11538,8,,,0
27019,'1197044',1546,,11539,8,,,0
27019,'1197171',2316,,11540,8,,,0
27019,'1197352',946,,11541,8,,,0
27019,'1197376',1046,,11542,8,,,0
27019,'1197425',846,,11543,8,,,0
27019,'1197453',1916,,11544,8,,,0
27019,'1197540',2346,,11545,8,,,0
27019,'1197614',646,,11546,8,,,0
27019,'1197700',1001,,11547,8,,,0
27019,'1197712',1146,,11548,8,,,0
27019,'1197781',1746,,11549,8,,,0
27019,'1197786',1446,,11550,8,,,0
27019,'1197791',2216,,11551,8,,,0
27019,'1197796',1046,,11552,8,,,0
27019,'1197826',1101,,11553,8,,,0
27019,'1197858',2246,,11554,8,,,0
27019,'1197876',1146,,11555,8,,,0
27019,'1197898',901,,11556,8,,,0
27019,'1197907',1346,,11557,8,,,0
27019,'1197930',2101,,11558,8,,,0
27019,'1197969',2201,,11559,8,,,0
27019,'1197974',2146,,11560,8,,,0
27019,'1198068',1246,,11561,8,,,0
27019,'1198176',2016,,11562,8,,,0
27019,'1198217',1601,,11563,8,,,0
27019,'1198254',2301,,11564,8,,,0
27019,'1198284',2046,,11565,8,,,0
27019,'1198330',1701,,11566,8,,,0
27019,'1198516',1946,,11567,8,,,0
27019,'1198596',646,,11568,8,,,0
27019,'1198639',746,,11569,8,,,0
27019,'1198652',1646,,11570,8,,,0
27019,'1198762',1801,,11571,8,,,0
27019,'1198768',1501,,11572,8,,,0
27019,'1198893',1201,,11573,8,,,0
27019,'1198985',801,,11574,8,,,0
27019,'1199071',1446,,11575,8,,,0
27019,'1199163',746,,11576,8,,,0
27019,'1199201',1846,,11577,8,,,0
27019,'1199293',1746,,11578,8,,,0
27019,'1199295',1846,,11579,8,,,0
27019,'1199302',1246,,11580,8,,,0
27019,'1199381',2001,,11581,8,,,0
27019,'1199443',1346,,11582,8,,,0
27019,'1199543',1301,,11583,8,,,0
27019,'1199599',1546,,11584,8,,,0
