14019,'1196890',1816,,10916,7,,,0
14019,'1196970',2046,,10917,7,,,0
14019,'1196984',1344,,10918,7,,,0
14019,'1197073',2146,,10919,7,,,0
14019,'1197090',744,,10920,7,,,0
14019,'1197106',1717,,10921,7,,,0
14019,'1197152',1547,,10922,7,,,0
14019,'1197163',1646,,10923,7,,,0
14019,'1197189',1944,,10924,7,,,0
14019,'1197473',946,,10925,7,,,0
14019,'1197576',1144,,10926,7,,,0
14019,'1197578',1844,,10927,7,,,0
14019,'1197606',844,,10928,7,,,0
14019,'1197719',1546,,10929,7,,,0
14019,'1197768',1647,,10930,7,,,0
14019,'1197774',1246,,10931,7,,,0
14019,'1197807',646,,10932,7,,,0
14019,'1197857',1244,,10933,7,,,0
14019,'1197872',746,,10934,7,,,0
14019,'1197899',2316,,10935,7,,,0
14019,'1197912',1644,,10936,7,,,0
14019,'1197929',1346,,10937,7,,,0
14019,'1197946',1946,,10938,7,,,0
14019,'1198043',2346,,10939,7,,,0
14019,'1198056',1916,,10940,7,,,0
14019,'1198057',646,,10941,7,,,0
14019,'1198062',1544,,10942,7,,,0
14019,'1198118',2016,,10943,7,,,0
14019,'1198151',1444,,10944,7,,,0
14019,'1198161',1447,,10945,7,,,0
14019,'1198262',1446,,10946,7,,,0
14019,'1198285',2246,,10947,7,,,0
14019,'1198312',946,,10948,7,,,0
14019,'1198386',1846,,10949,7,,,0
14019,'1198412',1147,,10950,7,,,0
14019,'1198436',846,,10951,7,,,0
14019,'1198460',1047,,10952,7,,,0
14019,'1198507',846,,10953,7,,,0
14019,'1198513',1247,,10954,7,,,0
14019,'1198539',1046,,10955,7,,,0
14019,'1198751',2044,,10956,7,,,0
14019,'1198810',2344,,10957,7,,,0
14019,'1198859',1517,,10958,7,,,0
14019,'1198869',916,,10959,7,,,0
14019,'1198890',2144,,10960,7,,,0
14019,'1199036',716,,10961,7,,,0
14019,'1199048',746,,10962,7,,,0
14019,'1199075',816,,10963,7,,,0
14019,'1199084',1044,,10964,7,,,0
14019,'1199131',2116,,10965,7,,,0
14019,'1199280',2244,,10966,7,,,0
14019,'1199286',944,,10967,7,,,0
14019,'1199393',1347,,10968,7,,,0
14019,'1199441',1617,,10969,7,,,0
14019,'1199444',1746,,10970,7,,,0
14019,'1199523',1744,,10971,7,,,0
14019,'1199538',1747,,10972,7,,,0
14019,'1199568',2216,,10973,7,,,0
14019,'1199582',1146,,10974,7,,,0
29019,'1196845',1224,,11755,7,,,0
29019,'1197023',939,,11756,7,,,0
29019,'1197248',1924,,11757,7,,,0
29019,'1197445',1139,,11758,7,,,0
29019,'1197468',1439,,11759,7,,,0
29019,'1197869',1124,,11760,7,,,0
29019,'1197959',924,,11761,7,,,0
29019,'1198305',1239,,11762,7,,,0
29019,'1198397',1539,,11763,7,,,0
29019,'1198428',824,,11764,7,,,0
29019,'1198456',2324,,11765,7,,,0
29019,'1198533',1524,,11766,7,,,0
29019,'1198557',2124,,11767,7,,,0
29019,'1198961',1624,,11768,7,,,0
29019,'1199000',1824,,11769,7,,,0
29019,'1199017',1424,,11770,7,,,0
29019,'1199038',724,,11771,7,,,0
29019,'1199080',1724,,11772,7,,,0
29019,'1199158',2024,,11773,7,,,0
29019,'1199278',1039,,11774,7,,,0
29019,'1199317',1339,,11775,7,,,0
29019,'1199409',1024,,11776,7,,,0
29019,'1199455',2224,,11777,7,,,0
29019,'1199486',1324,,11778,7,,,0
