25029,'1196916',948,,11367,3,,,0
25029,'1196933',1548,,11368,3,,,0
25029,'1196986',1132,,11369,3,,,0
25029,'1197030',2148,,11370,3,,,0
25029,'1197059',647,,11371,3,,,0
25029,'1197302',1848,,11372,3,,,0
25029,'1197319',848,,11373,3,,,0
25029,'1197349',1248,,11374,3,,,0
25029,'1197435',2032,,11375,3,,,0
25029,'1197457',2048,,11376,3,,,0
25029,'1197616',2408,,11377,3,,,0
25029,'1197705',2232,,11378,3,,,0
25029,'1197793',1618,,11379,3,,,0
25029,'1197804',732,,11380,3,,,0
25029,'1197835',1648,,11381,3,,,0
25029,'1197846',918,,11382,3,,,0
25029,'1197932',718,,11383,3,,,0
25029,'1198032',932,,11384,3,,,0
25029,'1198046',1018,,11385,3,,,0
25029,'1198129',1448,,11386,3,,,0
25029,'1198137',2248,,11387,3,,,0
25029,'1198143',1232,,11388,3,,,0
25029,'1198148',1848,,11389,3,,,0
25029,'1198154',1318,,11390,3,,,0
25029,'1198159',748,,11391,3,,,0
25029,'1198222',1932,,11392,3,,,0
25029,'1198225',1548,,11393,3,,,0
25029,'1198233',1718,,11394,3,,,0
25029,'1198344',2148,,11395,3,,,0
25029,'1198370',1448,,11396,3,,,0
25029,'1198438',1218,,11397,3,,,0
25029,'1198503',1648,,11398,3,,,0
25029,'1198561',2332,,11399,3,,,0
25029,'1198597',1048,,11400,3,,,0
25029,'1198609',2048,,11401,3,,,0
25029,'1198649',2132,,11402,3,,,0
25029,'1198679',1748,,11403,3,,,0
25029,'1198692',1148,,11404,3,,,0
25029,'1198706',648,,11405,3,,,0
25029,'1198719',2248,,11406,3,,,0
25029,'1198720',1732,,11407,3,,,0
25029,'1198786',1518,,11408,3,,,0
25029,'1198863',1418,,11409,3,,,0
25029,'1198875',848,,11410,3,,,0
25029,'1198879',1948,,11411,3,,,0
25029,'1198885',1032,,11412,3,,,0
25029,'1198987',1832,,11413,3,,,0
25029,'1198994',1532,,11414,3,,,0
25029,'1199055',747,,11415,3,,,0
25029,'1199102',2347,,11416,3,,,0
25029,'1199182',818,,11417,3,,,0
25029,'1199195',1118,,11418,3,,,0
25029,'1199236',948,,11419,3,,,0
25029,'1199255',1432,,11420,3,,,0
25029,'1199294',1332,,11421,3,,,0
25029,'1199362',1948,,11422,3,,,0
25029,'1199541',1748,,11423,3,,,0
25029,'1199549',1632,,11424,3,,,0
25029,'1199576',1348,,11425,3,,,0
25029,'1199642',832,,11426,3,,,0
