2,2019,'1196937',9945
2,2019,'1196952',9946
2,2019,'1196959',9947
2,2019,'1196966',9948
2,2019,'1196990',9949
2,2019,'1196992',9950
2,2019,'1196993',9951
2,2019,'1197022',9952
2,2019,'1197046',9953
2,2019,'1197068',9954
2,2019,'1197140',9955
2,2019,'1197142',9956
2,2019,'1197156',9957
2,2019,'1197159',9958
2,2019,'1197165',9959
2,2019,'1197200',9960
2,2019,'1197205',9961
2,2019,'1197230',9962
2,2019,'1197258',9963
2,2019,'1197273',9964
2,2019,'1197277',9965
2,2019,'1197304',9966
2,2019,'1197311',9967
2,2019,'1197384',9968
2,2019,'1197388',9969
2,2019,'1197409',9970
2,2019,'1197517',9971
2,2019,'1197526',9972
2,2019,'1197532',9973
2,2019,'1197541',9974
2,2019,'1197604',9975
2,2019,'1197630',9976
2,2019,'1197631',9977
2,2019,'1197670',9978
2,2019,'1197671',9979
2,2019,'1197694',9980
2,2019,'1197780',9981
2,2019,'1197798',9982
2,2019,'1197818',9983
2,2019,'1197842',9984
2,2019,'1197864',9985
2,2019,'1197879',9986
2,2019,'1197881',9987
2,2019,'1197904',9988
2,2019,'1197931',9989
2,2019,'1197939',9990
2,2019,'1197952',9991
2,2019,'1197970',9992
2,2019,'1197994',9993
2,2019,'1198000',9994
2,2019,'1198018',9995
2,2019,'1198034',9996
2,2019,'1198058',9997
2,2019,'1198063',9998
2,2019,'1198138',9999
2,2019,'1198180',10000
2,2019,'1198182',10001
2,2019,'1198197',10002
2,2019,'1198230',10003
2,2019,'1198247',10004
2,2019,'1198270',10005
2,2019,'1198273',10006
2,2019,'1198286',10007
2,2019,'1198328',10008
2,2019,'1198368',10009
2,2019,'1198379',10010
2,2019,'1198387',10011
2,2019,'1198392',10012
2,2019,'1198443',10013
2,2019,'1198453',10014
2,2019,'1198468',10015
2,2019,'1198483',10016
2,2019,'1198564',10017
2,2019,'1198584',10018
2,2019,'1198637',10019
2,2019,'1198722',10020
2,2019,'1198740',10021
2,2019,'1198744',10022
2,2019,'1198846',10023
2,2019,'1198873',10024
2,2019,'1198904',10025
2,2019,'1198940',10026
2,2019,'1199047',10027
2,2019,'1199073',10028
2,2019,'1199085',10029
2,2019,'1199096',10030
2,2019,'1199176',10031
2,2019,'1199234',10032
2,2019,'1199238',10033
2,2019,'1199242',10034
2,2019,'1199272',10035
2,2019,'1199326',10036
2,2019,'1199327',10037
2,2019,'1199334',10038
2,2019,'1199352',10039
2,2019,'1199368',10040
2,2019,'1199372',10041
2,2019,'1199378',10042
2,2019,'1199438',10043
2,2019,'1199439',10044
2,2019,'1199485',10045
2,2019,'1199505',10046
2,2019,'1199525',10047
2,2019,'1199540',10048
2,2019,'1199630',10049
2,2019,'1199652',10050
2,2029,'1196924',10051
2,2029,'1196985',10052
2,2029,'1196991',10053
2,2029,'1197028',10054
2,2029,'1197134',10055
2,2029,'1197139',10056
2,2029,'1197143',10057
2,2029,'1197168',10058
2,2029,'1197170',10059
2,2029,'1197175',10060
2,2029,'1197208',10061
2,2029,'1197209',10062
2,2029,'1197218',10063
2,2029,'1197261',10064
2,2029,'1197268',10065
2,2029,'1197282',10066
2,2029,'1197288',10067
2,2029,'1197331',10068
2,2029,'1197332',10069
2,2029,'1197367',10070
2,2029,'1197375',10071
2,2029,'1197411',10072
2,2029,'1197419',10073
2,2029,'1197430',10074
2,2029,'1197437',10075
2,2029,'1197491',10076
2,2029,'1197508',10077
2,2029,'1197527',10078
2,2029,'1197534',10079
2,2029,'1197599',10080
2,2029,'1197642',10081
2,2029,'1197644',10082
2,2029,'1197647',10083
2,2029,'1197651',10084
2,2029,'1197655',10085
2,2029,'1197665',10086
2,2029,'1197667',10087
2,2029,'1197739',10088
2,2029,'1197769',10089
2,2029,'1197800',10090
2,2029,'1197808',10091
2,2029,'1197821',10092
2,2029,'1197871',10093
2,2029,'1197901',10094
2,2029,'1197910',10095
2,2029,'1198003',10096
2,2029,'1198023',10097
2,2029,'1198042',10098
2,2029,'1198045',10099
2,2029,'1198089',10100
2,2029,'1198144',10101
2,2029,'1198156',10102
2,2029,'1198168',10103
2,2029,'1198184',10104
2,2029,'1198213',10105
2,2029,'1198215',10106
2,2029,'1198275',10107
2,2029,'1198291',10108
2,2029,'1198335',10109
2,2029,'1198359',10110
2,2029,'1198433',10111
2,2029,'1198455',10112
2,2029,'1198473',10113
2,2029,'1198494',10114
2,2029,'1198537',10115
2,2029,'1198581',10116
2,2029,'1198603',10117
2,2029,'1198608',10118
2,2029,'1198619',10119
2,2029,'1198682',10120
2,2029,'1198743',10121
2,2029,'1198838',10122
2,2029,'1198840',10123
2,2029,'1198841',10124
2,2029,'1198851',10125
2,2029,'1198854',10126
2,2029,'1198870',10127
2,2029,'1198967',10128
2,2029,'1199005',10129
2,2029,'1199023',10130
2,2029,'1199042',10131
2,2029,'1199046',10132
2,2029,'1199049',10133
2,2029,'1199063',10134
2,2029,'1199099',10135
2,2029,'1199116',10136
2,2029,'1199173',10137
2,2029,'1199237',10138
2,2029,'1199240',10139
2,2029,'1199269',10140
2,2029,'1199288',10141
2,2029,'1199299',10142
2,2029,'1199305',10143
2,2029,'1199316',10144
2,2029,'1199329',10145
2,2029,'1199333',10146
2,2029,'1199335',10147
2,2029,'1199398',10148
2,2029,'1199466',10149
2,2029,'1199478',10150
2,2029,'1199484',10151
2,2029,'1199542',10152
2,2029,'1199552',10153
2,2029,'1199560',10154
2,2029,'1199580',10155
2,2029,'1199620',10156
2,2029,'1199621',10157
2,2029,'1199635',10158
3,3019,'1196834',10159
3,3019,'1196848',10160
3,3019,'1196854',10161
3,3019,'1196968',10162
3,3019,'1196971',10163
3,3019,'1197069',10164
3,3019,'1197076',10165
3,3019,'1197107',10166
3,3019,'1197120',10167
3,3019,'1197318',10168
3,3019,'1197369',10169
3,3019,'1197372',10170
3,3019,'1197378',10171
3,3019,'1197462',10172
3,3019,'1197478',10173
3,3019,'1197537',10174
3,3019,'1197572',10175
3,3019,'1197590',10176
3,3019,'1197618',10177
3,3019,'1197708',10178
3,3019,'1197731',10179
3,3019,'1197748',10180
3,3019,'1197755',10181
3,3019,'1197810',10182
3,3019,'1197819',10183
3,3019,'1197850',10184
3,3019,'1197851',10185
3,3019,'1197897',10186
3,3019,'1197923',10187
3,3019,'1197941',10188
3,3019,'1198025',10189
3,3019,'1198093',10190
3,3019,'1198098',10191
3,3019,'1198111',10192
3,3019,'1198119',10193
3,3019,'1198124',10194
3,3019,'1198153',10195
3,3019,'1198229',10196
3,3019,'1198237',10197
3,3019,'1198265',10198
3,3019,'1198278',10199
3,3019,'1198430',10200
3,3019,'1198432',10201
3,3019,'1198501',10202
3,3019,'1198514',10203
3,3019,'1198654',10204
3,3019,'1198677',10205
3,3019,'1198680',10206
3,3019,'1198689',10207
3,3019,'1198691',10208
3,3019,'1198742',10209
3,3019,'1198777',10210
3,3019,'1198788',10211
3,3019,'1198845',10212
3,3019,'1198989',10213
3,3019,'1198991',10214
3,3019,'1199009',10215
3,3019,'1199035',10216
3,3019,'1199052',10217
3,3019,'1199066',10218
3,3019,'1199133',10219
3,3019,'1199262',10220
3,3019,'1199277',10221
3,3019,'1199346',10222
3,3019,'1199408',10223
3,3019,'1199412',10224
3,3019,'1199440',10225
3,3019,'1199509',10226
3,3019,'1199597',10227
3,3019,'1199600',10228
3,3019,'1199612',10229
3,3029,'1196871',10230
3,3029,'1196875',10231
3,3029,'1196902',10232
3,3029,'1196918',10233
3,3029,'1196929',10234
3,3029,'1197004',10235
3,3029,'1197012',10236
3,3029,'1197066',10237
3,3029,'1197101',10238
3,3029,'1197253',10239
3,3029,'1197290',10240
3,3029,'1197380',10241
3,3029,'1197402',10242
3,3029,'1197413',10243
3,3029,'1197417',10244
3,3029,'1197427',10245
3,3029,'1197507',10246
3,3029,'1197510',10247
3,3029,'1197558',10248
3,3029,'1197601',10249
3,3029,'1197654',10250
3,3029,'1197697',10251
3,3029,'1197823',10252
3,3029,'1197828',10253
3,3029,'1197856',10254
3,3029,'1197870',10255
3,3029,'1197895',10256
3,3029,'1197903',10257
3,3029,'1197920',10258
3,3029,'1197958',10259
3,3029,'1197998',10260
3,3029,'1198039',10261
3,3029,'1198070',10262
3,3029,'1198115',10263
3,3029,'1198165',10264
3,3029,'1198246',10265
3,3029,'1198281',10266
3,3029,'1198295',10267
3,3029,'1198310',10268
3,3029,'1198321',10269
3,3029,'1198363',10270
3,3029,'1198395',10271
3,3029,'1198434',10272
3,3029,'1198445',10273
3,3029,'1198462',10274
3,3029,'1198484',10275
3,3029,'1198500',10276
3,3029,'1198518',10277
3,3029,'1198562',10278
3,3029,'1198577',10279
3,3029,'1198614',10280
3,3029,'1198734',10281
3,3029,'1198836',10282
3,3029,'1198936',10283
3,3029,'1198983',10284
3,3029,'1199061',10285
3,3029,'1199094',10286
3,3029,'1199112',10287
3,3029,'1199231',10288
3,3029,'1199421',10289
3,3029,'1199431',10290
3,3029,'1199453',10291
3,3029,'1199460',10292
3,3029,'1199521',10293
3,3029,'1199533',10294
3,3029,'1199547',10295
3,3029,'1199601',10296
3,3029,'1199629',10297
3,3029,'1199646',10298
4,4019,'1197123',10299
4,4019,'1197392',10300
4,4019,'1197520',10301
4,4019,'1197788',10302
4,4019,'1197874',10303
4,4019,'1198006',10304
4,4019,'1198332',10305
4,4019,'1198394',10306
4,4019,'1198409',10307
4,4019,'1198799',10308
4,4019,'1198924',10309
4,4019,'1199002',10310
4,4019,'1199239',10311
4,4019,'1199517',10312
4,4019,'1199645',10313
4,4029,'1196947',10314
4,4029,'1196960',10315
4,4029,'1197081',10316
4,4029,'1197217',10317
4,4029,'1197243',10318
4,4029,'1197423',10319
4,4029,'1198231',10320
4,4029,'1198271',10321
4,4029,'1198399',10322
4,4029,'1198606',10323
4,4029,'1198651',10324
4,4029,'1199058',10325
4,4029,'1199062',10326
4,4029,'1199498',10327
4,4029,'1199611',10328
10,10019,'1196894',10329
10,10019,'1196915',10330
10,10019,'1196923',10331
10,10019,'1197054',10332
10,10019,'1197091',10333
10,10019,'1197121',10334
10,10019,'1197207',10335
10,10019,'1197335',10336
10,10019,'1197345',10337
10,10019,'1197397',10338
10,10019,'1197418',10339
10,10019,'1197505',10340
10,10019,'1197587',10341
10,10019,'1197595',10342
10,10019,'1197737',10343
10,10019,'1197756',10344
10,10019,'1197759',10345
10,10019,'1197766',10346
10,10019,'1197915',10347
10,10019,'1197927',10348
10,10019,'1197935',10349
10,10019,'1197985',10350
10,10019,'1198010',10351
10,10019,'1198016',10352
10,10019,'1198164',10353
10,10019,'1198167',10354
10,10019,'1198226',10355
10,10019,'1198257',10356
10,10019,'1198280',10357
10,10019,'1198300',10358
10,10019,'1198361',10359
10,10019,'1198366',10360
10,10019,'1198390',10361
10,10019,'1198410',10362
10,10019,'1198440',10363
10,10019,'1198475',10364
10,10019,'1198480',10365
10,10019,'1198509',10366
10,10019,'1198520',10367
10,10019,'1198542',10368
10,10019,'1198583',10369
10,10019,'1198726',10370
10,10019,'1198809',10371
10,10019,'1198815',10372
10,10019,'1198881',10373
10,10019,'1198903',10374
10,10019,'1198955',10375
10,10019,'1198962',10376
10,10019,'1198993',10377
10,10019,'1199007',10378
10,10019,'1199032',10379
10,10019,'1199053',10380
10,10019,'1199056',10381
10,10019,'1199257',10382
10,10019,'1199300',10383
10,10019,'1199321',10384
10,10019,'1199323',10385
10,10019,'1199353',10386
10,10019,'1199424',10387
10,10019,'1199598',10388
10,10029,'1196869',10389
10,10029,'1196944',10390
10,10029,'1196948',10391
10,10029,'1197007',10392
10,10029,'1197053',10393
10,10029,'1197093',10394
10,10029,'1197160',10395
10,10029,'1197269',10396
10,10029,'1197314',10397
10,10029,'1197362',10398
10,10029,'1197385',10399
10,10029,'1197414',10400
10,10029,'1197492',10401
10,10029,'1197523',10402
10,10029,'1197565',10403
10,10029,'1197669',10404
10,10029,'1197675',10405
10,10029,'1197822',10406
10,10029,'1197831',10407
10,10029,'1197885',10408
10,10029,'1197887',10409
10,10029,'1197892',10410
10,10029,'1197908',10411
10,10029,'1197916',10412
10,10029,'1197980',10413
10,10029,'1198080',10414
10,10029,'1198150',10415
10,10029,'1198170',10416
10,10029,'1198181',10417
10,10029,'1198232',10418
10,10029,'1198314',10419
10,10029,'1198351',10420
10,10029,'1198466',10421
10,10029,'1198481',10422
10,10029,'1198536',10423
10,10029,'1198550',10424
10,10029,'1198565',10425
10,10029,'1198676',10426
10,10029,'1198703',10427
10,10029,'1198735',10428
10,10029,'1198754',10429
10,10029,'1198767',10430
10,10029,'1198887',10431
10,10029,'1198905',10432
10,10029,'1198933',10433
10,10029,'1199013',10434
10,10029,'1199068',10435
10,10029,'1199078',10436
10,10029,'1199088',10437
10,10029,'1199134',10438
10,10029,'1199161',10439
10,10029,'1199245',10440
10,10029,'1199274',10441
10,10029,'1199375',10442
10,10029,'1199396',10443
10,10029,'1199411',10444
10,10029,'1199422',10445
10,10029,'1199613',10446
10,10029,'1199633',10447
11,11019,'1196979',10448
11,11019,'1197040',10449
11,11019,'1197065',10450
11,11019,'1197103',10451
11,11019,'1197109',10452
11,11019,'1197110',10453
11,11019,'1197145',10454
11,11019,'1197180',10455
11,11019,'1197201',10456
11,11019,'1197211',10457
11,11019,'1197221',10458
11,11019,'1197227',10459
11,11019,'1197254',10460
11,11019,'1197259',10461
11,11019,'1197278',10462
11,11019,'1197283',10463
11,11019,'1197316',10464
11,11019,'1197320',10465
11,11019,'1197325',10466
11,11019,'1197329',10467
11,11019,'1197333',10468
11,11019,'1197344',10469
11,11019,'1197354',10470
11,11019,'1197406',10471
11,11019,'1197447',10472
11,11019,'1197477',10473
11,11019,'1197495',10474
11,11019,'1197504',10475
11,11019,'1197634',10476
11,11019,'1197652',10477
11,11019,'1197663',10478
11,11019,'1197722',10479
11,11019,'1197727',10480
11,11019,'1197728',10481
11,11019,'1197785',10482
11,11019,'1197855',10483
11,11019,'1197865',10484
11,11019,'1197880',10485
11,11019,'1197889',10486
11,11019,'1197896',10487
11,11019,'1197926',10488
11,11019,'1197981',10489
11,11019,'1198019',10490
11,11019,'1198026',10491
11,11019,'1198029',10492
11,11019,'1198038',10493
11,11019,'1198149',10494
11,11019,'1198166',10495
11,11019,'1198188',10496
11,11019,'1198219',10497
11,11019,'1198297',10498
11,11019,'1198308',10499
11,11019,'1198327',10500
11,11019,'1198365',10501
11,11019,'1198374',10502
11,11019,'1198401',10503
11,11019,'1198413',10504
11,11019,'1198423',10505
11,11019,'1198472',10506
11,11019,'1198605',10507
11,11019,'1198624',10508
11,11019,'1198627',10509
11,11019,'1198668',10510
11,11019,'1198671',10511
11,11019,'1198695',10512
11,11019,'1198698',10513
11,11019,'1198701',10514
11,11019,'1198713',10515
11,11019,'1198737',10516
11,11019,'1198753',10517
11,11019,'1198806',10518
11,11019,'1198894',10519
11,11019,'1198896',10520
11,11019,'1198957',10521
11,11019,'1198963',10522
11,11019,'1199015',10523
11,11019,'1199020',10524
11,11019,'1199072',10525
11,11019,'1199077',10526
11,11019,'1199162',10527
11,11019,'1199164',10528
11,11019,'1199175',10529
11,11019,'1199179',10530
11,11019,'1199209',10531
11,11019,'1199218',10532
11,11019,'1199260',10533
11,11019,'1199285',10534
11,11019,'1199336',10535
11,11019,'1199342',10536
11,11019,'1199350',10537
11,11019,'1199361',10538
11,11019,'1199369',10539
11,11019,'1199392',10540
11,11019,'1199420',10541
11,11019,'1199430',10542
11,11019,'1199452',10543
11,11019,'1199483',10544
11,11019,'1199518',10545
11,11019,'1199575',10546
11,11019,'1199637',10547
11,11029,'1196876',10548
11,11029,'1196884',10549
11,11029,'1196914',10550
11,11029,'1196958',10551
11,11029,'1197000',10552
11,11029,'1197070',10553
11,11029,'1197071',10554
11,11029,'1197114',10555
11,11029,'1197185',10556
11,11029,'1197191',10557
11,11029,'1197229',10558
11,11029,'1197234',10559
11,11029,'1197264',10560
11,11029,'1197274',10561
11,11029,'1197327',10562
11,11029,'1197343',10563
11,11029,'1197351',10564
11,11029,'1197398',10565
11,11029,'1197412',10566
11,11029,'1197422',10567
11,11029,'1197446',10568
11,11029,'1197463',10569
11,11029,'1197502',10570
11,11029,'1197519',10571
11,11029,'1197564',10572
11,11029,'1197573',10573
11,11029,'1197695',10574
11,11029,'1197696',10575
11,11029,'1197753',10576
11,11029,'1197763',10577
11,11029,'1197795',10578
11,11029,'1197832',10579
11,11029,'1197875',10580
11,11029,'1197917',10581
11,11029,'1197925',10582
11,11029,'1197934',10583
11,11029,'1197978',10584
11,11029,'1197990',10585
11,11029,'1198012',10586
11,11029,'1198053',10587
11,11029,'1198076',10588
11,11029,'1198113',10589
11,11029,'1198146',10590
11,11029,'1198266',10591
11,11029,'1198296',10592
11,11029,'1198337',10593
11,11029,'1198341',10594
11,11029,'1198362',10595
11,11029,'1198405',10596
11,11029,'1198419',10597
11,11029,'1198470',10598
11,11029,'1198493',10599
11,11029,'1198506',10600
11,11029,'1198543',10601
11,11029,'1198548',10602
11,11029,'1198573',10603
11,11029,'1198590',10604
11,11029,'1198610',10605
11,11029,'1198623',10606
11,11029,'1198660',10607
11,11029,'1198662',10608
11,11029,'1198696',10609
11,11029,'1198771',10610
11,11029,'1198808',10611
11,11029,'1198843',10612
11,11029,'1198927',10613
11,11029,'1198951',10614
11,11029,'1198978',10615
11,11029,'1199022',10616
11,11029,'1199024',10617
11,11029,'1199026',10618
11,11029,'1199059',10619
11,11029,'1199060',10620
11,11029,'1199064',10621
11,11029,'1199091',10622
11,11029,'1199100',10623
11,11029,'1199118',10624
11,11029,'1199132',10625
11,11029,'1199143',10626
11,11029,'1199154',10627
11,11029,'1199177',10628
11,11029,'1199180',10629
11,11029,'1199214',10630
11,11029,'1199225',10631
11,11029,'1199227',10632
11,11029,'1199229',10633
11,11029,'1199253',10634
11,11029,'1199301',10635
11,11029,'1199306',10636
11,11029,'1199370',10637
11,11029,'1199376',10638
11,11029,'1199394',10639
11,11029,'1199403',10640
11,11029,'1199410',10641
11,11029,'1199462',10642
11,11029,'1199476',10643
11,11029,'1199496',10644
11,11029,'1199508',10645
11,11029,'1199591',10646
11,11029,'1199603',10647
11,11029,'1199619',10648
11,11029,'1199623',10649
12,12019,'1196839',10650
12,12019,'1196874',10651
12,12019,'1196885',10652
12,12019,'1196887',10653
12,12019,'1196940',10654
12,12019,'1196983',10655
12,12019,'1197026',10656
12,12019,'1197080',10657
12,12019,'1197104',10658
12,12019,'1197223',10659
12,12019,'1197306',10660
12,12019,'1197322',10661
12,12019,'1197334',10662
12,12019,'1197339',10663
12,12019,'1197433',10664
12,12019,'1197490',10665
12,12019,'1197525',10666
12,12019,'1197602',10667
12,12019,'1197615',10668
12,12019,'1197664',10669
12,12019,'1197701',10670
12,12019,'1197765',10671
12,12019,'1197813',10672
12,12019,'1197824',10673
12,12019,'1197891',10674
12,12019,'1197911',10675
12,12019,'1197945',10676
12,12019,'1197989',10677
12,12019,'1197991',10678
12,12019,'1198031',10679
12,12019,'1198072',10680
12,12019,'1198097',10681
12,12019,'1198121',10682
12,12019,'1198127',10683
12,12019,'1198171',10684
12,12019,'1198224',10685
12,12019,'1198250',10686
12,12019,'1198260',10687
12,12019,'1198263',10688
12,12019,'1198283',10689
12,12019,'1198358',10690
12,12019,'1198421',10691
12,12019,'1198427',10692
12,12019,'1198442',10693
12,12019,'1198497',10694
12,12019,'1198582',10695
12,12019,'1198588',10696
12,12019,'1198592',10697
12,12019,'1198618',10698
12,12019,'1198712',10699
12,12019,'1198727',10700
12,12019,'1198773',10701
12,12019,'1198774',10702
12,12019,'1198819',10703
12,12019,'1198842',10704
12,12019,'1198884',10705
12,12019,'1198912',10706
12,12019,'1198945',10707
12,12019,'1199167',10708
12,12019,'1199197',10709
12,12019,'1199223',10710
12,12019,'1199224',10711
12,12019,'1199251',10712
12,12019,'1199291',10713
12,12019,'1199315',10714
12,12019,'1199416',10715
12,12019,'1199495',10716
12,12019,'1199513',10717
12,12019,'1199578',10718
12,12019,'1199610',10719
12,12019,'1199616',10720
12,12019,'1199625',10721
12,12029,'1196881',10722
12,12029,'1196886',10723
12,12029,'1196921',10724
12,12029,'1196925',10725
12,12029,'1197005',10726
12,12029,'1197009',10727
12,12029,'1197092',10728
12,12029,'1197112',10729
12,12029,'1197136',10730
12,12029,'1197164',10731
12,12029,'1197202',10732
12,12029,'1197246',10733
12,12029,'1197415',10734
12,12029,'1197416',10735
12,12029,'1197484',10736
12,12029,'1197496',10737
12,12029,'1197608',10738
12,12029,'1197678',10739
12,12029,'1197742',10740
12,12029,'1197777',10741
12,12029,'1197790',10742
12,12029,'1197947',10743
12,12029,'1198008',10744
12,12029,'1198017',10745
12,12029,'1198020',10746
12,12029,'1198024',10747
12,12029,'1198092',10748
12,12029,'1198139',10749
12,12029,'1198185',10750
12,12029,'1198205',10751
12,12029,'1198239',10752
12,12029,'1198318',10753
12,12029,'1198336',10754
12,12029,'1198360',10755
12,12029,'1198400',10756
12,12029,'1198511',10757
12,12029,'1198528',10758
12,12029,'1198538',10759
12,12029,'1198556',10760
12,12029,'1198681',10761
12,12029,'1198731',10762
12,12029,'1198732',10763
12,12029,'1198745',10764
12,12029,'1198748',10765
12,12029,'1198775',10766
12,12029,'1198818',10767
12,12029,'1198856',10768
12,12029,'1198877',10769
12,12029,'1198898',10770
12,12029,'1198947',10771
12,12029,'1198959',10772
12,12029,'1198976',10773
12,12029,'1199093',10774
12,12029,'1199207',10775
12,12029,'1199281',10776
12,12029,'1199325',10777
12,12029,'1199340',10778
12,12029,'1199357',10779
12,12029,'1199382',10780
12,12029,'1199384',10781
12,12029,'1199423',10782
12,12029,'1199437',10783
12,12029,'1199445',10784
12,12029,'1199457',10785
12,12029,'1199487',10786
12,12029,'1199500',10787
12,12029,'1199501',10788
12,12029,'1199531',10789
12,12029,'1199556',10790
12,12029,'1199590',10791
12,12029,'1199639',10792
13,13019,'1196852',10793
13,13019,'1196856',10794
13,13019,'1196922',10795
13,13019,'1196999',10796
13,13019,'1197035',10797
13,13019,'1197132',10798
13,13019,'1197251',10799
13,13019,'1197279',10800
13,13019,'1197353',10801
13,13019,'1197357',10802
13,13019,'1197451',10803
13,13019,'1197487',10804
13,13019,'1197555',10805
13,13019,'1197570',10806
13,13019,'1197575',10807
13,13019,'1197641',10808
13,13019,'1197645',10809
13,13019,'1197648',10810
13,13019,'1197690',10811
13,13019,'1197692',10812
13,13019,'1197730',10813
13,13019,'1197762',10814
13,13019,'1197803',10815
13,13019,'1197834',10816
13,13019,'1197854',10817
13,13019,'1197962',10818
13,13019,'1197975',10819
13,13019,'1198041',10820
13,13019,'1198094',10821
13,13019,'1198160',10822
13,13019,'1198201',10823
13,13019,'1198243',10824
13,13019,'1198290',10825
13,13019,'1198352',10826
13,13019,'1198355',10827
13,13019,'1198382',10828
13,13019,'1198402',10829
13,13019,'1198552',10830
13,13019,'1198554',10831
13,13019,'1198602',10832
13,13019,'1198611',10833
13,13019,'1198630',10834
13,13019,'1198675',10835
13,13019,'1198690',10836
13,13019,'1198716',10837
13,13019,'1198729',10838
13,13019,'1198761',10839
13,13019,'1198778',10840
13,13019,'1198837',10841
13,13019,'1198874',10842
13,13019,'1198888',10843
13,13019,'1199044',10844
13,13019,'1199123',10845
13,13019,'1199151',10846
13,13019,'1199233',10847
13,13019,'1199276',10848
13,13019,'1199284',10849
13,13019,'1199418',10850
13,13019,'1199448',10851
13,13019,'1199536',10852
13,13019,'1199588',10853
13,13019,'1199631',10854
13,13029,'1196882',10855
13,13029,'1196907',10856
13,13029,'1196917',10857
13,13029,'1196936',10858
13,13029,'1196965',10859
13,13029,'1196972',10860
13,13029,'1197006',10861
13,13029,'1197082',10862
13,13029,'1197122',10863
13,13029,'1197184',10864
13,13029,'1197188',10865
13,13029,'1197193',10866
13,13029,'1197215',10867
13,13029,'1197262',10868
13,13029,'1197363',10869
13,13029,'1197365',10870
13,13029,'1197371',10871
13,13029,'1197444',10872
13,13029,'1197556',10873
13,13029,'1197773',10874
13,13029,'1197812',10875
13,13029,'1197866',10876
13,13029,'1197909',10877
13,13029,'1197997',10878
13,13029,'1198028',10879
13,13029,'1198074',10880
13,13029,'1198199',10881
13,13029,'1198248',10882
13,13029,'1198289',10883
13,13029,'1198381',10884
13,13029,'1198389',10885
13,13029,'1198416',10886
13,13029,'1198437',10887
13,13029,'1198474',10888
13,13029,'1198488',10889
13,13029,'1198563',10890
13,13029,'1198648',10891
13,13029,'1198673',10892
13,13029,'1198704',10893
13,13029,'1198733',10894
13,13029,'1198756',10895
13,13029,'1198793',10896
13,13029,'1198811',10897
13,13029,'1198812',10898
13,13029,'1198828',10899
13,13029,'1198858',10900
13,13029,'1198910',10901
13,13029,'1198998',10902
13,13029,'1199115',10903
13,13029,'1199250',10904
13,13029,'1199324',10905
13,13029,'1199337',10906
13,13029,'1199349',10907
13,13029,'1199379',10908
13,13029,'1199405',10909
13,13029,'1199419',10910
13,13029,'1199548',10911
13,13029,'1199559',10912
13,13029,'1199614',10913
13,13029,'1199653',10914
13,13029,'1199655',10915
14,14019,'1196890',10916
14,14019,'1196970',10917
14,14019,'1196984',10918
14,14019,'1197073',10919
14,14019,'1197090',10920
14,14019,'1197106',10921
14,14019,'1197152',10922
14,14019,'1197163',10923
14,14019,'1197189',10924
14,14019,'1197473',10925
14,14019,'1197576',10926
14,14019,'1197578',10927
14,14019,'1197606',10928
14,14019,'1197719',10929
14,14019,'1197768',10930
14,14019,'1197774',10931
14,14019,'1197807',10932
14,14019,'1197857',10933
14,14019,'1197872',10934
14,14019,'1197899',10935
14,14019,'1197912',10936
14,14019,'1197929',10937
14,14019,'1197946',10938
14,14019,'1198043',10939
14,14019,'1198056',10940
14,14019,'1198057',10941
14,14019,'1198062',10942
14,14019,'1198118',10943
14,14019,'1198151',10944
14,14019,'1198161',10945
14,14019,'1198262',10946
14,14019,'1198285',10947
14,14019,'1198312',10948
14,14019,'1198386',10949
14,14019,'1198412',10950
14,14019,'1198436',10951
14,14019,'1198460',10952
14,14019,'1198507',10953
14,14019,'1198513',10954
14,14019,'1198539',10955
14,14019,'1198751',10956
14,14019,'1198810',10957
14,14019,'1198859',10958
14,14019,'1198869',10959
14,14019,'1198890',10960
14,14019,'1199036',10961
14,14019,'1199048',10962
14,14019,'1199075',10963
14,14019,'1199084',10964
14,14019,'1199131',10965
14,14019,'1199280',10966
14,14019,'1199286',10967
14,14019,'1199393',10968
14,14019,'1199441',10969
14,14019,'1199444',10970
14,14019,'1199523',10971
14,14019,'1199538',10972
14,14019,'1199568',10973
14,14019,'1199582',10974
14,14029,'1196849',10975
14,14029,'1196912',10976
14,14029,'1197024',10977
14,14029,'1197041',10978
14,14029,'1197050',10979
14,14029,'1197119',10980
14,14029,'1197130',10981
14,14029,'1197219',10982
14,14029,'1197237',10983
14,14029,'1197250',10984
14,14029,'1197265',10985
14,14029,'1197310',10986
14,14029,'1197323',10987
14,14029,'1197440',10988
14,14029,'1197456',10989
14,14029,'1197472',10990
14,14029,'1197493',10991
14,14029,'1197512',10992
14,14029,'1197515',10993
14,14029,'1197597',10994
14,14029,'1197605',10995
14,14029,'1197639',10996
14,14029,'1197699',10997
14,14029,'1197717',10998
14,14029,'1197738',10999
14,14029,'1197809',11000
14,14029,'1197863',11001
14,14029,'1197882',11002
14,14029,'1197961',11003
14,14029,'1198040',11004
14,14029,'1198078',11005
14,14029,'1198100',11006
14,14029,'1198198',11007
14,14029,'1198204',11008
14,14029,'1198269',11009
14,14029,'1198326',11010
14,14029,'1198404',11011
14,14029,'1198426',11012
14,14029,'1198570',11013
14,14029,'1198612',11014
14,14029,'1198728',11015
14,14029,'1198772',11016
14,14029,'1198830',11017
14,14029,'1198941',11018
14,14029,'1198956',11019
14,14029,'1199040',11020
14,14029,'1199065',11021
14,14029,'1199076',11022
14,14029,'1199083',11023
14,14029,'1199184',11024
14,14029,'1199200',11025
14,14029,'1199222',11026
14,14029,'1199266',11027
14,14029,'1199447',11028
14,14029,'1199472',11029
14,14029,'1199520',11030
14,14029,'1199554',11031
14,14029,'1199573',11032
14,14029,'1199643',11033
20,20019,'1196861',11034
20,20019,'1196920',11035
20,20019,'1196950',11036
20,20019,'1196955',11037
20,20019,'1197117',11038
20,20019,'1197128',11039
20,20019,'1197129',11040
20,20019,'1197174',11041
20,20019,'1197187',11042
20,20019,'1197300',11043
20,20019,'1197337',11044
20,20019,'1197360',11045
20,20019,'1197373',11046
20,20019,'1197429',11047
20,20019,'1197469',11048
20,20019,'1197560',11049
20,20019,'1197585',11050
20,20019,'1197629',11051
20,20019,'1197637',11052
20,20019,'1197672',11053
20,20019,'1197681',11054
20,20019,'1197724',11055
20,20019,'1197914',11056
20,20019,'1197984',11057
20,20019,'1197986',11058
20,20019,'1198036',11059
20,20019,'1198083',11060
20,20019,'1198114',11061
20,20019,'1198133',11062
20,20019,'1198141',11063
20,20019,'1198152',11064
20,20019,'1198178',11065
20,20019,'1198183',11066
20,20019,'1198191',11067
20,20019,'1198203',11068
20,20019,'1198236',11069
20,20019,'1198244',11070
20,20019,'1198268',11071
20,20019,'1198364',11072
20,20019,'1198377',11073
20,20019,'1198420',11074
20,20019,'1198431',11075
20,20019,'1198465',11076
20,20019,'1198477',11077
20,20019,'1198580',11078
20,20019,'1198586',11079
20,20019,'1198656',11080
20,20019,'1198669',11081
20,20019,'1198702',11082
20,20019,'1198708',11083
20,20019,'1198826',11084
20,20019,'1198871',11085
20,20019,'1198943',11086
20,20019,'1199137',11087
20,20019,'1199386',11088
20,20019,'1199428',11089
20,20019,'1199534',11090
20,20019,'1199553',11091
20,20029,'1196868',11092
20,20029,'1196909',11093
20,20029,'1196951',11094
20,20029,'1196962',11095
20,20029,'1196978',11096
20,20029,'1197172',11097
20,20029,'1197213',11098
20,20029,'1197307',11099
20,20029,'1197312',11100
20,20029,'1197355',11101
20,20029,'1197361',11102
20,20029,'1197366',11103
20,20029,'1197368',11104
20,20029,'1197403',11105
20,20029,'1197421',11106
20,20029,'1197464',11107
20,20029,'1197479',11108
20,20029,'1197554',11109
20,20029,'1197566',11110
20,20029,'1197569',11111
20,20029,'1197577',11112
20,20029,'1197610',11113
20,20029,'1197632',11114
20,20029,'1197792',11115
20,20029,'1198090',11116
20,20029,'1198196',11117
20,20029,'1198208',11118
20,20029,'1198218',11119
20,20029,'1198241',11120
20,20029,'1198256',11121
20,20029,'1198342',11122
20,20029,'1198375',11123
20,20029,'1198439',11124
20,20029,'1198464',11125
20,20029,'1198524',11126
20,20029,'1198526',11127
20,20029,'1198650',11128
20,20029,'1198663',11129
20,20029,'1198795',11130
20,20029,'1198866',11131
20,20029,'1198883',11132
20,20029,'1198891',11133
20,20029,'1198917',11134
20,20029,'1198942',11135
20,20029,'1199003',11136
20,20029,'1199050',11137
20,20029,'1199089',11138
20,20029,'1199092',11139
20,20029,'1199111',11140
20,20029,'1199119',11141
20,20029,'1199171',11142
20,20029,'1199252',11143
20,20029,'1199308',11144
20,20029,'1199404',11145
20,20029,'1199499',11146
20,20029,'1199544',11147
20,20029,'1199641',11148
22,22019,'1197225',11149
22,22019,'1197486',11150
22,22019,'1197592',11151
22,22019,'1198193',11152
22,22019,'1198485',11153
22,22019,'1198782',11154
22,22019,'1198892',11155
22,22019,'1199196',11156
22,22019,'1199264',11157
22,22019,'1199413',11158
22,22029,'1196872',11159
22,22029,'1197509',11160
22,22029,'1197841',11161
22,22029,'1198320',11162
22,22029,'1198325',11163
22,22029,'1198632',11164
22,22029,'1198895',11165
22,22029,'1199147',11166
22,22029,'1199241',11167
22,22029,'1199309',11168
23,23019,'1196858',11169
23,23019,'1197650',11170
23,23019,'1197677',11171
23,23019,'1198140',11172
23,23019,'1198693',11173
23,23019,'1198972',11174
23,23019,'1199104',11175
23,23019,'1199267',11176
23,23019,'1199355',11177
23,23029,'1196989',11178
23,23029,'1197720',11179
23,23029,'1197799',11180
23,23029,'1197902',11181
23,23029,'1198145',11182
23,23029,'1198600',11183
23,23029,'1199027',11184
23,23029,'1199095',11185
23,23029,'1199388',11186
24,24019,'1196934',11187
24,24019,'1196988',11188
24,24019,'1197014',11189
24,24019,'1197021',11190
24,24019,'1197025',11191
24,24019,'1197047',11192
24,24019,'1197094',11193
24,24019,'1197127',11194
24,24019,'1197154',11195
24,24019,'1197203',11196
24,24019,'1197210',11197
24,24019,'1197244',11198
24,24019,'1197285',11199
24,24019,'1197390',11200
24,24019,'1197431',11201
24,24019,'1197489',11202
24,24019,'1197506',11203
24,24019,'1197518',11204
24,24019,'1197546',11205
24,24019,'1197591',11206
24,24019,'1197620',11207
24,24019,'1197680',11208
24,24019,'1197686',11209
24,24019,'1197707',11210
24,24019,'1197750',11211
24,24019,'1197764',11212
24,24019,'1197783',11213
24,24019,'1197805',11214
24,24019,'1197843',11215
24,24019,'1197844',11216
24,24019,'1197878',11217
24,24019,'1197883',11218
24,24019,'1197954',11219
24,24019,'1197955',11220
24,24019,'1197996',11221
24,24019,'1198055',11222
24,24019,'1198087',11223
24,24019,'1198107',11224
24,24019,'1198126',11225
24,24019,'1198142',11226
24,24019,'1198175',11227
24,24019,'1198559',11228
24,24019,'1198657',11229
24,24019,'1198659',11230
24,24019,'1198709',11231
24,24019,'1198800',11232
24,24019,'1198948',11233
24,24019,'1198975',11234
24,24019,'1199043',11235
24,24019,'1199106',11236
24,24019,'1199219',11237
24,24019,'1199387',11238
24,24019,'1199435',11239
24,24019,'1199454',11240
24,24019,'1199463',11241
24,24019,'1199504',11242
24,24019,'1199506',11243
24,24019,'1199592',11244
24,24019,'1199595',11245
24,24019,'1199609',11246
24,24029,'1196855',11247
24,24029,'1196863',11248
24,24029,'1196903',11249
24,24029,'1196935',11250
24,24029,'1196998',11251
24,24029,'1197011',11252
24,24029,'1197043',11253
24,24029,'1197098',11254
24,24029,'1197100',11255
24,24029,'1197147',11256
24,24029,'1197194',11257
24,24029,'1197347',11258
24,24029,'1197395',11259
24,24029,'1197401',11260
24,24029,'1197449',11261
24,24029,'1197535',11262
24,24029,'1197571',11263
24,24029,'1197636',11264
24,24029,'1197711',11265
24,24029,'1197716',11266
24,24029,'1197740',11267
24,24029,'1197752',11268
24,24029,'1197838',11269
24,24029,'1197859',11270
24,24029,'1197868',11271
24,24029,'1198001',11272
24,24029,'1198033',11273
24,24029,'1198069',11274
24,24029,'1198091',11275
24,24029,'1198103',11276
24,24029,'1198109',11277
24,24029,'1198307',11278
24,24029,'1198333',11279
24,24029,'1198357',11280
24,24029,'1198422',11281
24,24029,'1198495',11282
24,24029,'1198628',11283
24,24029,'1198699',11284
24,24029,'1198752',11285
24,24029,'1198764',11286
24,24029,'1198765',11287
24,24029,'1198785',11288
24,24029,'1198801',11289
24,24029,'1198831',11290
24,24029,'1198847',11291
24,24029,'1198886',11292
24,24029,'1198954',11293
24,24029,'1198966',11294
24,24029,'1198971',11295
24,24029,'1199014',11296
24,24029,'1199150',11297
24,24029,'1199169',11298
24,24029,'1199217',11299
24,24029,'1199230',11300
24,24029,'1199287',11301
24,24029,'1199365',11302
24,24029,'1199397',11303
24,24029,'1199530',11304
24,24029,'1199545',11305
24,24029,'1199636',11306
25,25019,'1196864',11307
25,25019,'1196932',11308
25,25019,'1196994',11309
25,25019,'1197064',11310
25,25019,'1197079',11311
25,25019,'1197084',11312
25,25019,'1197151',11313
25,25019,'1197299',11314
25,25019,'1197317',11315
25,25019,'1197342',11316
25,25019,'1197442',11317
25,25019,'1197448',11318
25,25019,'1197471',11319
25,25019,'1197624',11320
25,25019,'1197657',11321
25,25019,'1197660',11322
25,25019,'1197687',11323
25,25019,'1197702',11324
25,25019,'1197757',11325
25,25019,'1197760',11326
25,25019,'1197771',11327
25,25019,'1198004',11328
25,25019,'1198021',11329
25,25019,'1198071',11330
25,25019,'1198079',11331
25,25019,'1198190',11332
25,25019,'1198267',11333
25,25019,'1198315',11334
25,25019,'1198388',11335
25,25019,'1198435',11336
25,25019,'1198457',11337
25,25019,'1198479',11338
25,25019,'1198492',11339
25,25019,'1198496',11340
25,25019,'1198512',11341
25,25019,'1198566',11342
25,25019,'1198604',11343
25,25019,'1198759',11344
25,25019,'1198776',11345
25,25019,'1198803',11346
25,25019,'1198823',11347
25,25019,'1198862',11348
25,25019,'1198902',11349
25,25019,'1198938',11350
25,25019,'1199011',11351
25,25019,'1199070',11352
25,25019,'1199074',11353
25,25019,'1199097',11354
25,25019,'1199125',11355
25,25019,'1199183',11356
25,25019,'1199208',11357
25,25019,'1199212',11358
25,25019,'1199258',11359
25,25019,'1199359',11360
25,25019,'1199389',11361
25,25019,'1199464',11362
25,25019,'1199480',11363
25,25019,'1199589',11364
25,25019,'1199634',11365
25,25019,'1199649',11366
25,25029,'1196916',11367
25,25029,'1196933',11368
25,25029,'1196986',11369
25,25029,'1197030',11370
25,25029,'1197059',11371
25,25029,'1197302',11372
25,25029,'1197319',11373
25,25029,'1197349',11374
25,25029,'1197435',11375
25,25029,'1197457',11376
25,25029,'1197616',11377
25,25029,'1197705',11378
25,25029,'1197793',11379
25,25029,'1197804',11380
25,25029,'1197835',11381
25,25029,'1197846',11382
25,25029,'1197932',11383
25,25029,'1198032',11384
25,25029,'1198046',11385
25,25029,'1198129',11386
25,25029,'1198137',11387
25,25029,'1198143',11388
25,25029,'1198148',11389
25,25029,'1198154',11390
25,25029,'1198159',11391
25,25029,'1198222',11392
25,25029,'1198225',11393
25,25029,'1198233',11394
25,25029,'1198344',11395
25,25029,'1198370',11396
25,25029,'1198438',11397
25,25029,'1198503',11398
25,25029,'1198561',11399
25,25029,'1198597',11400
25,25029,'1198609',11401
25,25029,'1198649',11402
25,25029,'1198679',11403
25,25029,'1198692',11404
25,25029,'1198706',11405
25,25029,'1198719',11406
25,25029,'1198720',11407
25,25029,'1198786',11408
25,25029,'1198863',11409
25,25029,'1198875',11410
25,25029,'1198879',11411
25,25029,'1198885',11412
25,25029,'1198987',11413
25,25029,'1198994',11414
25,25029,'1199055',11415
25,25029,'1199102',11416
25,25029,'1199182',11417
25,25029,'1199195',11418
25,25029,'1199236',11419
25,25029,'1199255',11420
25,25029,'1199294',11421
25,25029,'1199362',11422
25,25029,'1199541',11423
25,25029,'1199549',11424
25,25029,'1199576',11425
25,25029,'1199642',11426
26,26019,'1196833',11427
26,26019,'1196844',11428
26,26019,'1196949',11429
26,26019,'1197013',11430
26,26019,'1197027',11431
26,26019,'1197186',11432
26,26019,'1197303',11433
26,26019,'1197313',11434
26,26019,'1197393',11435
26,26019,'1197399',11436
26,26019,'1197400',11437
26,26019,'1197410',11438
26,26019,'1197475',11439
26,26019,'1197528',11440
26,26019,'1197539',11441
26,26019,'1197549',11442
26,26019,'1197586',11443
26,26019,'1197594',11444
26,26019,'1197600',11445
26,26019,'1197749',11446
26,26019,'1197787',11447
26,26019,'1197806',11448
26,26019,'1197817',11449
26,26019,'1197995',11450
26,26019,'1198158',11451
26,26019,'1198274',11452
26,26019,'1198317',11453
26,26019,'1198334',11454
26,26019,'1198448',11455
26,26019,'1198587',11456
26,26019,'1198626',11457
26,26019,'1198633',11458
26,26019,'1198635',11459
26,26019,'1198640',11460
26,26019,'1198642',11461
26,26019,'1198658',11462
26,26019,'1198670',11463
26,26019,'1198825',11464
26,26019,'1198834',11465
26,26019,'1198899',11466
26,26019,'1198969',11467
26,26019,'1199019',11468
26,26019,'1199155',11469
26,26019,'1199246',11470
26,26019,'1199249',11471
26,26019,'1199290',11472
26,26019,'1199307',11473
26,26019,'1199310',11474
26,26019,'1199313',11475
26,26019,'1199493',11476
26,26019,'1199515',11477
26,26019,'1199654',11478
26,26019,'1199656',11479
26,26029,'1196873',11480
26,26029,'1196910',11481
26,26029,'1196913',11482
26,26029,'1196977',11483
26,26029,'1196980',11484
26,26029,'1197179',11485
26,26029,'1197404',11486
26,26029,'1197498',11487
26,26029,'1197625',11488
26,26029,'1197661',11489
26,26029,'1197679',11490
26,26029,'1197751',11491
26,26029,'1197754',11492
26,26029,'1197782',11493
26,26029,'1197814',11494
26,26029,'1197860',11495
26,26029,'1197884',11496
26,26029,'1197936',11497
26,26029,'1197940',11498
26,26029,'1197960',11499
26,26029,'1197999',11500
26,26029,'1198011',11501
26,26029,'1198044',11502
26,26029,'1198105',11503
26,26029,'1198189',11504
26,26029,'1198210',11505
26,26029,'1198276',11506
26,26029,'1198303',11507
26,26029,'1198354',11508
26,26029,'1198406',11509
26,26029,'1198482',11510
26,26029,'1198544',11511
26,26029,'1198822',11512
26,26029,'1198850',11513
26,26029,'1198867',11514
26,26029,'1198935',11515
26,26029,'1198937',11516
26,26029,'1199008',11517
26,26029,'1199034',11518
26,26029,'1199114',11519
26,26029,'1199122',11520
26,26029,'1199135',11521
26,26029,'1199139',11522
26,26029,'1199216',11523
26,26029,'1199265',11524
26,26029,'1199273',11525
26,26029,'1199292',11526
26,26029,'1199311',11527
26,26029,'1199314',11528
26,26029,'1199512',11529
26,26029,'1199532',11530
26,26029,'1199605',11531
26,26029,'1199628',11532
27,27019,'1196842',11533
27,27019,'1196846',11534
27,27019,'1196878',11535
27,27019,'1196919',11536
27,27019,'1196930',11537
27,27019,'1197039',11538
27,27019,'1197044',11539
27,27019,'1197171',11540
27,27019,'1197352',11541
27,27019,'1197376',11542
27,27019,'1197425',11543
27,27019,'1197453',11544
27,27019,'1197540',11545
27,27019,'1197614',11546
27,27019,'1197700',11547
27,27019,'1197712',11548
27,27019,'1197781',11549
27,27019,'1197786',11550
27,27019,'1197791',11551
27,27019,'1197796',11552
27,27019,'1197826',11553
27,27019,'1197858',11554
27,27019,'1197876',11555
27,27019,'1197898',11556
27,27019,'1197907',11557
27,27019,'1197930',11558
27,27019,'1197969',11559
27,27019,'1197974',11560
27,27019,'1198068',11561
27,27019,'1198176',11562
27,27019,'1198217',11563
27,27019,'1198254',11564
27,27019,'1198284',11565
27,27019,'1198330',11566
27,27019,'1198516',11567
27,27019,'1198596',11568
27,27019,'1198639',11569
27,27019,'1198652',11570
27,27019,'1198762',11571
27,27019,'1198768',11572
27,27019,'1198893',11573
27,27019,'1198985',11574
27,27019,'1199071',11575
27,27019,'1199163',11576
27,27019,'1199201',11577
27,27019,'1199293',11578
27,27019,'1199295',11579
27,27019,'1199302',11580
27,27019,'1199381',11581
27,27019,'1199443',11582
27,27019,'1199543',11583
27,27019,'1199599',11584
27,27029,'1196843',11585
27,27029,'1196859',11586
27,27029,'1196865',11587
27,27029,'1196870',11588
27,27029,'1196893',11589
27,27029,'1196942',11590
27,27029,'1196964',11591
27,27029,'1197001',11592
27,27029,'1197057',11593
27,27029,'1197063',11594
27,27029,'1197118',11595
27,27029,'1197126',11596
27,27029,'1197166',11597
27,27029,'1197167',11598
27,27029,'1197214',11599
27,27029,'1197280',11600
27,27029,'1197364',11601
27,27029,'1197383',11602
27,27029,'1197443',11603
27,27029,'1197521',11604
27,27029,'1197550',11605
27,27029,'1197552',11606
27,27029,'1197559',11607
27,27029,'1197626',11608
27,27029,'1197628',11609
27,27029,'1197674',11610
27,27029,'1197691',11611
27,27029,'1197744',11612
27,27029,'1197837',11613
27,27029,'1198123',11614
27,27029,'1198136',11615
27,27029,'1198179',11616
27,27029,'1198240',11617
27,27029,'1198277',11618
27,27029,'1198367',11619
27,27029,'1198569',11620
27,27029,'1198593',11621
27,27029,'1198736',11622
27,27029,'1198833',11623
27,27029,'1198915',11624
27,27029,'1199039',11625
27,27029,'1199051',11626
27,27029,'1199087',11627
27,27029,'1199141',11628
27,27029,'1199160',11629
27,27029,'1199187',11630
27,27029,'1199254',11631
27,27029,'1199263',11632
27,27029,'1199429',11633
27,27029,'1199527',11634
27,27029,'1199570',11635
27,27029,'1199640',11636
28,28019,'1196931',11637
28,28019,'1196961',11638
28,28019,'1197032',11639
28,28019,'1197034',11640
28,28019,'1197095',11641
28,28019,'1197138',11642
28,28019,'1197242',11643
28,28019,'1197270',11644
28,28019,'1197295',11645
28,28019,'1197405',11646
28,28019,'1197436',11647
28,28019,'1197458',11648
28,28019,'1197480',11649
28,28019,'1197538',11650
28,28019,'1197551',11651
28,28019,'1197589',11652
28,28019,'1197718',11653
28,28019,'1197726',11654
28,28019,'1197829',11655
28,28019,'1197861',11656
28,28019,'1197862',11657
28,28019,'1198022',11658
28,28019,'1198061',11659
28,28019,'1198096',11660
28,28019,'1198110',11661
28,28019,'1198319',11662
28,28019,'1198329',11663
28,28019,'1198340',11664
28,28019,'1198345',11665
28,28019,'1198414',11666
28,28019,'1198454',11667
28,28019,'1198522',11668
28,28019,'1198545',11669
28,28019,'1198672',11670
28,28019,'1198739',11671
28,28019,'1198783',11672
28,28019,'1198807',11673
28,28019,'1198829',11674
28,28019,'1198876',11675
28,28019,'1198919',11676
28,28019,'1198950',11677
28,28019,'1198968',11678
28,28019,'1199033',11679
28,28019,'1199129',11680
28,28019,'1199149',11681
28,28019,'1199206',11682
28,28019,'1199243',11683
28,28019,'1199296',11684
28,28019,'1199338',11685
28,28019,'1199344',11686
28,28019,'1199358',11687
28,28019,'1199417',11688
28,28019,'1199426',11689
28,28019,'1199450',11690
28,28019,'1199529',11691
28,28019,'1199557',11692
28,28019,'1199561',11693
28,28019,'1199584',11694
28,28019,'1199602',11695
28,28029,'1196904',11696
28,28029,'1196938',11697
28,28029,'1196995',11698
28,28029,'1196997',11699
28,28029,'1197017',11700
28,28029,'1197036',11701
28,28029,'1197051',11702
28,28029,'1197111',11703
28,28029,'1197182',11704
28,28029,'1197232',11705
28,28029,'1197236',11706
28,28029,'1197308',11707
28,28029,'1197374',11708
28,28029,'1197466',11709
28,28029,'1197513',11710
28,28029,'1197529',11711
28,28029,'1197584',11712
28,28029,'1197623',11713
28,28029,'1197715',11714
28,28029,'1197789',11715
28,28029,'1197906',11716
28,28029,'1197943',11717
28,28029,'1197949',11718
28,28029,'1197963',11719
28,28029,'1198258',11720
28,28029,'1198259',11721
28,28029,'1198301',11722
28,28029,'1198316',11723
28,28029,'1198478',11724
28,28029,'1198489',11725
28,28029,'1198525',11726
28,28029,'1198555',11727
28,28029,'1198617',11728
28,28029,'1198629',11729
28,28029,'1198849',11730
28,28029,'1198861',11731
28,28029,'1198868',11732
28,28029,'1198931',11733
28,28029,'1198944',11734
28,28029,'1198995',11735
28,28029,'1199030',11736
28,28029,'1199105',11737
28,28029,'1199138',11738
28,28029,'1199152',11739
28,28029,'1199194',11740
28,28029,'1199248',11741
28,28029,'1199271',11742
28,28029,'1199320',11743
28,28029,'1199425',11744
28,28029,'1199491',11745
28,28029,'1199503',11746
28,28029,'1199562',11747
28,28029,'1199586',11748
28,28029,'1199587',11749
28,28029,'1199615',11750
28,28029,'1199622',11751
28,28029,'1199627',11752
28,28029,'1199647',11753
28,28029,'1199657',11754
29,29019,'1196845',11755
29,29019,'1197023',11756
29,29019,'1197248',11757
29,29019,'1197445',11758
29,29019,'1197468',11759
29,29019,'1197869',11760
29,29019,'1197959',11761
29,29019,'1198305',11762
29,29019,'1198397',11763
29,29019,'1198428',11764
29,29019,'1198456',11765
29,29019,'1198533',11766
29,29019,'1198557',11767
29,29019,'1198961',11768
29,29019,'1199000',11769
29,29019,'1199017',11770
29,29019,'1199038',11771
29,29019,'1199080',11772
29,29019,'1199158',11773
29,29019,'1199278',11774
29,29019,'1199317',11775
29,29019,'1199409',11776
29,29019,'1199455',11777
29,29019,'1199486',11778
29,29029,'1196899',11779
29,29029,'1197015',11780
29,29029,'1197158',11781
29,29029,'1197161',11782
29,29029,'1197340',11783
29,29029,'1197455',11784
29,29029,'1197503',11785
29,29029,'1197514',11786
29,29029,'1197579',11787
29,29029,'1197580',11788
29,29029,'1197733',11789
29,29029,'1197827',11790
29,29029,'1198085',11791
29,29029,'1198192',11792
29,29029,'1198245',11793
29,29029,'1198309',11794
29,29029,'1198331',11795
29,29029,'1198551',11796
29,29029,'1198575',11797
29,29029,'1198844',11798
29,29029,'1199028',11799
29,29029,'1199153',11800
29,29029,'1199188',11801
29,29029,'1199343',11802
101,101019,'1197003',11803
101,101019,'1197056',11804
101,101019,'1197144',11805
101,101019,'1197150',11806
101,101019,'1197356',11807
101,101019,'1197394',11808
101,101019,'1197485',11809
101,101019,'1197542',11810
101,101019,'1197666',11811
101,101019,'1197703',11812
101,101019,'1197735',11813
101,101019,'1197816',11814
101,101019,'1197893',11815
101,101019,'1198002',11816
101,101019,'1198014',11817
101,101019,'1198130',11818
101,101019,'1198162',11819
101,101019,'1198212',11820
101,101019,'1198408',11821
101,101019,'1198684',11822
101,101019,'1198907',11823
101,101019,'1199079',11824
101,101019,'1199178',11825
101,101019,'1199186',11826
101,101019,'1199279',11827
101,101019,'1199401',11828
101,101019,'1199471',11829
101,101019,'1199497',11830
101,101019,'1199519',11831
101,101019,'1199566',11832
101,101019,'1199626',11833
101,101029,'1196911',11834
101,101029,'1197033',11835
101,101029,'1197060',11836
101,101029,'1197096',11837
101,101029,'1197257',11838
101,101029,'1197272',11839
101,101029,'1197326',11840
101,101029,'1197581',11841
101,101029,'1197673',11842
101,101029,'1197747',11843
101,101029,'1197977',11844
101,101029,'1198059',11845
101,101029,'1198116',11846
101,101029,'1198125',11847
101,101029,'1198200',11848
101,101029,'1198251',11849
101,101029,'1198346',11850
101,101029,'1198498',11851
101,101029,'1198530',11852
101,101029,'1198631',11853
101,101029,'1198644',11854
101,101029,'1198710',11855
101,101029,'1198715',11856
101,101029,'1198953',11857
101,101029,'1198984',11858
101,101029,'1199108',11859
101,101029,'1199117',11860
101,101029,'1199304',11861
101,101029,'1199366',11862
101,101029,'1199567',11863
101,101029,'1199585',11864
102,102019,'1197016',11865
102,102019,'1197206',11866
102,102019,'1197235',11867
102,102019,'1197240',11868
102,102019,'1197255',11869
102,102019,'1197609',11870
102,102019,'1197643',11871
102,102019,'1197656',11872
102,102019,'1197775',11873
102,102019,'1197973',11874
102,102019,'1197982',11875
102,102019,'1198067',11876
102,102019,'1198088',11877
102,102019,'1198122',11878
102,102019,'1198163',11879
102,102019,'1198211',11880
102,102019,'1198279',11881
102,102019,'1198403',11882
102,102019,'1198424',11883
102,102019,'1198486',11884
102,102019,'1198508',11885
102,102019,'1198523',11886
102,102019,'1198532',11887
102,102019,'1198591',11888
102,102019,'1198661',11889
102,102019,'1198730',11890
102,102019,'1198749',11891
102,102019,'1198805',11892
102,102019,'1198848',11893
102,102019,'1198865',11894
102,102019,'1199016',11895
102,102019,'1199130',11896
102,102019,'1199199',11897
102,102019,'1199205',11898
102,102019,'1199328',11899
102,102019,'1199348',11900
102,102019,'1199363',11901
102,102019,'1199433',11902
102,102019,'1199474',11903
102,102019,'1199507',11904
102,102019,'1199572',11905
102,102019,'1199618',11906
102,102029,'1196895',11907
102,102029,'1196982',11908
102,102029,'1197029',11909
102,102029,'1197083',11910
102,102029,'1197178',11911
102,102029,'1197226',11912
102,102029,'1197263',11913
102,102029,'1197297',11914
102,102029,'1197309',11915
102,102029,'1197330',11916
102,102029,'1197420',11917
102,102029,'1197536',11918
102,102029,'1197603',11919
102,102029,'1197704',11920
102,102029,'1197770',11921
102,102029,'1197839',11922
102,102029,'1198134',11923
102,102029,'1198173',11924
102,102029,'1198220',11925
102,102029,'1198227',11926
102,102029,'1198249',11927
102,102029,'1198376',11928
102,102029,'1198502',11929
102,102029,'1198531',11930
102,102029,'1198599',11931
102,102029,'1198638',11932
102,102029,'1198688',11933
102,102029,'1198705',11934
102,102029,'1198769',11935
102,102029,'1198816',11936
102,102029,'1198930',11937
102,102029,'1198996',11938
102,102029,'1199090',11939
102,102029,'1199168',11940
102,102029,'1199202',11941
102,102029,'1199211',11942
102,102029,'1199244',11943
102,102029,'1199434',11944
102,102029,'1199477',11945
102,102029,'1199479',11946
102,102029,'1199488',11947
102,102029,'1199537',11948
102,102029,'1199651',11949
103,103019,'1196838',11950
103,103019,'1196888',11951
103,103019,'1196969',11952
103,103019,'1196981',11953
103,103019,'1197294',11954
103,103019,'1197441',11955
103,103019,'1197545',11956
103,103019,'1197721',11957
103,103019,'1197732',11958
103,103019,'1197772',11959
103,103019,'1197847',11960
103,103019,'1197900',11961
103,103019,'1197976',11962
103,103019,'1198084',11963
103,103019,'1198108',11964
103,103019,'1198169',11965
103,103019,'1198206',11966
103,103019,'1198228',11967
103,103019,'1198242',11968
103,103019,'1198304',11969
103,103019,'1198348',11970
103,103019,'1198369',11971
103,103019,'1198383',11972
103,103019,'1198393',11973
103,103019,'1198585',11974
103,103019,'1198760',11975
103,103019,'1198790',11976
103,103019,'1198820',11977
103,103019,'1198832',11978
103,103019,'1198901',11979
103,103019,'1198908',11980
103,103019,'1198992',11981
103,103019,'1199041',11982
103,103019,'1199057',11983
103,103019,'1199120',11984
103,103019,'1199157',11985
103,103019,'1199198',11986
103,103019,'1199232',11987
103,103019,'1199535',11988
103,103029,'1196853',11989
103,103029,'1196867',11990
103,103029,'1196892',11991
103,103029,'1196973',11992
103,103029,'1197031',11993
103,103029,'1197085',11994
103,103029,'1197108',11995
103,103029,'1197233',11996
103,103029,'1197315',11997
103,103029,'1197321',11998
103,103029,'1197346',11999
103,103029,'1197499',12000
103,103029,'1197743',12001
103,103029,'1197784',12002
103,103029,'1197852',12003
103,103029,'1198282',12004
103,103029,'1198444',12005
103,103029,'1198568',12006
103,103029,'1198723',12007
103,103029,'1198855',12008
103,103029,'1198880',12009
103,103029,'1198882',12010
103,103029,'1198911',12011
103,103029,'1198914',12012
103,103029,'1198921',12013
103,103029,'1198928',12014
103,103029,'1198990',12015
103,103029,'1199021',12016
103,103029,'1199109',12017
103,103029,'1199145',12018
103,103029,'1199146',12019
103,103029,'1199172',12020
103,103029,'1199215',12021
103,103029,'1199475',12022
103,103029,'1199565',12023
103,103029,'1199579',12024
103,103029,'1199581',12025
103,103029,'1199593',12026
104,104019,'1196891',12027
104,104019,'1197169',12028
104,104019,'1197256',12029
104,104019,'1197286',12030
104,104019,'1197298',12031
104,104019,'1197387',12032
104,104019,'1197452',12033
104,104019,'1197544',12034
104,104019,'1197547',12035
104,104019,'1197640',12036
104,104019,'1197714',12037
104,104019,'1197725',12038
104,104019,'1197761',12039
104,104019,'1197801',12040
104,104019,'1197815',12041
104,104019,'1197820',12042
104,104019,'1197873',12043
104,104019,'1197937',12044
104,104019,'1198060',12045
104,104019,'1198073',12046
104,104019,'1198077',12047
104,104019,'1198194',12048
104,104019,'1198253',12049
104,104019,'1198313',12050
104,104019,'1198322',12051
104,104019,'1198353',12052
104,104019,'1198411',12053
104,104019,'1198490',12054
104,104019,'1198567',12055
104,104019,'1198664',12056
104,104019,'1198683',12057
104,104019,'1198738',12058
104,104019,'1198750',12059
104,104019,'1198780',12060
104,104019,'1198913',12061
104,104019,'1198958',12062
104,104019,'1199025',12063
104,104019,'1199185',12064
104,104019,'1199190',12065
104,104019,'1199331',12066
104,104019,'1199407',12067
104,104019,'1199459',12068
104,104019,'1199490',12069
104,104019,'1199539',12070
104,104019,'1199564',12071
104,104019,'1199583',12072
104,104019,'1199617',12073
104,104029,'1196835',12074
104,104029,'1196857',12075
104,104029,'1196889',12076
104,104029,'1196928',12077
104,104029,'1197002',12078
104,104029,'1197045',12079
104,104029,'1197133',12080
104,104029,'1197341',12081
104,104029,'1197454',12082
104,104029,'1197461',12083
104,104029,'1197467',12084
104,104029,'1197481',12085
104,104029,'1197553',12086
104,104029,'1197574',12087
104,104029,'1197583',12088
104,104029,'1197794',12089
104,104029,'1197965',12090
104,104029,'1197979',12091
104,104029,'1198234',12092
104,104029,'1198287',12093
104,104029,'1198288',12094
104,104029,'1198449',12095
104,104029,'1198458',12096
104,104029,'1198510',12097
104,104029,'1198521',12098
104,104029,'1198558',12099
104,104029,'1198578',12100
104,104029,'1198686',12101
104,104029,'1198694',12102
104,104029,'1198755',12103
104,104029,'1198909',12104
104,104029,'1198979',12105
104,104029,'1199045',12106
104,104029,'1199127',12107
104,104029,'1199159',12108
104,104029,'1199181',12109
104,104029,'1199193',12110
104,104029,'1199356',12111
104,104029,'1199360',12112
104,104029,'1199374',12113
104,104029,'1199380',12114
104,104029,'1199442',12115
104,104029,'1199577',12116
105,105019,'1196946',12117
105,105019,'1197049',12118
105,105019,'1197077',12119
105,105019,'1197115',12120
105,105019,'1197131',12121
105,105019,'1197173',12122
105,105019,'1197181',12123
105,105019,'1197192',12124
105,105019,'1197197',12125
105,105019,'1197292',12126
105,105019,'1197296',12127
105,105019,'1197531',12128
105,105019,'1197548',12129
105,105019,'1197557',12130
105,105019,'1197588',12131
105,105019,'1197596',12132
105,105019,'1197617',12133
105,105019,'1197633',12134
105,105019,'1197710',12135
105,105019,'1197779',12136
105,105019,'1197825',12137
105,105019,'1197971',12138
105,105019,'1198112',12139
105,105019,'1198338',12140
105,105019,'1198380',12141
105,105019,'1198385',12142
105,105019,'1198553',12143
105,105019,'1198560',12144
105,105019,'1198571',12145
105,105019,'1198621',12146
105,105019,'1198667',12147
105,105019,'1198717',12148
105,105019,'1198741',12149
105,105019,'1198746',12150
105,105019,'1198889',12151
105,105019,'1199004',12152
105,105019,'1199054',12153
105,105019,'1199098',12154
105,105019,'1199298',12155
105,105019,'1199347',12156
105,105019,'1199383',12157
105,105019,'1199400',12158
105,105019,'1199461',12159
105,105019,'1199511',12160
105,105019,'1199546',12161
105,105019,'1199574',12162
105,105029,'1196840',12163
105,105029,'1196987',12164
105,105029,'1196996',12165
105,105029,'1197020',12166
105,105029,'1197097',12167
105,105029,'1197137',12168
105,105029,'1197220',12169
105,105029,'1197228',12170
105,105029,'1197231',12171
105,105029,'1197439',12172
105,105029,'1197501',12173
105,105029,'1197522',12174
105,105029,'1197561',12175
105,105029,'1197638',12176
105,105029,'1197840',12177
105,105029,'1197853',12178
105,105029,'1197918',12179
105,105029,'1197968',12180
105,105029,'1198013',12181
105,105029,'1198037',12182
105,105029,'1198064',12183
105,105029,'1198187',12184
105,105029,'1198214',12185
105,105029,'1198417',12186
105,105029,'1198447',12187
105,105029,'1198529',12188
105,105029,'1198616',12189
105,105029,'1198625',12190
105,105029,'1198711',12191
105,105029,'1198718',12192
105,105029,'1198725',12193
105,105029,'1198779',12194
105,105029,'1198918',12195
105,105029,'1198922',12196
105,105029,'1198923',12197
105,105029,'1199012',12198
105,105029,'1199037',12199
105,105029,'1199107',12200
105,105029,'1199124',12201
105,105029,'1199144',12202
105,105029,'1199148',12203
105,105029,'1199220',12204
105,105029,'1199470',12205
105,105029,'1199473',12206
105,105029,'1199604',12207
105,105029,'1199607',12208
106,106019,'1196832',12209
106,106019,'1196841',12210
106,106019,'1197348',12211
106,106019,'1197389',12212
106,106019,'1197951',12213
106,106019,'1198120',12214
106,106029,'1196836',12215
106,106029,'1196851',12216
106,106029,'1197042',12217
106,106029,'1197408',12218
106,106029,'1198086',12219
106,106029,'1198615',12220
140001,140001019,'1196866',12221
140001,140001019,'1196880',12222
140001,140001019,'1196896',12223
140001,140001019,'1196898',12224
140001,140001019,'1196900',12225
140001,140001019,'1196905',12226
140001,140001019,'1196939',12227
140001,140001019,'1196943',12228
140001,140001019,'1196945',12229
140001,140001019,'1196967',12230
140001,140001019,'1197008',12231
140001,140001019,'1197072',12232
140001,140001019,'1197075',12233
140001,140001019,'1197086',12234
140001,140001019,'1197088',12235
140001,140001019,'1197102',12236
140001,140001019,'1197146',12237
140001,140001019,'1197212',12238
140001,140001019,'1197216',12239
140001,140001019,'1197238',12240
140001,140001019,'1197266',12241
140001,140001019,'1197267',12242
140001,140001019,'1197281',12243
140001,140001019,'1197287',12244
140001,140001019,'1197324',12245
140001,140001019,'1197328',12246
140001,140001019,'1197350',12247
140001,140001019,'1197407',12248
140001,140001019,'1197438',12249
140001,140001019,'1197459',12250
140001,140001019,'1197465',12251
140001,140001019,'1197470',12252
140001,140001019,'1197474',12253
140001,140001019,'1197516',12254
140001,140001019,'1197563',12255
140001,140001019,'1197567',12256
140001,140001019,'1197593',12257
140001,140001019,'1197607',12258
140001,140001019,'1197613',12259
140001,140001019,'1197621',12260
140001,140001019,'1197622',12261
140001,140001019,'1197646',12262
140001,140001019,'1197676',12263
140001,140001019,'1197685',12264
140001,140001019,'1197688',12265
140001,140001019,'1197689',12266
140001,140001019,'1197693',12267
140001,140001019,'1197729',12268
140001,140001019,'1197734',12269
140001,140001019,'1197741',12270
140001,140001019,'1197745',12271
140001,140001019,'1197767',12272
140001,140001019,'1197797',12273
140001,140001019,'1197802',12274
140001,140001019,'1197830',12275
140001,140001019,'1197894',12276
140001,140001019,'1197944',12277
140001,140001019,'1197964',12278
140001,140001019,'1197966',12279
140001,140001019,'1197987',12280
140001,140001019,'1197988',12281
140001,140001019,'1198009',12282
140001,140001019,'1198027',12283
140001,140001019,'1198035',12284
140001,140001019,'1198147',12285
140001,140001019,'1198155',12286
140001,140001019,'1198177',12287
140001,140001019,'1198195',12288
140001,140001019,'1198235',12289
140001,140001019,'1198264',12290
140001,140001019,'1198294',12291
140001,140001019,'1198302',12292
140001,140001019,'1198324',12293
140001,140001019,'1198349',12294
140001,140001019,'1198356',12295
140001,140001019,'1198378',12296
140001,140001019,'1198384',12297
140001,140001019,'1198418',12298
140001,140001019,'1198429',12299
140001,140001019,'1198452',12300
140001,140001019,'1198461',12301
140001,140001019,'1198463',12302
140001,140001019,'1198487',12303
140001,140001019,'1198515',12304
140001,140001019,'1198535',12305
140001,140001019,'1198541',12306
140001,140001019,'1198549',12307
140001,140001019,'1198579',12308
140001,140001019,'1198595',12309
140001,140001019,'1198601',12310
140001,140001019,'1198665',12311
140001,140001019,'1198666',12312
140001,140001019,'1198714',12313
140001,140001019,'1198763',12314
140001,140001019,'1198766',12315
140001,140001019,'1198781',12316
140001,140001019,'1198791',12317
140001,140001019,'1198797',12318
140001,140001019,'1198813',12319
140001,140001019,'1198814',12320
140001,140001019,'1198835',12321
140001,140001019,'1198872',12322
140001,140001019,'1198878',12323
140001,140001019,'1198900',12324
140001,140001019,'1198920',12325
140001,140001019,'1198925',12326
140001,140001019,'1198926',12327
140001,140001019,'1198932',12328
140001,140001019,'1198964',12329
140001,140001019,'1198965',12330
140001,140001019,'1198980',12331
140001,140001019,'1199018',12332
140001,140001019,'1199069',12333
140001,140001019,'1199136',12334
140001,140001019,'1199170',12335
140001,140001019,'1199213',12336
140001,140001019,'1199235',12337
140001,140001019,'1199268',12338
140001,140001019,'1199282',12339
140001,140001019,'1199297',12340
140001,140001019,'1199319',12341
140001,140001019,'1199330',12342
140001,140001019,'1199354',12343
140001,140001019,'1199367',12344
140001,140001019,'1199377',12345
140001,140001019,'1199402',12346
140001,140001019,'1199414',12347
140001,140001019,'1199449',12348
140001,140001019,'1199458',12349
140001,140001019,'1199468',12350
140001,140001019,'1199492',12351
140001,140001019,'1199516',12352
140001,140001019,'1199563',12353
140001,140001019,'1199606',12354
140001,140001019,'1199624',12355
140001,140001019,'1199632',12356
140001,140001019,'1199638',12357
140001,140001029,'1196879',12358
140001,140001029,'1196954',12359
140001,140001029,'1196975',12360
140001,140001029,'1196976',12361
140001,140001029,'1197010',12362
140001,140001029,'1197038',12363
140001,140001029,'1197058',12364
140001,140001029,'1197078',12365
140001,140001029,'1197099',12366
140001,140001029,'1197105',12367
140001,140001029,'1197113',12368
140001,140001029,'1197141',12369
140001,140001029,'1197155',12370
140001,140001029,'1197162',12371
140001,140001029,'1197190',12372
140001,140001029,'1197195',12373
140001,140001029,'1197198',12374
140001,140001029,'1197204',12375
140001,140001029,'1197222',12376
140001,140001029,'1197249',12377
140001,140001029,'1197271',12378
140001,140001029,'1197276',12379
140001,140001029,'1197293',12380
140001,140001029,'1197305',12381
140001,140001029,'1197370',12382
140001,140001029,'1197377',12383
140001,140001029,'1197379',12384
140001,140001029,'1197386',12385
140001,140001029,'1197424',12386
140001,140001029,'1197426',12387
140001,140001029,'1197432',12388
140001,140001029,'1197460',12389
140001,140001029,'1197482',12390
140001,140001029,'1197494',12391
140001,140001029,'1197497',12392
140001,140001029,'1197568',12393
140001,140001029,'1197611',12394
140001,140001029,'1197612',12395
140001,140001029,'1197619',12396
140001,140001029,'1197627',12397
140001,140001029,'1197635',12398
140001,140001029,'1197649',12399
140001,140001029,'1197658',12400
140001,140001029,'1197662',12401
140001,140001029,'1197723',12402
140001,140001029,'1197758',12403
140001,140001029,'1197776',12404
140001,140001029,'1197849',12405
140001,140001029,'1197888',12406
140001,140001029,'1197928',12407
140001,140001029,'1197938',12408
140001,140001029,'1197948',12409
140001,140001029,'1197957',12410
140001,140001029,'1197967',12411
140001,140001029,'1197972',12412
140001,140001029,'1197983',12413
140001,140001029,'1198007',12414
140001,140001029,'1198048',12415
140001,140001029,'1198049',12416
140001,140001029,'1198081',12417
140001,140001029,'1198099',12418
140001,140001029,'1198101',12419
140001,140001029,'1198102',12420
140001,140001029,'1198131',12421
140001,140001029,'1198132',12422
140001,140001029,'1198186',12423
140001,140001029,'1198207',12424
140001,140001029,'1198209',12425
140001,140001029,'1198299',12426
140001,140001029,'1198347',12427
140001,140001029,'1198350',12428
140001,140001029,'1198371',12429
140001,140001029,'1198391',12430
140001,140001029,'1198425',12431
140001,140001029,'1198451',12432
140001,140001029,'1198469',12433
140001,140001029,'1198505',12434
140001,140001029,'1198517',12435
140001,140001029,'1198540',12436
140001,140001029,'1198546',12437
140001,140001029,'1198572',12438
140001,140001029,'1198636',12439
140001,140001029,'1198643',12440
140001,140001029,'1198645',12441
140001,140001029,'1198655',12442
140001,140001029,'1198697',12443
140001,140001029,'1198757',12444
140001,140001029,'1198770',12445
140001,140001029,'1198787',12446
140001,140001029,'1198789',12447
140001,140001029,'1198794',12448
140001,140001029,'1198796',12449
140001,140001029,'1198802',12450
140001,140001029,'1198817',12451
140001,140001029,'1198824',12452
140001,140001029,'1198860',12453
140001,140001029,'1198934',12454
140001,140001029,'1198970',12455
140001,140001029,'1198973',12456
140001,140001029,'1198981',12457
140001,140001029,'1198986',12458
140001,140001029,'1198999',12459
140001,140001029,'1199001',12460
140001,140001029,'1199006',12461
140001,140001029,'1199010',12462
140001,140001029,'1199031',12463
140001,140001029,'1199086',12464
140001,140001029,'1199101',12465
140001,140001029,'1199110',12466
140001,140001029,'1199113',12467
140001,140001029,'1199128',12468
140001,140001029,'1199156',12469
140001,140001029,'1199174',12470
140001,140001029,'1199189',12471
140001,140001029,'1199191',12472
140001,140001029,'1199203',12473
140001,140001029,'1199247',12474
140001,140001029,'1199259',12475
140001,140001029,'1199261',12476
140001,140001029,'1199275',12477
140001,140001029,'1199283',12478
140001,140001029,'1199312',12479
140001,140001029,'1199341',12480
140001,140001029,'1199351',12481
140001,140001029,'1199395',12482
140001,140001029,'1199415',12483
140001,140001029,'1199446',12484
140001,140001029,'1199456',12485
140001,140001029,'1199465',12486
140001,140001029,'1199469',12487
140001,140001029,'1199481',12488
140001,140001029,'1199494',12489
140001,140001029,'1199502',12490
140001,140001029,'1199522',12491
140001,140001029,'1199528',12492
140001,140001029,'1199569',12493
140001,140001029,'1199608',12494
190001,190001019,'1196837',12495
190001,190001019,'1196862',12496
190001,190001019,'1196877',12497
190001,190001019,'1196883',12498
190001,190001019,'1196901',12499
190001,190001019,'1196926',12500
190001,190001019,'1196927',12501
190001,190001019,'1196941',12502
190001,190001019,'1196956',12503
190001,190001019,'1196974',12504
190001,190001019,'1197019',12505
190001,190001019,'1197037',12506
190001,190001019,'1197055',12507
190001,190001019,'1197061',12508
190001,190001019,'1197062',12509
190001,190001019,'1197067',12510
190001,190001019,'1197087',12511
190001,190001019,'1197116',12512
190001,190001019,'1197124',12513
190001,190001019,'1197149',12514
190001,190001019,'1197157',12515
190001,190001019,'1197183',12516
190001,190001019,'1197196',12517
190001,190001019,'1197239',12518
190001,190001019,'1197241',12519
190001,190001019,'1197275',12520
190001,190001019,'1197336',12521
190001,190001019,'1197358',12522
190001,190001019,'1197359',12523
190001,190001019,'1197381',12524
190001,190001019,'1197382',12525
190001,190001019,'1197450',12526
190001,190001019,'1197483',12527
190001,190001019,'1197488',12528
190001,190001019,'1197500',12529
190001,190001019,'1197524',12530
190001,190001019,'1197530',12531
190001,190001019,'1197543',12532
190001,190001019,'1197562',12533
190001,190001019,'1197598',12534
190001,190001019,'1197653',12535
190001,190001019,'1197698',12536
190001,190001019,'1197706',12537
190001,190001019,'1197709',12538
190001,190001019,'1197713',12539
190001,190001019,'1197736',12540
190001,190001019,'1197746',12541
190001,190001019,'1197811',12542
190001,190001019,'1197845',12543
190001,190001019,'1197867',12544
190001,190001019,'1197877',12545
190001,190001019,'1197919',12546
190001,190001019,'1197924',12547
190001,190001019,'1197933',12548
190001,190001019,'1197942',12549
190001,190001019,'1197950',12550
190001,190001019,'1197953',12551
190001,190001019,'1197956',12552
190001,190001019,'1198005',12553
190001,190001019,'1198015',12554
190001,190001019,'1198030',12555
190001,190001019,'1198047',12556
190001,190001019,'1198065',12557
190001,190001019,'1198066',12558
190001,190001019,'1198075',12559
190001,190001019,'1198104',12560
190001,190001019,'1198135',12561
190001,190001019,'1198157',12562
190001,190001019,'1198172',12563
190001,190001019,'1198202',12564
190001,190001019,'1198216',12565
190001,190001019,'1198221',12566
190001,190001019,'1198238',12567
190001,190001019,'1198255',12568
190001,190001019,'1198261',12569
190001,190001019,'1198292',12570
190001,190001019,'1198298',12571
190001,190001019,'1198311',12572
190001,190001019,'1198339',12573
190001,190001019,'1198343',12574
190001,190001019,'1198372',12575
190001,190001019,'1198396',12576
190001,190001019,'1198407',12577
190001,190001019,'1198441',12578
190001,190001019,'1198467',12579
190001,190001019,'1198471',12580
190001,190001019,'1198476',12581
190001,190001019,'1198499',12582
190001,190001019,'1198534',12583
190001,190001019,'1198547',12584
190001,190001019,'1198574',12585
190001,190001019,'1198598',12586
190001,190001019,'1198607',12587
190001,190001019,'1198613',12588
190001,190001019,'1198622',12589
190001,190001019,'1198646',12590
190001,190001019,'1198647',12591
190001,190001019,'1198653',12592
190001,190001019,'1198674',12593
190001,190001019,'1198678',12594
190001,190001019,'1198685',12595
190001,190001019,'1198700',12596
190001,190001019,'1198707',12597
190001,190001019,'1198721',12598
190001,190001019,'1198724',12599
190001,190001019,'1198784',12600
190001,190001019,'1198792',12601
190001,190001019,'1198804',12602
190001,190001019,'1198821',12603
190001,190001019,'1198827',12604
190001,190001019,'1198852',12605
190001,190001019,'1198857',12606
190001,190001019,'1198864',12607
190001,190001019,'1198929',12608
190001,190001019,'1198949',12609
190001,190001019,'1198960',12610
190001,190001019,'1198974',12611
190001,190001019,'1198988',12612
190001,190001019,'1198997',12613
190001,190001019,'1199029',12614
190001,190001019,'1199121',12615
190001,190001019,'1199126',12616
190001,190001019,'1199140',12617
190001,190001019,'1199142',12618
190001,190001019,'1199166',12619
190001,190001019,'1199192',12620
190001,190001019,'1199228',12621
190001,190001019,'1199318',12622
190001,190001019,'1199339',12623
190001,190001019,'1199371',12624
190001,190001019,'1199373',12625
190001,190001019,'1199385',12626
190001,190001019,'1199427',12627
190001,190001019,'1199436',12628
190001,190001019,'1199510',12629
190001,190001019,'1199550',12630
190001,190001019,'1199551',12631
190001,190001019,'1199648',12632
190001,190001029,'1196847',12633
190001,190001029,'1196850',12634
190001,190001029,'1196860',12635
190001,190001029,'1196897',12636
190001,190001029,'1196906',12637
190001,190001029,'1196908',12638
190001,190001029,'1196953',12639
190001,190001029,'1196957',12640
190001,190001029,'1196963',12641
190001,190001029,'1197018',12642
190001,190001029,'1197048',12643
190001,190001029,'1197052',12644
190001,190001029,'1197074',12645
190001,190001029,'1197089',12646
190001,190001029,'1197125',12647
190001,190001029,'1197135',12648
190001,190001029,'1197148',12649
190001,190001029,'1197153',12650
190001,190001029,'1197176',12651
190001,190001029,'1197177',12652
190001,190001029,'1197199',12653
190001,190001029,'1197224',12654
190001,190001029,'1197245',12655
190001,190001029,'1197247',12656
190001,190001029,'1197252',12657
190001,190001029,'1197260',12658
190001,190001029,'1197284',12659
190001,190001029,'1197289',12660
190001,190001029,'1197291',12661
190001,190001029,'1197301',12662
190001,190001029,'1197338',12663
190001,190001029,'1197391',12664
190001,190001029,'1197396',12665
190001,190001029,'1197428',12666
190001,190001029,'1197434',12667
190001,190001029,'1197476',12668
190001,190001029,'1197511',12669
190001,190001029,'1197533',12670
190001,190001029,'1197582',12671
190001,190001029,'1197659',12672
190001,190001029,'1197668',12673
190001,190001029,'1197682',12674
190001,190001029,'1197683',12675
190001,190001029,'1197684',12676
190001,190001029,'1197778',12677
190001,190001029,'1197833',12678
190001,190001029,'1197836',12679
190001,190001029,'1197848',12680
190001,190001029,'1197886',12681
190001,190001029,'1197890',12682
190001,190001029,'1197905',12683
190001,190001029,'1197913',12684
190001,190001029,'1197921',12685
190001,190001029,'1197922',12686
190001,190001029,'1197992',12687
190001,190001029,'1197993',12688
190001,190001029,'1198050',12689
190001,190001029,'1198051',12690
190001,190001029,'1198052',12691
190001,190001029,'1198054',12692
190001,190001029,'1198082',12693
190001,190001029,'1198095',12694
190001,190001029,'1198106',12695
190001,190001029,'1198117',12696
190001,190001029,'1198128',12697
190001,190001029,'1198174',12698
190001,190001029,'1198223',12699
190001,190001029,'1198252',12700
190001,190001029,'1198272',12701
190001,190001029,'1198293',12702
190001,190001029,'1198306',12703
190001,190001029,'1198323',12704
190001,190001029,'1198373',12705
190001,190001029,'1198398',12706
190001,190001029,'1198415',12707
190001,190001029,'1198446',12708
190001,190001029,'1198450',12709
190001,190001029,'1198459',12710
190001,190001029,'1198491',12711
190001,190001029,'1198504',12712
190001,190001029,'1198519',12713
190001,190001029,'1198527',12714
190001,190001029,'1198576',12715
190001,190001029,'1198589',12716
190001,190001029,'1198594',12717
190001,190001029,'1198620',12718
190001,190001029,'1198634',12719
190001,190001029,'1198641',12720
190001,190001029,'1198687',12721
190001,190001029,'1198747',12722
190001,190001029,'1198758',12723
190001,190001029,'1198798',12724
190001,190001029,'1198839',12725
190001,190001029,'1198853',12726
190001,190001029,'1198897',12727
190001,190001029,'1198906',12728
190001,190001029,'1198916',12729
190001,190001029,'1198939',12730
190001,190001029,'1198946',12731
190001,190001029,'1198952',12732
190001,190001029,'1198977',12733
190001,190001029,'1198982',12734
190001,190001029,'1199067',12735
190001,190001029,'1199081',12736
190001,190001029,'1199082',12737
190001,190001029,'1199103',12738
190001,190001029,'1199165',12739
190001,190001029,'1199204',12740
190001,190001029,'1199210',12741
190001,190001029,'1199221',12742
190001,190001029,'1199226',12743
190001,190001029,'1199256',12744
190001,190001029,'1199270',12745
190001,190001029,'1199289',12746
190001,190001029,'1199303',12747
190001,190001029,'1199322',12748
190001,190001029,'1199332',12749
190001,190001029,'1199345',12750
190001,190001029,'1199364',12751
190001,190001029,'1199390',12752
190001,190001029,'1199391',12753
190001,190001029,'1199399',12754
190001,190001029,'1199406',12755
190001,190001029,'1199432',12756
190001,190001029,'1199451',12757
190001,190001029,'1199467',12758
190001,190001029,'1199482',12759
190001,190001029,'1199489',12760
190001,190001029,'1199514',12761
190001,190001029,'1199524',12762
190001,190001029,'1199526',12763
190001,190001029,'1199555',12764
190001,190001029,'1199558',12765
190001,190001029,'1199571',12766
190001,190001029,'1199594',12767
190001,190001029,'1199596',12768
190001,190001029,'1199644',12769
190001,190001029,'1199650',12770
