104029,'1196835',2002,,12074,24,,,0
104029,'1196857',802,,12075,24,,,0
104029,'1196889',802,,12076,24,,,0
104029,'1196928',1747,,12077,24,,,0
104029,'1197002',647,,12078,24,,,0
104029,'1197045',1543,,12079,24,,,0
104029,'1197133',832,,12080,24,,,0
104029,'1197341',1243,,12081,24,,,0
104029,'1197454',1802,,12082,24,,,0
104029,'1197461',717,,12083,24,,,0
104029,'1197467',2202,,12084,24,,,0
104029,'1197481',602,,12085,24,,,0
104029,'1197553',2132,,12086,24,,,0
104029,'1197574',917,,12087,24,,,0
104029,'1197583',2147,,12088,24,,,0
104029,'1197794',1802,,12089,24,,,0
104029,'1197965',1402,,12090,24,,,0
104029,'1197979',1532,,12091,24,,,0
104029,'1198234',1032,,12092,24,,,0
104029,'1198287',1628,,12093,24,,,0
104029,'1198288',1158,,12094,24,,,0
104029,'1198449',1302,,12095,24,,,0
104029,'1198458',1917,,12096,24,,,0
104029,'1198510',947,,12097,24,,,0
104029,'1198521',802,,12098,24,,,0
104029,'1198558',1647,,12099,24,,,0
104029,'1198578',1713,,12100,24,,,0
104029,'1198686',1413,,12101,24,,,0
104029,'1198694',1458,,12102,24,,,0
104029,'1198755',1002,,12103,24,,,0
104029,'1198909',1202,,12104,24,,,0
104029,'1198979',1147,,12105,24,,,0
104029,'1199045',2302,,12106,24,,,0
104029,'1199127',2302,,12107,24,,,0
104029,'1199159',1328,,12108,24,,,0
104029,'1199181',917,,12109,24,,,0
104029,'1199193',1602,,12110,24,,,0
104029,'1199356',1417,,12111,24,,,0
104029,'1199360',2032,,12112,24,,,0
104029,'1199374',647,,12113,24,,,0
104029,'1199380',1032,,12114,24,,,0
104029,'1199442',1832,,12115,24,,,0
104029,'1199577',2002,,12116,24,,,0
