105019,'1196946',908,,12117,44,,,0
105019,'1197049',1817,,12118,44,,,0
105019,'1197077',555,,12119,44,,,0
105019,'1197115',1202,,12120,44,,,0
105019,'1197131',708,,12121,44,,,0
105019,'1197173',1210,,12122,44,,,0
105019,'1197181',1026,,12123,44,,,0
105019,'1197192',2155,,12124,44,,,0
105019,'1197197',1502,,12125,44,,,0
105019,'1197292',1310,,12126,44,,,0
105019,'1197296',1602,,12127,44,,,0
105019,'1197531',1410,,12128,44,,,0
105019,'1197548',1925,,12129,44,,,0
105019,'1197557',1610,,12130,44,,,0
105019,'1197588',826,,12131,44,,,0
105019,'1197596',2055,,12132,44,,,0
105019,'1197617',1510,,12133,44,,,0
105019,'1197633',1226,,12134,44,,,0
105019,'1197710',759,,12135,44,,,0
105019,'1197779',1747,,12136,44,,,0
105019,'1197825',1417,,12137,44,,,0
105019,'1197971',1102,,12138,44,,,0
105019,'1198112',625,,12139,44,,,0
105019,'1198338',1110,,12140,44,,,0
105019,'1198380',2226,,12141,44,,,0
105019,'1198385',1717,,12142,44,,,0
105019,'1198553',1317,,12143,44,,,0
105019,'1198560',2026,,12144,44,,,0
105019,'1198571',1626,,12145,44,,,0
105019,'1198621',729,,12146,44,,,0
105019,'1198667',959,,12147,44,,,0
105019,'1198717',1532,,12148,44,,,0
105019,'1198741',859,,12149,44,,,0
105019,'1198746',1847,,12150,44,,,0
105019,'1198889',655,,12151,44,,,0
105019,'1199004',1426,,12152,44,,,0
105019,'1199054',1632,,12153,44,,,0
105019,'1199098',829,,12154,44,,,0
105019,'1199298',2355,,12155,44,,,0
105019,'1199347',2308,,12156,44,,,0
105019,'1199383',2255,,12157,44,,,0
105019,'1199400',1710,,12158,44,,,0
105019,'1199461',1826,,12159,44,,,0
105019,'1199511',1810,,12160,44,,,0
105019,'1199546',2108,,12161,44,,,0
105019,'1199574',1910,,12162,44,,,0
