10029,'1196869',1038,,10389,39,,,0
10029,'1196944',1908,,10390,39,,,0
10029,'1196948',1538,,10391,39,,,0
10029,'1197007',708,,10392,39,,,0
10029,'1197053',1338,,10393,39,,,0
10029,'1197093',1138,,10394,39,,,0
10029,'1197160',1739,,10395,39,,,0
10029,'1197269',1838,,10396,39,,,0
10029,'1197314',2208,,10397,39,,,0
10029,'1197362',2039,,10398,39,,,0
10029,'1197385',839,,10399,39,,,0
10029,'1197414',1438,,10400,39,,,0
10029,'1197492',1708,,10401,39,,,0
10029,'1197523',2239,,10402,39,,,0
10029,'1197565',638,,10403,39,,,0
10029,'1197669',838,,10404,39,,,0
10029,'1197675',2138,,10405,39,,,0
10029,'1197822',1738,,10406,39,,,0
10029,'1197831',1738,,10407,39,,,0
10029,'1197885',2038,,10408,39,,,0
10029,'1197887',1608,,10409,39,,,0
10029,'1197892',1238,,10410,39,,,0
10029,'1197908',2238,,10411,39,,,0
10029,'1197916',2308,,10412,39,,,0
10029,'1197980',2413,,10413,39,,,0
10029,'1198080',1638,,10414,39,,,0
10029,'1198150',1638,,10415,39,,,0
10029,'1198170',1139,,10416,39,,,0
10029,'1198181',1808,,10417,39,,,0
10029,'1198232',1539,,10418,39,,,0
10029,'1198314',1938,,10419,39,,,0
10029,'1198351',1238,,10420,39,,,0
10029,'1198466',2108,,10421,39,,,0
10029,'1198481',1439,,10422,39,,,0
10029,'1198536',1239,,10423,39,,,0
10029,'1198550',1639,,10424,39,,,0
10029,'1198565',2338,,10425,39,,,0
10029,'1198676',738,,10426,39,,,0
10029,'1198703',739,,10427,39,,,0
10029,'1198735',1039,,10428,39,,,0
10029,'1198754',1339,,10429,39,,,0
10029,'1198767',1138,,10430,39,,,0
10029,'1198887',908,,10431,39,,,0
10029,'1198905',1438,,10432,39,,,0
10029,'1198933',838,,10433,39,,,0
10029,'1199013',738,,10434,39,,,0
10029,'1199068',1038,,10435,39,,,0
10029,'1199078',1839,,10436,39,,,0
10029,'1199088',2008,,10437,39,,,0
10029,'1199134',1338,,10438,39,,,0
10029,'1199161',2339,,10439,39,,,0
10029,'1199245',1939,,10440,39,,,0
10029,'1199274',939,,10441,39,,,0
10029,'1199375',1508,,10442,39,,,0
10029,'1199396',808,,10443,39,,,0
10029,'1199411',2139,,10444,39,,,0
10029,'1199422',938,,10445,39,,,0
10029,'1199613',938,,10446,39,,,0
10029,'1199633',1538,,10447,39,,,0
