12029,'1196881',1136,,10722,34,,,0
12029,'1196886',1706,,10723,34,,,0
12029,'1196921',835,,10724,34,,,0
12029,'1196925',1636,,10725,34,,,0
12029,'1197005',2410,,10726,34,,,0
12029,'1197009',2335,,10727,34,,,0
12029,'1197092',1805,,10728,34,,,0
12029,'1197112',906,,10729,34,,,0
12029,'1197136',2305,,10730,34,,,0
12029,'1197164',736,,10731,34,,,0
12029,'1197202',1536,,10732,34,,,0
12029,'1197246',1406,,10733,34,,,0
12029,'1197415',1106,,10734,34,,,0
12029,'1197416',1536,,10735,34,,,0
12029,'1197484',1935,,10736,34,,,0
12029,'1197496',2205,,10737,34,,,0
12029,'1197608',1206,,10738,34,,,0
12029,'1197678',1835,,10739,34,,,0
12029,'1197742',1336,,10740,34,,,0
12029,'1197777',2335,,10741,34,,,0
12029,'1197790',2235,,10742,34,,,0
12029,'1197947',1735,,10743,34,,,0
12029,'1198008',1406,,10744,34,,,0
12029,'1198017',1905,,10745,34,,,0
12029,'1198020',1736,,10746,34,,,0
12029,'1198024',936,,10747,34,,,0
12029,'1198092',1835,,10748,34,,,0
12029,'1198139',1606,,10749,34,,,0
12029,'1198185',1206,,10750,34,,,0
12029,'1198205',836,,10751,34,,,0
12029,'1198239',1006,,10752,34,,,0
12029,'1198318',735,,10753,34,,,0
12029,'1198336',1136,,10754,34,,,0
12029,'1198360',1035,,10755,34,,,0
12029,'1198400',735,,10756,34,,,0
12029,'1198511',2235,,10757,34,,,0
12029,'1198528',1535,,10758,34,,,0
12029,'1198538',1436,,10759,34,,,0
12029,'1198556',2105,,10760,34,,,0
12029,'1198681',1935,,10761,34,,,0
12029,'1198731',2035,,10762,34,,,0
12029,'1198732',1336,,10763,34,,,0
12029,'1198745',2135,,10764,34,,,0
12029,'1198748',935,,10765,34,,,0
12029,'1198775',1036,,10766,34,,,0
12029,'1198818',1736,,10767,34,,,0
12029,'1198856',1135,,10768,34,,,0
12029,'1198877',1306,,10769,34,,,0
12029,'1198898',835,,10770,34,,,0
12029,'1198947',636,,10771,34,,,0
12029,'1198959',1236,,10772,34,,,0
12029,'1198976',1706,,10773,34,,,0
12029,'1199093',1506,,10774,34,,,0
12029,'1199207',1506,,10775,34,,,0
12029,'1199281',1335,,10776,34,,,0
12029,'1199325',1636,,10777,34,,,0
12029,'1199340',1106,,10778,34,,,0
12029,'1199357',1436,,10779,34,,,0
12029,'1199382',806,,10780,34,,,0
12029,'1199384',935,,10781,34,,,0
12029,'1199423',2005,,10782,34,,,0
12029,'1199437',1435,,10783,34,,,0
12029,'1199445',2035,,10784,34,,,0
12029,'1199457',1635,,10785,34,,,0
12029,'1199487',1036,,10786,34,,,0
12029,'1199500',706,,10787,34,,,0
12029,'1199501',1606,,10788,34,,,0
12029,'1199531',1236,,10789,34,,,0
12029,'1199556',2135,,10790,34,,,0
12029,'1199590',1306,,10791,34,,,0
12029,'1199639',1235,,10792,34,,,0
23029,'1196989',1519,,11178,6,,,0
23029,'1197720',918,,11179,6,,,0
23029,'1197799',948,,11180,6,,,0
23029,'1197902',1320,,11181,6,,,0
23029,'1198145',1719,,11182,6,,,0
23029,'1198600',1119,,11183,6,,,0
23029,'1199027',1350,,11184,6,,,0
23029,'1199095',1550,,11185,6,,,0
23029,'1199388',1150,,11186,6,,,0
