10029,'1196869',1024,,10389,21,,,0
10029,'1196944',1854,,10390,21,,,0
10029,'1196948',1524,,10391,21,,,0
10029,'1197007',654,,10392,21,,,0
10029,'1197053',1324,,10393,21,,,0
10029,'1197093',1124,,10394,21,,,0
10029,'1197160',1725,,10395,21,,,0
10029,'1197269',1824,,10396,21,,,0
10029,'1197314',2154,,10397,21,,,0
10029,'1197362',2025,,10398,21,,,0
10029,'1197385',825,,10399,21,,,0
10029,'1197414',1424,,10400,21,,,0
10029,'1197492',1654,,10401,21,,,0
10029,'1197523',2225,,10402,21,,,0
10029,'1197565',624,,10403,21,,,0
10029,'1197669',824,,10404,21,,,0
10029,'1197675',2124,,10405,21,,,0
10029,'1197822',1724,,10406,21,,,0
10029,'1197831',1724,,10407,21,,,0
10029,'1197885',2024,,10408,21,,,0
10029,'1197887',1554,,10409,21,,,0
10029,'1197892',1224,,10410,21,,,0
10029,'1197908',2224,,10411,21,,,0
10029,'1197916',2254,,10412,21,,,0
10029,'1197980',2359,,10413,21,,,0
10029,'1198080',1624,,10414,21,,,0
10029,'1198150',1624,,10415,21,,,0
10029,'1198170',1125,,10416,21,,,0
10029,'1198181',1754,,10417,21,,,0
10029,'1198232',1525,,10418,21,,,0
10029,'1198314',1924,,10419,21,,,0
10029,'1198351',1224,,10420,21,,,0
10029,'1198466',2054,,10421,21,,,0
10029,'1198481',1425,,10422,21,,,0
10029,'1198536',1225,,10423,21,,,0
10029,'1198550',1625,,10424,21,,,0
10029,'1198565',2324,,10425,21,,,0
10029,'1198676',724,,10426,21,,,0
10029,'1198703',725,,10427,21,,,0
10029,'1198735',1025,,10428,21,,,0
10029,'1198754',1325,,10429,21,,,0
10029,'1198767',1124,,10430,21,,,0
10029,'1198887',854,,10431,21,,,0
10029,'1198905',1424,,10432,21,,,0
10029,'1198933',824,,10433,21,,,0
10029,'1199013',724,,10434,21,,,0
10029,'1199068',1024,,10435,21,,,0
10029,'1199078',1825,,10436,21,,,0
10029,'1199088',1954,,10437,21,,,0
10029,'1199134',1324,,10438,21,,,0
10029,'1199161',2325,,10439,21,,,0
10029,'1199245',1925,,10440,21,,,0
10029,'1199274',925,,10441,21,,,0
10029,'1199375',1454,,10442,21,,,0
10029,'1199396',754,,10443,21,,,0
10029,'1199411',2125,,10444,21,,,0
10029,'1199422',924,,10445,21,,,0
10029,'1199613',924,,10446,21,,,0
10029,'1199633',1524,,10447,21,,,0
