105019,'1196946',846,,12117,3,,,0
105019,'1197049',1753,,12118,3,,,0
105019,'1197077',533,,12119,3,,,0
105019,'1197115',1138,,12120,3,,,0
105019,'1197131',646,,12121,3,,,0
105019,'1197173',1148,,12122,3,,,0
105019,'1197181',1006,,12123,3,,,0
105019,'1197192',2133,,12124,3,,,0
105019,'1197197',1438,,12125,3,,,0
105019,'1197292',1248,,12126,3,,,0
105019,'1197296',1538,,12127,3,,,0
105019,'1197531',1348,,12128,3,,,0
105019,'1197548',1903,,12129,3,,,0
105019,'1197557',1548,,12130,3,,,0
105019,'1197588',806,,12131,3,,,0
105019,'1197596',2033,,12132,3,,,0
105019,'1197617',1448,,12133,3,,,0
105019,'1197633',1206,,12134,3,,,0
105019,'1197710',735,,12135,3,,,0
105019,'1197779',1723,,12136,3,,,0
105019,'1197825',1353,,12137,3,,,0
105019,'1197971',1038,,12138,3,,,0
105019,'1198112',603,,12139,3,,,0
105019,'1198338',1048,,12140,3,,,0
105019,'1198380',2206,,12141,3,,,0
105019,'1198385',1653,,12142,3,,,0
105019,'1198553',1253,,12143,3,,,0
105019,'1198560',2006,,12144,3,,,0
105019,'1198571',1606,,12145,3,,,0
105019,'1198621',705,,12146,3,,,0
105019,'1198667',935,,12147,3,,,0
105019,'1198717',1508,,12148,3,,,0
105019,'1198741',835,,12149,3,,,0
105019,'1198746',1823,,12150,3,,,0
105019,'1198889',633,,12151,3,,,0
105019,'1199004',1406,,12152,3,,,0
105019,'1199054',1608,,12153,3,,,0
105019,'1199098',805,,12154,3,,,0
105019,'1199298',2333,,12155,3,,,0
105019,'1199347',2246,,12156,3,,,0
105019,'1199383',2233,,12157,3,,,0
105019,'1199400',1648,,12158,3,,,0
105019,'1199461',1806,,12159,3,,,0
105019,'1199511',1748,,12160,3,,,0
105019,'1199546',2046,,12161,3,,,0
105019,'1199574',1848,,12162,3,,,0
