11029,'1196876',1501,,10548,19,,,0
11029,'1196884',1300,,10549,23,,,0
11029,'1196914',1143,,10550,23,,,0
11029,'1196958',802,,10551,23,,,0
11029,'1197000',1301,,10552,19,,,0
11029,'1197070',1901,,10553,19,,,0
11029,'1197071',1842,,10554,23,,,0
11029,'1197114',928,,10555,23,,,0
11029,'1197185',2301,,10556,19,,,0
11029,'1197191',1500,,10557,23,,,0
11029,'1197229',1415,,10558,23,,,0
11029,'1197234',1714,,10559,23,,,0
11029,'1197264',1745,,10560,23,,,0
11029,'1197274',943,,10561,23,,,0
11029,'1197327',1344,,10562,23,,,0
11029,'1197343',743,,10563,23,,,0
11029,'1197351',1601,,10564,19,,,0
11029,'1197398',1830,,10565,23,,,0
11029,'1197412',2312,,10566,23,,,0
11029,'1197422',1645,,10567,23,,,0
11029,'1197446',2401,,10568,19,,,0
11029,'1197463',713,,10569,23,,,0
11029,'1197502',628,,10570,23,,,0
11029,'1197519',758,,10571,23,,,0
11029,'1197564',2302,,10572,23,,,0
11029,'1197573',1401,,10573,19,,,0
11029,'1197695',1113,,10574,23,,,0
11029,'1197696',813,,10575,23,,,0
11029,'1197753',901,,10576,19,,,0
11029,'1197763',1530,,10577,23,,,0
11029,'1197795',2042,,10578,23,,,0
11029,'1197832',1630,,10579,23,,,0
11029,'1197875',2429,,10580,23,,,0
11029,'1197917',2402,,10581,23,,,0
11029,'1197925',1128,,10582,23,,,0
11029,'1197934',1544,,10583,23,,,0
11029,'1197978',1912,,10584,23,,,0
11029,'1197990',1444,,10585,23,,,0
11029,'1198012',858,,10586,23,,,0
11029,'1198053',1002,,10587,23,,,0
11029,'1198076',2012,,10588,23,,,0
11029,'1198113',2112,,10589,23,,,0
11029,'1198146',2242,,10590,23,,,0
11029,'1198266',2002,,10591,23,,,0
11029,'1198296',1701,,10592,19,,,0
11029,'1198337',913,,10593,23,,,0
11029,'1198341',1202,,10594,23,,,0
11029,'1198362',2201,,10595,19,,,0
11029,'1198405',1902,,10596,23,,,0
11029,'1198419',1515,,10597,23,,,0
11029,'1198470',1315,,10598,23,,,0
11029,'1198493',1815,,10599,23,,,0
11029,'1198506',1102,,10600,23,,,0
11029,'1198543',1028,,10601,23,,,0
11029,'1198548',1615,,10602,23,,,0
11029,'1198573',1158,,10603,23,,,0
11029,'1198590',2001,,10604,19,,,0
11029,'1198610',1600,,10605,23,,,0
11029,'1198623',702,,10606,23,,,0
11029,'1198660',1314,,10607,23,,,0
11029,'1198662',1801,,10608,19,,,0
11029,'1198696',1445,,10609,23,,,0
11029,'1198771',1514,,10610,23,,,0
11029,'1198808',958,,10611,23,,,0
11029,'1198843',2101,,10612,19,,,0
11029,'1198927',1058,,10613,23,,,0
11029,'1198951',1730,,10614,23,,,0
11029,'1198978',1942,,10615,23,,,0
11029,'1199022',1242,,10616,23,,,0
11029,'1199024',2202,,10617,23,,,0
11029,'1199026',2212,,10618,23,,,0
11029,'1199059',1614,,10619,23,,,0
11029,'1199060',1400,,10620,23,,,0
11029,'1199064',1814,,10621,23,,,0
11029,'1199091',801,,10622,19,,,0
11029,'1199100',2142,,10623,23,,,0
11029,'1199118',1715,,10624,23,,,0
11029,'1199132',658,,10625,23,,,0
11029,'1199143',1744,,10626,23,,,0
11029,'1199154',1430,,10627,23,,,0
11029,'1199177',1700,,10628,23,,,0
11029,'1199180',2102,,10629,23,,,0
11029,'1199214',728,,10630,23,,,0
11029,'1199225',1545,,10631,23,,,0
11029,'1199227',1201,,10632,19,,,0
11029,'1199229',1414,,10633,23,,,0
11029,'1199253',1001,,10634,19,,,0
11029,'1199301',2339,,10635,23,,,0
11029,'1199306',1101,,10636,19,,,0
11029,'1199370',1800,,10637,23,,,0
11029,'1199376',843,,10638,23,,,0
11029,'1199394',902,,10639,23,,,0
11029,'1199403',828,,10640,23,,,0
11029,'1199410',1213,,10641,23,,,0
11029,'1199462',2409,,10642,23,,,0
11029,'1199476',1013,,10643,23,,,0
11029,'1199496',1330,,10644,23,,,0
11029,'1199508',1228,,10645,23,,,0
11029,'1199591',1644,,10646,23,,,0
11029,'1199603',1245,,10647,23,,,0
11029,'1199619',1043,,10648,23,,,0
11029,'1199623',1345,,10649,23,,,0
