105019,'1196946',903,,12117,37,,,0
105019,'1197049',1812,,12118,37,,,0
105019,'1197077',550,,12119,37,,,0
105019,'1197115',1157,,12120,37,,,0
105019,'1197131',703,,12121,37,,,0
105019,'1197173',1205,,12122,37,,,0
105019,'1197181',1022,,12123,37,,,0
105019,'1197192',2150,,12124,37,,,0
105019,'1197197',1457,,12125,37,,,0
105019,'1197292',1305,,12126,37,,,0
105019,'1197296',1557,,12127,37,,,0
105019,'1197531',1405,,12128,37,,,0
105019,'1197548',1920,,12129,37,,,0
105019,'1197557',1605,,12130,37,,,0
105019,'1197588',822,,12131,37,,,0
105019,'1197596',2050,,12132,37,,,0
105019,'1197617',1505,,12133,37,,,0
105019,'1197633',1222,,12134,37,,,0
105019,'1197710',754,,12135,37,,,0
105019,'1197779',1742,,12136,37,,,0
105019,'1197825',1412,,12137,37,,,0
105019,'1197971',1057,,12138,37,,,0
105019,'1198112',620,,12139,37,,,0
105019,'1198338',1105,,12140,37,,,0
105019,'1198380',2222,,12141,37,,,0
105019,'1198385',1712,,12142,37,,,0
105019,'1198553',1312,,12143,37,,,0
105019,'1198560',2022,,12144,37,,,0
105019,'1198571',1622,,12145,37,,,0
105019,'1198621',724,,12146,37,,,0
105019,'1198667',954,,12147,37,,,0
105019,'1198717',1527,,12148,37,,,0
105019,'1198741',854,,12149,37,,,0
105019,'1198746',1842,,12150,37,,,0
105019,'1198889',650,,12151,37,,,0
105019,'1199004',1422,,12152,37,,,0
105019,'1199054',1627,,12153,37,,,0
105019,'1199098',824,,12154,37,,,0
105019,'1199298',2350,,12155,37,,,0
105019,'1199347',2303,,12156,37,,,0
105019,'1199383',2250,,12157,37,,,0
105019,'1199400',1705,,12158,37,,,0
105019,'1199461',1822,,12159,37,,,0
105019,'1199511',1805,,12160,37,,,0
105019,'1199546',2103,,12161,37,,,0
105019,'1199574',1905,,12162,37,,,0
