12019,'1196839',2120,,10650,6,,,0
12019,'1196874',1120,,10651,6,,,0
12019,'1196885',1620,,10652,6,,,0
12019,'1196887',1550,,10653,6,,,0
12019,'1196940',1320,,10654,6,,,0
12019,'1196983',1920,,10655,6,,,0
12019,'1197026',2220,,10656,6,,,0
12019,'1197080',1820,,10657,6,,,0
12019,'1197104',1850,,10658,6,,,0
12019,'1197223',1750,,10659,6,,,0
12019,'1197306',1150,,10660,6,,,0
12019,'1197322',750,,10661,6,,,0
12019,'1197334',1620,,10662,6,,,0
12019,'1197339',1750,,10663,6,,,0
12019,'1197433',950,,10664,6,,,0
12019,'1197490',1650,,10665,6,,,0
12019,'1197525',1550,,10666,6,,,0
12019,'1197602',850,,10667,6,,,0
12019,'1197615',1220,,10668,6,,,0
12019,'1197664',1750,,10669,6,,,0
12019,'1197701',2350,,10670,6,,,0
12019,'1197765',2350,,10671,6,,,0
12019,'1197813',1050,,10672,6,,,0
12019,'1197824',1250,,10673,6,,,0
12019,'1197891',2050,,10674,6,,,0
12019,'1197911',1950,,10675,6,,,0
12019,'1197945',1850,,10676,6,,,0
12019,'1197989',1450,,10677,6,,,0
12019,'1197991',1150,,10678,6,,,0
12019,'1198031',650,,10679,6,,,0
12019,'1198072',1350,,10680,6,,,0
12019,'1198097',1550,,10681,6,,,0
12019,'1198121',1650,,10682,6,,,0
12019,'1198127',1050,,10683,6,,,0
12019,'1198171',2150,,10684,6,,,0
12019,'1198224',2250,,10685,6,,,0
12019,'1198250',1320,,10686,6,,,0
12019,'1198260',1420,,10687,6,,,0
12019,'1198263',920,,10688,6,,,0
12019,'1198283',1520,,10689,6,,,0
12019,'1198358',1450,,10690,6,,,0
12019,'1198421',850,,10691,6,,,0
12019,'1198427',1220,,10692,6,,,0
12019,'1198442',1720,,10693,6,,,0
12019,'1198497',2150,,10694,6,,,0
12019,'1198582',850,,10695,6,,,0
12019,'1198588',620,,10696,6,,,0
12019,'1198592',1720,,10697,6,,,0
12019,'1198618',1050,,10698,6,,,0
12019,'1198712',1150,,10699,6,,,0
12019,'1198727',1350,,10700,6,,,0
12019,'1198773',1350,,10701,6,,,0
12019,'1198774',1120,,10702,6,,,0
12019,'1198819',2320,,10703,6,,,0
12019,'1198842',950,,10704,6,,,0
12019,'1198884',1950,,10705,6,,,0
12019,'1198912',750,,10706,6,,,0
12019,'1198945',950,,10707,6,,,0
12019,'1199167',720,,10708,6,,,0
12019,'1199197',2050,,10709,6,,,0
12019,'1199223',1250,,10710,6,,,0
12019,'1199224',652,,10711,6,,,0
12019,'1199251',1020,,10712,6,,,0
12019,'1199291',1520,,10713,6,,,0
12019,'1199315',1250,,10714,6,,,0
12019,'1199416',2250,,10715,6,,,0
12019,'1199495',1420,,10716,6,,,0
12019,'1199513',820,,10717,6,,,0
12019,'1199578',1450,,10718,6,,,0
12019,'1199610',2020,,10719,6,,,0
12019,'1199616',750,,10720,6,,,0
12019,'1199625',1650,,10721,6,,,0
