28019,'1196931',2333,,11637,4,,,0
28019,'1196961',953,,11638,4,,,0
28019,'1197034',1133,,11640,4,,,0
28019,'1197242',1533,,11643,4,,,0
28019,'1197295',1353,,11645,4,,,0
28019,'1197458',1933,,11648,4,,,0
28019,'1197551',853,,11651,4,,,0
28019,'1197718',2133,,11653,4,,,0
28019,'1197726',1753,,11654,4,,,0
28019,'1197861',1833,,11656,4,,,0
28019,'1197862',1233,,11657,4,,,0
28019,'1198022',653,,11658,4,,,0
28019,'1198061',2053,,11659,4,,,0
28019,'1198096',1433,,11660,4,,,0
28019,'1198110',1153,,11661,4,,,0
28019,'1198319',1953,,11662,4,,,0
28019,'1198329',1633,,11663,4,,,0
28019,'1198345',1453,,11665,4,,,0
28019,'1198414',1053,,11666,4,,,0
28019,'1198454',1033,,11667,4,,,0
28019,'1198522',1553,,11668,4,,,0
28019,'1198672',933,,11670,4,,,0
28019,'1198739',2153,,11671,4,,,0
28019,'1198919',733,,11676,4,,,0
28019,'1198968',1253,,11678,4,,,0
28019,'1199033',2353,,11679,4,,,0
28019,'1199206',2033,,11682,4,,,0
28019,'1199243',2253,,11683,4,,,0
28019,'1199296',1853,,11684,4,,,0
28019,'1199344',1733,,11686,4,,,0
28019,'1199417',1653,,11688,4,,,0
28019,'1199450',833,,11690,4,,,0
28019,'1199529',1333,,11691,4,,,0
28019,'1199584',753,,11694,4,,,0
28019,'1199602',2233,,11695,4,,,0
28019,'1199775',1738,,12871,4,,,0
28019,'1199776',1708,,12872,4,,,0
28019,'1199784',1808,,12873,4,,,0
28019,'1199803',708,,12874,4,,,0
28019,'1199807',2008,,12875,4,,,0
28019,'1199817',2208,,12876,4,,,0
28019,'1199832',2308,,12877,4,,,0
28019,'1199835',1508,,12878,4,,,0
28019,'1199837',1638,,12879,4,,,0
28019,'1199842',1838,,12880,4,,,0
28019,'1199845',908,,12881,4,,,0
28019,'1199851',808,,12882,4,,,0
28019,'1199859',1908,,12883,4,,,0
28019,'1199861',838,,12884,4,,,0
28019,'1199868',1408,,12885,4,,,0
28019,'1199872',638,,12886,4,,,0
28019,'1199880',1308,,12887,4,,,0
28019,'1199885',738,,12888,4,,,0
28019,'1199887',1208,,12889,4,,,0
28019,'1199894',1608,,12890,4,,,0
28019,'1199897',608,,12891,4,,,0
28019,'1199900',2108,,12892,4,,,0
28019,'1199908',1008,,12893,4,,,0
28019,'1199917',1108,,12894,4,,,0
