105019,'1196946',846,,12117,1,,,0
105019,'1197049',1752,,12118,1,,,0
105019,'1197077',532,,12119,1,,,0
105019,'1197115',1137,,12120,1,,,0
105019,'1197131',646,,12121,1,,,0
105019,'1197173',1148,,12122,1,,,0
105019,'1197181',1005,,12123,1,,,0
105019,'1197192',2132,,12124,1,,,0
105019,'1197197',1437,,12125,1,,,0
105019,'1197292',1248,,12126,1,,,0
105019,'1197296',1537,,12127,1,,,0
105019,'1197531',1348,,12128,1,,,0
105019,'1197548',1902,,12129,1,,,0
105019,'1197557',1548,,12130,1,,,0
105019,'1197588',805,,12131,1,,,0
105019,'1197596',2032,,12132,1,,,0
105019,'1197617',1448,,12133,1,,,0
105019,'1197633',1205,,12134,1,,,0
105019,'1197710',734,,12135,1,,,0
105019,'1197779',1722,,12136,1,,,0
105019,'1197825',1352,,12137,1,,,0
105019,'1197971',1037,,12138,1,,,0
105019,'1198112',602,,12139,1,,,0
105019,'1198338',1048,,12140,1,,,0
105019,'1198380',2205,,12141,1,,,0
105019,'1198385',1652,,12142,1,,,0
105019,'1198553',1252,,12143,1,,,0
105019,'1198560',2005,,12144,1,,,0
105019,'1198571',1605,,12145,1,,,0
105019,'1198621',704,,12146,1,,,0
105019,'1198667',934,,12147,1,,,0
105019,'1198717',1507,,12148,1,,,0
105019,'1198741',834,,12149,1,,,0
105019,'1198746',1822,,12150,1,,,0
105019,'1198889',632,,12151,1,,,0
105019,'1199004',1405,,12152,1,,,0
105019,'1199054',1607,,12153,1,,,0
105019,'1199098',804,,12154,1,,,0
105019,'1199298',2332,,12155,1,,,0
105019,'1199347',2246,,12156,1,,,0
105019,'1199383',2232,,12157,1,,,0
105019,'1199400',1648,,12158,1,,,0
105019,'1199461',1805,,12159,1,,,0
105019,'1199511',1748,,12160,1,,,0
105019,'1199546',2046,,12161,1,,,0
105019,'1199574',1848,,12162,1,,,0
105029,'1196840',2332,,12163,84,4,,0
105029,'1196987',1046,,12164,84,4,,0
105029,'1196996',1720,,12165,84,4,,0
105029,'1197020',1604,,12166,84,4,,0
105029,'1197097',1820,,12167,84,4,,0
105029,'1197137',2044,,12168,84,4,,0
105029,'1197220',2032,,12169,84,4,,0
105029,'1197228',1535,,12170,84,4,,0
105029,'1197231',802,,12171,84,4,,0
105029,'1197439',1204,,12172,84,4,,0
105029,'1197501',2004,,12173,84,4,,0
105029,'1197522',2204,,12174,84,4,,0
105029,'1197561',1035,,12175,84,4,,0
105029,'1197638',1004,,12176,84,4,,0
105029,'1197840',2132,,12177,84,4,,0
105029,'1197853',2232,,12178,84,4,,0
105029,'1197918',1902,,12179,84,4,,0
105029,'1197968',2404,,12180,84,4,,0
105029,'1198013',1404,,12181,84,4,,0
105029,'1198037',1135,,12182,84,4,,0
105029,'1198064',1846,,12183,84,4,,0
105029,'1198187',1246,,12184,84,4,,0
105029,'1198214',1804,,12185,84,4,,0
105029,'1198417',1346,,12186,84,4,,0
105029,'1198447',1750,,12187,84,4,,0
105029,'1198529',1546,,12188,84,4,,0
105029,'1198616',732,,12189,84,4,,0
105029,'1198625',1650,,12190,84,4,,0
105029,'1198711',1350,,12191,84,4,,0
105029,'1198718',1605,,12192,84,4,,0
105029,'1198725',1746,,12193,84,4,,0
105029,'1198779',844,,12194,84,4,,0
105029,'1198918',1446,,12195,84,4,,0
105029,'1198922',2437,,12196,84,4,,0
105029,'1198923',702,,12197,84,4,,0
105029,'1199012',644,,12198,84,4,,0
105029,'1199037',1435,,12199,84,4,,0
105029,'1199107',1505,,12200,84,4,,0
105029,'1199124',2444,,12201,84,4,,0
105029,'1199144',1250,,12202,84,4,,0
105029,'1199148',804,,12203,84,4,,0
105029,'1199220',1146,,12204,84,4,,0
105029,'1199470',2244,,12205,84,4,,0
105029,'1199473',932,,12206,84,4,,0
105029,'1199604',832,,12207,84,4,,0
105029,'1199607',1646,,12208,84,4,,0
