25019,'1196864',1241,,11307,18,,,0
25019,'1196932',1741,,11308,18,,,0
25019,'1196994',1942,,11309,18,,,0
25019,'1197064',725,,11310,18,,,0
25019,'1197079',2402,,11311,18,,,0
25019,'1197084',2325,,11312,18,,,0
25019,'1197151',740,,11313,18,,,0
25019,'1197299',2142,,11314,18,,,0
25019,'1197317',1341,,11315,18,,,0
25019,'1197342',1742,,11316,18,,,0
25019,'1197442',1525,,11317,18,,,0
25019,'1197448',1612,,11318,18,,,0
25019,'1197471',1041,,11319,18,,,0
25019,'1197624',1842,,11320,18,,,0
25019,'1197657',2125,,11321,18,,,0
25019,'1197660',842,,11322,18,,,0
25019,'1197687',2340,,11323,18,,,0
25019,'1197702',1212,,11324,18,,,0
25019,'1197757',742,,11325,18,,,0
25019,'1197760',1542,,11326,18,,,0
25019,'1197771',2025,,11327,18,,,0
25019,'1198004',2225,,11328,18,,,0
25019,'1198021',712,,11329,18,,,0
25019,'1198071',1941,,11330,18,,,0
25019,'1198079',642,,11331,18,,,0
25019,'1198190',2042,,11332,18,,,0
25019,'1198267',2242,,11333,18,,,0
25019,'1198315',912,,11334,18,,,0
25019,'1198388',1412,,11335,18,,,0
25019,'1198435',2241,,11336,18,,,0
25019,'1198457',640,,11337,18,,,0
25019,'1198479',942,,11338,18,,,0
25019,'1198492',1441,,11339,18,,,0
25019,'1198496',1841,,11340,18,,,0
25019,'1198512',1725,,11341,18,,,0
25019,'1198566',1141,,11342,18,,,0
25019,'1198604',1425,,11343,18,,,0
25019,'1198759',1325,,11344,18,,,0
25019,'1198776',2141,,11345,18,,,0
25019,'1198803',1512,,11346,18,,,0
25019,'1198823',2041,,11347,18,,,0
25019,'1198862',1925,,11348,18,,,0
25019,'1198902',1442,,11349,18,,,0
25019,'1198938',841,,11350,18,,,0
25019,'1199011',1112,,11351,18,,,0
25019,'1199070',1012,,11352,18,,,0
25019,'1199074',825,,11353,18,,,0
25019,'1199097',812,,11354,18,,,0
25019,'1199125',925,,11355,18,,,0
25019,'1199183',1312,,11356,18,,,0
25019,'1199208',1225,,11357,18,,,0
25019,'1199212',1825,,11358,18,,,0
25019,'1199258',1642,,11359,18,,,0
25019,'1199359',1025,,11360,18,,,0
25019,'1199389',941,,11361,18,,,0
25019,'1199464',1641,,11362,18,,,0
25019,'1199480',1712,,11363,18,,,0
25019,'1199589',1125,,11364,18,,,0
25019,'1199634',1541,,11365,18,,,0
25019,'1199649',1625,,11366,18,,,0
