20019,'1196861',1649,,11034,23,,,0
20019,'1196920',2220,,11035,23,,,0
20019,'1196950',750,,11036,23,,,0
20019,'1196955',649,,11037,23,,,0
20019,'1197117',2021,,11038,23,,,0
20019,'1197128',2120,,11039,23,,,0
20019,'1197129',1549,,11040,23,,,0
20019,'1197174',1521,,11041,23,,,0
20019,'1197187',1541,,11042,23,,,0
20019,'1197300',2241,,11043,23,,,0
20019,'1197337',1941,,11044,23,,,0
20019,'1197360',2141,,11045,23,,,0
20019,'1197373',1249,,11046,23,,,0
20019,'1197429',1741,,11047,23,,,0
20019,'1197469',941,,11048,23,,,0
20019,'1197560',1041,,11049,23,,,0
20019,'1197585',649,,11050,23,,,0
20019,'1197629',1421,,11051,23,,,0
20019,'1197637',2150,,11052,23,,,0
20019,'1197672',1341,,11053,23,,,0
20019,'1197681',1049,,11054,23,,,0
20019,'1197724',1441,,11055,23,,,0
20019,'1197914',1241,,11056,23,,,0
20019,'1197984',1751,,11057,23,,,0
20019,'1197986',1349,,11058,23,,,0
20019,'1198036',1821,,11059,23,,,0
20019,'1198083',2420,,11060,23,,,0
20019,'1198114',949,,11061,23,,,0
20019,'1198133',1121,,11062,23,,,0
20019,'1198141',2050,,11063,23,,,0
20019,'1198152',1321,,11064,23,,,0
20019,'1198178',749,,11065,23,,,0
20019,'1198183',2250,,11066,23,,,0
20019,'1198191',619,,11067,23,,,0
20019,'1198203',2341,,11068,23,,,0
20019,'1198236',741,,11069,23,,,0
20019,'1198244',1950,,11070,23,,,0
20019,'1198268',2041,,11071,23,,,0
20019,'1198364',2320,,11072,23,,,0
20019,'1198377',1621,,11073,23,,,0
20019,'1198420',1721,,11074,23,,,0
20019,'1198431',921,,11075,23,,,0
20019,'1198465',1850,,11076,23,,,0
20019,'1198477',1841,,11077,23,,,0
20019,'1198580',720,,11078,23,,,0
20019,'1198586',821,,11079,23,,,0
20019,'1198656',849,,11080,23,,,0
20019,'1198669',1021,,11081,23,,,0
20019,'1198702',1749,,11082,23,,,0
20019,'1198708',1449,,11083,23,,,0
20019,'1198826',1651,,11084,23,,,0
20019,'1198871',1141,,11085,23,,,0
20019,'1198943',1921,,11086,23,,,0
20019,'1199137',2349,,11087,23,,,0
20019,'1199386',841,,11088,23,,,0
20019,'1199428',1221,,11089,23,,,0
20019,'1199534',1641,,11090,23,,,0
20019,'1199553',1149,,11091,23,,,0
