12019,'1196839',2132,,10650,28,,,0
12019,'1196874',1134,,10651,28,,,0
12019,'1196885',1634,,10652,28,,,0
12019,'1196887',1604,,10653,28,,,0
12019,'1196940',1334,,10654,28,,,0
12019,'1196983',1932,,10655,28,,,0
12019,'1197026',2232,,10656,28,,,0
12019,'1197080',1832,,10657,28,,,0
12019,'1197104',1902,,10658,28,,,0
12019,'1197223',1804,,10659,28,,,0
12019,'1197306',1204,,10660,28,,,0
12019,'1197322',802,,10661,28,,,0
12019,'1197334',1634,,10662,28,,,0
12019,'1197339',1802,,10663,28,,,0
12019,'1197433',1002,,10664,28,,,0
12019,'1197490',1704,,10665,28,,,0
12019,'1197525',1604,,10666,28,,,0
12019,'1197602',903,,10667,28,,,0
12019,'1197615',1234,,10668,28,,,0
12019,'1197664',1804,,10669,28,,,0
12019,'1197701',2402,,10670,28,,,0
12019,'1197765',2402,,10671,28,,,0
12019,'1197813',1104,,10672,28,,,0
12019,'1197824',1302,,10673,28,,,0
12019,'1197891',2102,,10674,28,,,0
12019,'1197911',2002,,10675,28,,,0
12019,'1197945',1902,,10676,28,,,0
12019,'1197989',1504,,10677,28,,,0
12019,'1197991',1202,,10678,28,,,0
12019,'1198031',703,,10679,28,,,0
12019,'1198072',1402,,10680,28,,,0
12019,'1198097',1602,,10681,28,,,0
12019,'1198121',1704,,10682,28,,,0
12019,'1198127',1104,,10683,28,,,0
12019,'1198171',2202,,10684,28,,,0
12019,'1198224',2302,,10685,28,,,0
12019,'1198250',1334,,10686,28,,,0
12019,'1198260',1434,,10687,28,,,0
12019,'1198263',933,,10688,28,,,0
12019,'1198283',1534,,10689,28,,,0
12019,'1198358',1502,,10690,28,,,0
12019,'1198421',902,,10691,28,,,0
12019,'1198427',1234,,10692,28,,,0
12019,'1198442',1734,,10693,28,,,0
12019,'1198497',2202,,10694,28,,,0
12019,'1198582',902,,10695,28,,,0
12019,'1198588',633,,10696,28,,,0
12019,'1198592',1734,,10697,28,,,0
12019,'1198618',1102,,10698,28,,,0
12019,'1198712',1204,,10699,28,,,0
12019,'1198727',1404,,10700,28,,,0
12019,'1198773',1404,,10701,28,,,0
12019,'1198774',1134,,10702,28,,,0
12019,'1198819',2332,,10703,28,,,0
12019,'1198842',1003,,10704,28,,,0
12019,'1198884',2002,,10705,28,,,0
12019,'1198912',802,,10706,28,,,0
12019,'1198945',1002,,10707,28,,,0
12019,'1199167',733,,10708,28,,,0
12019,'1199197',2102,,10709,28,,,0
12019,'1199223',1304,,10710,28,,,0
12019,'1199224',704,,10711,28,,,0
12019,'1199251',1033,,10712,28,,,0
12019,'1199291',1534,,10713,28,,,0
12019,'1199315',1304,,10714,28,,,0
12019,'1199416',2302,,10715,28,,,0
12019,'1199495',1434,,10716,28,,,0
12019,'1199513',833,,10717,28,,,0
12019,'1199578',1504,,10718,28,,,0
12019,'1199610',2032,,10719,28,,,0
12019,'1199616',803,,10720,28,,,0
12019,'1199625',1702,,10721,28,,,0
