190001019,'1196837',1341,,12495,8,,,0
190001019,'1196862',1632,,12496,8,,,0
190001019,'1196877',1855,,12497,8,,,0
190001019,'1196883',1226,,12498,8,,,0
190001019,'1196901',625,,12499,8,,,0
190001019,'1196926',811,,12500,8,,,0
190001019,'1196927',1925,,12501,8,,,0
190001019,'1196941',2000,,12502,8,,,0
190001019,'1196956',1256,,12503,8,,,0
190001019,'1196974',1241,,12504,8,,,0
190001019,'1197019',1417,,12505,8,,,0
190001019,'1197037',1732,,12506,8,,,0
190001019,'1197055',1910,,12507,8,,,0
190001019,'1197061',1400,,12508,8,,,0
190001019,'1197062',1512,,12509,8,,,0
190001019,'1197067',1747,,12510,8,,,0
190001019,'1197087',1057,,12511,8,,,0
190001019,'1197116',725,,12512,8,,,0
190001019,'1197124',2325,,12513,8,,,0
190001019,'1197149',1211,,12514,8,,,0
190001019,'1197157',941,,12515,8,,,0
190001019,'1197183',2155,,12516,8,,,0
190001019,'1197196',1627,,12517,8,,,0
190001019,'1197239',1357,,12518,8,,,0
190001019,'1197241',926,,12519,8,,,0
190001019,'1197275',900,,12520,8,,,0
190001019,'1197336',1812,,12521,8,,,0
190001019,'1197358',1100,,12522,8,,,0
190001019,'1197359',826,,12523,8,,,0
190001019,'1197381',1712,,12524,8,,,0
190001019,'1197382',1700,,12525,8,,,0
190001019,'1197450',1755,,12526,8,,,0
190001019,'1197483',1112,,12527,8,,,0
190001019,'1197488',1427,,12528,8,,,0
190001019,'1197500',856,,12529,8,,,0
190001019,'1197524',925,,12530,8,,,0
190001019,'1197530',1612,,12531,8,,,0
190001019,'1197543',1600,,12532,8,,,0
190001019,'1197562',1955,,12533,8,,,0
190001019,'1197598',1447,,12534,8,,,0
190001019,'1197653',1026,,12535,8,,,0
190001019,'1197698',1010,,12536,8,,,0
190001019,'1197706',1000,,12537,8,,,0
190001019,'1197709',1111,,12538,8,,,0
190001019,'1197713',1757,,12539,8,,,0
190001019,'1197736',1342,,12540,8,,,0
190001019,'1197746',911,,12541,8,,,0
190001019,'1197811',1840,,12542,8,,,0
190001019,'1197845',1356,,12543,8,,,0
190001019,'1197867',2225,,12544,8,,,0
190001019,'1197877',1056,,12545,8,,,0
190001019,'1197919',1042,,12546,8,,,0
190001019,'1197924',1940,,12547,8,,,0
190001019,'1197933',1742,,12548,8,,,0
190001019,'1197942',1825,,12549,8,,,0
190001019,'1197950',1432,,12550,8,,,0
190001019,'1197953',1027,,12551,8,,,0
190001019,'1197956',1311,,12552,8,,,0
190001019,'1198005',1727,,12553,8,,,0
190001019,'1198015',2400,,12554,8,,,0
190001019,'1198030',2100,,12555,8,,,0
190001019,'1198047',1500,,12556,8,,,0
190001019,'1198065',2055,,12557,8,,,0
190001019,'1198066',656,,12558,8,,,0
190001019,'1198075',2155,,12559,8,,,0
190001019,'1198104',955,,12560,8,,,0
190001019,'1198135',2010,,12561,8,,,0
190001019,'1198157',2255,,12562,8,,,0
190001019,'1198172',1800,,12563,8,,,0
190001019,'1198202',1142,,12564,8,,,0
190001019,'1198216',1227,,12565,8,,,0
190001019,'1198221',2140,,12566,8,,,0
190001019,'1198238',756,,12567,8,,,0
190001019,'1198255',641,,12568,8,,,0
190001019,'1198261',1840,,12569,8,,,0
190001019,'1198292',1141,,12570,8,,,0
190001019,'1198298',1657,,12571,8,,,0
190001019,'1198311',1602,,12572,8,,,0
190001019,'1198339',1925,,12573,8,,,0
190001019,'1198343',1502,,12574,8,,,0
190001019,'1198372',800,,12575,8,,,0
190001019,'1198396',1717,,12576,8,,,0
190001019,'1198407',1156,,12577,8,,,0
190001019,'1198441',1617,,12578,8,,,0
190001019,'1198467',1825,,12579,8,,,0
190001019,'1198471',1542,,12580,8,,,0
190001019,'1198476',1300,,12581,8,,,0
190001019,'1198499',2300,,12582,8,,,0
190001019,'1198534',2355,,12583,8,,,0
190001019,'1198547',1011,,12584,8,,,0
190001019,'1198574',1527,,12585,8,,,0
190001019,'1198598',825,,12586,8,,,0
190001019,'1198607',855,,12587,8,,,0
190001019,'1198613',2225,,12588,8,,,0
190001019,'1198622',1955,,12589,8,,,0
190001019,'1198646',2110,,12590,8,,,0
190001019,'1198647',655,,12591,8,,,0
190001019,'1198653',2055,,12592,8,,,0
190001019,'1198674',1157,,12593,8,,,0
190001019,'1198678',2040,,12594,8,,,0
190001019,'1198685',2025,,12595,8,,,0
190001019,'1198700',1127,,12596,8,,,0
190001019,'1198707',1412,,12597,8,,,0
190001019,'1198721',1041,,12598,8,,,0
190001019,'1198724',1532,,12599,8,,,0
190001019,'1198784',1212,,12600,8,,,0
190001019,'1198792',1855,,12601,8,,,0
190001019,'1198804',1200,,12602,8,,,0
190001019,'1198821',711,,12603,8,,,0
190001019,'1198827',2125,,12604,8,,,0
190001019,'1198852',2200,,12605,8,,,0
190001019,'1198857',1642,,12606,8,,,0
190001019,'1198864',1810,,12607,8,,,0
190001019,'1198929',1557,,12608,8,,,0
190001019,'1198949',1242,,12609,8,,,0
190001019,'1198960',1900,,12610,8,,,0
190001019,'1198974',1257,,12611,8,,,0
190001019,'1198988',1327,,12612,8,,,0
190001019,'1198997',1442,,12613,8,,,0
190001019,'1199029',2255,,12614,8,,,0
190001019,'1199121',1647,,12615,8,,,0
190001019,'1199126',1326,,12616,8,,,0
190001019,'1199140',2415,,12617,8,,,0
190001019,'1199142',1126,,12618,8,,,0
190001019,'1199166',755,,12619,8,,,0
190001019,'1199192',2025,,12620,8,,,0
190001019,'1199228',741,,12621,8,,,0
190001019,'1199318',1517,,12622,8,,,0
190001019,'1199339',1702,,12623,8,,,0
190001019,'1199371',726,,12624,8,,,0
190001019,'1199373',841,,12625,8,,,0
190001019,'1199385',1312,,12626,8,,,0
190001019,'1199427',1457,,12627,8,,,0
190001019,'1199436',1547,,12628,8,,,0
190001019,'1199510',2325,,12629,8,,,0
190001019,'1199550',2355,,12630,8,,,0
190001019,'1199551',2125,,12631,8,,,0
190001019,'1199648',956,,12632,8,,,0
