13019,'1196852',1326,,10793,17,,,0
13019,'1196856',1725,,10794,17,,,0
13019,'1196999',925,,10796,17,,,0
13019,'1197035',625,,10797,17,,,0
13019,'1197132',1456,,10798,17,,,0
13019,'1197251',1556,,10799,17,,,0
13019,'1197279',726,,10800,17,,,0
13019,'1197353',2255,,10801,17,,,0
13019,'1197357',1826,,10802,17,,,0
13019,'1197451',2225,,10803,17,,,0
13019,'1197487',825,,10804,17,,,0
13019,'1197555',1626,,10805,17,,,0
13019,'1197570',926,,10806,17,,,0
13019,'1197575',1626,,10807,17,,,0
13019,'1197641',2026,,10808,17,,,0
13019,'1197645',1656,,10809,17,,,0
13019,'1197648',655,,10810,17,,,0
13019,'1197690',1625,,10811,17,,,0
13019,'1197692',1726,,10812,17,,,0
13019,'1197730',1426,,10813,17,,,0
13019,'1197762',2400,,10814,17,,,0
13019,'1197803',725,,10815,17,,,0
13019,'1197834',1225,,10816,17,,,0
13019,'1197854',2025,,10817,17,,,0
13019,'1197962',1325,,10818,17,,,0
13019,'1197975',1026,,10819,17,,,0
13019,'1198041',1125,,10820,17,,,0
13019,'1198094',1755,,10821,17,,,0
13019,'1198160',825,,10822,17,,,0
13019,'1198201',1226,,10823,17,,,0
13019,'1198243',1825,,10824,17,,,0
13019,'1198290',2155,,10825,17,,,0
13019,'1198352',725,,10826,17,,,0
13019,'1198355',1855,,10827,17,,,0
13019,'1198382',755,,10828,17,,,0
13019,'1198402',2226,,10829,17,,,0
13019,'1198552',2126,,10830,17,,,0
13019,'1198554',1925,,10831,17,,,0
13019,'1198602',1126,,10832,17,,,0
13019,'1198611',1955,,10833,17,,,0
13019,'1198630',1526,,10834,17,,,0
13019,'1198675',1226,,10835,17,,,0
13019,'1198716',1025,,10837,17,,,0
13019,'1198729',955,,10838,17,,,0
13019,'1198761',1326,,10839,17,,,0
13019,'1198778',925,,10840,17,,,0
13019,'1198837',2326,,10841,17,,,0
13019,'1198874',1126,,10842,17,,,0
13019,'1198888',855,,10843,17,,,0
13019,'1199044',826,,10844,17,,,0
13019,'1199123',1026,,10845,17,,,0
13019,'1199151',1426,,10846,17,,,0
13019,'1199233',1425,,10847,17,,,0
13019,'1199276',1525,,10848,17,,,0
13019,'1199284',2055,,10849,17,,,0
13019,'1199418',1926,,10850,17,,,0
13019,'1199448',1726,,10851,17,,,0
13019,'1199536',2125,,10852,17,,,0
13019,'1199588',2325,,10853,17,,,0
13019,'1199631',1526,,10854,17,,,0
