105029,'1196840',2307,,12163,30,,,0
105029,'1196987',1022,,12164,30,,,0
105029,'1196996',1653,,12165,30,,,0
105029,'1197020',1538,,12166,30,,,0
105029,'1197097',1753,,12167,30,,,0
105029,'1197137',2020,,12168,30,,,0
105029,'1197220',2007,,12169,30,,,0
105029,'1197228',1508,,12170,30,,,0
105029,'1197231',737,,12171,30,,,0
105029,'1197439',1138,,12172,30,,,0
105029,'1197501',1938,,12173,30,,,0
105029,'1197522',2138,,12174,30,,,0
105029,'1197561',1008,,12175,30,,,0
105029,'1197638',938,,12176,30,,,0
105029,'1197840',2107,,12177,30,,,0
105029,'1197853',2207,,12178,30,,,0
105029,'1197918',1837,,12179,30,,,0
105029,'1197968',2338,,12180,30,,,0
105029,'1198013',1338,,12181,30,,,0
105029,'1198037',1108,,12182,30,,,0
105029,'1198064',1822,,12183,30,,,0
105029,'1198187',1222,,12184,30,,,0
105029,'1198214',1738,,12185,30,,,0
105029,'1198417',1322,,12186,30,,,0
105029,'1198447',1723,,12187,30,,,0
105029,'1198529',1522,,12188,30,,,0
105029,'1198616',707,,12189,30,,,0
105029,'1198625',1623,,12190,30,,,0
105029,'1198711',1323,,12191,30,,,0
105029,'1198718',1538,,12192,30,,,0
105029,'1198725',1722,,12193,30,,,0
105029,'1198779',820,,12194,30,,,0
105029,'1198918',1422,,12195,30,,,0
105029,'1198922',2412,,12196,30,,,0
105029,'1198923',637,,12197,30,,,0
105029,'1199012',620,,12198,30,,,0
105029,'1199037',1408,,12199,30,,,0
105029,'1199107',1438,,12200,30,,,0
105029,'1199124',2420,,12201,30,,,0
105029,'1199144',1223,,12202,30,,,0
105029,'1199148',738,,12203,30,,,0
105029,'1199220',1122,,12204,30,,,0
105029,'1199470',2220,,12205,30,,,0
105029,'1199473',907,,12206,30,,,0
105029,'1199604',807,,12207,30,,,0
105029,'1199607',1622,,12208,30,,,0
106019,'1196832',959,,12209,34,,,0
106019,'1196841',729,,12210,34,,,0
106019,'1197348',844,,12211,34,,,0
106019,'1197389',1831,,12212,34,,,0
106019,'1197951',1601,,12213,34,,,0
106019,'1198120',1716,,12214,34,,,0
