10029,'1196869',1033,,10389,29,,,0
10029,'1196944',1903,,10390,29,,,0
10029,'1196948',1533,,10391,29,,,0
10029,'1197007',703,,10392,29,,,0
10029,'1197053',1333,,10393,29,,,0
10029,'1197093',1133,,10394,29,,,0
10029,'1197160',1733,,10395,29,,,0
10029,'1197269',1833,,10396,29,,,0
10029,'1197314',2203,,10397,29,,,0
10029,'1197362',2033,,10398,29,,,0
10029,'1197385',833,,10399,29,,,0
10029,'1197414',1433,,10400,29,,,0
10029,'1197492',1703,,10401,29,,,0
10029,'1197523',2233,,10402,29,,,0
10029,'1197565',633,,10403,29,,,0
10029,'1197669',833,,10404,29,,,0
10029,'1197675',2133,,10405,29,,,0
10029,'1197822',1733,,10406,29,,,0
10029,'1197831',1733,,10407,29,,,0
10029,'1197885',2033,,10408,29,,,0
10029,'1197887',1603,,10409,29,,,0
10029,'1197892',1233,,10410,29,,,0
10029,'1197908',2233,,10411,29,,,0
10029,'1197916',2303,,10412,29,,,0
10029,'1197980',2408,,10413,29,,,0
10029,'1198080',1633,,10414,29,,,0
10029,'1198150',1633,,10415,29,,,0
10029,'1198170',1133,,10416,29,,,0
10029,'1198181',1803,,10417,29,,,0
10029,'1198232',1533,,10418,29,,,0
10029,'1198314',1933,,10419,29,,,0
10029,'1198351',1233,,10420,29,,,0
10029,'1198466',2103,,10421,29,,,0
10029,'1198481',1433,,10422,29,,,0
10029,'1198536',1233,,10423,29,,,0
10029,'1198550',1633,,10424,29,,,0
10029,'1198565',2333,,10425,29,,,0
10029,'1198676',733,,10426,29,,,0
10029,'1198703',733,,10427,29,,,0
10029,'1198735',1033,,10428,29,,,0
10029,'1198754',1333,,10429,29,,,0
10029,'1198767',1133,,10430,29,,,0
10029,'1198887',903,,10431,29,,,0
10029,'1198905',1433,,10432,29,,,0
10029,'1198933',833,,10433,29,,,0
10029,'1199013',733,,10434,29,,,0
10029,'1199068',1033,,10435,29,,,0
10029,'1199078',1833,,10436,29,,,0
10029,'1199088',2003,,10437,29,,,0
10029,'1199134',1333,,10438,29,,,0
10029,'1199161',2333,,10439,29,,,0
10029,'1199245',1933,,10440,29,,,0
10029,'1199274',933,,10441,29,,,0
10029,'1199375',1503,,10442,29,,,0
10029,'1199396',803,,10443,29,,,0
10029,'1199411',2133,,10444,29,,,0
10029,'1199422',933,,10445,29,,,0
10029,'1199613',933,,10446,29,,,0
10029,'1199633',1533,,10447,29,,,0
