101019,'1197003',552,,11803,33,,,0
101019,'1197056',2129,,11804,33,,,0
101019,'1197144',2330,,11805,33,,,0
101019,'1197150',1530,,11806,33,,,0
101019,'1197356',1330,,11807,33,,,0
101019,'1197394',1529,,11808,33,,,0
101019,'1197485',729,,11809,33,,,0
101019,'1197542',1329,,11810,33,,,0
101019,'1197666',1052,,11811,33,,,0
101019,'1197703',2130,,11812,33,,,0
101019,'1197735',1152,,11813,33,,,0
101019,'1197816',1129,,11814,33,,,0
101019,'1197893',752,,11815,33,,,0
101019,'1198002',1730,,11816,33,,,0
101019,'1198014',730,,11817,33,,,0
101019,'1198130',952,,11818,33,,,0
101019,'1198162',1354,,11819,33,,,0
101019,'1198212',1930,,11820,33,,,0
101019,'1198408',2051,,11821,33,,,0
101019,'1198684',929,,11822,33,,,0
101019,'1198907',1929,,11823,33,,,0
101019,'1199079',2252,,11824,33,,,0
101019,'1199178',1754,,11825,33,,,0
101019,'1199186',1554,,11826,33,,,0
101019,'1199279',1729,,11827,33,,,0
101019,'1199401',930,,11828,33,,,0
101019,'1199471',1852,,11829,33,,,0
101019,'1199497',1130,,11830,33,,,0
101019,'1199519',852,,11831,33,,,0
101019,'1199566',1454,,11832,33,,,0
101019,'1199626',1654,,11833,33,,,0
