105029,'1196840',2312,,12163,42,,,0
105029,'1196987',1027,,12164,42,,,0
105029,'1196996',1659,,12165,42,,,0
105029,'1197020',1543,,12166,42,,,0
105029,'1197097',1759,,12167,42,,,0
105029,'1197137',2025,,12168,42,,,0
105029,'1197220',2012,,12169,42,,,0
105029,'1197228',1514,,12170,42,,,0
105029,'1197231',742,,12171,42,,,0
105029,'1197439',1143,,12172,42,,,0
105029,'1197501',1943,,12173,42,,,0
105029,'1197522',2143,,12174,42,,,0
105029,'1197561',1014,,12175,42,,,0
105029,'1197638',943,,12176,42,,,0
105029,'1197840',2112,,12177,42,,,0
105029,'1197853',2212,,12178,42,,,0
105029,'1197918',1842,,12179,42,,,0
105029,'1197968',2343,,12180,42,,,0
105029,'1198013',1343,,12181,42,,,0
105029,'1198037',1114,,12182,42,,,0
105029,'1198064',1827,,12183,42,,,0
105029,'1198187',1227,,12184,42,,,0
105029,'1198214',1743,,12185,42,,,0
105029,'1198417',1327,,12186,42,,,0
105029,'1198447',1729,,12187,42,,,0
105029,'1198529',1527,,12188,42,,,0
105029,'1198616',712,,12189,42,,,0
105029,'1198625',1629,,12190,42,,,0
105029,'1198711',1329,,12191,42,,,0
105029,'1198718',1544,,12192,42,,,0
105029,'1198725',1727,,12193,42,,,0
105029,'1198779',825,,12194,42,,,0
105029,'1198918',1427,,12195,42,,,0
105029,'1198922',2417,,12196,42,,,0
105029,'1198923',642,,12197,42,,,0
105029,'1199012',625,,12198,42,,,0
105029,'1199037',1414,,12199,42,,,0
105029,'1199107',1444,,12200,42,,,0
105029,'1199124',2425,,12201,42,,,0
105029,'1199144',1229,,12202,42,,,0
105029,'1199148',743,,12203,42,,,0
105029,'1199220',1127,,12204,42,,,0
105029,'1199470',2225,,12205,42,,,0
105029,'1199473',912,,12206,42,,,0
105029,'1199604',812,,12207,42,,,0
105029,'1199607',1627,,12208,42,,,0
