29029,'1196899',1237,,11779,7,,,0
29029,'1197015',1552,,11780,7,,,0
29029,'1197158',837,,11781,7,,,0
29029,'1197161',2037,,11782,7,,,0
29029,'1197340',952,,11783,7,,,0
29029,'1197455',1037,,11784,7,,,0
29029,'1197503',1337,,11785,7,,,0
29029,'1197514',1452,,11786,7,,,0
29029,'1197579',2237,,11787,7,,,0
29029,'1197580',2337,,11788,7,,,0
29029,'1197733',1052,,11789,7,,,0
29029,'1197827',1737,,11790,7,,,0
29029,'1198085',1637,,11791,7,,,0
29029,'1198192',1252,,11792,7,,,0
29029,'1198245',1152,,11793,7,,,0
29029,'1198309',937,,11794,7,,,0
29029,'1198331',2137,,11795,7,,,0
29029,'1198551',1837,,11796,7,,,0
29029,'1198575',1352,,11797,7,,,0
29029,'1198844',1537,,11798,7,,,0
29029,'1199028',737,,11799,7,,,0
29029,'1199153',1437,,11800,7,,,0
29029,'1199188',1137,,11801,7,,,0
29029,'1199343',1937,,11802,7,,,0
190001029,'1196847',1113,,12633,18,,,0
190001029,'1196850',1325,,12634,18,,,0
190001029,'1196860',1758,,12635,18,,,0
190001029,'1196897',1645,,12636,18,,,0
190001029,'1196906',1743,,12637,18,,,0
190001029,'1196908',1358,,12638,18,,,0
190001029,'1196953',1213,,12639,18,,,0
190001029,'1196957',1243,,12640,18,,,0
190001029,'1196963',1628,,12641,18,,,0
190001029,'1197018',1400,,12642,18,,,0
190001029,'1197048',2403,,12643,18,,,0
190001029,'1197052',1743,,12644,18,,,0
190001029,'1197074',1315,,12645,18,,,0
190001029,'1197089',1828,,12646,18,,,0
190001029,'1197125',712,,12647,18,,,0
190001029,'1197135',1545,,12648,18,,,0
190001029,'1197148',1025,,12649,18,,,0
190001029,'1197153',1043,,12650,18,,,0
190001029,'1197176',1428,,12651,18,,,0
190001029,'1197177',2028,,12652,18,,,0
190001029,'1197199',1415,,12653,18,,,0
190001029,'1197224',1528,,12654,18,,,0
190001029,'1197245',1530,,12655,18,,,0
190001029,'1197247',2312,,12656,18,,,0
190001029,'1197252',1525,,12657,18,,,0
190001029,'1197260',1843,,12658,18,,,0
190001029,'1197284',1158,,12659,18,,,0
190001029,'1197289',658,,12660,18,,,0
190001029,'1197291',1300,,12661,18,,,0
190001029,'1197301',1328,,12662,18,,,0
190001029,'1197338',1700,,12663,18,,,0
190001029,'1197391',1827,,12664,18,,,0
190001029,'1197396',1115,,12665,18,,,0
190001029,'1197428',2013,,12666,18,,,0
190001029,'1197434',1458,,12667,18,,,0
190001029,'1197476',1128,,12668,18,,,0
190001029,'1197511',1513,,12669,18,,,0
190001029,'1197533',1413,,12670,18,,,0
190001029,'1197582',1630,,12671,18,,,0
190001029,'1197659',1615,,12672,18,,,0
190001029,'1197668',825,,12673,18,,,0
190001029,'1197682',1143,,12674,18,,,0
190001029,'1197683',2043,,12675,18,,,0
190001029,'1197684',1200,,12676,18,,,0
190001029,'1197778',1145,,12677,18,,,0
190001029,'1197833',1500,,12678,18,,,0
190001029,'1197836',1345,,12679,18,,,0
190001029,'1197848',2112,,12680,18,,,0
190001029,'1197886',1445,,12681,18,,,0
190001029,'1197890',758,,12682,18,,,0
190001029,'1197905',1015,,12683,18,,,0
190001029,'1197913',2213,,12684,18,,,0
190001029,'1197921',1258,,12685,18,,,0
190001029,'1197922',957,,12686,18,,,0
190001029,'1197992',1600,,12687,18,,,0
190001029,'1197993',912,,12688,18,,,0
190001029,'1198050',612,,12689,18,,,0
190001029,'1198051',1825,,12690,18,,,0
190001029,'1198052',842,,12691,18,,,0
190001029,'1198054',1425,,12692,18,,,0
190001029,'1198082',1658,,12693,18,,,0
190001029,'1198095',1928,,12694,18,,,0
190001029,'1198106',2242,,12695,18,,,0
190001029,'1198117',725,,12696,18,,,0
190001029,'1198128',1125,,12697,18,,,0
190001029,'1198174',943,,12698,18,,,0
190001029,'1198223',2325,,12699,18,,,0
190001029,'1198252',1430,,12700,18,,,0
190001029,'1198272',813,,12701,18,,,0
190001029,'1198293',1730,,12702,18,,,0
190001029,'1198306',858,,12703,18,,,0
190001029,'1198323',743,,12704,18,,,0
190001029,'1198373',1245,,12705,18,,,0
190001029,'1198398',2342,,12706,18,,,0
190001029,'1198415',925,,12707,18,,,0
190001029,'1198446',1813,,12708,18,,,0
190001029,'1198450',1758,,12709,18,,,0
190001029,'1198459',742,,12710,18,,,0
190001029,'1198491',2042,,12711,18,,,0
190001029,'1198504',843,,12712,18,,,0
190001029,'1198519',2343,,12713,18,,,0
190001029,'1198527',642,,12714,18,,,0
190001029,'1198576',2125,,12715,18,,,0
190001029,'1198589',2313,,12716,18,,,0
190001029,'1198594',812,,12717,18,,,0
190001029,'1198620',2225,,12718,18,,,0
190001029,'1198634',1443,,12719,18,,,0
190001029,'1198641',713,,12720,18,,,0
190001029,'1198687',1058,,12721,18,,,0
190001029,'1198747',928,,12722,18,,,0
190001029,'1198758',2058,,12723,18,,,0
190001029,'1198798',1713,,12724,18,,,0
190001029,'1198839',1842,,12725,18,,,0
190001029,'1198853',2142,,12726,18,,,0
190001029,'1198897',1558,,12727,18,,,0
190001029,'1198906',2113,,12728,18,,,0
190001029,'1198916',1715,,12729,18,,,0
190001029,'1198939',1812,,12730,18,,,0
190001029,'1198946',2243,,12731,18,,,0
190001029,'1198952',1925,,12732,18,,,0
190001029,'1198977',2128,,12733,18,,,0
190001029,'1198982',1725,,12734,18,,,0
190001029,'1199067',1943,,12735,18,,,0
190001029,'1199081',1130,,12736,18,,,0
190001029,'1199082',728,,12737,18,,,0
190001029,'1199103',1728,,12738,18,,,0
190001029,'1199165',1343,,12739,18,,,0
190001029,'1199204',1228,,12740,18,,,0
190001029,'1199210',1958,,12741,18,,,0
190001029,'1199221',1215,,12742,18,,,0
190001029,'1199226',1942,,12743,18,,,0
190001029,'1199256',1225,,12744,18,,,0
190001029,'1199270',1330,,12745,18,,,0
190001029,'1199289',1030,,12746,18,,,0
190001029,'1199303',643,,12747,18,,,0
190001029,'1199322',1100,,12748,18,,,0
190001029,'1199332',942,,12749,18,,,0
190001029,'1199345',1028,,12750,18,,,0
190001029,'1199364',1515,,12751,18,,,0
190001029,'1199390',1045,,12752,18,,,0
190001029,'1199391',1230,,12753,18,,,0
190001029,'1199399',1313,,12754,18,,,0
190001029,'1199406',1543,,12755,18,,,0
190001029,'1199432',1013,,12756,18,,,0
190001029,'1199451',958,,12757,18,,,0
190001029,'1199467',1912,,12758,18,,,0
190001029,'1199482',1643,,12759,18,,,0
190001029,'1199489',628,,12760,18,,,0
190001029,'1199514',1913,,12761,18,,,0
190001029,'1199524',2212,,12762,18,,,0
190001029,'1199526',2025,,12763,18,,,0
190001029,'1199555',828,,12764,18,,,0
190001029,'1199558',1625,,12765,18,,,0
190001029,'1199571',2012,,12766,18,,,0
190001029,'1199594',1613,,12767,18,,,0
190001029,'1199596',2143,,12768,18,,,0
190001029,'1199644',913,,12769,18,,,0
190001029,'1199650',1858,,12770,18,,,0
