3029,'1196871',640,,10230,12,,,0
3029,'1196875',2353,,10231,12,,,0
3029,'1196902',1541,,10232,12,,,0
3029,'1196918',1141,,10233,12,,,0
3029,'1196929',753,,10234,12,,,0
3029,'1197004',2140,,10235,12,,,0
3029,'1197012',1441,,10236,12,,,0
3029,'1197066',1853,,10237,12,,,0
3029,'1197101',1311,,10238,12,,,0
3029,'1197253',1553,,10239,12,,,0
3029,'1197290',810,,10240,12,,,0
3029,'1197380',2153,,10241,12,,,0
3029,'1197402',1611,,10242,12,,,0
3029,'1197413',2040,,10243,12,,,0
3029,'1197417',1053,,10244,12,,,0
3029,'1197427',2210,,10245,12,,,0
3029,'1197507',2340,,10246,12,,,0
3029,'1197510',1811,,10247,12,,,0
3029,'1197558',1010,,10248,12,,,0
3029,'1197601',940,,10249,12,,,0
3029,'1197654',1153,,10250,12,,,0
3029,'1197697',1211,,10251,12,,,0
3029,'1197823',1241,,10252,12,,,0
3029,'1197828',1411,,10253,12,,,0
3029,'1197856',1641,,10254,12,,,0
3029,'1197870',1341,,10255,12,,,0
3029,'1197895',2110,,10256,12,,,0
3029,'1197903',1940,,10257,12,,,0
3029,'1197920',1253,,10258,12,,,0
3029,'1197958',2240,,10259,12,,,0
3029,'1197998',2140,,10260,12,,,0
3029,'1198039',1653,,10261,12,,,0
3029,'1198070',1741,,10262,12,,,0
3029,'1198115',953,,10263,12,,,0
3029,'1198165',1753,,10264,12,,,0
3029,'1198246',1541,,10265,12,,,0
3029,'1198281',1741,,10266,12,,,0
3029,'1198295',740,,10267,12,,,0
3029,'1198310',2240,,10268,12,,,0
3029,'1198321',1040,,10269,12,,,0
3029,'1198363',1241,,10270,12,,,0
3029,'1198395',740,,10271,12,,,0
3029,'1198434',1511,,10272,12,,,0
3029,'1198445',1141,,10273,12,,,0
3029,'1198462',2040,,10274,12,,,0
3029,'1198484',2253,,10275,12,,,0
3029,'1198500',1711,,10276,12,,,0
3029,'1198518',940,,10277,12,,,0
3029,'1198562',1353,,10278,12,,,0
3029,'1198577',1441,,10279,12,,,0
3029,'1198614',640,,10280,12,,,0
3029,'1198734',1840,,10281,12,,,0
3029,'1198836',840,,10282,12,,,0
3029,'1198936',1453,,10283,12,,,0
3029,'1198983',2053,,10284,12,,,0
3029,'1199061',840,,10285,12,,,0
3029,'1199094',1940,,10286,12,,,0
3029,'1199112',2337,,10287,12,,,0
3029,'1199231',1953,,10288,12,,,0
3029,'1199421',1641,,10289,12,,,0
3029,'1199431',1040,,10290,12,,,0
3029,'1199453',1840,,10291,12,,,0
3029,'1199460',1341,,10292,12,,,0
3029,'1199521',910,,10293,12,,,0
3029,'1199533',1910,,10294,12,,,0
3029,'1199547',710,,10295,12,,,0
3029,'1199601',1110,,10296,12,,,0
3029,'1199629',853,,10297,12,,,0
3029,'1199646',2010,,10298,12,,,0
29019,'1196845',1232,,11755,15,,,0
29019,'1197023',947,,11756,15,,,0
29019,'1197248',1931,,11757,15,,,0
29019,'1197445',1147,,11758,15,,,0
29019,'1197468',1447,,11759,15,,,0
29019,'1197869',1132,,11760,15,,,0
29019,'1197959',931,,11761,15,,,0
29019,'1198305',1247,,11762,15,,,0
29019,'1198397',1547,,11763,15,,,0
29019,'1198428',831,,11764,15,,,0
29019,'1198456',2331,,11765,15,,,0
29019,'1198533',1532,,11766,15,,,0
29019,'1198557',2131,,11767,15,,,0
29019,'1198961',1632,,11768,15,,,0
29019,'1199000',1831,,11769,15,,,0
29019,'1199017',1432,,11770,15,,,0
29019,'1199038',731,,11771,15,,,0
29019,'1199080',1732,,11772,15,,,0
29019,'1199158',2031,,11773,15,,,0
29019,'1199278',1047,,11774,15,,,0
29019,'1199317',1347,,11775,15,,,0
29019,'1199409',1032,,11776,15,,,0
29019,'1199455',2231,,11777,15,,,0
29019,'1199486',1332,,11778,15,,,0
