104019,'1196891',2331,,12027,17,,,0
104019,'1197169',2407,,12028,17,,,0
104019,'1197256',1335,,12029,17,,,0
104019,'1197286',2131,,12030,17,,,0
104019,'1197298',1205,,12031,17,,,0
104019,'1197387',2232,,12032,17,,,0
104019,'1197452',2002,,12033,17,,,0
104019,'1197544',917,,12034,17,,,0
104019,'1197547',1232,,12035,17,,,0
104019,'1197640',1531,,12036,17,,,0
104019,'1197714',1802,,12037,17,,,0
104019,'1197725',2102,,12038,17,,,0
104019,'1197761',731,,12039,17,,,0
104019,'1197801',1002,,12040,17,,,0
104019,'1197820',802,,12042,17,,,0
104019,'1197873',617,,12043,17,,,0
104019,'1197937',1502,,12044,17,,,0
104019,'1198060',1731,,12045,17,,,0
104019,'1198073',2347,,12046,17,,,0
104019,'1198077',2232,,12047,17,,,0
104019,'1198194',1120,,12048,17,,,0
104019,'1198253',1131,,12049,17,,,0
104019,'1198313',1505,,12050,17,,,0
104019,'1198322',1617,,12051,17,,,0
104019,'1198353',1250,,12052,17,,,0
104019,'1198411',931,,12053,17,,,0
104019,'1198567',1732,,12055,17,,,0
104019,'1198664',847,,12056,17,,,0
104019,'1198683',1347,,12057,17,,,0
104019,'1198738',1932,,12058,17,,,0
104019,'1198750',1931,,12059,17,,,0
104019,'1198780',847,,12060,17,,,0
104019,'1198913',1420,,12061,17,,,0
104019,'1198958',647,,12062,17,,,0
104019,'1199185',732,,12064,17,,,0
104019,'1199190',1117,,12065,17,,,0
104019,'1199331',1331,,12066,17,,,0
104019,'1199407',1847,,12067,17,,,0
104019,'1199459',1717,,12068,17,,,0
104019,'1199490',1635,,12069,17,,,0
104019,'1199539',1002,,12070,17,,,0
104019,'1199564',732,,12071,17,,,0
104019,'1199583',1550,,12072,17,,,0
104019,'1199617',2117,,12073,17,,,0
