2019,'1196937',932,,9945,23,,,0
2019,'1196952',1932,,9946,23,,,0
2019,'1196959',732,,9947,23,,,0
2019,'1196966',1017,,9948,23,,,0
2019,'1196990',932,,9949,23,,,0
2019,'1196992',1705,,9950,23,,,0
2019,'1196993',2102,,9951,23,,,0
2019,'1197022',1332,,9952,23,,,0
2019,'1197046',2402,,9953,23,,,0
2019,'1197068',1218,,9954,23,,,0
2019,'1197140',834,,9955,23,,,0
2019,'1197142',2232,,9956,23,,,0
2019,'1197156',704,,9957,23,,,0
2019,'1197159',1250,,9958,23,,,0
2019,'1197165',1318,,9959,23,,,0
2019,'1197200',2048,,9960,23,,,0
2019,'1197205',2332,,9961,23,,,0
2019,'1197230',1605,,9962,23,,,0
2019,'1197258',1535,,9963,23,,,0
2019,'1197273',1832,,9964,23,,,0
2019,'1197277',1019,,9965,23,,,0
2019,'1197304',2032,,9966,23,,,0
2019,'1197311',1805,,9967,23,,,0
2019,'1197384',849,,9968,23,,,0
2019,'1197388',1518,,9969,23,,,0
2019,'1197409',1405,,9970,23,,,0
2019,'1197517',1550,,9971,23,,,0
2019,'1197526',1148,,9972,23,,,0
2019,'1197532',1232,,9973,23,,,0
2019,'1197541',1818,,9974,23,,,0
2019,'1197604',1948,,9975,23,,,0
2019,'1197630',1235,,9976,23,,,0
2019,'1197631',1748,,9977,23,,,0
2019,'1197670',949,,9978,23,,,0
2019,'1197671',1350,,9979,23,,,0
2019,'1197694',1918,,9980,23,,,0
2019,'1197780',1034,,9981,23,,,0
2019,'1197798',1848,,9982,23,,,0
2019,'1197818',1432,,9983,23,,,0
2019,'1197842',1305,,9984,23,,,0
2019,'1197864',2132,,9985,23,,,0
2019,'1197879',1418,,9986,23,,,0
2019,'1197881',1032,,9987,23,,,0
2019,'1197904',904,,9988,23,,,0
2019,'1197931',1204,,9989,23,,,0
2019,'1197939',1520,,9990,23,,,0
2019,'1197952',2408,,9991,23,,,0
2019,'1197970',934,,9992,23,,,0
2019,'1197994',1134,,9993,23,,,0
2019,'1198000',719,,9994,23,,,0
2019,'1198018',734,,9995,23,,,0
2019,'1198034',819,,9996,23,,,0
2019,'1198058',1620,,9997,23,,,0
2019,'1198063',1650,,9998,23,,,0
2019,'1198138',1648,,9999,23,,,0
2019,'1198180',1049,,10000,23,,,0
2019,'1198182',1220,,10001,23,,,0
2019,'1198197',2232,,10002,23,,,0
2019,'1198230',2118,,10003,23,,,0
2019,'1198247',1505,,10004,23,,,0
2019,'1198270',1932,,10005,23,,,0
2019,'1198273',749,,10006,23,,,0
2019,'1198286',802,,10007,23,,,0
2019,'1198328',1735,,10008,23,,,0
2019,'1198379',1750,,10010,23,,,0
2019,'1198387',1548,,10011,23,,,0
2019,'1198392',1149,,10012,23,,,0
2019,'1198443',2017,,10013,23,,,0
2019,'1198453',2147,,10014,23,,,0
2019,'1198468',1248,,10015,23,,,0
2019,'1198483',1732,,10016,23,,,0
2019,'1198564',1119,,10017,23,,,0
2019,'1198584',2317,,10018,23,,,0
2019,'1198637',1635,,10019,23,,,0
2019,'1198722',1532,,10020,23,,,0
2019,'1198740',919,,10021,23,,,0
2019,'1198744',1847,,10022,23,,,0
2019,'1198846',847,,10023,23,,,0
2019,'1198873',649,,10024,23,,,0
2019,'1198904',1348,,10025,23,,,0
2019,'1198940',2218,,10026,23,,,0
2019,'1199047',1320,,10027,23,,,0
2019,'1199073',1718,,10028,23,,,0
2019,'1199085',2148,,10029,23,,,0
2019,'1199096',1448,,10030,23,,,0
2019,'1199176',1047,,10031,23,,,0
2019,'1199234',2018,,10032,23,,,0
2019,'1199238',717,,10033,23,,,0
2019,'1199242',1132,,10034,23,,,0
2019,'1199272',1004,,10035,23,,,0
2019,'1199326',2318,,10036,23,,,0
2019,'1199327',1420,,10037,23,,,0
2019,'1199334',1632,,10038,23,,,0
2019,'1199352',1720,,10039,23,,,0
2019,'1199368',1450,,10040,23,,,0
2019,'1199372',1817,,10041,23,,,0
2019,'1199378',1435,,10042,23,,,0
2019,'1199438',1104,,10043,23,,,0
2019,'1199439',804,,10044,23,,,0
2019,'1199485',1335,,10045,23,,,0
2019,'1199505',832,,10046,23,,,0
2019,'1199525',2248,,10047,23,,,0
2019,'1199540',1118,,10048,23,,,0
2019,'1199630',2348,,10049,23,,,0
2019,'1199652',1618,,10050,23,,,0
11019,'1196979',1345,,10448,34,,,0
11019,'1197040',1711,,10449,34,,,0
11019,'1197065',1530,,10450,34,,,0
11019,'1197103',1929,,10451,34,,,0
11019,'1197109',1341,,10452,34,,,0
11019,'1197110',744,,10453,34,,,0
11019,'1197145',2041,,10454,34,,,0
11019,'1197180',1245,,10455,34,,,0
11019,'1197201',959,,10456,34,,,0
11019,'1197221',1645,,10458,34,,,0
11019,'1197227',1230,,10459,34,,,0
11019,'1197254',1600,,10460,34,,,0
11019,'1197259',2341,,10461,34,,,0
11019,'1197278',2359,,10462,34,,,0
11019,'1197283',929,,10463,34,,,0
11019,'1197320',1841,,10465,34,,,0
11019,'1197325',2259,,10466,34,,,0
11019,'1197329',1041,,10467,34,,,0
11019,'1197333',1014,,10468,34,,,0
11019,'1197344',1959,,10469,34,,,0
11019,'1197354',1129,,10470,34,,,0
11019,'1197447',2029,,10472,34,,,0
11019,'1197477',2129,,10473,34,,,0
11019,'1197495',1541,,10474,34,,,0
11019,'1197504',2059,,10475,34,,,0
11019,'1197634',841,,10476,34,,,0
11019,'1197652',1159,,10477,34,,,0
11019,'1197663',1330,,10478,34,,,0
11019,'1197722',1730,,10479,34,,,0
11019,'1197727',1829,,10480,34,,,0
11019,'1197785',941,,10482,34,,,0
11019,'1197855',1859,,10483,34,,,0
11019,'1197865',1700,,10484,34,,,0
11019,'1197880',1511,,10485,34,,,0
11019,'1197889',729,,10486,34,,,0
11019,'1197896',944,,10487,34,,,0
11019,'1197981',1311,,10489,34,,,0
11019,'1198019',1315,,10490,34,,,0
11019,'1198026',1430,,10491,34,,,0
11019,'1198038',1741,,10493,34,,,0
11019,'1198149',1141,,10494,34,,,0
11019,'1198219',1515,,10497,34,,,0
11019,'1198297',1300,,10498,34,,,0
11019,'1198327',1745,,10500,34,,,0
11019,'1198374',741,,10502,34,,,0
11019,'1198413',2229,,10504,34,,,0
11019,'1198423',1214,,10505,34,,,0
11019,'1198472',859,,10506,34,,,0
11019,'1198624',1211,,10508,34,,,0
11019,'1198627',2159,,10509,34,,,0
11019,'1198668',914,,10510,34,,,0
11019,'1198671',1445,,10511,34,,,0
11019,'1198695',1630,,10512,34,,,0
11019,'1198701',829,,10514,34,,,0
11019,'1198713',644,,10515,34,,,0
11019,'1198737',1641,,10516,34,,,0
11019,'1198753',2419,,10517,34,,,0
11019,'1198806',1615,,10518,34,,,0
11019,'1198894',759,,10519,34,,,0
11019,'1198896',1415,,10520,34,,,0
11019,'1198957',1715,,10521,34,,,0
11019,'1198963',1241,,10522,34,,,0
11019,'1199020',1029,,10524,34,,,0
11019,'1199072',1500,,10525,34,,,0
11019,'1199077',814,,10526,34,,,0
11019,'1199162',1545,,10527,34,,,0
11019,'1199164',659,,10528,34,,,0
11019,'1199175',1411,,10529,34,,,0
11019,'1199179',2241,,10530,34,,,0
11019,'1199209',1400,,10531,34,,,0
11019,'1199218',2329,,10532,34,,,0
11019,'1199285',714,,10534,34,,,0
11019,'1199336',1441,,10535,34,,,0
11019,'1199342',1941,,10536,34,,,0
11019,'1199361',1144,,10538,34,,,0
11019,'1199369',1059,,10539,34,,,0
11019,'1199392',1800,,10540,34,,,0
11019,'1199420',844,,10541,34,,,0
11019,'1199430',2141,,10542,34,,,0
11019,'1199452',1611,,10543,34,,,0
11019,'1199483',1815,,10544,34,,,0
11019,'1199518',1114,,10545,34,,,0
11019,'1199637',1044,,10547,34,,,0
