13019,'1196852',1338,,10793,32,,,0
13019,'1196856',1736,,10794,32,,,0
13019,'1196922',635,,10795,6,,,0
13019,'1196999',937,,10796,32,,,0
13019,'1197035',636,,10797,32,,,0
13019,'1197132',1508,,10798,32,,,0
13019,'1197251',1608,,10799,32,,,0
13019,'1197279',736,,10800,32,,,0
13019,'1197353',2306,,10801,32,,,0
13019,'1197357',1836,,10802,32,,,0
13019,'1197451',2236,,10803,32,,,0
13019,'1197487',837,,10804,32,,,0
13019,'1197555',1638,,10805,32,,,0
13019,'1197570',936,,10806,32,,,0
13019,'1197575',1636,,10807,32,,,0
13019,'1197641',2036,,10808,32,,,0
13019,'1197645',1708,,10809,32,,,0
13019,'1197648',706,,10810,32,,,0
13019,'1197690',1636,,10811,32,,,0
13019,'1197692',1738,,10812,32,,,0
13019,'1197730',1438,,10813,32,,,0
13019,'1197762',2411,,10814,32,,,0
13019,'1197803',736,,10815,32,,,0
13019,'1197834',1236,,10816,32,,,0
13019,'1197854',2036,,10817,32,,,0
13019,'1197962',1336,,10818,32,,,0
13019,'1197975',1039,,10819,32,,,0
13019,'1198041',1136,,10820,32,,,0
13019,'1198094',1806,,10821,32,,,0
13019,'1198160',836,,10822,32,,,0
13019,'1198201',1236,,10823,32,,,0
13019,'1198243',1836,,10824,32,,,0
13019,'1198290',2206,,10825,32,,,0
13019,'1198352',736,,10826,32,,,0
13019,'1198355',1906,,10827,32,,,0
13019,'1198382',806,,10828,32,,,0
13019,'1198402',2236,,10829,32,,,0
13019,'1198552',2136,,10830,32,,,0
13019,'1198554',1936,,10831,32,,,0
13019,'1198602',1136,,10832,32,,,0
13019,'1198611',2006,,10833,32,,,0
13019,'1198630',1538,,10834,32,,,0
13019,'1198675',1238,,10835,32,,,0
13019,'1198690',606,,10836,6,,,0
13019,'1198716',1036,,10837,32,,,0
13019,'1198729',1006,,10838,32,,,0
13019,'1198761',1336,,10839,32,,,0
13019,'1198778',936,,10840,32,,,0
13019,'1198837',2336,,10841,32,,,0
13019,'1198874',1138,,10842,32,,,0
13019,'1198888',907,,10843,32,,,0
13019,'1199044',836,,10844,32,,,0
13019,'1199123',1036,,10845,32,,,0
13019,'1199151',1436,,10846,32,,,0
13019,'1199233',1436,,10847,32,,,0
13019,'1199276',1536,,10848,32,,,0
13019,'1199284',2106,,10849,32,,,0
13019,'1199418',1936,,10850,32,,,0
13019,'1199448',1736,,10851,32,,,0
13019,'1199536',2136,,10852,32,,,0
13019,'1199588',2336,,10853,32,,,0
13019,'1199631',1536,,10854,32,,,0
