3019,'1196834',1808,,10159,14,,,0
3019,'1196848',2108,,10160,14,,,0
3019,'1196854',708,,10161,14,,,0
3019,'1196968',1224,,10162,14,,,0
3019,'1196971',2008,,10163,14,,,0
3019,'1197069',708,,10164,14,,,0
3019,'1197076',2138,,10165,14,,,0
3019,'1197107',1238,,10166,14,,,0
3019,'1197120',2408,,10167,14,,,0
3019,'1197318',2208,,10168,14,,,0
3019,'1197369',2324,,10169,14,,,0
3019,'1197372',2224,,10170,14,,,0
3019,'1197378',908,,10171,14,,,0
3019,'1197462',908,,10172,14,,,0
3019,'1197478',1608,,10173,14,,,0
3019,'1197537',924,,10174,14,,,0
3019,'1197572',1338,,10175,14,,,0
3019,'1197590',838,,10176,14,,,0
3019,'1197618',1708,,10177,14,,,0
3019,'1197731',2008,,10179,14,,,0
3019,'1197748',1008,,10180,14,,,0
3019,'1197755',1038,,10181,14,,,0
3019,'1197810',1438,,10182,14,,,0
3019,'1197819',1908,,10183,14,,,0
3019,'1197850',1538,,10184,14,,,0
3019,'1197851',938,,10185,14,,,0
3019,'1197897',1108,,10186,14,,,0
3019,'1197923',1208,,10187,14,,,0
3019,'1197941',1508,,10188,14,,,0
3019,'1198025',1608,,10189,14,,,0
3019,'1198093',1838,,10190,14,,,0
3019,'1198098',1138,,10191,14,,,0
3019,'1198111',1008,,10192,14,,,0
3019,'1198119',1524,,10193,14,,,0
3019,'1198124',1408,,10194,14,,,0
3019,'1198153',1908,,10195,14,,,0
3019,'1198229',1508,,10196,14,,,0
3019,'1198237',1638,,10197,14,,,0
3019,'1198265',2108,,10198,14,,,0
3019,'1198278',1938,,10199,14,,,0
3019,'1198430',1624,,10200,14,,,0
3019,'1198432',1808,,10201,14,,,0
3019,'1198501',1708,,10202,14,,,0
3019,'1198514',638,,10203,14,,,0
3019,'1198654',1724,,10204,14,,,0
3019,'1198677',824,,10205,14,,,0
3019,'1198680',808,,10206,14,,,0
3019,'1198689',2358,,10207,14,,,0
3019,'1198691',1738,,10208,14,,,0
3019,'1198742',2208,,10209,14,,,0
3019,'1198777',1408,,10210,14,,,0
3019,'1198788',724,,10211,14,,,0
3019,'1198845',1024,,10212,14,,,0
3019,'1198989',2124,,10213,14,,,0
3019,'1198991',1824,,10214,14,,,0
3019,'1199009',1324,,10215,14,,,0
3019,'1199035',1208,,10216,14,,,0
3019,'1199052',2024,,10217,14,,,0
3019,'1199066',1124,,10218,14,,,0
3019,'1199133',1308,,10219,14,,,0
3019,'1199262',2308,,10220,14,,,0
3019,'1199277',738,,10221,14,,,0
3019,'1199346',1308,,10222,14,,,0
3019,'1199408',2038,,10223,14,,,0
3019,'1199412',1424,,10224,14,,,0
3019,'1199440',2308,,10225,14,,,0
3019,'1199509',808,,10226,14,,,0
3019,'1199600',1924,,10228,14,,,0
3019,'1199612',1108,,10229,14,,,0
