25019,'1196864',1246,,11307,26,,,0
25019,'1196932',1746,,11308,26,,,0
25019,'1196994',1946,,11309,26,,,0
25019,'1197064',729,,11310,26,,,0
25019,'1197079',2406,,11311,26,,,0
25019,'1197084',2329,,11312,26,,,0
25019,'1197151',745,,11313,26,,,0
25019,'1197299',2146,,11314,26,,,0
25019,'1197317',1346,,11315,26,,,0
25019,'1197342',1746,,11316,26,,,0
25019,'1197442',1529,,11317,26,,,0
25019,'1197448',1616,,11318,26,,,0
25019,'1197471',1046,,11319,26,,,0
25019,'1197624',1846,,11320,26,,,0
25019,'1197657',2129,,11321,26,,,0
25019,'1197660',846,,11322,26,,,0
25019,'1197687',2345,,11323,26,,,0
25019,'1197702',1216,,11324,26,,,0
25019,'1197757',746,,11325,26,,,0
25019,'1197760',1546,,11326,26,,,0
25019,'1197771',2029,,11327,26,,,0
25019,'1198004',2229,,11328,26,,,0
25019,'1198021',716,,11329,26,,,0
25019,'1198071',1946,,11330,26,,,0
25019,'1198079',646,,11331,26,,,0
25019,'1198190',2046,,11332,26,,,0
25019,'1198267',2246,,11333,26,,,0
25019,'1198315',916,,11334,26,,,0
25019,'1198388',1416,,11335,26,,,0
25019,'1198435',2246,,11336,26,,,0
25019,'1198457',645,,11337,26,,,0
25019,'1198479',946,,11338,26,,,0
25019,'1198492',1446,,11339,26,,,0
25019,'1198496',1846,,11340,26,,,0
25019,'1198512',1729,,11341,26,,,0
25019,'1198566',1146,,11342,26,,,0
25019,'1198604',1429,,11343,26,,,0
25019,'1198759',1329,,11344,26,,,0
25019,'1198776',2146,,11345,26,,,0
25019,'1198803',1516,,11346,26,,,0
25019,'1198823',2046,,11347,26,,,0
25019,'1198862',1929,,11348,26,,,0
25019,'1198902',1446,,11349,26,,,0
25019,'1198938',846,,11350,26,,,0
25019,'1199011',1116,,11351,26,,,0
25019,'1199070',1016,,11352,26,,,0
25019,'1199074',829,,11353,26,,,0
25019,'1199097',816,,11354,26,,,0
25019,'1199125',929,,11355,26,,,0
25019,'1199183',1316,,11356,26,,,0
25019,'1199208',1229,,11357,26,,,0
25019,'1199212',1829,,11358,26,,,0
25019,'1199258',1646,,11359,26,,,0
25019,'1199359',1029,,11360,26,,,0
25019,'1199389',946,,11361,26,,,0
25019,'1199464',1646,,11362,26,,,0
25019,'1199480',1716,,11363,26,,,0
25019,'1199589',1129,,11364,26,,,0
25019,'1199634',1546,,11365,26,,,0
25019,'1199649',1629,,11366,26,,,0
