24019,'1196934',634,,11187,5,,,0
24019,'1196988',804,,11188,5,,,0
24019,'1197014',2104,,11189,5,,,0
24019,'1197021',2354,,11190,5,,,0
24019,'1197025',704,,11191,5,,,0
24019,'1197047',1436,,11192,5,,,0
24019,'1197094',1004,,11193,5,,,0
24019,'1197127',2234,,11194,5,,,0
24019,'1197154',919,,11195,5,,,0
24019,'1197203',1604,,11196,5,,,0
24019,'1197210',1319,,11197,5,,,0
24019,'1197244',604,,11198,5,,,0
24019,'1197285',1804,,11199,5,,,0
24019,'1197390',1704,,11200,5,,,0
24019,'1197431',1536,,11201,5,,,0
24019,'1197489',2219,,11202,5,,,0
24019,'1197506',1104,,11203,5,,,0
24019,'1197518',1706,,11204,5,,,0
24019,'1197546',1004,,11205,5,,,0
24019,'1197591',1904,,11206,5,,,0
24019,'1197620',904,,11207,5,,,0
24019,'1197680',1406,,11208,5,,,0
24019,'1197686',1919,,11209,5,,,0
24019,'1197707',1304,,11210,5,,,0
24019,'1197750',2134,,11211,5,,,0
24019,'1197764',1636,,11212,5,,,0
24019,'1197783',2119,,11213,5,,,0
24019,'1197805',734,,11214,5,,,0
24019,'1197843',1619,,11215,5,,,0
24019,'1197844',1204,,11216,5,,,0
24019,'1197878',1419,,11217,5,,,0
24019,'1197883',1306,,11218,5,,,0
24019,'1197954',1819,,11219,5,,,0
24019,'1197955',704,,11220,5,,,0
24019,'1197996',804,,11221,5,,,0
24019,'1198055',1404,,11222,5,,,0
24019,'1198087',1106,,11223,5,,,0
24019,'1198107',1519,,11224,5,,,0
24019,'1198126',2004,,11225,5,,,0
24019,'1198142',934,,11226,5,,,0
24019,'1198175',1606,,11227,5,,,0
24019,'1198559',1834,,11228,5,,,0
24019,'1198657',2319,,11229,5,,,0
24019,'1198659',819,,11230,5,,,0
24019,'1198709',1719,,11231,5,,,0
24019,'1198800',2019,,11232,5,,,0
24019,'1198948',904,,11233,5,,,0
24019,'1198975',1219,,11234,5,,,0
24019,'1199043',1019,,11235,5,,,0
24019,'1199106',719,,11236,5,,,0
24019,'1199219',2204,,11237,5,,,0
24019,'1199387',834,,11238,5,,,0
24019,'1199435',1119,,11239,5,,,0
24019,'1199454',2034,,11240,5,,,0
24019,'1199463',1506,,11241,5,,,0
24019,'1199504',1206,,11242,5,,,0
24019,'1199506',1504,,11243,5,,,0
24019,'1199592',1934,,11244,5,,,0
24019,'1199595',1736,,11245,5,,,0
24019,'1199609',2304,,11246,5,,,0
