24019,'1196934',634,,11187,4,,,0
24019,'1196988',804,,11188,4,,,0
24019,'1197014',2103,,11189,4,,,0
24019,'1197021',2354,,11190,4,,,0
24019,'1197025',704,,11191,4,,,0
24019,'1197047',1435,,11192,4,,,0
24019,'1197094',1004,,11193,4,,,0
24019,'1197127',2234,,11194,4,,,0
24019,'1197154',918,,11195,4,,,0
24019,'1197203',1603,,11196,4,,,0
24019,'1197210',1318,,11197,4,,,0
24019,'1197244',603,,11198,4,,,0
24019,'1197285',1803,,11199,4,,,0
24019,'1197390',1703,,11200,4,,,0
24019,'1197431',1535,,11201,4,,,0
24019,'1197489',2218,,11202,4,,,0
24019,'1197506',1103,,11203,4,,,0
24019,'1197518',1705,,11204,4,,,0
24019,'1197546',1003,,11205,4,,,0
24019,'1197591',1903,,11206,4,,,0
24019,'1197620',903,,11207,4,,,0
24019,'1197680',1405,,11208,4,,,0
24019,'1197686',1918,,11209,4,,,0
24019,'1197707',1303,,11210,4,,,0
24019,'1197750',2134,,11211,4,,,0
24019,'1197764',1635,,11212,4,,,0
24019,'1197783',2118,,11213,4,,,0
24019,'1197805',734,,11214,4,,,0
24019,'1197843',1618,,11215,4,,,0
24019,'1197844',1203,,11216,4,,,0
24019,'1197878',1418,,11217,4,,,0
24019,'1197883',1305,,11218,4,,,0
24019,'1197954',1818,,11219,4,,,0
24019,'1197955',703,,11220,4,,,0
24019,'1197996',803,,11221,4,,,0
24019,'1198055',1403,,11222,4,,,0
24019,'1198087',1105,,11223,4,,,0
24019,'1198107',1518,,11224,4,,,0
24019,'1198126',2003,,11225,4,,,0
24019,'1198142',934,,11226,4,,,0
24019,'1198175',1605,,11227,4,,,0
24019,'1198559',1834,,11228,4,,,0
24019,'1198657',2318,,11229,4,,,0
24019,'1198659',818,,11230,4,,,0
24019,'1198709',1718,,11231,4,,,0
24019,'1198800',2018,,11232,4,,,0
24019,'1198948',904,,11233,4,,,0
24019,'1198975',1218,,11234,4,,,0
24019,'1199043',1018,,11235,4,,,0
24019,'1199106',718,,11236,4,,,0
24019,'1199219',2203,,11237,4,,,0
24019,'1199387',834,,11238,4,,,0
24019,'1199435',1118,,11239,4,,,0
24019,'1199454',2034,,11240,4,,,0
24019,'1199463',1505,,11241,4,,,0
24019,'1199504',1205,,11242,4,,,0
24019,'1199506',1503,,11243,4,,,0
24019,'1199592',1934,,11244,4,,,0
24019,'1199595',1735,,11245,4,,,0
24019,'1199609',2303,,11246,4,,,0
