14019,'1196890',1817,,10916,9,,,0
14019,'1196970',2047,,10917,9,,,0
14019,'1196984',1345,,10918,9,,,0
14019,'1197073',2147,,10919,9,,,0
14019,'1197090',745,,10920,9,,,0
14019,'1197106',1718,,10921,9,,,0
14019,'1197152',1548,,10922,9,,,0
14019,'1197163',1647,,10923,9,,,0
14019,'1197189',1945,,10924,9,,,0
14019,'1197473',947,,10925,9,,,0
14019,'1197576',1145,,10926,9,,,0
14019,'1197578',1845,,10927,9,,,0
14019,'1197606',845,,10928,9,,,0
14019,'1197719',1547,,10929,9,,,0
14019,'1197768',1648,,10930,9,,,0
14019,'1197774',1247,,10931,9,,,0
14019,'1197807',647,,10932,9,,,0
14019,'1197857',1245,,10933,9,,,0
14019,'1197872',747,,10934,9,,,0
14019,'1197899',2317,,10935,9,,,0
14019,'1197912',1645,,10936,9,,,0
14019,'1197929',1347,,10937,9,,,0
14019,'1197946',1947,,10938,9,,,0
14019,'1198043',2347,,10939,9,,,0
14019,'1198056',1917,,10940,9,,,0
14019,'1198057',647,,10941,9,,,0
14019,'1198062',1545,,10942,9,,,0
14019,'1198118',2017,,10943,9,,,0
14019,'1198151',1445,,10944,9,,,0
14019,'1198161',1448,,10945,9,,,0
14019,'1198262',1447,,10946,9,,,0
14019,'1198285',2247,,10947,9,,,0
14019,'1198312',947,,10948,9,,,0
14019,'1198386',1847,,10949,9,,,0
14019,'1198412',1148,,10950,9,,,0
14019,'1198436',847,,10951,9,,,0
14019,'1198460',1048,,10952,9,,,0
14019,'1198507',847,,10953,9,,,0
14019,'1198513',1248,,10954,9,,,0
14019,'1198539',1047,,10955,9,,,0
14019,'1198751',2045,,10956,9,,,0
14019,'1198810',2345,,10957,9,,,0
14019,'1198859',1518,,10958,9,,,0
14019,'1198869',917,,10959,9,,,0
14019,'1198890',2145,,10960,9,,,0
14019,'1199036',717,,10961,9,,,0
14019,'1199048',747,,10962,9,,,0
14019,'1199075',817,,10963,9,,,0
14019,'1199084',1045,,10964,9,,,0
14019,'1199131',2117,,10965,9,,,0
14019,'1199280',2245,,10966,9,,,0
14019,'1199286',945,,10967,9,,,0
14019,'1199393',1348,,10968,9,,,0
14019,'1199441',1618,,10969,9,,,0
14019,'1199444',1747,,10970,9,,,0
14019,'1199523',1745,,10971,9,,,0
14019,'1199538',1748,,10972,9,,,0
14019,'1199568',2217,,10973,9,,,0
14019,'1199582',1147,,10974,9,,,0
29019,'1196845',1226,,11755,9,,,0
29019,'1197023',941,,11756,9,,,0
29019,'1197248',1925,,11757,9,,,0
29019,'1197445',1141,,11758,9,,,0
29019,'1197468',1441,,11759,9,,,0
29019,'1197869',1126,,11760,9,,,0
29019,'1197959',925,,11761,9,,,0
29019,'1198305',1241,,11762,9,,,0
29019,'1198397',1541,,11763,9,,,0
29019,'1198428',825,,11764,9,,,0
29019,'1198456',2325,,11765,9,,,0
29019,'1198533',1526,,11766,9,,,0
29019,'1198557',2125,,11767,9,,,0
29019,'1198961',1626,,11768,9,,,0
29019,'1199000',1825,,11769,9,,,0
29019,'1199017',1426,,11770,9,,,0
29019,'1199038',725,,11771,9,,,0
29019,'1199080',1726,,11772,9,,,0
29019,'1199158',2025,,11773,9,,,0
29019,'1199278',1041,,11774,9,,,0
29019,'1199317',1341,,11775,9,,,0
29019,'1199409',1026,,11776,9,,,0
29019,'1199455',2225,,11777,9,,,0
29019,'1199486',1326,,11778,9,,,0
