27029,'1196843',1908,,11585,12,,,0
27029,'1196859',2108,,11586,12,,,0
27029,'1196865',853,,11587,12,,,0
27029,'1196870',738,,11588,12,,,0
27029,'1196893',1853,,11589,12,,,0
27029,'1196942',1338,,11590,12,,,0
27029,'1196964',1038,,11591,12,,,0
27029,'1197001',953,,11592,12,,,0
27029,'1197057',1238,,11593,12,,,0
27029,'1197063',2253,,11594,12,,,0
27029,'1197118',1053,,11595,12,,,0
27029,'1197126',2308,,11596,12,,,0
27029,'1197166',2208,,11597,12,,,0
27029,'1197167',1938,,11598,12,,,0
27029,'1197214',1438,,11599,12,,,0
27029,'1197280',1138,,11600,12,,,0
27029,'1197364',2153,,11601,12,,,0
27029,'1197383',1353,,11602,12,,,0
27029,'1197443',1838,,11603,12,,,0
27029,'1197521',1638,,11604,12,,,0
27029,'1197550',1338,,11605,12,,,0
27029,'1197552',2038,,11606,12,,,0
27029,'1197559',738,,11607,12,,,0
27029,'1197626',1538,,11608,12,,,0
27029,'1197628',938,,11609,12,,,0
27029,'1197674',1953,,11610,12,,,0
27029,'1197691',1753,,11611,12,,,0
27029,'1197744',2338,,11612,12,,,0
27029,'1197837',1253,,11613,12,,,0
27029,'1198123',2053,,11614,12,,,0
27029,'1198136',1438,,11615,12,,,0
27029,'1198179',638,,11616,12,,,0
27029,'1198240',838,,11617,12,,,0
27029,'1198277',1138,,11618,12,,,0
27029,'1198367',2008,,11619,12,,,0
27029,'1198569',1738,,11620,12,,,0
27029,'1198593',938,,11621,12,,,0
27029,'1198736',638,,11622,12,,,0
27029,'1198833',1638,,11623,12,,,0
27029,'1198915',1238,,11624,12,,,0
27029,'1199039',1653,,11625,12,,,0
27029,'1199051',2138,,11626,12,,,0
27029,'1199087',1738,,11627,12,,,0
27029,'1199141',1153,,11628,12,,,0
27029,'1199160',1538,,11629,12,,,0
27029,'1199187',1838,,11630,12,,,0
27029,'1199254',753,,11631,12,,,0
27029,'1199263',1038,,11632,12,,,0
27029,'1199429',838,,11633,12,,,0
27029,'1199527',1453,,11634,12,,,0
27029,'1199570',2238,,11635,12,,,0
27029,'1199640',1553,,11636,12,,,0
