105019,'1196946',929,,12117,80,,,0
105019,'1197049',1841,,12118,80,,,0
105019,'1197077',616,,12119,80,,,0
105019,'1197115',1226,,12120,80,,,0
105019,'1197131',729,,12121,80,,,0
105019,'1197173',1230,,12122,80,,,0
105019,'1197181',1045,,12123,80,,,0
105019,'1197192',2216,,12124,80,,,0
105019,'1197197',1526,,12125,80,,,0
105019,'1197292',1330,,12126,80,,,0
105019,'1197296',1626,,12127,80,,,0
105019,'1197531',1430,,12128,80,,,0
105019,'1197548',1946,,12129,80,,,0
105019,'1197557',1630,,12130,80,,,0
105019,'1197588',845,,12131,80,,,0
105019,'1197596',2116,,12132,80,,,0
105019,'1197617',1530,,12133,80,,,0
105019,'1197633',1245,,12134,80,,,0
105019,'1197710',823,,12135,80,,,0
105019,'1197779',1811,,12136,80,,,0
105019,'1197825',1441,,12137,80,,,0
105019,'1197971',1126,,12138,80,,,0
105019,'1198112',646,,12139,80,,,0
105019,'1198338',1130,,12140,80,,,0
105019,'1198380',2245,,12141,80,,,0
105019,'1198385',1741,,12142,80,,,0
105019,'1198553',1341,,12143,80,,,0
105019,'1198560',2045,,12144,80,,,0
105019,'1198571',1645,,12145,80,,,0
105019,'1198621',753,,12146,80,,,0
105019,'1198667',1023,,12147,80,,,0
105019,'1198717',1556,,12148,80,,,0
105019,'1198741',923,,12149,80,,,0
105019,'1198746',1911,,12150,80,,,0
105019,'1198889',716,,12151,80,,,0
105019,'1199004',1445,,12152,80,,,0
105019,'1199054',1656,,12153,80,,,0
105019,'1199098',853,,12154,80,,,0
105019,'1199298',2416,,12155,80,,,0
105019,'1199347',2329,,12156,80,,,0
105019,'1199383',2316,,12157,80,,,0
105019,'1199400',1730,,12158,80,,,0
105019,'1199461',1845,,12159,80,,,0
105019,'1199511',1830,,12160,80,,,0
105019,'1199546',2129,,12161,80,,,0
105019,'1199574',1930,,12162,80,,,0
