101029,'1196911',745,,11834,22,,,0
101029,'1197033',1829,,11835,22,,,0
101029,'1197060',845,,11836,22,,,0
101029,'1197096',1029,,11837,22,,,0
101029,'1197257',1045,,11838,22,,,0
101029,'1197272',1230,,11839,22,,,0
101029,'1197326',1547,,11840,22,,,0
101029,'1197581',2029,,11841,22,,,0
101029,'1197673',1430,,11842,22,,,0
101029,'1197747',2145,,11843,22,,,0
101029,'1197977',1630,,11844,22,,,0
101029,'1198059',630,,11845,22,,,0
101029,'1198116',1030,,11846,22,,,0
101029,'1198125',830,,11847,22,,,0
101029,'1198200',1229,,11848,22,,,0
101029,'1198251',945,,11849,22,,,0
101029,'1198346',829,,11850,22,,,0
101029,'1198498',2229,,11851,22,,,0
101029,'1198530',2230,,11852,22,,,0
101029,'1198631',1647,,11853,22,,,0
101029,'1198644',2405,,11854,22,,,0
101029,'1198710',1629,,11855,22,,,0
101029,'1198715',1745,,11856,22,,,0
101029,'1198953',2030,,11857,22,,,0
101029,'1198984',1347,,11858,22,,,0
101029,'1199108',1247,,11859,22,,,0
101029,'1199117',645,,11860,22,,,0
101029,'1199304',1830,,11861,22,,,0
101029,'1199366',1429,,11862,22,,,0
101029,'1199567',1945,,11863,22,,,0
101029,'1199585',1447,,11864,22,,,0
