101029,'1196911',819,,11834,62,,,0
101029,'1197033',1902,,11835,62,,,0
101029,'1197060',919,,11836,62,,,0
101029,'1197096',1102,,11837,62,,,0
101029,'1197257',1119,,11838,62,,,0
101029,'1197272',1302,,11839,62,,,0
101029,'1197326',1622,,11840,62,,,0
101029,'1197581',2102,,11841,62,,,0
101029,'1197673',1502,,11842,62,,,0
101029,'1197747',2219,,11843,62,,,0
101029,'1197977',1702,,11844,62,,,0
101029,'1198059',702,,11845,62,,,0
101029,'1198116',1102,,11846,62,,,0
101029,'1198125',902,,11847,62,,,0
101029,'1198200',1302,,11848,62,,,0
101029,'1198251',1019,,11849,62,,,0
101029,'1198346',902,,11850,62,,,0
101029,'1198498',2302,,11851,62,,,0
101029,'1198530',2302,,11852,62,,,0
101029,'1198631',1722,,11853,62,,,0
101029,'1198644',2439,,11854,62,,,0
101029,'1198710',1702,,11855,62,,,0
101029,'1198715',1819,,11856,62,,,0
101029,'1198953',2102,,11857,62,,,0
101029,'1198984',1422,,11858,62,,,0
101029,'1199108',1322,,11859,62,,,0
101029,'1199117',719,,11860,62,,,0
101029,'1199304',1902,,11861,62,,,0
101029,'1199366',1502,,11862,62,,,0
101029,'1199567',2019,,11863,62,,,0
101029,'1199585',1522,,11864,62,,,0
