13029,'1196882',1527,,10855,10,,,0
13029,'1196907',1254,,10856,9,,,0
13029,'1196917',1255,,10857,9,,,0
13029,'1196936',1755,,10858,9,,,0
13029,'1196965',753,,10859,9,,,0
13029,'1196972',1625,,10860,9,,,0
13029,'1197006',1454,,10861,9,,,0
13029,'1197082',1154,,10862,9,,,0
13029,'1197122',1054,,10863,9,,,0
13029,'1197184',1454,,10864,9,,,0
13029,'1197188',1923,,10865,9,,,0
13029,'1197193',754,,10866,9,,,0
13029,'1197215',2054,,10867,9,,,0
13029,'1197262',1654,,10868,9,,,0
13029,'1197363',924,,10869,9,,,0
13029,'1197365',2153,,10870,9,,,0
13029,'1197371',954,,10871,9,,,0
13029,'1197444',2253,,10872,9,,,0
13029,'1197556',2254,,10873,9,,,0
13029,'1197773',2023,,10874,9,,,0
13029,'1197812',1455,,10875,9,,,0
13029,'1197866',1354,,10876,9,,,0
13029,'1197909',854,,10877,9,,,0
13029,'1197997',1953,,10878,9,,,0
13029,'1198028',2053,,10879,9,,,0
13029,'1198074',2353,,10880,9,,,0
13029,'1198199',1554,,10881,9,,,0
13029,'1198248',2223,,10882,9,,,0
13029,'1198289',823,,10883,9,,,0
13029,'1198381',1725,,10884,9,,,0
13029,'1198389',1754,,10885,9,,,0
13029,'1198416',1554,,10886,9,,,0
13029,'1198437',1023,,10887,9,,,0
13029,'1198474',1056,,10888,9,,,0
13029,'1198488',1853,,10889,9,,,0
13029,'1198563',723,,10890,9,,,0
13029,'1198648',1053,,10891,9,,,0
13029,'1198673',1254,,10892,9,,,0
13029,'1198704',1854,,10893,9,,,0
13029,'1198733',753,,10894,9,,,0
13029,'1198756',854,,10895,9,,,0
13029,'1198793',953,,10896,9,,,0
13029,'1198811',1354,,10897,9,,,0
13029,'1198812',2354,,10898,9,,,0
13029,'1198828',1154,,10899,9,,,0
13029,'1198858',1555,,10900,9,,,0
13029,'1198910',623,,10901,9,,,0
13029,'1198998',853,,10902,9,,,0
13029,'1199115',653,,10903,9,,,0
13029,'1199250',2154,,10904,9,,,0
13029,'1199324',653,,10905,9,,,0
13029,'1199337',954,,10906,9,,,0
13029,'1199349',2123,,10907,9,,,0
13029,'1199379',2323,,10908,9,,,0
13029,'1199405',1754,,10909,9,,,0
13029,'1199419',1155,,10910,9,,,0
13029,'1199548',1355,,10911,9,,,0
13029,'1199559',1654,,10912,9,,,0
13029,'1199614',1823,,10913,9,,,0
13029,'1199653',1954,,10914,9,,,0
13029,'1199655',1655,,10915,9,,,0
