105019,'1196946',933,,12117,88,,,0
105019,'1197049',1845,,12118,88,,,0
105019,'1197077',620,,12119,88,,,0
105019,'1197115',1230,,12120,88,,,0
105019,'1197131',733,,12121,88,,,0
105019,'1197173',1234,,12122,88,,,0
105019,'1197181',1049,,12123,88,,,0
105019,'1197192',2220,,12124,88,,,0
105019,'1197197',1530,,12125,88,,,0
105019,'1197292',1334,,12126,88,,,0
105019,'1197296',1630,,12127,88,,,0
105019,'1197531',1434,,12128,88,,,0
105019,'1197548',1950,,12129,88,,,0
105019,'1197557',1634,,12130,88,,,0
105019,'1197588',849,,12131,88,,,0
105019,'1197596',2120,,12132,88,,,0
105019,'1197617',1534,,12133,88,,,0
105019,'1197633',1249,,12134,88,,,0
105019,'1197710',827,,12135,88,,,0
105019,'1197779',1815,,12136,88,,,0
105019,'1197825',1445,,12137,88,,,0
105019,'1197971',1130,,12138,88,,,0
105019,'1198112',650,,12139,88,,,0
105019,'1198338',1134,,12140,88,,,0
105019,'1198380',2249,,12141,88,,,0
105019,'1198385',1745,,12142,88,,,0
105019,'1198553',1345,,12143,88,,,0
105019,'1198560',2049,,12144,88,,,0
105019,'1198571',1649,,12145,88,,,0
105019,'1198621',757,,12146,88,,,0
105019,'1198667',1027,,12147,88,,,0
105019,'1198717',1600,,12148,88,,,0
105019,'1198741',927,,12149,88,,,0
105019,'1198746',1915,,12150,88,,,0
105019,'1198889',720,,12151,88,,,0
105019,'1199004',1449,,12152,88,,,0
105019,'1199054',1700,,12153,88,,,0
105019,'1199098',857,,12154,88,,,0
105019,'1199298',2420,,12155,88,,,0
105019,'1199347',2333,,12156,88,,,0
105019,'1199383',2320,,12157,88,,,0
105019,'1199400',1734,,12158,88,,,0
105019,'1199461',1849,,12159,88,,,0
105019,'1199511',1834,,12160,88,,,0
105019,'1199546',2133,,12161,88,,,0
105019,'1199574',1934,,12162,88,,,0
106029,'1196836',1618,,12215,19,,,0
106029,'1196851',1733,,12216,19,,,0
106029,'1197042',1016,,12217,19,,,0
106029,'1197408',1848,,12218,19,,,0
106029,'1198086',746,,12219,19,,,0
106029,'1198615',901,,12220,19,,,0
