29029,'1196899',1237,,11779,6,,,0
29029,'1197015',1552,,11780,6,,,0
29029,'1197158',837,,11781,6,,,0
29029,'1197161',2037,,11782,6,,,0
29029,'1197340',952,,11783,6,,,0
29029,'1197455',1037,,11784,6,,,0
29029,'1197503',1337,,11785,6,,,0
29029,'1197514',1452,,11786,6,,,0
29029,'1197579',2237,,11787,6,,,0
29029,'1197580',2337,,11788,6,,,0
29029,'1197733',1052,,11789,6,,,0
29029,'1197827',1737,,11790,6,,,0
29029,'1198085',1637,,11791,6,,,0
29029,'1198192',1252,,11792,6,,,0
29029,'1198245',1152,,11793,6,,,0
29029,'1198309',937,,11794,6,,,0
29029,'1198331',2137,,11795,6,,,0
29029,'1198551',1837,,11796,6,,,0
29029,'1198575',1352,,11797,6,,,0
29029,'1198844',1537,,11798,6,,,0
29029,'1199028',737,,11799,6,,,0
29029,'1199153',1437,,11800,6,,,0
29029,'1199188',1137,,11801,6,,,0
29029,'1199343',1937,,11802,6,,,0
190001029,'1196847',1113,,12633,17,,,0
190001029,'1196850',1325,,12634,17,,,0
190001029,'1196860',1758,,12635,17,,,0
190001029,'1196897',1644,,12636,17,,,0
190001029,'1196906',1743,,12637,17,,,0
190001029,'1196908',1358,,12638,17,,,0
190001029,'1196953',1213,,12639,17,,,0
190001029,'1196957',1243,,12640,17,,,0
190001029,'1196963',1628,,12641,17,,,0
190001029,'1197018',1359,,12642,17,,,0
190001029,'1197048',2403,,12643,17,,,0
190001029,'1197052',1743,,12644,17,,,0
190001029,'1197074',1314,,12645,17,,,0
190001029,'1197089',1828,,12646,17,,,0
190001029,'1197125',712,,12647,17,,,0
190001029,'1197135',1544,,12648,17,,,0
190001029,'1197148',1025,,12649,17,,,0
190001029,'1197153',1043,,12650,17,,,0
190001029,'1197176',1428,,12651,17,,,0
190001029,'1197177',2028,,12652,17,,,0
190001029,'1197199',1414,,12653,17,,,0
190001029,'1197224',1528,,12654,17,,,0
190001029,'1197245',1529,,12655,17,,,0
190001029,'1197247',2312,,12656,17,,,0
190001029,'1197252',1525,,12657,17,,,0
190001029,'1197260',1843,,12658,17,,,0
190001029,'1197284',1158,,12659,17,,,0
190001029,'1197289',658,,12660,17,,,0
190001029,'1197291',1259,,12661,17,,,0
190001029,'1197301',1328,,12662,17,,,0
190001029,'1197338',1659,,12663,17,,,0
190001029,'1197391',1827,,12664,17,,,0
190001029,'1197396',1114,,12665,17,,,0
190001029,'1197428',2013,,12666,17,,,0
190001029,'1197434',1458,,12667,17,,,0
190001029,'1197476',1128,,12668,17,,,0
190001029,'1197511',1513,,12669,17,,,0
190001029,'1197533',1413,,12670,17,,,0
190001029,'1197582',1629,,12671,17,,,0
190001029,'1197659',1614,,12672,17,,,0
190001029,'1197668',825,,12673,17,,,0
190001029,'1197682',1143,,12674,17,,,0
190001029,'1197683',2043,,12675,17,,,0
190001029,'1197684',1159,,12676,17,,,0
190001029,'1197778',1144,,12677,17,,,0
190001029,'1197833',1459,,12678,17,,,0
190001029,'1197836',1344,,12679,17,,,0
190001029,'1197848',2112,,12680,17,,,0
190001029,'1197886',1444,,12681,17,,,0
190001029,'1197890',758,,12682,17,,,0
190001029,'1197905',1014,,12683,17,,,0
190001029,'1197913',2213,,12684,17,,,0
190001029,'1197921',1258,,12685,17,,,0
190001029,'1197922',957,,12686,17,,,0
190001029,'1197992',1559,,12687,17,,,0
190001029,'1197993',912,,12688,17,,,0
190001029,'1198050',612,,12689,17,,,0
190001029,'1198051',1825,,12690,17,,,0
190001029,'1198052',842,,12691,17,,,0
190001029,'1198054',1425,,12692,17,,,0
190001029,'1198082',1658,,12693,17,,,0
190001029,'1198095',1928,,12694,17,,,0
190001029,'1198106',2242,,12695,17,,,0
190001029,'1198117',725,,12696,17,,,0
190001029,'1198128',1125,,12697,17,,,0
190001029,'1198174',943,,12698,17,,,0
190001029,'1198223',2325,,12699,17,,,0
190001029,'1198252',1429,,12700,17,,,0
190001029,'1198272',813,,12701,17,,,0
190001029,'1198293',1729,,12702,17,,,0
190001029,'1198306',858,,12703,17,,,0
190001029,'1198323',743,,12704,17,,,0
190001029,'1198373',1244,,12705,17,,,0
190001029,'1198398',2342,,12706,17,,,0
190001029,'1198415',925,,12707,17,,,0
190001029,'1198446',1813,,12708,17,,,0
190001029,'1198450',1758,,12709,17,,,0
190001029,'1198459',742,,12710,17,,,0
190001029,'1198491',2042,,12711,17,,,0
190001029,'1198504',843,,12712,17,,,0
190001029,'1198519',2343,,12713,17,,,0
190001029,'1198527',642,,12714,17,,,0
190001029,'1198576',2125,,12715,17,,,0
190001029,'1198589',2313,,12716,17,,,0
190001029,'1198594',812,,12717,17,,,0
190001029,'1198620',2225,,12718,17,,,0
190001029,'1198634',1443,,12719,17,,,0
190001029,'1198641',713,,12720,17,,,0
190001029,'1198687',1058,,12721,17,,,0
190001029,'1198747',928,,12722,17,,,0
190001029,'1198758',2058,,12723,17,,,0
190001029,'1198798',1713,,12724,17,,,0
190001029,'1198839',1842,,12725,17,,,0
190001029,'1198853',2142,,12726,17,,,0
190001029,'1198897',1558,,12727,17,,,0
190001029,'1198906',2113,,12728,17,,,0
190001029,'1198916',1714,,12729,17,,,0
190001029,'1198939',1812,,12730,17,,,0
190001029,'1198946',2243,,12731,17,,,0
190001029,'1198952',1925,,12732,17,,,0
190001029,'1198977',2128,,12733,17,,,0
190001029,'1198982',1725,,12734,17,,,0
190001029,'1199067',1943,,12735,17,,,0
190001029,'1199081',1129,,12736,17,,,0
190001029,'1199082',728,,12737,17,,,0
190001029,'1199103',1728,,12738,17,,,0
190001029,'1199165',1343,,12739,17,,,0
190001029,'1199204',1228,,12740,17,,,0
190001029,'1199210',1958,,12741,17,,,0
190001029,'1199221',1214,,12742,17,,,0
190001029,'1199226',1942,,12743,17,,,0
190001029,'1199256',1225,,12744,17,,,0
190001029,'1199270',1329,,12745,17,,,0
190001029,'1199289',1029,,12746,17,,,0
190001029,'1199303',643,,12747,17,,,0
190001029,'1199322',1059,,12748,17,,,0
190001029,'1199332',942,,12749,17,,,0
190001029,'1199345',1028,,12750,17,,,0
190001029,'1199364',1514,,12751,17,,,0
190001029,'1199390',1044,,12752,17,,,0
190001029,'1199391',1229,,12753,17,,,0
190001029,'1199399',1313,,12754,17,,,0
190001029,'1199406',1543,,12755,17,,,0
190001029,'1199432',1013,,12756,17,,,0
190001029,'1199451',958,,12757,17,,,0
190001029,'1199467',1912,,12758,17,,,0
190001029,'1199482',1643,,12759,17,,,0
190001029,'1199489',628,,12760,17,,,0
190001029,'1199514',1913,,12761,17,,,0
190001029,'1199524',2212,,12762,17,,,0
190001029,'1199526',2025,,12763,17,,,0
190001029,'1199555',828,,12764,17,,,0
190001029,'1199558',1625,,12765,17,,,0
190001029,'1199571',2012,,12766,17,,,0
190001029,'1199594',1613,,12767,17,,,0
190001029,'1199596',2143,,12768,17,,,0
190001029,'1199644',913,,12769,17,,,0
190001029,'1199650',1858,,12770,17,,,0
