3029,'1196871',632,,10230,2,,,0
3029,'1196875',2346,,10231,2,,,0
3029,'1196902',1532,,10232,2,,,0
3029,'1196918',1131,,10233,2,,,0
3029,'1196929',746,,10234,2,,,0
3029,'1197004',2131,,10235,2,,,0
3029,'1197012',1432,,10236,2,,,0
3029,'1197066',1846,,10237,2,,,0
3029,'1197101',1301,,10238,2,,,0
3029,'1197253',1546,,10239,2,,,0
3029,'1197290',802,,10240,2,,,0
3029,'1197380',2146,,10241,2,,,0
3029,'1197402',1601,,10242,2,,,0
3029,'1197413',2031,,10243,2,,,0
3029,'1197417',1046,,10244,2,,,0
3029,'1197427',2202,,10245,2,,,0
3029,'1197507',2331,,10246,2,,,0
3029,'1197510',1801,,10247,2,,,0
3029,'1197558',1002,,10248,2,,,0
3029,'1197601',932,,10249,2,,,0
3029,'1197654',1146,,10250,2,,,0
3029,'1197697',1201,,10251,2,,,0
3029,'1197823',1231,,10252,2,,,0
3029,'1197828',1401,,10253,2,,,0
3029,'1197856',1632,,10254,2,,,0
3029,'1197870',1331,,10255,2,,,0
3029,'1197895',2102,,10256,2,,,0
3029,'1197903',1931,,10257,2,,,0
3029,'1197920',1246,,10258,2,,,0
3029,'1197958',2231,,10259,2,,,0
3029,'1197998',2132,,10260,2,,,0
3029,'1198039',1646,,10261,2,,,0
3029,'1198070',1731,,10262,2,,,0
3029,'1198115',946,,10263,2,,,0
3029,'1198165',1746,,10264,2,,,0
3029,'1198246',1531,,10265,2,,,0
3029,'1198281',1732,,10266,2,,,0
3029,'1198295',731,,10267,2,,,0
3029,'1198310',2232,,10268,2,,,0
3029,'1198321',1032,,10269,2,,,0
3029,'1198363',1232,,10270,2,,,0
3029,'1198395',732,,10271,2,,,0
3029,'1198434',1501,,10272,2,,,0
3029,'1198445',1132,,10273,2,,,0
3029,'1198462',2032,,10274,2,,,0
3029,'1198484',2246,,10275,2,,,0
3029,'1198500',1701,,10276,2,,,0
3029,'1198518',931,,10277,2,,,0
3029,'1198562',1346,,10278,2,,,0
3029,'1198577',1431,,10279,2,,,0
3029,'1198614',631,,10280,2,,,0
3029,'1198734',1832,,10281,2,,,0
3029,'1198836',832,,10282,2,,,0
3029,'1198936',1446,,10283,2,,,0
3029,'1198983',2046,,10284,2,,,0
3029,'1199061',831,,10285,2,,,0
3029,'1199094',1932,,10286,2,,,0
3029,'1199112',2329,,10287,2,,,0
3029,'1199231',1946,,10288,2,,,0
3029,'1199421',1631,,10289,2,,,0
3029,'1199431',1031,,10290,2,,,0
3029,'1199453',1831,,10291,2,,,0
3029,'1199460',1332,,10292,2,,,0
3029,'1199521',902,,10293,2,,,0
3029,'1199533',1902,,10294,2,,,0
3029,'1199547',702,,10295,2,,,0
3029,'1199601',1102,,10296,2,,,0
3029,'1199629',846,,10297,2,,,0
3029,'1199646',2002,,10298,2,,,0
4029,'1196947',1726,,10314,2,,,0
4029,'1196960',1426,,10315,2,,,0
4029,'1197081',1626,,10316,2,,,0
4029,'1197217',1656,,10317,2,,,0
4029,'1197243',826,,10318,2,,,0
4029,'1197423',1356,,10319,2,,,0
4029,'1198231',1756,,10320,2,,,0
4029,'1198271',1526,,10321,2,,,0
4029,'1198399',756,,10322,2,,,0
4029,'1198606',956,,10323,2,,,0
4029,'1198651',1456,,10324,2,,,0
4029,'1199058',726,,10325,2,,,0
4029,'1199062',856,,10326,2,,,0
4029,'1199498',1556,,10327,2,,,0
4029,'1199611',926,,10328,2,,,0
