12029,'1196881',1124,,10722,15,,,0
12029,'1196886',1654,,10723,15,,,0
12029,'1196921',825,,10724,15,,,0
12029,'1196925',1624,,10725,15,,,0
12029,'1197005',2359,,10726,15,,,0
12029,'1197009',2324,,10727,15,,,0
12029,'1197092',1754,,10728,15,,,0
12029,'1197112',854,,10729,15,,,0
12029,'1197136',2254,,10730,15,,,0
12029,'1197164',724,,10731,15,,,0
12029,'1197202',1524,,10732,15,,,0
12029,'1197246',1354,,10733,15,,,0
12029,'1197415',1054,,10734,15,,,0
12029,'1197416',1524,,10735,15,,,0
12029,'1197484',1925,,10736,15,,,0
12029,'1197496',2154,,10737,15,,,0
12029,'1197608',1154,,10738,15,,,0
12029,'1197678',1825,,10739,15,,,0
12029,'1197742',1324,,10740,15,,,0
12029,'1197777',2325,,10741,15,,,0
12029,'1197790',2224,,10742,15,,,0
12029,'1197947',1725,,10743,15,,,0
12029,'1198008',1354,,10744,15,,,0
12029,'1198017',1854,,10745,15,,,0
12029,'1198020',1724,,10746,15,,,0
12029,'1198024',924,,10747,15,,,0
12029,'1198092',1824,,10748,15,,,0
12029,'1198139',1554,,10749,15,,,0
12029,'1198185',1154,,10750,15,,,0
12029,'1198205',824,,10751,15,,,0
12029,'1198239',954,,10752,15,,,0
12029,'1198318',725,,10753,15,,,0
12029,'1198336',1124,,10754,15,,,0
12029,'1198360',1025,,10755,15,,,0
12029,'1198400',724,,10756,15,,,0
12029,'1198511',2225,,10757,15,,,0
12029,'1198528',1525,,10758,15,,,0
12029,'1198538',1424,,10759,15,,,0
12029,'1198556',2054,,10760,15,,,0
12029,'1198681',1924,,10761,15,,,0
12029,'1198731',2024,,10762,15,,,0
12029,'1198732',1324,,10763,15,,,0
12029,'1198745',2125,,10764,15,,,0
12029,'1198748',925,,10765,15,,,0
12029,'1198775',1024,,10766,15,,,0
12029,'1198818',1724,,10767,15,,,0
12029,'1198856',1125,,10768,15,,,0
12029,'1198877',1254,,10769,15,,,0
12029,'1198898',824,,10770,15,,,0
12029,'1198947',624,,10771,15,,,0
12029,'1198959',1224,,10772,15,,,0
12029,'1198976',1654,,10773,15,,,0
12029,'1199093',1454,,10774,15,,,0
12029,'1199207',1454,,10775,15,,,0
12029,'1199281',1325,,10776,15,,,0
12029,'1199325',1624,,10777,15,,,0
12029,'1199340',1054,,10778,15,,,0
12029,'1199357',1424,,10779,15,,,0
12029,'1199382',754,,10780,15,,,0
12029,'1199384',924,,10781,15,,,0
12029,'1199423',1954,,10782,15,,,0
12029,'1199437',1425,,10783,15,,,0
12029,'1199445',2025,,10784,15,,,0
12029,'1199457',1625,,10785,15,,,0
12029,'1199487',1024,,10786,15,,,0
12029,'1199500',654,,10787,15,,,0
12029,'1199501',1554,,10788,15,,,0
12029,'1199531',1224,,10789,15,,,0
12029,'1199556',2124,,10790,15,,,0
12029,'1199590',1254,,10791,15,,,0
12029,'1199639',1225,,10792,15,,,0
