11019,'1196876',1455,,10548,14,,,0
11019,'1196884',1254,,10549,18,,,0
11019,'1196914',1137,,10550,18,,,0
11019,'1196958',757,,10551,18,,,0
11019,'1197000',1255,,10552,14,,,0
11019,'1197070',1855,,10553,14,,,0
11019,'1197071',1836,,10554,18,,,0
11019,'1197114',922,,10555,18,,,0
11019,'1197185',2255,,10556,14,,,0
11019,'1197191',1454,,10557,18,,,0
11019,'1197229',1409,,10558,18,,,0
11019,'1197234',1708,,10559,18,,,0
11019,'1197264',1739,,10560,18,,,0
11019,'1197274',937,,10561,18,,,0
11019,'1197327',1338,,10562,18,,,0
11019,'1197343',737,,10563,18,,,0
11019,'1197351',1555,,10564,14,,,0
11019,'1197398',1824,,10565,18,,,0
11019,'1197412',2306,,10566,18,,,0
11019,'1197422',1639,,10567,18,,,0
11019,'1197446',2355,,10568,14,,,0
11019,'1197463',707,,10569,18,,,0
11019,'1197502',622,,10570,18,,,0
11019,'1197519',752,,10571,18,,,0
11019,'1197564',2257,,10572,18,,,0
11019,'1197573',1355,,10573,14,,,0
11019,'1197695',1107,,10574,18,,,0
11019,'1197696',807,,10575,18,,,0
11019,'1197753',855,,10576,14,,,0
11019,'1197763',1524,,10577,18,,,0
11019,'1197795',2036,,10578,18,,,0
11019,'1197832',1624,,10579,18,,,0
11019,'1197875',2423,,10580,18,,,0
11019,'1197917',2357,,10581,18,,,0
11019,'1197925',1122,,10582,18,,,0
11019,'1197934',1538,,10583,18,,,0
11019,'1197978',1906,,10584,18,,,0
11019,'1197990',1438,,10585,18,,,0
11019,'1198012',852,,10586,18,,,0
11019,'1198053',957,,10587,18,,,0
11019,'1198076',2006,,10588,18,,,0
11019,'1198113',2106,,10589,18,,,0
11019,'1198146',2236,,10590,18,,,0
11019,'1198266',1957,,10591,18,,,0
11019,'1198296',1655,,10592,14,,,0
11019,'1198337',907,,10593,18,,,0
11019,'1198341',1157,,10594,18,,,0
11019,'1198362',2155,,10595,14,,,0
11019,'1198405',1857,,10596,18,,,0
11019,'1198419',1509,,10597,18,,,0
11019,'1198470',1309,,10598,18,,,0
11019,'1198493',1809,,10599,18,,,0
11019,'1198506',1057,,10600,18,,,0
11019,'1198543',1022,,10601,18,,,0
11019,'1198548',1609,,10602,18,,,0
11019,'1198573',1152,,10603,18,,,0
11019,'1198590',1955,,10604,14,,,0
11019,'1198610',1554,,10605,18,,,0
11019,'1198623',657,,10606,18,,,0
11019,'1198660',1308,,10607,18,,,0
11019,'1198662',1755,,10608,14,,,0
11019,'1198696',1439,,10609,18,,,0
11019,'1198771',1508,,10610,18,,,0
11019,'1198808',952,,10611,18,,,0
11019,'1198843',2055,,10612,14,,,0
11019,'1198927',1052,,10613,18,,,0
11019,'1198951',1724,,10614,18,,,0
11019,'1198978',1936,,10615,18,,,0
11019,'1199022',1237,,10616,18,,,0
11019,'1199024',2157,,10617,18,,,0
11019,'1199026',2206,,10618,18,,,0
11019,'1199059',1608,,10619,18,,,0
11019,'1199060',1354,,10620,18,,,0
11019,'1199064',1808,,10621,18,,,0
11019,'1199091',755,,10622,14,,,0
11019,'1199100',2136,,10623,18,,,0
11019,'1199118',1709,,10624,18,,,0
11019,'1199132',652,,10625,18,,,0
11019,'1199143',1738,,10626,18,,,0
11019,'1199154',1424,,10627,18,,,0
11019,'1199177',1654,,10628,18,,,0
11019,'1199180',2057,,10629,18,,,0
11019,'1199214',722,,10630,18,,,0
11019,'1199225',1539,,10631,18,,,0
11019,'1199227',1155,,10632,14,,,0
11019,'1199229',1408,,10633,18,,,0
11019,'1199253',955,,10634,14,,,0
11019,'1199301',2333,,10635,18,,,0
11019,'1199306',1055,,10636,14,,,0
11019,'1199370',1754,,10637,18,,,0
11019,'1199376',837,,10638,18,,,0
11019,'1199394',857,,10639,18,,,0
11019,'1199403',822,,10640,18,,,0
11019,'1199410',1207,,10641,18,,,0
11019,'1199462',2403,,10642,18,,,0
11019,'1199476',1007,,10643,18,,,0
11019,'1199496',1324,,10644,18,,,0
11019,'1199508',1222,,10645,18,,,0
11019,'1199591',1638,,10646,18,,,0
11019,'1199603',1239,,10647,18,,,0
11019,'1199619',1037,,10648,18,,,0
11019,'1199623',1339,,10649,18,,,0
11029,'1199774',1530,,12771,18,,,0
11029,'1199777',944,,12772,18,,,0
11029,'1199778',1330,,12773,18,,,0
11029,'1199779',2329,,12774,18,,,0
11029,'1199780',1228,,12775,18,,,0
11029,'1199781',1144,,12776,18,,,0
11029,'1199782',1645,,12777,18,,,0
11029,'1199783',2228,,12778,18,,,0
11029,'1199785',1329,,12779,18,,,0
11029,'1199786',814,,12780,18,,,0
11029,'1199787',1630,,12781,18,,,0
11029,'1199788',1600,,12782,18,,,0
11029,'1199789',1445,,12783,18,,,0
11029,'1199790',1459,,12784,18,,,0
11029,'1199791',1129,,12785,18,,,0
11029,'1199792',1545,,12786,18,,,0
11029,'1199793',2344,,12787,18,,,0
11029,'1199794',829,,12788,18,,,0
11029,'1199795',1500,,12789,18,,,0
11029,'1199796',1159,,12790,18,,,0
11029,'1199797',1800,,12791,18,,,0
11029,'1199799',744,,12792,18,,,0
11029,'1199800',1715,,12793,18,,,0
11029,'1199804',929,,12794,18,,,0
11029,'1199808',1028,,12795,18,,,0
11029,'1199809',1730,,12796,18,,,0
11029,'1199810',1059,,12797,18,,,0
11029,'1199811',1044,,12798,18,,,0
11029,'1199812',1559,,12799,18,,,0
11029,'1199813',2328,,12800,18,,,0
11029,'1199814',1230,,12801,18,,,0
11029,'1199815',1629,,12802,18,,,0
11029,'1199816',1159,,12803,18,,,0
11029,'1199818',729,,12804,18,,,0
11029,'1199819',1129,,12805,18,,,0
11029,'1199820',1745,,12806,18,,,0
11029,'1199821',1529,,12807,18,,,0
11029,'1199823',1259,,12808,18,,,0
11029,'1199825',2029,,12809,18,,,0
11029,'1199826',2404,,12810,18,,,0
11029,'1199828',1415,,12811,18,,,0
11029,'1199830',1315,,12812,18,,,0
11029,'1199831',2014,,12813,18,,,0
11029,'1199834',644,,12814,18,,,0
11029,'1199836',759,,12815,18,,,0
11029,'1199838',1515,,12816,18,,,0
11029,'1199839',728,,12817,18,,,0
11029,'1199843',1345,,12818,18,,,0
11029,'1199844',2028,,12819,18,,,0
11029,'1199846',1430,,12820,18,,,0
11029,'1199847',928,,12821,18,,,0
11029,'1199848',914,,12822,18,,,0
11029,'1199849',2128,,12823,18,,,0
11029,'1199850',1528,,12824,18,,,0
11029,'1199852',714,,12825,18,,,0
11029,'1199853',959,,12826,18,,,0
11029,'1199854',844,,12827,18,,,0
11029,'1199855',1628,,12828,18,,,0
11029,'1199856',2129,,12829,18,,,0
11029,'1199858',1615,,12830,18,,,0
11029,'1199860',1029,,12831,18,,,0
11029,'1199862',1944,,12832,18,,,0
11029,'1199863',829,,12833,18,,,0
11029,'1199864',1215,,12834,18,,,0
11029,'1199865',1729,,12835,18,,,0
11029,'1199866',1229,,12836,18,,,0
11029,'1199867',2044,,12837,18,,,0
11029,'1199869',1429,,12838,18,,,0
11029,'1199870',1328,,12839,18,,,0
11029,'1199871',1359,,12840,18,,,0
11029,'1199873',2214,,12841,18,,,0
11029,'1199874',1114,,12842,18,,,0
11029,'1199875',1014,,12843,18,,,0
11029,'1199876',659,,12844,18,,,0
11029,'1199877',1728,,12845,18,,,0
11029,'1199878',1700,,12846,18,,,0
11029,'1199881',1829,,12847,18,,,0
11029,'1199882',1914,,12848,18,,,0
11029,'1199883',1128,,12849,18,,,0
11029,'1199884',1928,,12850,18,,,0
11029,'1199886',1929,,12851,18,,,0
11029,'1199889',729,,12852,18,,,0
11029,'1199890',2114,,12853,18,,,0
11029,'1199891',2229,,12854,18,,,0
11029,'1199892',1828,,12855,18,,,0
11029,'1199893',1029,,12856,18,,,0
11029,'1199898',859,,12857,18,,,0
11029,'1199899',1844,,12858,18,,,0
11029,'1199902',1814,,12859,18,,,0
11029,'1199903',929,,12860,18,,,0
11029,'1199904',1659,,12861,18,,,0
11029,'1199906',629,,12862,18,,,0
11029,'1199907',2314,,12863,18,,,0
11029,'1199910',2244,,12864,18,,,0
11029,'1199911',2144,,12865,18,,,0
11029,'1199912',1400,,12866,18,,,0
11029,'1199913',1245,,12867,18,,,0
11029,'1199914',1300,,12868,18,,,0
11029,'1199919',828,,12869,18,,,0
11029,'1199920',1428,,12870,18,,,0
