10029,'1196869',1019,,10389,8,,,0
10029,'1196944',1849,,10390,8,,,0
10029,'1196948',1519,,10391,8,,,0
10029,'1197007',649,,10392,8,,,0
10029,'1197053',1319,,10393,8,,,0
10029,'1197093',1119,,10394,8,,,0
10029,'1197160',1719,,10395,8,,,0
10029,'1197269',1819,,10396,8,,,0
10029,'1197314',2149,,10397,8,,,0
10029,'1197362',2019,,10398,8,,,0
10029,'1197385',819,,10399,8,,,0
10029,'1197414',1419,,10400,8,,,0
10029,'1197492',1649,,10401,8,,,0
10029,'1197523',2219,,10402,8,,,0
10029,'1197565',619,,10403,8,,,0
10029,'1197669',819,,10404,8,,,0
10029,'1197675',2119,,10405,8,,,0
10029,'1197822',1719,,10406,8,,,0
10029,'1197831',1719,,10407,8,,,0
10029,'1197885',2019,,10408,8,,,0
10029,'1197887',1549,,10409,8,,,0
10029,'1197892',1219,,10410,8,,,0
10029,'1197908',2219,,10411,8,,,0
10029,'1197916',2249,,10412,8,,,0
10029,'1197980',2354,,10413,8,,,0
10029,'1198080',1619,,10414,8,,,0
10029,'1198150',1619,,10415,8,,,0
10029,'1198170',1119,,10416,8,,,0
10029,'1198181',1749,,10417,8,,,0
10029,'1198232',1519,,10418,8,,,0
10029,'1198314',1919,,10419,8,,,0
10029,'1198351',1219,,10420,8,,,0
10029,'1198466',2049,,10421,8,,,0
10029,'1198481',1419,,10422,8,,,0
10029,'1198536',1219,,10423,8,,,0
10029,'1198550',1619,,10424,8,,,0
10029,'1198565',2319,,10425,8,,,0
10029,'1198676',719,,10426,8,,,0
10029,'1198703',719,,10427,8,,,0
10029,'1198735',1019,,10428,8,,,0
10029,'1198754',1319,,10429,8,,,0
10029,'1198767',1119,,10430,8,,,0
10029,'1198887',849,,10431,8,,,0
10029,'1198905',1419,,10432,8,,,0
10029,'1198933',819,,10433,8,,,0
10029,'1199013',719,,10434,8,,,0
10029,'1199068',1019,,10435,8,,,0
10029,'1199078',1819,,10436,8,,,0
10029,'1199088',1949,,10437,8,,,0
10029,'1199134',1319,,10438,8,,,0
10029,'1199161',2319,,10439,8,,,0
10029,'1199245',1919,,10440,8,,,0
10029,'1199274',919,,10441,8,,,0
10029,'1199375',1449,,10442,8,,,0
10029,'1199396',749,,10443,8,,,0
10029,'1199411',2119,,10444,8,,,0
10029,'1199422',919,,10445,8,,,0
10029,'1199613',919,,10446,8,,,0
10029,'1199633',1519,,10447,8,,,0
