28019,'1196931',2338,,11637,12,,,0
28019,'1196961',958,,11638,12,,,0
28019,'1197034',1138,,11640,12,,,0
28019,'1197242',1538,,11643,12,,,0
28019,'1197295',1358,,11645,12,,,0
28019,'1197458',1938,,11648,12,,,0
28019,'1197551',858,,11651,12,,,0
28019,'1197718',2138,,11653,12,,,0
28019,'1197726',1758,,11654,12,,,0
28019,'1197861',1838,,11656,12,,,0
28019,'1197862',1238,,11657,12,,,0
28019,'1198022',658,,11658,12,,,0
28019,'1198061',2058,,11659,12,,,0
28019,'1198096',1438,,11660,12,,,0
28019,'1198110',1158,,11661,12,,,0
28019,'1198319',1958,,11662,12,,,0
28019,'1198329',1638,,11663,12,,,0
28019,'1198345',1458,,11665,12,,,0
28019,'1198414',1058,,11666,12,,,0
28019,'1198454',1038,,11667,12,,,0
28019,'1198522',1558,,11668,12,,,0
28019,'1198672',938,,11670,12,,,0
28019,'1198739',2158,,11671,12,,,0
28019,'1198919',738,,11676,12,,,0
28019,'1198968',1258,,11678,12,,,0
28019,'1199033',2358,,11679,12,,,0
28019,'1199206',2038,,11682,12,,,0
28019,'1199243',2258,,11683,12,,,0
28019,'1199296',1858,,11684,12,,,0
28019,'1199344',1738,,11686,12,,,0
28019,'1199417',1658,,11688,12,,,0
28019,'1199450',838,,11690,12,,,0
28019,'1199529',1338,,11691,12,,,0
28019,'1199584',758,,11694,12,,,0
28019,'1199602',2238,,11695,12,,,0
28019,'1199775',1743,,12871,12,,,0
28019,'1199776',1713,,12872,12,,,0
28019,'1199784',1813,,12873,12,,,0
28019,'1199803',713,,12874,12,,,0
28019,'1199807',2013,,12875,12,,,0
28019,'1199817',2213,,12876,12,,,0
28019,'1199832',2313,,12877,12,,,0
28019,'1199835',1513,,12878,12,,,0
28019,'1199837',1643,,12879,12,,,0
28019,'1199842',1843,,12880,12,,,0
28019,'1199845',913,,12881,12,,,0
28019,'1199851',813,,12882,12,,,0
28019,'1199859',1913,,12883,12,,,0
28019,'1199861',843,,12884,12,,,0
28019,'1199868',1417,,12885,12,,,0
28019,'1199872',643,,12886,12,,,0
28019,'1199880',1313,,12887,12,,,0
28019,'1199885',743,,12888,12,,,0
28019,'1199887',1213,,12889,12,,,0
28019,'1199894',1613,,12890,12,,,0
28019,'1199897',613,,12891,12,,,0
28019,'1199900',2113,,12892,12,,,0
28019,'1199908',1013,,12893,12,,,0
28019,'1199917',1113,,12894,12,,,0
