105029,'1196840',2311,,12163,39,,,0
105029,'1196987',1026,,12164,39,,,0
105029,'1196996',1657,,12165,39,,,0
105029,'1197020',1542,,12166,39,,,0
105029,'1197097',1757,,12167,39,,,0
105029,'1197137',2024,,12168,39,,,0
105029,'1197220',2011,,12169,39,,,0
105029,'1197228',1512,,12170,39,,,0
105029,'1197231',741,,12171,39,,,0
105029,'1197439',1142,,12172,39,,,0
105029,'1197501',1942,,12173,39,,,0
105029,'1197522',2142,,12174,39,,,0
105029,'1197561',1012,,12175,39,,,0
105029,'1197638',942,,12176,39,,,0
105029,'1197840',2111,,12177,39,,,0
105029,'1197853',2211,,12178,39,,,0
105029,'1197918',1841,,12179,39,,,0
105029,'1197968',2342,,12180,39,,,0
105029,'1198013',1342,,12181,39,,,0
105029,'1198037',1112,,12182,39,,,0
105029,'1198064',1826,,12183,39,,,0
105029,'1198187',1226,,12184,39,,,0
105029,'1198214',1742,,12185,39,,,0
105029,'1198417',1326,,12186,39,,,0
105029,'1198447',1727,,12187,39,,,0
105029,'1198529',1526,,12188,39,,,0
105029,'1198616',711,,12189,39,,,0
105029,'1198625',1627,,12190,39,,,0
105029,'1198711',1327,,12191,39,,,0
105029,'1198718',1542,,12192,39,,,0
105029,'1198725',1726,,12193,39,,,0
105029,'1198779',824,,12194,39,,,0
105029,'1198918',1426,,12195,39,,,0
105029,'1198922',2416,,12196,39,,,0
105029,'1198923',641,,12197,39,,,0
105029,'1199012',624,,12198,39,,,0
105029,'1199037',1412,,12199,39,,,0
105029,'1199107',1442,,12200,39,,,0
105029,'1199124',2424,,12201,39,,,0
105029,'1199144',1227,,12202,39,,,0
105029,'1199148',742,,12203,39,,,0
105029,'1199220',1126,,12204,39,,,0
105029,'1199470',2224,,12205,39,,,0
105029,'1199473',911,,12206,39,,,0
105029,'1199604',811,,12207,39,,,0
105029,'1199607',1626,,12208,39,,,0
