10029,'1196869',1026,,10389,24,,,0
10029,'1196944',1856,,10390,24,,,0
10029,'1196948',1526,,10391,24,,,0
10029,'1197007',656,,10392,24,,,0
10029,'1197053',1326,,10393,24,,,0
10029,'1197093',1126,,10394,24,,,0
10029,'1197160',1726,,10395,24,,,0
10029,'1197269',1826,,10396,24,,,0
10029,'1197314',2156,,10397,24,,,0
10029,'1197362',2026,,10398,24,,,0
10029,'1197385',826,,10399,24,,,0
10029,'1197414',1426,,10400,24,,,0
10029,'1197492',1656,,10401,24,,,0
10029,'1197523',2226,,10402,24,,,0
10029,'1197565',626,,10403,24,,,0
10029,'1197669',826,,10404,24,,,0
10029,'1197675',2126,,10405,24,,,0
10029,'1197822',1726,,10406,24,,,0
10029,'1197831',1726,,10407,24,,,0
10029,'1197885',2026,,10408,24,,,0
10029,'1197887',1556,,10409,24,,,0
10029,'1197892',1226,,10410,24,,,0
10029,'1197908',2226,,10411,24,,,0
10029,'1197916',2256,,10412,24,,,0
10029,'1197980',2401,,10413,24,,,0
10029,'1198080',1626,,10414,24,,,0
10029,'1198150',1626,,10415,24,,,0
10029,'1198170',1126,,10416,24,,,0
10029,'1198181',1756,,10417,24,,,0
10029,'1198232',1526,,10418,24,,,0
10029,'1198314',1926,,10419,24,,,0
10029,'1198351',1226,,10420,24,,,0
10029,'1198466',2056,,10421,24,,,0
10029,'1198481',1426,,10422,24,,,0
10029,'1198536',1226,,10423,24,,,0
10029,'1198550',1626,,10424,24,,,0
10029,'1198565',2326,,10425,24,,,0
10029,'1198676',726,,10426,24,,,0
10029,'1198703',726,,10427,24,,,0
10029,'1198735',1026,,10428,24,,,0
10029,'1198754',1326,,10429,24,,,0
10029,'1198767',1126,,10430,24,,,0
10029,'1198887',856,,10431,24,,,0
10029,'1198905',1426,,10432,24,,,0
10029,'1198933',826,,10433,24,,,0
10029,'1199013',726,,10434,24,,,0
10029,'1199068',1026,,10435,24,,,0
10029,'1199078',1826,,10436,24,,,0
10029,'1199088',1956,,10437,24,,,0
10029,'1199134',1326,,10438,24,,,0
10029,'1199161',2326,,10439,24,,,0
10029,'1199245',1926,,10440,24,,,0
10029,'1199274',926,,10441,24,,,0
10029,'1199375',1456,,10442,24,,,0
10029,'1199396',756,,10443,24,,,0
10029,'1199411',2126,,10444,24,,,0
10029,'1199422',926,,10445,24,,,0
10029,'1199613',926,,10446,24,,,0
10029,'1199633',1526,,10447,24,,,0
12029,'1196881',1126,,10722,19,,,0
12029,'1196886',1656,,10723,19,,,0
12029,'1196921',827,,10724,19,,,0
12029,'1196925',1626,,10725,19,,,0
12029,'1197005',2401,,10726,19,,,0
12029,'1197009',2326,,10727,19,,,0
12029,'1197092',1756,,10728,19,,,0
12029,'1197112',856,,10729,19,,,0
12029,'1197136',2256,,10730,19,,,0
12029,'1197164',726,,10731,19,,,0
12029,'1197202',1526,,10732,19,,,0
12029,'1197246',1356,,10733,19,,,0
12029,'1197415',1056,,10734,19,,,0
12029,'1197416',1526,,10735,19,,,0
12029,'1197484',1927,,10736,19,,,0
12029,'1197496',2156,,10737,19,,,0
12029,'1197608',1156,,10738,19,,,0
12029,'1197678',1827,,10739,19,,,0
12029,'1197742',1326,,10740,19,,,0
12029,'1197777',2327,,10741,19,,,0
12029,'1197790',2226,,10742,19,,,0
12029,'1197947',1727,,10743,19,,,0
12029,'1198008',1356,,10744,19,,,0
12029,'1198017',1856,,10745,19,,,0
12029,'1198020',1726,,10746,19,,,0
12029,'1198024',926,,10747,19,,,0
12029,'1198092',1826,,10748,19,,,0
12029,'1198139',1556,,10749,19,,,0
12029,'1198185',1156,,10750,19,,,0
12029,'1198205',826,,10751,19,,,0
12029,'1198239',956,,10752,19,,,0
12029,'1198318',727,,10753,19,,,0
12029,'1198336',1126,,10754,19,,,0
12029,'1198360',1027,,10755,19,,,0
12029,'1198400',726,,10756,19,,,0
12029,'1198511',2227,,10757,19,,,0
12029,'1198528',1527,,10758,19,,,0
12029,'1198538',1426,,10759,19,,,0
12029,'1198556',2056,,10760,19,,,0
12029,'1198681',1926,,10761,19,,,0
12029,'1198731',2026,,10762,19,,,0
12029,'1198732',1326,,10763,19,,,0
12029,'1198745',2127,,10764,19,,,0
12029,'1198748',927,,10765,19,,,0
12029,'1198775',1026,,10766,19,,,0
12029,'1198818',1726,,10767,19,,,0
12029,'1198856',1127,,10768,19,,,0
12029,'1198877',1256,,10769,19,,,0
12029,'1198898',826,,10770,19,,,0
12029,'1198947',626,,10771,19,,,0
12029,'1198959',1226,,10772,19,,,0
12029,'1198976',1656,,10773,19,,,0
12029,'1199093',1456,,10774,19,,,0
12029,'1199207',1456,,10775,19,,,0
12029,'1199281',1327,,10776,19,,,0
12029,'1199325',1626,,10777,19,,,0
12029,'1199340',1056,,10778,19,,,0
12029,'1199357',1426,,10779,19,,,0
12029,'1199382',756,,10780,19,,,0
12029,'1199384',926,,10781,19,,,0
12029,'1199423',1956,,10782,19,,,0
12029,'1199437',1427,,10783,19,,,0
12029,'1199445',2027,,10784,19,,,0
12029,'1199457',1627,,10785,19,,,0
12029,'1199487',1026,,10786,19,,,0
12029,'1199500',656,,10787,19,,,0
12029,'1199501',1556,,10788,19,,,0
12029,'1199531',1226,,10789,19,,,0
12029,'1199556',2126,,10790,19,,,0
12029,'1199590',1256,,10791,19,,,0
12029,'1199639',1227,,10792,19,,,0
