20019,'1196861',1642,,11034,10,,,0
20019,'1196920',2212,,11035,10,,,0
20019,'1196950',742,,11036,10,,,0
20019,'1196955',642,,11037,10,,,0
20019,'1197117',2012,,11038,10,,,0
20019,'1197128',2112,,11039,10,,,0
20019,'1197129',1542,,11040,10,,,0
20019,'1197174',1512,,11041,10,,,0
20019,'1197187',1536,,11042,10,,,0
20019,'1197300',2236,,11043,10,,,0
20019,'1197337',1936,,11044,10,,,0
20019,'1197360',2136,,11045,10,,,0
20019,'1197373',1242,,11046,10,,,0
20019,'1197429',1736,,11047,10,,,0
20019,'1197469',936,,11048,10,,,0
20019,'1197560',1036,,11049,10,,,0
20019,'1197585',641,,11050,10,,,0
20019,'1197629',1412,,11051,10,,,0
20019,'1197637',2142,,11052,10,,,0
20019,'1197672',1336,,11053,10,,,0
20019,'1197681',1042,,11054,10,,,0
20019,'1197724',1436,,11055,10,,,0
20019,'1197914',1236,,11056,10,,,0
20019,'1197984',1742,,11057,10,,,0
20019,'1197986',1342,,11058,10,,,0
20019,'1198036',1812,,11059,10,,,0
20019,'1198083',2412,,11060,10,,,0
20019,'1198114',942,,11061,10,,,0
20019,'1198133',1112,,11062,10,,,0
20019,'1198141',2042,,11063,10,,,0
20019,'1198152',1312,,11064,10,,,0
20019,'1198178',742,,11065,10,,,0
20019,'1198183',2242,,11066,10,,,0
20019,'1198191',611,,11067,10,,,0
20019,'1198203',2336,,11068,10,,,0
20019,'1198236',736,,11069,10,,,0
20019,'1198244',1942,,11070,10,,,0
20019,'1198268',2036,,11071,10,,,0
20019,'1198364',2312,,11072,10,,,0
20019,'1198377',1612,,11073,10,,,0
20019,'1198420',1712,,11074,10,,,0
20019,'1198431',912,,11075,10,,,0
20019,'1198465',1842,,11076,10,,,0
20019,'1198477',1836,,11077,10,,,0
20019,'1198580',712,,11078,10,,,0
20019,'1198586',812,,11079,10,,,0
20019,'1198656',842,,11080,10,,,0
20019,'1198669',1012,,11081,10,,,0
20019,'1198702',1742,,11082,10,,,0
20019,'1198708',1442,,11083,10,,,0
20019,'1198826',1642,,11084,10,,,0
20019,'1198871',1136,,11085,10,,,0
20019,'1198943',1912,,11086,10,,,0
20019,'1199137',2341,,11087,10,,,0
20019,'1199386',836,,11088,10,,,0
20019,'1199428',1212,,11089,10,,,0
20019,'1199534',1636,,11090,10,,,0
20019,'1199553',1142,,11091,10,,,0
102019,'1197016',2156,,11865,10,,,0
102019,'1197206',1810,,11866,10,,,0
102019,'1197235',856,,11867,10,,,0
102019,'1197240',726,,11868,10,,,0
102019,'1197255',1326,,11869,10,,,0
102019,'1197609',910,,11870,10,,,0
102019,'1197643',1456,,11871,10,,,0
102019,'1197656',1856,,11872,10,,,0
102019,'1197775',1556,,11873,10,,,0
102019,'1197973',641,,11874,10,,,0
102019,'1197982',1756,,11875,10,,,0
102019,'1198067',656,,11876,10,,,0
102019,'1198088',2240,,11877,10,,,0
102019,'1198122',1926,,11878,10,,,0
102019,'1198163',1026,,11879,10,,,0
102019,'1198211',811,,11880,10,,,0
102019,'1198279',1126,,11881,10,,,0
102019,'1198403',1040,,11882,10,,,0
102019,'1198424',1426,,11883,10,,,0
102019,'1198486',956,,11884,10,,,0
102019,'1198508',1510,,11885,10,,,0
102019,'1198523',1256,,11886,10,,,0
102019,'1198532',1210,,11887,10,,,0
102019,'1198591',2226,,11888,10,,,0
102019,'1198661',1626,,11889,10,,,0
102019,'1198730',2056,,11890,10,,,0
102019,'1198749',2026,,11891,10,,,0
102019,'1198805',1940,,11892,10,,,0
102019,'1198848',1640,,11893,10,,,0
102019,'1198865',2326,,11894,10,,,0
102019,'1199016',2110,,11895,10,,,0
102019,'1199130',2356,,11896,10,,,0
102019,'1199199',941,,11897,10,,,0
102019,'1199205',1156,,11898,10,,,0
102019,'1199328',1340,,11899,10,,,0
102019,'1199348',1726,,11900,10,,,0
102019,'1199363',1711,,11901,10,,,0
102019,'1199433',1541,,11902,10,,,0
102019,'1199474',556,,11903,10,,,0
102019,'1199507',826,,11904,10,,,0
102019,'1199572',1411,,11905,10,,,0
102019,'1199618',740,,11906,10,,,0
