104019,'1197815',2352,,12041,12,,,0
104019,'1198490',2428,,12054,12,,,0
104019,'1199025',2408,,12063,12,,,0
104029,'1196835',1953,,12074,12,,,0
104029,'1196857',753,,12075,12,,,0
104029,'1196889',752,,12076,12,,,0
104029,'1196928',1738,,12077,12,,,0
104029,'1197002',638,,12078,12,,,0
104029,'1197045',1532,,12079,12,,,0
104029,'1197133',823,,12080,12,,,0
104029,'1197341',1232,,12081,12,,,0
104029,'1197454',1752,,12082,12,,,0
104029,'1197461',708,,12083,12,,,0
104029,'1197467',2152,,12084,12,,,0
104029,'1197481',553,,12085,12,,,0
104029,'1197553',2123,,12086,12,,,0
104029,'1197574',908,,12087,12,,,0
104029,'1197583',2138,,12088,12,,,0
104029,'1197794',1753,,12089,12,,,0
104029,'1197965',1352,,12090,12,,,0
104029,'1197979',1523,,12091,12,,,0
104029,'1198234',1023,,12092,12,,,0
104029,'1198287',1617,,12093,12,,,0
104029,'1198288',1147,,12094,12,,,0
104029,'1198449',1253,,12095,12,,,0
104029,'1198458',1908,,12096,12,,,0
104029,'1198510',938,,12097,12,,,0
104029,'1198521',753,,12098,12,,,0
104029,'1198558',1638,,12099,12,,,0
104029,'1198578',1702,,12100,12,,,0
104029,'1198686',1402,,12101,12,,,0
104029,'1198694',1447,,12102,12,,,0
104029,'1198755',952,,12103,12,,,0
104029,'1198909',1152,,12104,12,,,0
104029,'1198979',1138,,12105,12,,,0
104029,'1199045',2253,,12106,12,,,0
104029,'1199127',2253,,12107,12,,,0
104029,'1199159',1317,,12108,12,,,0
104029,'1199181',908,,12109,12,,,0
104029,'1199193',1552,,12110,12,,,0
104029,'1199356',1408,,12111,12,,,0
104029,'1199360',2023,,12112,12,,,0
104029,'1199374',638,,12113,12,,,0
104029,'1199380',1023,,12114,12,,,0
104029,'1199442',1823,,12115,12,,,0
104029,'1199577',1952,,12116,12,,,0
