103029,'1196853',1436,,11989,3,,,0
103029,'1196867',1306,,11990,3,,,0
103029,'1196892',1736,,11991,3,,,0
103029,'1196973',1727,,11992,3,,,0
103029,'1197031',1359,,11993,3,,,0
103029,'1197085',2036,,11994,3,,,0
103029,'1197108',1906,,11995,3,,,0
103029,'1197233',956,,11996,3,,,0
103029,'1197315',1229,,11997,3,,,0
103029,'1197321',1059,,11998,3,,,0
103029,'1197346',1427,,11999,3,,,0
103029,'1197499',1828,,12000,3,,,0
103029,'1197743',759,,12001,3,,,0
103029,'1197784',929,,12002,3,,,0
103029,'1197852',1257,,12003,3,,,0
103029,'1198282',1127,,12004,3,,,0
103029,'1198444',1529,,12005,3,,,0
103029,'1198568',656,,12006,3,,,0
103029,'1198723',1958,,12007,3,,,0
103029,'1198855',826,,12008,3,,,0
103029,'1198880',1512,,12009,3,,,0
103029,'1198882',629,,12010,3,,,0
103029,'1198911',2128,,12011,3,,,0
103029,'1198914',1642,,12012,3,,,0
103029,'1198921',836,,12013,3,,,0
103029,'1198928',741,,12014,3,,,0
103029,'1198990',911,,12015,3,,,0
103029,'1199021',1606,,12016,3,,,0
103029,'1199109',2258,,12017,3,,,0
103029,'1199145',2206,,12018,3,,,0
103029,'1199146',1136,,12019,3,,,0
103029,'1199172',2156,,12020,3,,,0
103029,'1199215',2326,,12021,3,,,0
103029,'1199475',1856,,12022,3,,,0
103029,'1199565',1006,,12023,3,,,0
103029,'1199579',1557,,12024,3,,,0
103029,'1199581',2026,,12025,3,,,0
103029,'1199593',1659,,12026,3,,,0
