11019,'1196876',1500,,10548,16,,,0
11019,'1196884',1259,,10549,20,,,0
11019,'1196914',1142,,10550,20,,,0
11019,'1196958',801,,10551,20,,,0
11019,'1197000',1300,,10552,16,,,0
11019,'1197070',1900,,10553,16,,,0
11019,'1197071',1841,,10554,20,,,0
11019,'1197114',927,,10555,20,,,0
11019,'1197185',2300,,10556,16,,,0
11019,'1197191',1459,,10557,20,,,0
11019,'1197229',1414,,10558,20,,,0
11019,'1197234',1713,,10559,20,,,0
11019,'1197264',1744,,10560,20,,,0
11019,'1197274',942,,10561,20,,,0
11019,'1197327',1343,,10562,20,,,0
11019,'1197343',742,,10563,20,,,0
11019,'1197351',1600,,10564,16,,,0
11019,'1197398',1829,,10565,20,,,0
11019,'1197412',2311,,10566,20,,,0
11019,'1197422',1644,,10567,20,,,0
11019,'1197446',2400,,10568,16,,,0
11019,'1197463',712,,10569,20,,,0
11019,'1197502',627,,10570,20,,,0
11019,'1197519',757,,10571,20,,,0
11019,'1197564',2301,,10572,20,,,0
11019,'1197573',1400,,10573,16,,,0
11019,'1197695',1112,,10574,20,,,0
11019,'1197696',812,,10575,20,,,0
11019,'1197753',900,,10576,16,,,0
11019,'1197763',1529,,10577,20,,,0
11019,'1197795',2041,,10578,20,,,0
11019,'1197832',1629,,10579,20,,,0
11019,'1197875',2428,,10580,20,,,0
11019,'1197917',2401,,10581,20,,,0
11019,'1197925',1127,,10582,20,,,0
11019,'1197934',1543,,10583,20,,,0
11019,'1197978',1911,,10584,20,,,0
11019,'1197990',1443,,10585,20,,,0
11019,'1198012',857,,10586,20,,,0
11019,'1198053',1001,,10587,20,,,0
11019,'1198076',2011,,10588,20,,,0
11019,'1198113',2111,,10589,20,,,0
11019,'1198146',2241,,10590,20,,,0
11019,'1198266',2001,,10591,20,,,0
11019,'1198296',1700,,10592,16,,,0
11019,'1198337',912,,10593,20,,,0
11019,'1198341',1201,,10594,20,,,0
11019,'1198362',2200,,10595,16,,,0
11019,'1198405',1901,,10596,20,,,0
11019,'1198419',1514,,10597,20,,,0
11019,'1198470',1314,,10598,20,,,0
11019,'1198493',1814,,10599,20,,,0
11019,'1198506',1101,,10600,20,,,0
11019,'1198543',1027,,10601,20,,,0
11019,'1198548',1614,,10602,20,,,0
11019,'1198573',1157,,10603,20,,,0
11019,'1198590',2000,,10604,16,,,0
11019,'1198610',1559,,10605,20,,,0
11019,'1198623',701,,10606,20,,,0
11019,'1198660',1313,,10607,20,,,0
11019,'1198662',1800,,10608,16,,,0
11019,'1198696',1444,,10609,20,,,0
11019,'1198771',1513,,10610,20,,,0
11019,'1198808',957,,10611,20,,,0
11019,'1198843',2100,,10612,16,,,0
11019,'1198927',1057,,10613,20,,,0
11019,'1198951',1729,,10614,20,,,0
11019,'1198978',1941,,10615,20,,,0
11019,'1199022',1241,,10616,20,,,0
11019,'1199024',2201,,10617,20,,,0
11019,'1199026',2211,,10618,20,,,0
11019,'1199059',1613,,10619,20,,,0
11019,'1199060',1359,,10620,20,,,0
11019,'1199064',1813,,10621,20,,,0
11019,'1199091',800,,10622,16,,,0
11019,'1199100',2141,,10623,20,,,0
11019,'1199118',1714,,10624,20,,,0
11019,'1199132',657,,10625,20,,,0
11019,'1199143',1743,,10626,20,,,0
11019,'1199154',1429,,10627,20,,,0
11019,'1199177',1659,,10628,20,,,0
11019,'1199180',2101,,10629,20,,,0
11019,'1199214',727,,10630,20,,,0
11019,'1199225',1544,,10631,20,,,0
11019,'1199227',1200,,10632,16,,,0
11019,'1199229',1413,,10633,20,,,0
11019,'1199253',1000,,10634,16,,,0
11019,'1199301',2338,,10635,20,,,0
11019,'1199306',1100,,10636,16,,,0
11019,'1199370',1759,,10637,20,,,0
11019,'1199376',842,,10638,20,,,0
11019,'1199394',901,,10639,20,,,0
11019,'1199403',827,,10640,20,,,0
11019,'1199410',1212,,10641,20,,,0
11019,'1199462',2408,,10642,20,,,0
11019,'1199476',1012,,10643,20,,,0
11019,'1199496',1329,,10644,20,,,0
11019,'1199508',1227,,10645,20,,,0
11019,'1199591',1643,,10646,20,,,0
11019,'1199603',1244,,10647,20,,,0
11019,'1199619',1042,,10648,20,,,0
11019,'1199623',1344,,10649,20,,,0
