14029,'1196849',1738,,10975,44,,,0
14029,'1196912',808,,10976,44,,,0
14029,'1197024',1538,,10977,44,,,0
14029,'1197041',2338,,10978,44,,,0
14029,'1197050',1636,,10979,44,,,0
14029,'1197119',1739,,10980,44,,,0
14029,'1197130',2236,,10981,44,,,0
14029,'1197219',1536,,10982,44,,,0
14029,'1197237',1336,,10983,44,,,0
14029,'1197250',638,,10984,44,,,0
14029,'1197265',1808,,10985,44,,,0
14029,'1197310',2238,,10986,44,,,0
14029,'1197323',1338,,10987,44,,,0
14029,'1197440',2136,,10988,44,,,0
14029,'1197456',1539,,10989,44,,,0
14029,'1197472',1136,,10990,44,,,0
14029,'1197493',1908,,10991,44,,,0
14029,'1197512',1639,,10992,44,,,0
14029,'1197515',1438,,10993,44,,,0
14029,'1197597',738,,10994,44,,,0
14029,'1197605',2308,,10995,44,,,0
14029,'1197639',1236,,10996,44,,,0
14029,'1197699',2008,,10997,44,,,0
14029,'1197717',1736,,10998,44,,,0
14029,'1197738',1036,,10999,44,,,0
14029,'1197809',1638,,11000,44,,,0
14029,'1197863',2413,,11001,44,,,0
14029,'1197882',1436,,11002,44,,,0
14029,'1197961',1238,,11003,44,,,0
14029,'1198040',1038,,11004,44,,,0
14029,'1198078',1138,,11005,44,,,0
14029,'1198100',908,,11006,44,,,0
14029,'1198198',2208,,11007,44,,,0
14029,'1198204',2108,,11008,44,,,0
14029,'1198269',708,,11009,44,,,0
14029,'1198326',936,,11010,44,,,0
14029,'1198404',738,,11011,44,,,0
14029,'1198426',2138,,11012,44,,,0
14029,'1198570',838,,11013,44,,,0
14029,'1198612',2336,,11014,44,,,0
14029,'1198728',836,,11015,44,,,0
14029,'1198772',1838,,11016,44,,,0
14029,'1198830',938,,11017,44,,,0
14029,'1198941',1139,,11018,44,,,0
14029,'1198956',1439,,11019,44,,,0
14029,'1199040',2038,,11020,44,,,0
14029,'1199065',1239,,11021,44,,,0
14029,'1199076',1836,,11022,44,,,0
14029,'1199083',1709,,11023,44,,,0
14029,'1199184',938,,11024,44,,,0
14029,'1199200',838,,11025,44,,,0
14029,'1199222',1609,,11026,44,,,0
14029,'1199266',1339,,11027,44,,,0
14029,'1199447',1938,,11028,44,,,0
14029,'1199472',2036,,11029,44,,,0
14029,'1199520',1039,,11030,44,,,0
14029,'1199554',736,,11031,44,,,0
14029,'1199573',1936,,11032,44,,,0
14029,'1199643',1509,,11033,44,,,0
29029,'1196899',1243,,11779,13,,,0
29029,'1197015',1558,,11780,13,,,0
29029,'1197158',843,,11781,13,,,0
29029,'1197161',2043,,11782,13,,,0
29029,'1197340',958,,11783,13,,,0
29029,'1197455',1043,,11784,13,,,0
29029,'1197503',1343,,11785,13,,,0
29029,'1197514',1458,,11786,13,,,0
29029,'1197579',2243,,11787,13,,,0
29029,'1197580',2343,,11788,13,,,0
29029,'1197733',1058,,11789,13,,,0
29029,'1197827',1743,,11790,13,,,0
29029,'1198085',1643,,11791,13,,,0
29029,'1198192',1258,,11792,13,,,0
29029,'1198245',1158,,11793,13,,,0
29029,'1198309',943,,11794,13,,,0
29029,'1198331',2143,,11795,13,,,0
29029,'1198551',1843,,11796,13,,,0
29029,'1198575',1358,,11797,13,,,0
29029,'1198844',1543,,11798,13,,,0
29029,'1199028',743,,11799,13,,,0
29029,'1199153',1443,,11800,13,,,0
29029,'1199188',1143,,11801,13,,,0
29029,'1199343',1943,,11802,13,,,0
190001029,'1196847',1116,,12633,22,,,0
190001029,'1196850',1328,,12634,22,,,0
190001029,'1196860',1801,,12635,22,,,0
190001029,'1196897',1648,,12636,22,,,0
190001029,'1196906',1746,,12637,22,,,0
190001029,'1196908',1401,,12638,22,,,0
190001029,'1196953',1216,,12639,22,,,0
190001029,'1196957',1246,,12640,22,,,0
190001029,'1196963',1631,,12641,22,,,0
190001029,'1197018',1403,,12642,22,,,0
190001029,'1197048',2406,,12643,22,,,0
190001029,'1197052',1746,,12644,22,,,0
190001029,'1197074',1318,,12645,22,,,0
190001029,'1197089',1831,,12646,22,,,0
190001029,'1197125',715,,12647,22,,,0
190001029,'1197135',1548,,12648,22,,,0
190001029,'1197148',1028,,12649,22,,,0
190001029,'1197153',1046,,12650,22,,,0
190001029,'1197176',1431,,12651,22,,,0
190001029,'1197177',2031,,12652,22,,,0
190001029,'1197199',1418,,12653,22,,,0
190001029,'1197224',1531,,12654,22,,,0
190001029,'1197245',1533,,12655,22,,,0
190001029,'1197247',2315,,12656,22,,,0
190001029,'1197252',1528,,12657,22,,,0
190001029,'1197260',1846,,12658,22,,,0
190001029,'1197284',1201,,12659,22,,,0
190001029,'1197289',701,,12660,22,,,0
190001029,'1197291',1303,,12661,22,,,0
190001029,'1197301',1331,,12662,22,,,0
190001029,'1197338',1703,,12663,22,,,0
190001029,'1197391',1830,,12664,22,,,0
190001029,'1197396',1118,,12665,22,,,0
190001029,'1197428',2016,,12666,22,,,0
190001029,'1197434',1501,,12667,22,,,0
190001029,'1197476',1131,,12668,22,,,0
190001029,'1197511',1516,,12669,22,,,0
190001029,'1197533',1416,,12670,22,,,0
190001029,'1197582',1633,,12671,22,,,0
190001029,'1197659',1618,,12672,22,,,0
190001029,'1197668',828,,12673,22,,,0
190001029,'1197682',1146,,12674,22,,,0
190001029,'1197683',2046,,12675,22,,,0
190001029,'1197684',1203,,12676,22,,,0
190001029,'1197778',1148,,12677,22,,,0
190001029,'1197833',1503,,12678,22,,,0
190001029,'1197836',1348,,12679,22,,,0
190001029,'1197848',2115,,12680,22,,,0
190001029,'1197886',1448,,12681,22,,,0
190001029,'1197890',801,,12682,22,,,0
190001029,'1197905',1018,,12683,22,,,0
190001029,'1197913',2216,,12684,22,,,0
190001029,'1197921',1301,,12685,22,,,0
190001029,'1197922',1000,,12686,22,,,0
190001029,'1197992',1603,,12687,22,,,0
190001029,'1197993',915,,12688,22,,,0
190001029,'1198050',615,,12689,22,,,0
190001029,'1198051',1828,,12690,22,,,0
190001029,'1198052',845,,12691,22,,,0
190001029,'1198054',1428,,12692,22,,,0
190001029,'1198082',1701,,12693,22,,,0
190001029,'1198095',1931,,12694,22,,,0
190001029,'1198106',2245,,12695,22,,,0
190001029,'1198117',728,,12696,22,,,0
190001029,'1198128',1128,,12697,22,,,0
190001029,'1198174',946,,12698,22,,,0
190001029,'1198223',2328,,12699,22,,,0
190001029,'1198252',1433,,12700,22,,,0
190001029,'1198272',816,,12701,22,,,0
190001029,'1198293',1733,,12702,22,,,0
190001029,'1198306',901,,12703,22,,,0
190001029,'1198323',746,,12704,22,,,0
190001029,'1198373',1248,,12705,22,,,0
190001029,'1198398',2345,,12706,22,,,0
190001029,'1198415',928,,12707,22,,,0
190001029,'1198446',1816,,12708,22,,,0
190001029,'1198450',1801,,12709,22,,,0
190001029,'1198459',745,,12710,22,,,0
190001029,'1198491',2045,,12711,22,,,0
190001029,'1198504',846,,12712,22,,,0
190001029,'1198519',2346,,12713,22,,,0
190001029,'1198527',645,,12714,22,,,0
190001029,'1198576',2128,,12715,22,,,0
190001029,'1198589',2316,,12716,22,,,0
190001029,'1198594',815,,12717,22,,,0
190001029,'1198620',2228,,12718,22,,,0
190001029,'1198634',1446,,12719,22,,,0
190001029,'1198641',716,,12720,22,,,0
190001029,'1198687',1101,,12721,22,,,0
190001029,'1198747',931,,12722,22,,,0
190001029,'1198758',2101,,12723,22,,,0
190001029,'1198798',1716,,12724,22,,,0
190001029,'1198839',1845,,12725,22,,,0
190001029,'1198853',2145,,12726,22,,,0
190001029,'1198897',1601,,12727,22,,,0
190001029,'1198906',2116,,12728,22,,,0
190001029,'1198916',1718,,12729,22,,,0
190001029,'1198939',1815,,12730,22,,,0
190001029,'1198946',2246,,12731,22,,,0
190001029,'1198952',1928,,12732,22,,,0
190001029,'1198977',2131,,12733,22,,,0
190001029,'1198982',1728,,12734,22,,,0
190001029,'1199067',1946,,12735,22,,,0
190001029,'1199081',1133,,12736,22,,,0
190001029,'1199082',731,,12737,22,,,0
190001029,'1199103',1731,,12738,22,,,0
190001029,'1199165',1346,,12739,22,,,0
190001029,'1199204',1231,,12740,22,,,0
190001029,'1199210',2001,,12741,22,,,0
190001029,'1199221',1218,,12742,22,,,0
190001029,'1199226',1945,,12743,22,,,0
190001029,'1199256',1228,,12744,22,,,0
190001029,'1199270',1333,,12745,22,,,0
190001029,'1199289',1033,,12746,22,,,0
190001029,'1199303',646,,12747,22,,,0
190001029,'1199322',1103,,12748,22,,,0
190001029,'1199332',945,,12749,22,,,0
190001029,'1199345',1031,,12750,22,,,0
190001029,'1199364',1518,,12751,22,,,0
190001029,'1199390',1048,,12752,22,,,0
190001029,'1199391',1233,,12753,22,,,0
190001029,'1199399',1316,,12754,22,,,0
190001029,'1199406',1546,,12755,22,,,0
190001029,'1199432',1016,,12756,22,,,0
190001029,'1199451',1001,,12757,22,,,0
190001029,'1199467',1915,,12758,22,,,0
190001029,'1199482',1646,,12759,22,,,0
190001029,'1199489',631,,12760,22,,,0
190001029,'1199514',1916,,12761,22,,,0
190001029,'1199524',2215,,12762,22,,,0
190001029,'1199526',2028,,12763,22,,,0
190001029,'1199555',831,,12764,22,,,0
190001029,'1199558',1628,,12765,22,,,0
190001029,'1199571',2015,,12766,22,,,0
190001029,'1199594',1616,,12767,22,,,0
190001029,'1199596',2146,,12768,22,,,0
190001029,'1199644',916,,12769,22,,,0
190001029,'1199650',1901,,12770,22,,,0
