3019,'1196834',1819,,10159,27,,,0
3019,'1196848',2119,,10160,27,,,0
3019,'1196854',719,,10161,27,,,0
3019,'1196968',1234,,10162,27,,,0
3019,'1196971',2019,,10163,27,,,0
3019,'1197069',720,,10164,27,,,0
3019,'1197076',2149,,10165,27,,,0
3019,'1197107',1250,,10166,27,,,0
3019,'1197120',2419,,10167,27,,,0
3019,'1197318',2219,,10168,27,,,0
3019,'1197369',2334,,10169,27,,,0
3019,'1197372',2234,,10170,27,,,0
3019,'1197378',919,,10171,27,,,0
3019,'1197462',920,,10172,27,,,0
3019,'1197478',1620,,10173,27,,,0
3019,'1197537',934,,10174,27,,,0
3019,'1197572',1350,,10175,27,,,0
3019,'1197590',850,,10176,27,,,0
3019,'1197618',1720,,10177,27,,,0
3019,'1197731',2019,,10179,27,,,0
3019,'1197748',1020,,10180,27,,,0
3019,'1197755',1050,,10181,27,,,0
3019,'1197810',1450,,10182,27,,,0
3019,'1197819',1919,,10183,27,,,0
3019,'1197850',1550,,10184,27,,,0
3019,'1197851',950,,10185,27,,,0
3019,'1197897',1120,,10186,27,,,0
3019,'1197923',1220,,10187,27,,,0
3019,'1197941',1520,,10188,27,,,0
3019,'1198025',1620,,10189,27,,,0
3019,'1198093',1849,,10190,27,,,0
3019,'1198098',1150,,10191,27,,,0
3019,'1198111',1019,,10192,27,,,0
3019,'1198119',1534,,10193,27,,,0
3019,'1198124',1420,,10194,27,,,0
3019,'1198153',1919,,10195,27,,,0
3019,'1198229',1520,,10196,27,,,0
3019,'1198237',1650,,10197,27,,,0
3019,'1198265',2119,,10198,27,,,0
3019,'1198278',1949,,10199,27,,,0
3019,'1198430',1634,,10200,27,,,0
3019,'1198432',1819,,10201,27,,,0
3019,'1198501',1720,,10202,27,,,0
3019,'1198514',650,,10203,27,,,0
3019,'1198654',1734,,10204,27,,,0
3019,'1198677',834,,10205,27,,,0
3019,'1198680',820,,10206,27,,,0
3019,'1198689',2409,,10207,27,,,0
3019,'1198691',1750,,10208,27,,,0
3019,'1198742',2219,,10209,27,,,0
3019,'1198777',1420,,10210,27,,,0
3019,'1198788',734,,10211,27,,,0
3019,'1198845',1034,,10212,27,,,0
3019,'1198989',2134,,10213,27,,,0
3019,'1198991',1834,,10214,27,,,0
3019,'1199009',1334,,10215,27,,,0
3019,'1199035',1220,,10216,27,,,0
3019,'1199052',2034,,10217,27,,,0
3019,'1199066',1134,,10218,27,,,0
3019,'1199133',1320,,10219,27,,,0
3019,'1199262',2319,,10220,27,,,0
3019,'1199277',750,,10221,27,,,0
3019,'1199346',1320,,10222,27,,,0
3019,'1199408',2049,,10223,27,,,0
3019,'1199412',1434,,10224,27,,,0
3019,'1199440',2319,,10225,27,,,0
3019,'1199509',819,,10226,27,,,0
3019,'1199600',1934,,10228,27,,,0
3019,'1199612',1120,,10229,27,,,0
4019,'1197123',711,,10299,15,,,0
4019,'1197392',1511,,10300,15,,,0
4019,'1197520',911,,10301,15,,,0
4019,'1197788',1541,,10302,15,,,0
4019,'1197874',1341,,10303,15,,,0
4019,'1198006',841,,10304,15,,,0
4019,'1198332',1741,,10305,15,,,0
4019,'1198394',1441,,10306,15,,,0
4019,'1198409',811,,10307,15,,,0
4019,'1198799',1411,,10308,15,,,0
4019,'1198924',1711,,10309,15,,,0
4019,'1199002',941,,10310,15,,,0
4019,'1199239',1611,,10311,15,,,0
4019,'1199517',742,,10312,15,,,0
4019,'1199645',1641,,10313,15,,,0
