14029,'1196849',1726,,10975,21,,,0
14029,'1196912',756,,10976,21,,,0
14029,'1197024',1526,,10977,21,,,0
14029,'1197041',2326,,10978,21,,,0
14029,'1197050',1625,,10979,21,,,0
14029,'1197119',1726,,10980,21,,,0
14029,'1197130',2225,,10981,21,,,0
14029,'1197219',1525,,10982,21,,,0
14029,'1197237',1325,,10983,21,,,0
14029,'1197250',626,,10984,21,,,0
14029,'1197265',1756,,10985,21,,,0
14029,'1197310',2226,,10986,21,,,0
14029,'1197323',1326,,10987,21,,,0
14029,'1197440',2125,,10988,21,,,0
14029,'1197456',1526,,10989,21,,,0
14029,'1197472',1125,,10990,21,,,0
14029,'1197493',1856,,10991,21,,,0
14029,'1197512',1626,,10992,21,,,0
14029,'1197515',1426,,10993,21,,,0
14029,'1197597',726,,10994,21,,,0
14029,'1197605',2256,,10995,21,,,0
14029,'1197639',1225,,10996,21,,,0
14029,'1197699',1956,,10997,21,,,0
14029,'1197717',1725,,10998,21,,,0
14029,'1197738',1025,,10999,21,,,0
14029,'1197809',1626,,11000,21,,,0
14029,'1197863',2401,,11001,21,,,0
14029,'1197882',1425,,11002,21,,,0
14029,'1197961',1226,,11003,21,,,0
14029,'1198040',1026,,11004,21,,,0
14029,'1198078',1126,,11005,21,,,0
14029,'1198100',856,,11006,21,,,0
14029,'1198198',2156,,11007,21,,,0
14029,'1198204',2056,,11008,21,,,0
14029,'1198269',656,,11009,21,,,0
14029,'1198326',925,,11010,21,,,0
14029,'1198404',726,,11011,21,,,0
14029,'1198426',2126,,11012,21,,,0
14029,'1198570',826,,11013,21,,,0
14029,'1198612',2325,,11014,21,,,0
14029,'1198728',825,,11015,21,,,0
14029,'1198772',1826,,11016,21,,,0
14029,'1198830',926,,11017,21,,,0
14029,'1198941',1126,,11018,21,,,0
14029,'1198956',1426,,11019,21,,,0
14029,'1199040',2026,,11020,21,,,0
14029,'1199065',1226,,11021,21,,,0
14029,'1199076',1825,,11022,21,,,0
14029,'1199083',1656,,11023,21,,,0
14029,'1199184',926,,11024,21,,,0
14029,'1199200',826,,11025,21,,,0
14029,'1199222',1556,,11026,21,,,0
14029,'1199266',1326,,11027,21,,,0
14029,'1199447',1926,,11028,21,,,0
14029,'1199472',2025,,11029,21,,,0
14029,'1199520',1026,,11030,21,,,0
14029,'1199554',725,,11031,21,,,0
14029,'1199573',1925,,11032,21,,,0
14029,'1199643',1456,,11033,21,,,0
