24019,'1196934',636,,11187,10,,,0
24019,'1196988',806,,11188,10,,,0
24019,'1197014',2106,,11189,10,,,0
24019,'1197021',2356,,11190,10,,,0
24019,'1197025',706,,11191,10,,,0
24019,'1197047',1438,,11192,10,,,0
24019,'1197094',1006,,11193,10,,,0
24019,'1197127',2236,,11194,10,,,0
24019,'1197154',921,,11195,10,,,0
24019,'1197203',1606,,11196,10,,,0
24019,'1197210',1321,,11197,10,,,0
24019,'1197244',606,,11198,10,,,0
24019,'1197285',1806,,11199,10,,,0
24019,'1197390',1706,,11200,10,,,0
24019,'1197431',1538,,11201,10,,,0
24019,'1197489',2221,,11202,10,,,0
24019,'1197506',1107,,11203,10,,,0
24019,'1197518',1708,,11204,10,,,0
24019,'1197546',1007,,11205,10,,,0
24019,'1197591',1906,,11206,10,,,0
24019,'1197620',907,,11207,10,,,0
24019,'1197680',1408,,11208,10,,,0
24019,'1197686',1921,,11209,10,,,0
24019,'1197707',1307,,11210,10,,,0
24019,'1197750',2136,,11211,10,,,0
24019,'1197764',1638,,11212,10,,,0
24019,'1197783',2121,,11213,10,,,0
24019,'1197805',736,,11214,10,,,0
24019,'1197843',1621,,11215,10,,,0
24019,'1197844',1207,,11216,10,,,0
24019,'1197878',1421,,11217,10,,,0
24019,'1197883',1308,,11218,10,,,0
24019,'1197954',1821,,11219,10,,,0
24019,'1197955',706,,11220,10,,,0
24019,'1197996',806,,11221,10,,,0
24019,'1198055',1407,,11222,10,,,0
24019,'1198087',1108,,11223,10,,,0
24019,'1198107',1521,,11224,10,,,0
24019,'1198126',2006,,11225,10,,,0
24019,'1198142',936,,11226,10,,,0
24019,'1198175',1608,,11227,10,,,0
24019,'1198559',1836,,11228,10,,,0
24019,'1198657',2321,,11229,10,,,0
24019,'1198659',821,,11230,10,,,0
24019,'1198709',1721,,11231,10,,,0
24019,'1198800',2021,,11232,10,,,0
24019,'1198948',906,,11233,10,,,0
24019,'1198975',1221,,11234,10,,,0
24019,'1199043',1021,,11235,10,,,0
24019,'1199106',721,,11236,10,,,0
24019,'1199219',2206,,11237,10,,,0
24019,'1199387',836,,11238,10,,,0
24019,'1199435',1121,,11239,10,,,0
24019,'1199454',2036,,11240,10,,,0
24019,'1199463',1508,,11241,10,,,0
24019,'1199504',1208,,11242,10,,,0
24019,'1199506',1507,,11243,10,,,0
24019,'1199592',1936,,11244,10,,,0
24019,'1199595',1738,,11245,10,,,0
24019,'1199609',2306,,11246,10,,,0
