10019,'1196894',2049,,10329,15,,,0
10019,'1196915',1649,,10330,15,,,0
10019,'1196923',1049,,10331,15,,,0
10019,'1197054',2219,,10332,15,,,0
10019,'1197091',1449,,10333,15,,,0
10019,'1197121',1049,,10334,15,,,0
10019,'1197207',949,,10335,15,,,0
10019,'1197335',819,,10336,15,,,0
10019,'1197345',2119,,10337,15,,,0
10019,'1197397',1449,,10338,15,,,0
10019,'1197418',2349,,10339,15,,,0
10019,'1197505',1549,,10340,15,,,0
10019,'1197587',919,,10341,15,,,0
10019,'1197595',1049,,10342,15,,,0
10019,'1197737',1349,,10343,15,,,0
10019,'1197756',1849,,10344,15,,,0
10019,'1197759',1519,,10345,15,,,0
10019,'1197766',2249,,10346,15,,,0
10019,'1197915',1949,,10347,15,,,0
10019,'1197927',749,,10348,15,,,0
10019,'1197935',649,,10349,15,,,0
10019,'1197985',949,,10350,15,,,0
10019,'1198010',1819,,10351,15,,,0
10019,'1198016',1949,,10352,15,,,0
10019,'1198164',649,,10353,15,,,0
10019,'1198167',1549,,10354,15,,,0
10019,'1198226',1349,,10355,15,,,0
10019,'1198257',1449,,10356,15,,,0
10019,'1198280',2319,,10357,15,,,0
10019,'1198300',1549,,10358,15,,,0
10019,'1198361',2149,,10359,15,,,0
10019,'1198366',849,,10360,15,,,0
10019,'1198390',1849,,10361,15,,,0
10019,'1198410',1749,,10362,15,,,0
10019,'1198440',749,,10363,15,,,0
10019,'1198475',1149,,10364,15,,,0
10019,'1198480',2149,,10365,15,,,0
10019,'1198509',620,,10366,15,,,0
10019,'1198520',1249,,10367,15,,,0
10019,'1198542',2349,,10368,15,,,0
10019,'1198583',2249,,10369,15,,,0
10019,'1198726',1919,,10370,15,,,0
10019,'1198809',849,,10371,15,,,0
10019,'1198815',1649,,10372,15,,,0
10019,'1198881',1619,,10373,15,,,0
10019,'1198903',849,,10374,15,,,0
10019,'1198955',1149,,10375,15,,,0
10019,'1198962',1649,,10376,15,,,0
10019,'1198993',1149,,10377,15,,,0
10019,'1199007',2049,,10378,15,,,0
10019,'1199032',1349,,10379,15,,,0
10019,'1199053',1749,,10380,15,,,0
10019,'1199056',1749,,10381,15,,,0
10019,'1199257',1719,,10382,15,,,0
10019,'1199300',1249,,10383,15,,,0
10019,'1199321',949,,10384,15,,,0
10019,'1199323',2019,,10385,15,,,0
10019,'1199353',1249,,10386,15,,,0
10019,'1199424',719,,10387,15,,,0
10019,'1199598',749,,10388,15,,,0
12019,'1196839',2129,,10650,21,,,0
12019,'1196874',1130,,10651,21,,,0
12019,'1196885',1630,,10652,21,,,0
12019,'1196887',1600,,10653,21,,,0
12019,'1196940',1330,,10654,21,,,0
12019,'1196983',1929,,10655,21,,,0
12019,'1197026',2229,,10656,21,,,0
12019,'1197080',1829,,10657,21,,,0
12019,'1197104',1859,,10658,21,,,0
12019,'1197223',1800,,10659,21,,,0
12019,'1197306',1200,,10660,21,,,0
12019,'1197322',759,,10661,21,,,0
12019,'1197334',1630,,10662,21,,,0
12019,'1197339',1759,,10663,21,,,0
12019,'1197433',959,,10664,21,,,0
12019,'1197490',1700,,10665,21,,,0
12019,'1197525',1600,,10666,21,,,0
12019,'1197602',859,,10667,21,,,0
12019,'1197615',1230,,10668,21,,,0
12019,'1197664',1800,,10669,21,,,0
12019,'1197701',2359,,10670,21,,,0
12019,'1197765',2359,,10671,21,,,0
12019,'1197813',1100,,10672,21,,,0
12019,'1197824',1259,,10673,21,,,0
12019,'1197891',2059,,10674,21,,,0
12019,'1197911',1959,,10675,21,,,0
12019,'1197945',1859,,10676,21,,,0
12019,'1197989',1500,,10677,21,,,0
12019,'1197991',1159,,10678,21,,,0
12019,'1198031',659,,10679,21,,,0
12019,'1198072',1359,,10680,21,,,0
12019,'1198097',1559,,10681,21,,,0
12019,'1198121',1700,,10682,21,,,0
12019,'1198127',1100,,10683,21,,,0
12019,'1198171',2159,,10684,21,,,0
12019,'1198224',2259,,10685,21,,,0
12019,'1198250',1330,,10686,21,,,0
12019,'1198260',1430,,10687,21,,,0
12019,'1198263',929,,10688,21,,,0
12019,'1198283',1530,,10689,21,,,0
12019,'1198358',1459,,10690,21,,,0
12019,'1198421',859,,10691,21,,,0
12019,'1198427',1230,,10692,21,,,0
12019,'1198442',1730,,10693,21,,,0
12019,'1198497',2159,,10694,21,,,0
12019,'1198582',859,,10695,21,,,0
12019,'1198588',629,,10696,21,,,0
12019,'1198592',1730,,10697,21,,,0
12019,'1198618',1059,,10698,21,,,0
12019,'1198712',1200,,10699,21,,,0
12019,'1198727',1400,,10700,21,,,0
12019,'1198773',1400,,10701,21,,,0
12019,'1198774',1130,,10702,21,,,0
12019,'1198819',2329,,10703,21,,,0
12019,'1198842',959,,10704,21,,,0
12019,'1198884',1959,,10705,21,,,0
12019,'1198912',759,,10706,21,,,0
12019,'1198945',959,,10707,21,,,0
12019,'1199167',729,,10708,21,,,0
12019,'1199197',2059,,10709,21,,,0
12019,'1199223',1300,,10710,21,,,0
12019,'1199224',701,,10711,21,,,0
12019,'1199251',1029,,10712,21,,,0
12019,'1199291',1530,,10713,21,,,0
12019,'1199315',1300,,10714,21,,,0
12019,'1199416',2259,,10715,21,,,0
12019,'1199495',1430,,10716,21,,,0
12019,'1199513',829,,10717,21,,,0
12019,'1199578',1500,,10718,21,,,0
12019,'1199610',2029,,10719,21,,,0
12019,'1199616',759,,10720,21,,,0
12019,'1199625',1659,,10721,21,,,0
