105029,'1196840',2306,,12163,28,,,0
105029,'1196987',1021,,12164,28,,,0
105029,'1196996',1652,,12165,28,,,0
105029,'1197020',1537,,12166,28,,,0
105029,'1197097',1752,,12167,28,,,0
105029,'1197137',2019,,12168,28,,,0
105029,'1197220',2006,,12169,28,,,0
105029,'1197228',1507,,12170,28,,,0
105029,'1197231',736,,12171,28,,,0
105029,'1197439',1137,,12172,28,,,0
105029,'1197501',1937,,12173,28,,,0
105029,'1197522',2137,,12174,28,,,0
105029,'1197561',1007,,12175,28,,,0
105029,'1197638',937,,12176,28,,,0
105029,'1197840',2106,,12177,28,,,0
105029,'1197853',2206,,12178,28,,,0
105029,'1197918',1836,,12179,28,,,0
105029,'1197968',2337,,12180,28,,,0
105029,'1198013',1337,,12181,28,,,0
105029,'1198037',1107,,12182,28,,,0
105029,'1198064',1821,,12183,28,,,0
105029,'1198187',1221,,12184,28,,,0
105029,'1198214',1737,,12185,28,,,0
105029,'1198417',1321,,12186,28,,,0
105029,'1198447',1722,,12187,28,,,0
105029,'1198529',1521,,12188,28,,,0
105029,'1198616',706,,12189,28,,,0
105029,'1198625',1622,,12190,28,,,0
105029,'1198711',1322,,12191,28,,,0
105029,'1198718',1537,,12192,28,,,0
105029,'1198725',1721,,12193,28,,,0
105029,'1198779',819,,12194,28,,,0
105029,'1198918',1421,,12195,28,,,0
105029,'1198922',2411,,12196,28,,,0
105029,'1198923',636,,12197,28,,,0
105029,'1199012',619,,12198,28,,,0
105029,'1199037',1407,,12199,28,,,0
105029,'1199107',1437,,12200,28,,,0
105029,'1199124',2419,,12201,28,,,0
105029,'1199144',1222,,12202,28,,,0
105029,'1199148',737,,12203,28,,,0
105029,'1199220',1121,,12204,28,,,0
105029,'1199470',2219,,12205,28,,,0
105029,'1199473',906,,12206,28,,,0
105029,'1199604',806,,12207,28,,,0
105029,'1199607',1621,,12208,28,,,0
106019,'1196832',958,,12209,32,,,0
106019,'1196841',728,,12210,32,,,0
106019,'1197348',843,,12211,32,,,0
106019,'1197389',1830,,12212,32,,,0
106019,'1197951',1600,,12213,32,,,0
106019,'1198120',1715,,12214,32,,,0
