10029,'1196869',1037,,10389,36,,,0
10029,'1196944',1907,,10390,36,,,0
10029,'1196948',1537,,10391,36,,,0
10029,'1197007',707,,10392,36,,,0
10029,'1197053',1337,,10393,36,,,0
10029,'1197093',1137,,10394,36,,,0
10029,'1197160',1737,,10395,36,,,0
10029,'1197269',1837,,10396,36,,,0
10029,'1197314',2207,,10397,36,,,0
10029,'1197362',2037,,10398,36,,,0
10029,'1197385',837,,10399,36,,,0
10029,'1197414',1437,,10400,36,,,0
10029,'1197492',1707,,10401,36,,,0
10029,'1197523',2237,,10402,36,,,0
10029,'1197565',637,,10403,36,,,0
10029,'1197669',837,,10404,36,,,0
10029,'1197675',2137,,10405,36,,,0
10029,'1197822',1737,,10406,36,,,0
10029,'1197831',1737,,10407,36,,,0
10029,'1197885',2037,,10408,36,,,0
10029,'1197887',1607,,10409,36,,,0
10029,'1197892',1237,,10410,36,,,0
10029,'1197908',2237,,10411,36,,,0
10029,'1197916',2307,,10412,36,,,0
10029,'1197980',2412,,10413,36,,,0
10029,'1198080',1637,,10414,36,,,0
10029,'1198150',1637,,10415,36,,,0
10029,'1198170',1137,,10416,36,,,0
10029,'1198181',1807,,10417,36,,,0
10029,'1198232',1537,,10418,36,,,0
10029,'1198314',1937,,10419,36,,,0
10029,'1198351',1237,,10420,36,,,0
10029,'1198466',2107,,10421,36,,,0
10029,'1198481',1437,,10422,36,,,0
10029,'1198536',1237,,10423,36,,,0
10029,'1198550',1637,,10424,36,,,0
10029,'1198565',2337,,10425,36,,,0
10029,'1198676',737,,10426,36,,,0
10029,'1198703',737,,10427,36,,,0
10029,'1198735',1037,,10428,36,,,0
10029,'1198754',1337,,10429,36,,,0
10029,'1198767',1137,,10430,36,,,0
10029,'1198887',907,,10431,36,,,0
10029,'1198905',1437,,10432,36,,,0
10029,'1198933',837,,10433,36,,,0
10029,'1199013',737,,10434,36,,,0
10029,'1199068',1037,,10435,36,,,0
10029,'1199078',1837,,10436,36,,,0
10029,'1199088',2007,,10437,36,,,0
10029,'1199134',1337,,10438,36,,,0
10029,'1199161',2337,,10439,36,,,0
10029,'1199245',1937,,10440,36,,,0
10029,'1199274',937,,10441,36,,,0
10029,'1199375',1507,,10442,36,,,0
10029,'1199396',807,,10443,36,,,0
10029,'1199411',2137,,10444,36,,,0
10029,'1199422',937,,10445,36,,,0
10029,'1199613',937,,10446,36,,,0
10029,'1199633',1537,,10447,36,,,0
