105019,'1196946',942,,12117,100,,,0
105019,'1197049',1855,,12118,100,,,0
105019,'1197077',630,,12119,100,,,0
105019,'1197115',1240,,12120,100,,,0
105019,'1197131',742,,12121,100,,,0
105019,'1197173',1243,,12122,100,,,0
105019,'1197181',1058,,12123,100,,,0
105019,'1197192',2229,,12124,100,,,0
105019,'1197197',1540,,12125,100,,,0
105019,'1197292',1343,,12126,100,,,0
105019,'1197296',1640,,12127,100,,,0
105019,'1197531',1443,,12128,100,,,0
105019,'1197548',1959,,12129,100,,,0
105019,'1197557',1643,,12130,100,,,0
105019,'1197588',858,,12131,100,,,0
105019,'1197596',2129,,12132,100,,,0
105019,'1197617',1543,,12133,100,,,0
105019,'1197633',1258,,12134,100,,,0
105019,'1197710',837,,12135,100,,,0
105019,'1197779',1825,,12136,100,,,0
105019,'1197825',1455,,12137,100,,,0
105019,'1197971',1140,,12138,100,,,0
105019,'1198112',700,,12139,100,,,0
105019,'1198338',1143,,12140,100,,,0
105019,'1198380',2258,,12141,100,,,0
105019,'1198385',1755,,12142,100,,,0
105019,'1198553',1355,,12143,100,,,0
105019,'1198560',2058,,12144,100,,,0
105019,'1198571',1658,,12145,100,,,0
105019,'1198621',807,,12146,100,,,0
105019,'1198667',1037,,12147,100,,,0
105019,'1198717',1610,,12148,100,,,0
105019,'1198741',937,,12149,100,,,0
105019,'1198746',1925,,12150,100,,,0
105019,'1198889',730,,12151,100,,,0
105019,'1199004',1458,,12152,100,,,0
105019,'1199054',1710,,12153,100,,,0
105019,'1199098',907,,12154,100,,,0
105019,'1199298',2429,,12155,100,,,0
105019,'1199347',2342,,12156,100,,,0
105019,'1199383',2329,,12157,100,,,0
105019,'1199400',1743,,12158,100,,,0
105019,'1199461',1858,,12159,100,,,0
105019,'1199511',1843,,12160,100,,,0
105019,'1199546',2142,,12161,100,,,0
105019,'1199574',1943,,12162,100,,,0
106029,'1196836',1627,,12215,31,,,0
106029,'1196851',1742,,12216,31,,,0
106029,'1197042',1025,,12217,31,,,0
106029,'1197408',1857,,12218,31,,,0
106029,'1198086',755,,12219,31,,,0
106029,'1198615',910,,12220,31,,,0
