105029,'1196840',2303,,12163,20,,,0
105029,'1196987',1018,,12164,20,,,0
105029,'1196996',1649,,12165,20,,,0
105029,'1197020',1533,,12166,20,,,0
105029,'1197097',1749,,12167,20,,,0
105029,'1197137',2016,,12168,20,,,0
105029,'1197220',2003,,12169,20,,,0
105029,'1197228',1504,,12170,20,,,0
105029,'1197231',733,,12171,20,,,0
105029,'1197439',1133,,12172,20,,,0
105029,'1197501',1933,,12173,20,,,0
105029,'1197522',2133,,12174,20,,,0
105029,'1197561',1004,,12175,20,,,0
105029,'1197638',933,,12176,20,,,0
105029,'1197840',2103,,12177,20,,,0
105029,'1197853',2203,,12178,20,,,0
105029,'1197918',1833,,12179,20,,,0
105029,'1197968',2333,,12180,20,,,0
105029,'1198013',1333,,12181,20,,,0
105029,'1198037',1104,,12182,20,,,0
105029,'1198064',1818,,12183,20,,,0
105029,'1198187',1218,,12184,20,,,0
105029,'1198214',1733,,12185,20,,,0
105029,'1198417',1318,,12186,20,,,0
105029,'1198447',1719,,12187,20,,,0
105029,'1198529',1518,,12188,20,,,0
105029,'1198616',703,,12189,20,,,0
105029,'1198625',1619,,12190,20,,,0
105029,'1198711',1319,,12191,20,,,0
105029,'1198718',1534,,12192,20,,,0
105029,'1198725',1718,,12193,20,,,0
105029,'1198779',816,,12194,20,,,0
105029,'1198918',1418,,12195,20,,,0
105029,'1198922',2408,,12196,20,,,0
105029,'1198923',633,,12197,20,,,0
105029,'1199012',616,,12198,20,,,0
105029,'1199037',1404,,12199,20,,,0
105029,'1199107',1434,,12200,20,,,0
105029,'1199124',2416,,12201,20,,,0
105029,'1199144',1219,,12202,20,,,0
105029,'1199148',733,,12203,20,,,0
105029,'1199220',1118,,12204,20,,,0
105029,'1199470',2216,,12205,20,,,0
105029,'1199473',903,,12206,20,,,0
105029,'1199604',803,,12207,20,,,0
105029,'1199607',1618,,12208,20,,,0
106019,'1196832',947,,12209,20,,,0
106019,'1196841',717,,12210,20,,,0
106019,'1197348',832,,12211,20,,,0
106019,'1197389',1818,,12212,20,,,0
106019,'1197951',1548,,12213,20,,,0
106019,'1198120',1703,,12214,20,,,0
