14019,'1196890',1831,,10916,38,,,0
14019,'1196970',2101,,10917,38,,,0
14019,'1196984',1358,,10918,38,,,0
14019,'1197073',2201,,10919,38,,,0
14019,'1197090',758,,10920,38,,,0
14019,'1197106',1733,,10921,38,,,0
14019,'1197152',1603,,10922,38,,,0
14019,'1197163',1702,,10923,38,,,0
14019,'1197189',1958,,10924,38,,,0
14019,'1197473',1001,,10925,38,,,0
14019,'1197576',1158,,10926,38,,,0
14019,'1197578',1858,,10927,38,,,0
14019,'1197606',858,,10928,38,,,0
14019,'1197719',1602,,10929,38,,,0
14019,'1197768',1703,,10930,38,,,0
14019,'1197774',1302,,10931,38,,,0
14019,'1197807',701,,10932,38,,,0
14019,'1197857',1258,,10933,38,,,0
14019,'1197872',801,,10934,38,,,0
14019,'1197899',2331,,10935,38,,,0
14019,'1197912',1658,,10936,38,,,0
14019,'1197929',1402,,10937,38,,,0
14019,'1197946',2001,,10938,38,,,0
14019,'1198043',2401,,10939,38,,,0
14019,'1198056',1931,,10940,38,,,0
14019,'1198057',701,,10941,38,,,0
14019,'1198062',1558,,10942,38,,,0
14019,'1198118',2031,,10943,38,,,0
14019,'1198151',1458,,10944,38,,,0
14019,'1198161',1503,,10945,38,,,0
14019,'1198262',1502,,10946,38,,,0
14019,'1198285',2301,,10947,38,,,0
14019,'1198312',1001,,10948,38,,,0
14019,'1198386',1901,,10949,38,,,0
14019,'1198412',1203,,10950,38,,,0
14019,'1198436',901,,10951,38,,,0
14019,'1198460',1103,,10952,38,,,0
14019,'1198507',901,,10953,38,,,0
14019,'1198513',1303,,10954,38,,,0
14019,'1198539',1101,,10955,38,,,0
14019,'1198751',2058,,10956,38,,,0
14019,'1198810',2358,,10957,38,,,0
14019,'1198859',1533,,10958,38,,,0
14019,'1198869',931,,10959,38,,,0
14019,'1198890',2158,,10960,38,,,0
14019,'1199036',731,,10961,38,,,0
14019,'1199048',801,,10962,38,,,0
14019,'1199075',831,,10963,38,,,0
14019,'1199084',1058,,10964,38,,,0
14019,'1199131',2131,,10965,38,,,0
14019,'1199280',2258,,10966,38,,,0
14019,'1199286',958,,10967,38,,,0
14019,'1199393',1403,,10968,38,,,0
14019,'1199441',1633,,10969,38,,,0
14019,'1199444',1802,,10970,38,,,0
14019,'1199523',1758,,10971,38,,,0
14019,'1199538',1803,,10972,38,,,0
14019,'1199568',2231,,10973,38,,,0
14019,'1199582',1202,,10974,38,,,0
