20019,'1196861',1643,,11034,11,,,0
20019,'1196920',2213,,11035,11,,,0
20019,'1196950',743,,11036,11,,,0
20019,'1196955',643,,11037,11,,,0
20019,'1197117',2013,,11038,11,,,0
20019,'1197128',2113,,11039,11,,,0
20019,'1197129',1543,,11040,11,,,0
20019,'1197174',1513,,11041,11,,,0
20019,'1197187',1537,,11042,11,,,0
20019,'1197300',2237,,11043,11,,,0
20019,'1197337',1937,,11044,11,,,0
20019,'1197360',2137,,11045,11,,,0
20019,'1197373',1243,,11046,11,,,0
20019,'1197429',1737,,11047,11,,,0
20019,'1197469',937,,11048,11,,,0
20019,'1197560',1037,,11049,11,,,0
20019,'1197585',642,,11050,11,,,0
20019,'1197629',1413,,11051,11,,,0
20019,'1197637',2143,,11052,11,,,0
20019,'1197672',1337,,11053,11,,,0
20019,'1197681',1043,,11054,11,,,0
20019,'1197724',1437,,11055,11,,,0
20019,'1197914',1237,,11056,11,,,0
20019,'1197984',1743,,11057,11,,,0
20019,'1197986',1343,,11058,11,,,0
20019,'1198036',1813,,11059,11,,,0
20019,'1198083',2413,,11060,11,,,0
20019,'1198114',943,,11061,11,,,0
20019,'1198133',1113,,11062,11,,,0
20019,'1198141',2043,,11063,11,,,0
20019,'1198152',1313,,11064,11,,,0
20019,'1198178',743,,11065,11,,,0
20019,'1198183',2243,,11066,11,,,0
20019,'1198191',612,,11067,11,,,0
20019,'1198203',2337,,11068,11,,,0
20019,'1198236',737,,11069,11,,,0
20019,'1198244',1943,,11070,11,,,0
20019,'1198268',2037,,11071,11,,,0
20019,'1198364',2313,,11072,11,,,0
20019,'1198377',1613,,11073,11,,,0
20019,'1198420',1713,,11074,11,,,0
20019,'1198431',913,,11075,11,,,0
20019,'1198465',1843,,11076,11,,,0
20019,'1198477',1837,,11077,11,,,0
20019,'1198580',713,,11078,11,,,0
20019,'1198586',813,,11079,11,,,0
20019,'1198656',843,,11080,11,,,0
20019,'1198669',1013,,11081,11,,,0
20019,'1198702',1743,,11082,11,,,0
20019,'1198708',1443,,11083,11,,,0
20019,'1198826',1643,,11084,11,,,0
20019,'1198871',1137,,11085,11,,,0
20019,'1198943',1913,,11086,11,,,0
20019,'1199137',2342,,11087,11,,,0
20019,'1199386',837,,11088,11,,,0
20019,'1199428',1213,,11089,11,,,0
20019,'1199534',1637,,11090,11,,,0
20019,'1199553',1143,,11091,11,,,0
