13019,'1196852',1328,,10793,20,,,0
13019,'1196856',1726,,10794,20,,,0
13019,'1196999',926,,10796,20,,,0
13019,'1197035',626,,10797,20,,,0
13019,'1197132',1458,,10798,20,,,0
13019,'1197251',1558,,10799,20,,,0
13019,'1197279',727,,10800,20,,,0
13019,'1197353',2256,,10801,20,,,0
13019,'1197357',1827,,10802,20,,,0
13019,'1197451',2226,,10803,20,,,0
13019,'1197487',826,,10804,20,,,0
13019,'1197555',1628,,10805,20,,,0
13019,'1197570',927,,10806,20,,,0
13019,'1197575',1627,,10807,20,,,0
13019,'1197641',2027,,10808,20,,,0
13019,'1197645',1658,,10809,20,,,0
13019,'1197648',656,,10810,20,,,0
13019,'1197690',1626,,10811,20,,,0
13019,'1197692',1728,,10812,20,,,0
13019,'1197730',1428,,10813,20,,,0
13019,'1197762',2401,,10814,20,,,0
13019,'1197803',726,,10815,20,,,0
13019,'1197834',1226,,10816,20,,,0
13019,'1197854',2026,,10817,20,,,0
13019,'1197962',1326,,10818,20,,,0
13019,'1197975',1028,,10819,20,,,0
13019,'1198041',1126,,10820,20,,,0
13019,'1198094',1756,,10821,20,,,0
13019,'1198160',826,,10822,20,,,0
13019,'1198201',1227,,10823,20,,,0
13019,'1198243',1826,,10824,20,,,0
13019,'1198290',2156,,10825,20,,,0
13019,'1198352',726,,10826,20,,,0
13019,'1198355',1856,,10827,20,,,0
13019,'1198382',756,,10828,20,,,0
13019,'1198402',2227,,10829,20,,,0
13019,'1198552',2127,,10830,20,,,0
13019,'1198554',1926,,10831,20,,,0
13019,'1198602',1127,,10832,20,,,0
13019,'1198611',1956,,10833,20,,,0
13019,'1198630',1528,,10834,20,,,0
13019,'1198675',1228,,10835,20,,,0
13019,'1198716',1026,,10837,20,,,0
13019,'1198729',956,,10838,20,,,0
13019,'1198761',1327,,10839,20,,,0
13019,'1198778',926,,10840,20,,,0
13019,'1198837',2327,,10841,20,,,0
13019,'1198874',1128,,10842,20,,,0
13019,'1198888',856,,10843,20,,,0
13019,'1199044',827,,10844,20,,,0
13019,'1199123',1027,,10845,20,,,0
13019,'1199151',1427,,10846,20,,,0
13019,'1199233',1426,,10847,20,,,0
13019,'1199276',1526,,10848,20,,,0
13019,'1199284',2056,,10849,20,,,0
13019,'1199418',1927,,10850,20,,,0
13019,'1199448',1727,,10851,20,,,0
13019,'1199536',2126,,10852,20,,,0
13019,'1199588',2326,,10853,20,,,0
13019,'1199631',1527,,10854,20,,,0
