105019,'1196946',900,,12117,31,,,0
105019,'1197049',1808,,12118,31,,,0
105019,'1197077',547,,12119,31,,,0
105019,'1197115',1153,,12120,31,,,0
105019,'1197131',700,,12121,31,,,0
105019,'1197173',1202,,12122,31,,,0
105019,'1197181',1020,,12123,31,,,0
105019,'1197192',2147,,12124,31,,,0
105019,'1197197',1453,,12125,31,,,0
105019,'1197292',1302,,12126,31,,,0
105019,'1197296',1553,,12127,31,,,0
105019,'1197531',1402,,12128,31,,,0
105019,'1197548',1917,,12129,31,,,0
105019,'1197557',1602,,12130,31,,,0
105019,'1197588',820,,12131,31,,,0
105019,'1197596',2047,,12132,31,,,0
105019,'1197617',1502,,12133,31,,,0
105019,'1197633',1220,,12134,31,,,0
105019,'1197710',750,,12135,31,,,0
105019,'1197779',1738,,12136,31,,,0
105019,'1197825',1408,,12137,31,,,0
105019,'1197971',1053,,12138,31,,,0
105019,'1198112',617,,12139,31,,,0
105019,'1198338',1102,,12140,31,,,0
105019,'1198380',2220,,12141,31,,,0
105019,'1198385',1708,,12142,31,,,0
105019,'1198553',1308,,12143,31,,,0
105019,'1198560',2020,,12144,31,,,0
105019,'1198571',1620,,12145,31,,,0
105019,'1198621',720,,12146,31,,,0
105019,'1198667',950,,12147,31,,,0
105019,'1198717',1523,,12148,31,,,0
105019,'1198741',850,,12149,31,,,0
105019,'1198746',1838,,12150,31,,,0
105019,'1198889',647,,12151,31,,,0
105019,'1199004',1420,,12152,31,,,0
105019,'1199054',1623,,12153,31,,,0
105019,'1199098',820,,12154,31,,,0
105019,'1199298',2347,,12155,31,,,0
105019,'1199347',2300,,12156,31,,,0
105019,'1199383',2247,,12157,31,,,0
105019,'1199400',1702,,12158,31,,,0
105019,'1199461',1820,,12159,31,,,0
105019,'1199511',1802,,12160,31,,,0
105019,'1199546',2100,,12161,31,,,0
105019,'1199574',1902,,12162,31,,,0
