104019,'1196891',2336,,12027,22,,,0
104019,'1197169',2412,,12028,22,,,0
104019,'1197256',1341,,12029,22,,,0
104019,'1197286',2136,,12030,22,,,0
104019,'1197298',1211,,12031,22,,,0
104019,'1197387',2237,,12032,22,,,0
104019,'1197452',2007,,12033,22,,,0
104019,'1197544',922,,12034,22,,,0
104019,'1197547',1237,,12035,22,,,0
104019,'1197640',1536,,12036,22,,,0
104019,'1197714',1807,,12037,22,,,0
104019,'1197725',2107,,12038,22,,,0
104019,'1197761',736,,12039,22,,,0
104019,'1197801',1007,,12040,22,,,0
104019,'1197820',807,,12042,22,,,0
104019,'1197873',622,,12043,22,,,0
104019,'1197937',1507,,12044,22,,,0
104019,'1198060',1736,,12045,22,,,0
104019,'1198073',2352,,12046,22,,,0
104019,'1198077',2237,,12047,22,,,0
104019,'1198194',1126,,12048,22,,,0
104019,'1198253',1136,,12049,22,,,0
104019,'1198313',1511,,12050,22,,,0
104019,'1198322',1622,,12051,22,,,0
104019,'1198353',1256,,12052,22,,,0
104019,'1198411',936,,12053,22,,,0
104019,'1198567',1737,,12055,22,,,0
104019,'1198664',852,,12056,22,,,0
104019,'1198683',1352,,12057,22,,,0
104019,'1198738',1937,,12058,22,,,0
104019,'1198750',1936,,12059,22,,,0
104019,'1198780',852,,12060,22,,,0
104019,'1198913',1426,,12061,22,,,0
104019,'1198958',652,,12062,22,,,0
104019,'1199185',737,,12064,22,,,0
104019,'1199190',1122,,12065,22,,,0
104019,'1199331',1336,,12066,22,,,0
104019,'1199407',1852,,12067,22,,,0
104019,'1199459',1722,,12068,22,,,0
104019,'1199490',1641,,12069,22,,,0
104019,'1199539',1007,,12070,22,,,0
104019,'1199564',737,,12071,22,,,0
104019,'1199583',1556,,12072,22,,,0
104019,'1199617',2122,,12073,22,,,0
