3019,'1196834',1806,,10159,10,,,0
3019,'1196848',2106,,10160,10,,,0
3019,'1196854',706,,10161,10,,,0
3019,'1196968',1222,,10162,10,,,0
3019,'1196971',2006,,10163,10,,,0
3019,'1197069',706,,10164,10,,,0
3019,'1197076',2136,,10165,10,,,0
3019,'1197107',1236,,10166,10,,,0
3019,'1197120',2406,,10167,10,,,0
3019,'1197318',2206,,10168,10,,,0
3019,'1197369',2322,,10169,10,,,0
3019,'1197372',2222,,10170,10,,,0
3019,'1197378',906,,10171,10,,,0
3019,'1197462',906,,10172,10,,,0
3019,'1197478',1606,,10173,10,,,0
3019,'1197537',922,,10174,10,,,0
3019,'1197572',1336,,10175,10,,,0
3019,'1197590',836,,10176,10,,,0
3019,'1197618',1706,,10177,10,,,0
3019,'1197731',2006,,10179,10,,,0
3019,'1197748',1006,,10180,10,,,0
3019,'1197755',1036,,10181,10,,,0
3019,'1197810',1436,,10182,10,,,0
3019,'1197819',1906,,10183,10,,,0
3019,'1197850',1536,,10184,10,,,0
3019,'1197851',936,,10185,10,,,0
3019,'1197897',1106,,10186,10,,,0
3019,'1197923',1206,,10187,10,,,0
3019,'1197941',1506,,10188,10,,,0
3019,'1198025',1606,,10189,10,,,0
3019,'1198093',1836,,10190,10,,,0
3019,'1198098',1136,,10191,10,,,0
3019,'1198111',1006,,10192,10,,,0
3019,'1198119',1522,,10193,10,,,0
3019,'1198124',1406,,10194,10,,,0
3019,'1198153',1906,,10195,10,,,0
3019,'1198229',1506,,10196,10,,,0
3019,'1198237',1636,,10197,10,,,0
3019,'1198265',2106,,10198,10,,,0
3019,'1198278',1936,,10199,10,,,0
3019,'1198430',1622,,10200,10,,,0
3019,'1198432',1806,,10201,10,,,0
3019,'1198501',1706,,10202,10,,,0
3019,'1198514',636,,10203,10,,,0
3019,'1198654',1722,,10204,10,,,0
3019,'1198677',822,,10205,10,,,0
3019,'1198680',806,,10206,10,,,0
3019,'1198689',2356,,10207,10,,,0
3019,'1198691',1736,,10208,10,,,0
3019,'1198742',2206,,10209,10,,,0
3019,'1198777',1406,,10210,10,,,0
3019,'1198788',722,,10211,10,,,0
3019,'1198845',1022,,10212,10,,,0
3019,'1198989',2122,,10213,10,,,0
3019,'1198991',1822,,10214,10,,,0
3019,'1199009',1322,,10215,10,,,0
3019,'1199035',1206,,10216,10,,,0
3019,'1199052',2022,,10217,10,,,0
3019,'1199066',1122,,10218,10,,,0
3019,'1199133',1306,,10219,10,,,0
3019,'1199262',2306,,10220,10,,,0
3019,'1199277',736,,10221,10,,,0
3019,'1199346',1306,,10222,10,,,0
3019,'1199408',2036,,10223,10,,,0
3019,'1199412',1422,,10224,10,,,0
3019,'1199440',2306,,10225,10,,,0
3019,'1199509',806,,10226,10,,,0
3019,'1199600',1922,,10228,10,,,0
3019,'1199612',1106,,10229,10,,,0
