105029,'1196840',2310,,12163,37,,,0
105029,'1196987',1025,,12164,37,,,0
105029,'1196996',1656,,12165,37,,,0
105029,'1197020',1541,,12166,37,,,0
105029,'1197097',1756,,12167,37,,,0
105029,'1197137',2023,,12168,37,,,0
105029,'1197220',2010,,12169,37,,,0
105029,'1197228',1511,,12170,37,,,0
105029,'1197231',740,,12171,37,,,0
105029,'1197439',1141,,12172,37,,,0
105029,'1197501',1941,,12173,37,,,0
105029,'1197522',2141,,12174,37,,,0
105029,'1197561',1011,,12175,37,,,0
105029,'1197638',941,,12176,37,,,0
105029,'1197840',2110,,12177,37,,,0
105029,'1197853',2210,,12178,37,,,0
105029,'1197918',1840,,12179,37,,,0
105029,'1197968',2341,,12180,37,,,0
105029,'1198013',1341,,12181,37,,,0
105029,'1198037',1111,,12182,37,,,0
105029,'1198064',1825,,12183,37,,,0
105029,'1198187',1225,,12184,37,,,0
105029,'1198214',1741,,12185,37,,,0
105029,'1198417',1325,,12186,37,,,0
105029,'1198447',1726,,12187,37,,,0
105029,'1198529',1525,,12188,37,,,0
105029,'1198616',710,,12189,37,,,0
105029,'1198625',1626,,12190,37,,,0
105029,'1198711',1326,,12191,37,,,0
105029,'1198718',1541,,12192,37,,,0
105029,'1198725',1725,,12193,37,,,0
105029,'1198779',823,,12194,37,,,0
105029,'1198918',1425,,12195,37,,,0
105029,'1198922',2415,,12196,37,,,0
105029,'1198923',640,,12197,37,,,0
105029,'1199012',623,,12198,37,,,0
105029,'1199037',1411,,12199,37,,,0
105029,'1199107',1441,,12200,37,,,0
105029,'1199124',2423,,12201,37,,,0
105029,'1199144',1226,,12202,37,,,0
105029,'1199148',741,,12203,37,,,0
105029,'1199220',1125,,12204,37,,,0
105029,'1199470',2223,,12205,37,,,0
105029,'1199473',910,,12206,37,,,0
105029,'1199604',810,,12207,37,,,0
105029,'1199607',1625,,12208,37,,,0
