11029,'1196876',1449,,10548,10,,,0
11029,'1196884',1249,,10549,14,,,0
11029,'1196914',1132,,10550,14,,,0
11029,'1196958',752,,10551,14,,,0
11029,'1197000',1249,,10552,10,,,0
11029,'1197070',1849,,10553,10,,,0
11029,'1197071',1831,,10554,14,,,0
11029,'1197114',917,,10555,14,,,0
11029,'1197185',2249,,10556,10,,,0
11029,'1197191',1449,,10557,14,,,0
11029,'1197229',1404,,10558,14,,,0
11029,'1197234',1703,,10559,14,,,0
11029,'1197264',1734,,10560,14,,,0
11029,'1197274',932,,10561,14,,,0
11029,'1197327',1333,,10562,14,,,0
11029,'1197343',732,,10563,14,,,0
11029,'1197351',1549,,10564,10,,,0
11029,'1197398',1819,,10565,14,,,0
11029,'1197412',2301,,10566,14,,,0
11029,'1197422',1634,,10567,14,,,0
11029,'1197446',2349,,10568,10,,,0
11029,'1197463',702,,10569,14,,,0
11029,'1197502',617,,10570,14,,,0
11029,'1197519',747,,10571,14,,,0
11029,'1197564',2252,,10572,14,,,0
11029,'1197573',1349,,10573,10,,,0
11029,'1197695',1102,,10574,14,,,0
11029,'1197696',802,,10575,14,,,0
11029,'1197753',849,,10576,10,,,0
11029,'1197763',1519,,10577,14,,,0
11029,'1197795',2031,,10578,14,,,0
11029,'1197832',1619,,10579,14,,,0
11029,'1197875',2418,,10580,14,,,0
11029,'1197917',2352,,10581,14,,,0
11029,'1197925',1117,,10582,14,,,0
11029,'1197934',1533,,10583,14,,,0
11029,'1197978',1901,,10584,14,,,0
11029,'1197990',1433,,10585,14,,,0
11029,'1198012',847,,10586,14,,,0
11029,'1198053',952,,10587,14,,,0
11029,'1198076',2001,,10588,14,,,0
11029,'1198113',2101,,10589,14,,,0
11029,'1198146',2231,,10590,14,,,0
11029,'1198266',1952,,10591,14,,,0
11029,'1198296',1649,,10592,10,,,0
11029,'1198337',902,,10593,14,,,0
11029,'1198341',1152,,10594,14,,,0
11029,'1198362',2149,,10595,10,,,0
11029,'1198405',1852,,10596,14,,,0
11029,'1198419',1504,,10597,14,,,0
11029,'1198470',1304,,10598,14,,,0
11029,'1198493',1804,,10599,14,,,0
11029,'1198506',1052,,10600,14,,,0
11029,'1198543',1017,,10601,14,,,0
11029,'1198548',1604,,10602,14,,,0
11029,'1198573',1147,,10603,14,,,0
11029,'1198590',1949,,10604,10,,,0
11029,'1198610',1549,,10605,14,,,0
11029,'1198623',652,,10606,14,,,0
11029,'1198660',1303,,10607,14,,,0
11029,'1198662',1749,,10608,10,,,0
11029,'1198696',1434,,10609,14,,,0
11029,'1198771',1503,,10610,14,,,0
11029,'1198808',947,,10611,14,,,0
11029,'1198843',2049,,10612,10,,,0
11029,'1198927',1047,,10613,14,,,0
11029,'1198951',1719,,10614,14,,,0
11029,'1198978',1931,,10615,14,,,0
11029,'1199022',1232,,10616,14,,,0
11029,'1199024',2152,,10617,14,,,0
11029,'1199026',2201,,10618,14,,,0
11029,'1199059',1603,,10619,14,,,0
11029,'1199060',1349,,10620,14,,,0
11029,'1199064',1803,,10621,14,,,0
11029,'1199091',749,,10622,10,,,0
11029,'1199100',2131,,10623,14,,,0
11029,'1199118',1704,,10624,14,,,0
11029,'1199132',647,,10625,14,,,0
11029,'1199143',1733,,10626,14,,,0
11029,'1199154',1419,,10627,14,,,0
11029,'1199177',1649,,10628,14,,,0
11029,'1199180',2052,,10629,14,,,0
11029,'1199214',717,,10630,14,,,0
11029,'1199225',1534,,10631,14,,,0
11029,'1199227',1149,,10632,10,,,0
11029,'1199229',1403,,10633,14,,,0
11029,'1199253',949,,10634,10,,,0
11029,'1199301',2328,,10635,14,,,0
11029,'1199306',1049,,10636,10,,,0
11029,'1199370',1749,,10637,14,,,0
11029,'1199376',832,,10638,14,,,0
11029,'1199394',852,,10639,14,,,0
11029,'1199403',817,,10640,14,,,0
11029,'1199410',1202,,10641,14,,,0
11029,'1199462',2358,,10642,14,,,0
11029,'1199476',1002,,10643,14,,,0
11029,'1199496',1319,,10644,14,,,0
11029,'1199508',1217,,10645,14,,,0
11029,'1199591',1633,,10646,14,,,0
11029,'1199603',1234,,10647,14,,,0
11029,'1199619',1032,,10648,14,,,0
11029,'1199623',1334,,10649,14,,,0
140001019,'1196866',813,,12221,10,,,0
140001019,'1196880',2212,,12222,10,,,0
140001019,'1196896',1028,,12223,10,,,0
140001019,'1196898',2143,,12224,10,,,0
140001019,'1196900',1928,,12225,10,,,0
140001019,'1196905',1900,,12226,10,,,0
140001019,'1196939',2313,,12227,10,,,0
140001019,'1196943',1328,,12228,10,,,0
140001019,'1196945',2338,,12229,10,,,0
140001019,'1196967',643,,12230,10,,,0
140001019,'1197008',1400,,12231,10,,,0
140001019,'1197072',1419,,12232,10,,,0
140001019,'1197075',1543,,12233,10,,,0
140001019,'1197086',1843,,12234,10,,,0
140001019,'1197088',2043,,12235,10,,,0
140001019,'1197102',658,,12236,10,,,0
140001019,'1197146',1558,,12237,10,,,0
140001019,'1197212',1313,,12238,10,,,0
140001019,'1197216',928,,12239,10,,,0
140001019,'1197238',1158,,12240,10,,,0
140001019,'1197266',1458,,12241,10,,,0
140001019,'1197267',1628,,12242,10,,,0
140001019,'1197281',1634,,12243,10,,,0
140001019,'1197287',943,,12244,10,,,0
140001019,'1197324',1604,,12245,10,,,0
140001019,'1197328',1013,,12246,10,,,0
140001019,'1197350',1043,,12247,10,,,0
140001019,'1197407',1413,,12248,10,,,0
140001019,'1197438',1728,,12249,10,,,0
140001019,'1197459',958,,12250,10,,,0
140001019,'1197465',1128,,12251,10,,,0
140001019,'1197470',1743,,12252,10,,,0
140001019,'1197474',1013,,12253,10,,,0
140001019,'1197516',1434,,12254,10,,,0
140001019,'1197563',1828,,12255,10,,,0
140001019,'1197567',1943,,12256,10,,,0
140001019,'1197593',1228,,12257,10,,,0
140001019,'1197607',1649,,12258,10,,,0
140001019,'1197613',1749,,12259,10,,,0
140001019,'1197621',1759,,12260,10,,,0
140001019,'1197622',2028,,12261,10,,,0
140001019,'1197646',1213,,12262,10,,,0
140001019,'1197676',1143,,12263,10,,,0
140001019,'1197685',1028,,12264,10,,,0
140001019,'1197688',1313,,12265,10,,,0
140001019,'1197689',1428,,12266,10,,,0
140001019,'1197693',1734,,12267,10,,,0
140001019,'1197729',1958,,12268,10,,,0
140001019,'1197734',1600,,12269,10,,,0
140001019,'1197741',1328,,12270,10,,,0
140001019,'1197745',1213,,12271,10,,,0
140001019,'1197767',1113,,12272,10,,,0
140001019,'1197797',2013,,12273,10,,,0
140001019,'1197802',858,,12274,10,,,0
140001019,'1197830',913,,12275,10,,,0
140001019,'1197894',1813,,12276,10,,,0
140001019,'1197944',1100,,12277,10,,,0
140001019,'1197964',1258,,12278,10,,,0
140001019,'1197966',1043,,12279,10,,,0
140001019,'1197987',1619,,12280,10,,,0
140001019,'1197988',743,,12281,10,,,0
140001019,'1198009',2058,,12282,10,,,0
140001019,'1198027',2300,,12283,10,,,0
140001019,'1198035',828,,12284,10,,,0
140001019,'1198147',2100,,12285,10,,,0
140001019,'1198155',1158,,12286,10,,,0
140001019,'1198177',2043,,12287,10,,,0
140001019,'1198195',1258,,12288,10,,,0
140001019,'1198235',1658,,12289,10,,,0
140001019,'1198264',1300,,12290,10,,,0
140001019,'1198294',1358,,12291,10,,,0
140001019,'1198302',2013,,12292,10,,,0
140001019,'1198324',1758,,12293,10,,,0
140001019,'1198349',728,,12294,10,,,0
140001019,'1198356',1713,,12295,10,,,0
140001019,'1198378',713,,12296,10,,,0
140001019,'1198384',1128,,12297,10,,,0
140001019,'1198418',1913,,12298,10,,,0
140001019,'1198429',1858,,12299,10,,,0
140001019,'1198452',1800,,12300,10,,,0
140001019,'1198461',843,,12301,10,,,0
140001019,'1198463',1828,,12302,10,,,0
140001019,'1198487',1843,,12303,10,,,0
140001019,'1198515',1228,,12304,10,,,0
140001019,'1198535',1704,,12305,10,,,0
140001019,'1198541',1058,,12306,10,,,0
140001019,'1198549',643,,12307,10,,,0
140001019,'1198579',1643,,12308,10,,,0
140001019,'1198595',2113,,12309,10,,,0
140001019,'1198601',1613,,12310,10,,,0
140001019,'1198665',2312,,12311,10,,,0
140001019,'1198666',800,,12312,10,,,0
140001019,'1198714',1449,,12313,10,,,0
140001019,'1198763',2413,,12314,10,,,0
140001019,'1198766',1000,,12315,10,,,0
140001019,'1198781',1813,,12316,10,,,0
140001019,'1198791',1513,,12317,10,,,0
140001019,'1198797',813,,12318,10,,,0
140001019,'1198813',1500,,12319,10,,,0
140001019,'1198814',2400,,12320,10,,,0
140001019,'1198835',1343,,12321,10,,,0
140001019,'1198872',843,,12322,10,,,0
140001019,'1198878',1243,,12323,10,,,0
140001019,'1198900',1504,,12324,10,,,0
140001019,'1198920',2113,,12325,10,,,0
140001019,'1198925',1113,,12326,10,,,0
140001019,'1198926',913,,12327,10,,,0
140001019,'1198932',958,,12328,10,,,0
140001019,'1198964',1719,,12329,10,,,0
140001019,'1198965',1358,,12330,10,,,0
140001019,'1198980',1534,,12331,10,,,0
140001019,'1199018',2412,,12332,10,,,0
140001019,'1199069',2200,,12333,10,,,0
140001019,'1199136',1243,,12334,10,,,0
140001019,'1199170',743,,12335,10,,,0
140001019,'1199213',2342,,12336,10,,,0
140001019,'1199235',900,,12337,10,,,0
140001019,'1199268',758,,12338,10,,,0
140001019,'1199282',1058,,12339,10,,,0
140001019,'1199297',1519,,12340,10,,,0
140001019,'1199319',943,,12341,10,,,0
140001019,'1199330',1858,,12342,10,,,0
140001019,'1199354',1943,,12343,10,,,0
140001019,'1199367',2142,,12344,10,,,0
140001019,'1199377',1200,,12345,10,,,0
140001019,'1199402',1700,,12346,10,,,0
140001019,'1199414',1443,,12347,10,,,0
140001019,'1199449',1143,,12348,10,,,0
140001019,'1199458',1343,,12349,10,,,0
140001019,'1199468',2242,,12350,10,,,0
140001019,'1199492',1549,,12351,10,,,0
140001019,'1199516',2213,,12352,10,,,0
140001019,'1199563',2243,,12353,10,,,0
140001019,'1199606',1528,,12354,10,,,0
140001019,'1199624',1913,,12355,10,,,0
140001019,'1199632',713,,12356,10,,,0
140001019,'1199638',2000,,12357,10,,,0
