3029,'1196871',649,,10230,23,,,0
3029,'1196875',2359,,10231,23,,,0
3029,'1196902',1550,,10232,23,,,0
3029,'1196918',1150,,10233,23,,,0
3029,'1196929',759,,10234,23,,,0
3029,'1197004',2148,,10235,23,,,0
3029,'1197012',1450,,10236,23,,,0
3029,'1197066',1859,,10237,23,,,0
3029,'1197101',1320,,10238,23,,,0
3029,'1197253',1559,,10239,23,,,0
3029,'1197290',819,,10240,23,,,0
3029,'1197380',2159,,10241,23,,,0
3029,'1197402',1620,,10242,23,,,0
3029,'1197413',2048,,10243,23,,,0
3029,'1197417',1059,,10244,23,,,0
3029,'1197427',2217,,10245,23,,,0
3029,'1197507',2348,,10246,23,,,0
3029,'1197510',1820,,10247,23,,,0
3029,'1197558',1019,,10248,23,,,0
3029,'1197601',949,,10249,23,,,0
3029,'1197654',1159,,10250,23,,,0
3029,'1197697',1220,,10251,23,,,0
3029,'1197823',1250,,10252,23,,,0
3029,'1197828',1420,,10253,23,,,0
3029,'1197856',1650,,10254,23,,,0
3029,'1197870',1350,,10255,23,,,0
3029,'1197895',2117,,10256,23,,,0
3029,'1197903',1948,,10257,23,,,0
3029,'1197920',1259,,10258,23,,,0
3029,'1197958',2248,,10259,23,,,0
3029,'1197998',2147,,10260,23,,,0
3029,'1198039',1659,,10261,23,,,0
3029,'1198070',1750,,10262,23,,,0
3029,'1198115',959,,10263,23,,,0
3029,'1198165',1759,,10264,23,,,0
3029,'1198246',1550,,10265,23,,,0
3029,'1198281',1750,,10266,23,,,0
3029,'1198295',748,,10267,23,,,0
3029,'1198310',2247,,10268,23,,,0
3029,'1198321',1049,,10269,23,,,0
3029,'1198363',1250,,10270,23,,,0
3029,'1198395',749,,10271,23,,,0
3029,'1198434',1520,,10272,23,,,0
3029,'1198445',1150,,10273,23,,,0
3029,'1198462',2047,,10274,23,,,0
3029,'1198484',2259,,10275,23,,,0
3029,'1198500',1720,,10276,23,,,0
3029,'1198518',948,,10277,23,,,0
3029,'1198562',1359,,10278,23,,,0
3029,'1198577',1450,,10279,23,,,0
3029,'1198614',648,,10280,23,,,0
3029,'1198734',1847,,10281,23,,,0
3029,'1198836',849,,10282,23,,,0
3029,'1198936',1459,,10283,23,,,0
3029,'1198983',2059,,10284,23,,,0
3029,'1199061',848,,10285,23,,,0
3029,'1199094',1947,,10286,23,,,0
3029,'1199112',2343,,10287,23,,,0
3029,'1199231',1959,,10288,23,,,0
3029,'1199421',1650,,10289,23,,,0
3029,'1199431',1048,,10290,23,,,0
3029,'1199453',1848,,10291,23,,,0
3029,'1199460',1350,,10292,23,,,0
3029,'1199521',919,,10293,23,,,0
3029,'1199533',1917,,10294,23,,,0
3029,'1199547',719,,10295,23,,,0
3029,'1199601',1119,,10296,23,,,0
3029,'1199629',859,,10297,23,,,0
3029,'1199646',2017,,10298,23,,,0
