27029,'1196843',1906,,11585,9,,,0
27029,'1196859',2106,,11586,9,,,0
27029,'1196865',851,,11587,9,,,0
27029,'1196870',736,,11588,9,,,0
27029,'1196893',1851,,11589,9,,,0
27029,'1196942',1336,,11590,9,,,0
27029,'1196964',1036,,11591,9,,,0
27029,'1197001',951,,11592,9,,,0
27029,'1197057',1236,,11593,9,,,0
27029,'1197063',2251,,11594,9,,,0
27029,'1197118',1051,,11595,9,,,0
27029,'1197126',2306,,11596,9,,,0
27029,'1197166',2206,,11597,9,,,0
27029,'1197167',1936,,11598,9,,,0
27029,'1197214',1436,,11599,9,,,0
27029,'1197280',1136,,11600,9,,,0
27029,'1197364',2151,,11601,9,,,0
27029,'1197383',1351,,11602,9,,,0
27029,'1197443',1836,,11603,9,,,0
27029,'1197521',1636,,11604,9,,,0
27029,'1197550',1336,,11605,9,,,0
27029,'1197552',2036,,11606,9,,,0
27029,'1197559',736,,11607,9,,,0
27029,'1197626',1536,,11608,9,,,0
27029,'1197628',936,,11609,9,,,0
27029,'1197674',1951,,11610,9,,,0
27029,'1197691',1751,,11611,9,,,0
27029,'1197744',2336,,11612,9,,,0
27029,'1197837',1251,,11613,9,,,0
27029,'1198123',2051,,11614,9,,,0
27029,'1198136',1436,,11615,9,,,0
27029,'1198179',636,,11616,9,,,0
27029,'1198240',836,,11617,9,,,0
27029,'1198277',1136,,11618,9,,,0
27029,'1198367',2006,,11619,9,,,0
27029,'1198569',1736,,11620,9,,,0
27029,'1198593',936,,11621,9,,,0
27029,'1198736',636,,11622,9,,,0
27029,'1198833',1636,,11623,9,,,0
27029,'1198915',1236,,11624,9,,,0
27029,'1199039',1651,,11625,9,,,0
27029,'1199051',2136,,11626,9,,,0
27029,'1199087',1736,,11627,9,,,0
27029,'1199141',1151,,11628,9,,,0
27029,'1199160',1536,,11629,9,,,0
27029,'1199187',1836,,11630,9,,,0
27029,'1199254',751,,11631,9,,,0
27029,'1199263',1036,,11632,9,,,0
27029,'1199429',836,,11633,9,,,0
27029,'1199527',1451,,11634,9,,,0
27029,'1199570',2236,,11635,9,,,0
27029,'1199640',1551,,11636,9,,,0
