11019,'1196979',1320,,10448,6,,,0
11019,'1197040',1649,,10449,6,,,0
11019,'1197065',1505,,10450,6,,,0
11019,'1197103',1904,,10451,6,,,0
11019,'1197109',1319,,10452,6,,,0
11019,'1197110',719,,10453,6,,,0
11019,'1197145',2019,,10454,6,,,0
11019,'1197180',1220,,10455,6,,,0
11019,'1197201',934,,10456,6,,,0
11019,'1197211',719,,10457,6,0,5 6,0
11019,'1197221',1620,,10458,6,,,0
11019,'1197227',1205,,10459,6,,,0
11019,'1197254',1535,,10460,6,,,0
11019,'1197259',2319,,10461,6,,,0
11019,'1197278',2334,,10462,6,,,0
11019,'1197283',904,,10463,6,,,0
11019,'1197316',2019,,10464,6,0,5 6,0
11019,'1197320',1819,,10465,6,,,0
11019,'1197325',2234,,10466,6,,,0
11019,'1197329',1019,,10467,6,,,0
11019,'1197333',949,,10468,6,,,0
11019,'1197344',1934,,10469,6,,,0
11019,'1197354',1104,,10470,6,,,0
11019,'1197406',2219,,10471,6,0,5 6,0
11019,'1197447',2004,,10472,6,,,0
11019,'1197477',2104,,10473,6,,,0
11019,'1197495',1519,,10474,6,,,0
11019,'1197504',2034,,10475,6,,,0
11019,'1197634',819,,10476,6,,,0
11019,'1197652',1134,,10477,6,,,0
11019,'1197663',1305,,10478,6,,,0
11019,'1197722',1705,,10479,6,,,0
11019,'1197727',1804,,10480,6,,,0
11019,'1197728',1619,,10481,6,0,5 6,0
11019,'1197785',919,,10482,6,,,0
11019,'1197855',1834,,10483,6,,,0
11019,'1197865',1635,,10484,6,,,0
11019,'1197880',1449,,10485,6,,,0
11019,'1197889',704,,10486,6,,,0
11019,'1197896',919,,10487,6,,,0
11019,'1197926',1219,,10488,6,0,5 6,0
11019,'1197981',1249,,10489,6,,,0
11019,'1198019',1250,,10490,6,,,0
11019,'1198026',1405,,10491,6,,,0
11019,'1198029',1819,,10492,6,0,5 6,0
11019,'1198038',1719,,10493,6,,,0
11019,'1198149',1119,,10494,6,,,0
11019,'1198166',1519,,10495,6,0,5 6,0
11019,'1198188',1419,,10496,6,0,5 6,0
11019,'1198219',1450,,10497,6,,,0
11019,'1198297',1235,,10498,6,,,0
11019,'1198308',1319,,10499,6,0,5 6,0
11019,'1198327',1720,,10500,6,,,0
11019,'1198365',1019,,10501,6,0,5 6,0
11019,'1198374',719,,10502,6,,,0
11019,'1198401',1919,,10503,6,0,5 6,0
11019,'1198413',2204,,10504,6,,,0
11019,'1198423',1149,,10505,6,,,0
11019,'1198472',834,,10506,6,,,0
11019,'1198605',1119,,10507,6,0,5 6,0
11019,'1198624',1149,,10508,6,,,0
11019,'1198627',2134,,10509,6,,,0
11019,'1198668',849,,10510,6,,,0
11019,'1198671',1420,,10511,6,,,0
11019,'1198695',1605,,10512,6,,,0
11019,'1198698',819,,10513,6,0,5 6,0
11019,'1198701',804,,10514,6,,,0
11019,'1198713',619,,10515,6,,,0
11019,'1198737',1619,,10516,6,,,0
11019,'1198753',2354,,10517,6,,,0
11019,'1198806',1550,,10518,6,,,0
11019,'1198894',734,,10519,6,,,0
11019,'1198896',1350,,10520,6,,,0
11019,'1198957',1650,,10521,6,,,0
11019,'1198963',1219,,10522,6,,,0
11019,'1199015',2319,,10523,6,0,5 6,0
11019,'1199020',1004,,10524,6,,,0
11019,'1199072',1435,,10525,6,,,0
11019,'1199077',749,,10526,6,,,0
11019,'1199162',1520,,10527,6,,,0
11019,'1199164',634,,10528,6,,,0
11019,'1199175',1349,,10529,6,,,0
11019,'1199179',2219,,10530,6,,,0
11019,'1199209',1335,,10531,6,,,0
11019,'1199218',2304,,10532,6,,,0
11019,'1199260',1719,,10533,6,0,5 6,0
11019,'1199285',649,,10534,6,,,0
11019,'1199336',1419,,10535,6,,,0
11019,'1199342',1919,,10536,6,,,0
11019,'1199350',919,,10537,6,0,5 6,0
11019,'1199361',1119,,10538,6,,,0
11019,'1199369',1034,,10539,6,,,0
11019,'1199392',1735,,10540,6,,,0
11019,'1199420',819,,10541,6,,,0
11019,'1199430',2119,,10542,6,,,0
11019,'1199452',1549,,10543,6,,,0
11019,'1199483',1750,,10544,6,,,0
11019,'1199518',1049,,10545,6,,,0
11019,'1199575',2119,,10546,6,0,5 6,0
11019,'1199637',1019,,10547,6,,,0
