28029,'1196904',1710,,11696,9,,,0
28029,'1196938',2110,,11697,9,,,0
28029,'1196995',1025,,11698,9,,,0
28029,'1196997',825,,11699,9,,,0
28029,'1197017',1211,,11700,9,,,0
28029,'1197036',2210,,11701,9,,,0
28029,'1197051',1110,,11702,9,,,0
28029,'1197111',2410,,11703,9,,,0
28029,'1197182',2125,,11704,9,,,0
28029,'1197232',2325,,11705,9,,,0
28029,'1197236',1225,,11706,9,,,0
28029,'1197308',925,,11707,9,,,0
28029,'1197374',1511,,11708,9,,,0
28029,'1197466',1411,,11709,9,,,0
28029,'1197513',655,,11710,9,,,0
28029,'1197529',1350,,11711,9,,,0
28029,'1197584',1325,,11712,9,,,0
28029,'1197623',1250,,11713,9,,,0
28029,'1197715',2250,,11714,9,,,0
28029,'1197789',1810,,11715,9,,,0
28029,'1197906',1655,,11716,9,,,0
28029,'1197943',2025,,11717,9,,,0
28029,'1197949',2225,,11718,9,,,0
28029,'1197963',1125,,11719,9,,,0
28029,'1198258',1750,,11720,9,,,0
28029,'1198259',810,,11721,9,,,0
28029,'1198301',1625,,11722,9,,,0
28029,'1198316',2050,,11723,9,,,0
28029,'1198478',1950,,11724,9,,,0
28029,'1198489',2010,,11725,9,,,0
28029,'1198525',1825,,11726,9,,,0
28029,'1198555',1850,,11727,9,,,0
28029,'1198617',1429,,11728,9,,,0
28029,'1198629',2150,,11729,9,,,0
28029,'1198849',1855,,11730,9,,,0
28029,'1198861',1650,,11731,9,,,0
28029,'1198868',625,,11732,9,,,0
28029,'1198931',1526,,11733,9,,,0
28029,'1198944',1550,,11734,9,,,0
28029,'1198995',850,,11735,9,,,0
28029,'1199030',1925,,11736,9,,,0
28029,'1199105',1010,,11737,9,,,0
28029,'1199138',2310,,11738,9,,,0
28029,'1199152',855,,11739,9,,,0
28029,'1199194',1150,,11740,9,,,0
28029,'1199248',1050,,11741,9,,,0
28029,'1199271',1910,,11742,9,,,0
28029,'1199320',710,,11743,9,,,0
28029,'1199425',1311,,11744,9,,,0
28029,'1199491',1725,,11745,9,,,0
28029,'1199503',725,,11746,9,,,0
28029,'1199562',750,,11747,9,,,0
28029,'1199586',1755,,11748,9,,,0
28029,'1199587',2350,,11749,9,,,0
28029,'1199615',755,,11750,9,,,0
28029,'1199622',1450,,11751,9,,,0
28029,'1199627',910,,11752,9,,,0
28029,'1199647',1611,,11753,9,,,0
28029,'1199657',950,,11754,9,,,0
