28019,'1196931',2342,,11637,18,,,0
28019,'1196961',1002,,11638,18,,,0
28019,'1197034',1142,,11640,18,,,0
28019,'1197242',1542,,11643,18,,,0
28019,'1197295',1402,,11645,18,,,0
28019,'1197458',1942,,11648,18,,,0
28019,'1197551',902,,11651,18,,,0
28019,'1197718',2142,,11653,18,,,0
28019,'1197726',1802,,11654,18,,,0
28019,'1197861',1842,,11656,18,,,0
28019,'1197862',1242,,11657,18,,,0
28019,'1198022',702,,11658,18,,,0
28019,'1198061',2102,,11659,18,,,0
28019,'1198096',1442,,11660,18,,,0
28019,'1198110',1202,,11661,18,,,0
28019,'1198319',2002,,11662,18,,,0
28019,'1198329',1642,,11663,18,,,0
28019,'1198345',1502,,11665,18,,,0
28019,'1198414',1102,,11666,18,,,0
28019,'1198454',1042,,11667,18,,,0
28019,'1198522',1602,,11668,18,,,0
28019,'1198672',942,,11670,18,,,0
28019,'1198739',2202,,11671,18,,,0
28019,'1198919',742,,11676,18,,,0
28019,'1198968',1302,,11678,18,,,0
28019,'1199033',2402,,11679,18,,,0
28019,'1199206',2042,,11682,18,,,0
28019,'1199243',2302,,11683,18,,,0
28019,'1199296',1902,,11684,18,,,0
28019,'1199344',1742,,11686,18,,,0
28019,'1199417',1702,,11688,18,,,0
28019,'1199450',842,,11690,18,,,0
28019,'1199529',1342,,11691,18,,,0
28019,'1199584',802,,11694,18,,,0
28019,'1199602',2242,,11695,18,,,0
28019,'1199775',1747,,12871,18,,,0
28019,'1199776',1717,,12872,18,,,0
28019,'1199784',1817,,12873,18,,,0
28019,'1199803',717,,12874,18,,,0
28019,'1199807',2017,,12875,18,,,0
28019,'1199817',2217,,12876,18,,,0
28019,'1199832',2317,,12877,18,,,0
28019,'1199835',1517,,12878,18,,,0
28019,'1199837',1647,,12879,18,,,0
28019,'1199842',1847,,12880,18,,,0
28019,'1199845',917,,12881,18,,,0
28019,'1199851',817,,12882,18,,,0
28019,'1199859',1917,,12883,18,,,0
28019,'1199861',847,,12884,18,,,0
28019,'1199868',1421,,12885,18,,,0
28019,'1199872',647,,12886,18,,,0
28019,'1199880',1317,,12887,18,,,0
28019,'1199885',747,,12888,18,,,0
28019,'1199887',1217,,12889,18,,,0
28019,'1199894',1617,,12890,18,,,0
28019,'1199897',617,,12891,18,,,0
28019,'1199900',2117,,12892,18,,,0
28019,'1199908',1017,,12893,18,,,0
28019,'1199917',1117,,12894,18,,,0
