28019,'1196931',2345,,11637,23,4,,0
28019,'1196961',1005,,11638,23,4,,0
28019,'1197034',1145,,11640,23,4,,0
28019,'1197242',1545,,11643,23,4,,0
28019,'1197295',1405,,11645,23,4,,0
28019,'1197458',1945,,11648,23,4,,0
28019,'1197551',905,,11651,23,4,,0
28019,'1197718',2145,,11653,23,4,,0
28019,'1197726',1805,,11654,23,4,,0
28019,'1197861',1845,,11656,23,4,,0
28019,'1197862',1245,,11657,23,4,,0
28019,'1198022',705,,11658,23,4,,0
28019,'1198061',2105,,11659,23,4,,0
28019,'1198096',1445,,11660,23,4,,0
28019,'1198110',1205,,11661,23,4,,0
28019,'1198319',2005,,11662,23,4,,0
28019,'1198329',1645,,11663,23,4,,0
28019,'1198345',1505,,11665,23,4,,0
28019,'1198414',1105,,11666,23,4,,0
28019,'1198454',1045,,11667,23,4,,0
28019,'1198522',1605,,11668,23,4,,0
28019,'1198672',945,,11670,23,4,,0
28019,'1198739',2205,,11671,23,4,,0
28019,'1198919',745,,11676,23,4,,0
28019,'1198968',1305,,11678,23,4,,0
28019,'1199033',2405,,11679,23,4,,0
28019,'1199206',2045,,11682,23,4,,0
28019,'1199243',2305,,11683,23,4,,0
28019,'1199296',1905,,11684,23,4,,0
28019,'1199344',1745,,11686,23,4,,0
28019,'1199417',1705,,11688,23,4,,0
28019,'1199450',845,,11690,23,4,,0
28019,'1199529',1345,,11691,23,4,,0
28019,'1199584',805,,11694,23,4,,0
28019,'1199602',2245,,11695,23,4,,0
28019,'1199775',1750,,12871,23,4,,0
28019,'1199776',1720,,12872,23,4,,0
28019,'1199784',1820,,12873,23,4,,0
28019,'1199803',720,,12874,23,4,,0
28019,'1199807',2020,,12875,23,4,,0
28019,'1199817',2220,,12876,23,4,,0
28019,'1199832',2320,,12877,23,4,,0
28019,'1199835',1520,,12878,23,4,,0
28019,'1199837',1650,,12879,23,4,,0
28019,'1199842',1850,,12880,23,4,,0
28019,'1199845',920,,12881,23,4,,0
28019,'1199851',820,,12882,23,4,,0
28019,'1199859',1920,,12883,23,4,,0
28019,'1199861',850,,12884,23,4,,0
28019,'1199868',1424,,12885,23,4,,0
28019,'1199872',650,,12886,23,4,,0
28019,'1199880',1320,,12887,23,4,,0
28019,'1199885',750,,12888,23,4,,0
28019,'1199887',1220,,12889,23,4,,0
28019,'1199894',1620,,12890,23,4,,0
28019,'1199897',620,,12891,23,4,,0
28019,'1199900',2120,,12892,23,4,,0
28019,'1199908',1020,,12893,23,4,,0
28019,'1199917',1120,,12894,23,4,,0
28029,'1196904',1705,,11696,1,,,0
28029,'1196938',2105,,11697,1,,,0
28029,'1197017',1206,,11700,1,,,0
28029,'1197036',2205,,11701,1,,,0
28029,'1197051',1105,,11702,1,,,0
28029,'1197111',2405,,11703,1,,,0
28029,'1197374',1506,,11708,1,,,0
28029,'1197466',1406,,11709,1,,,0
28029,'1197529',1345,,11711,1,,,0
28029,'1197623',1245,,11713,1,,,0
28029,'1197715',2245,,11714,1,,,0
28029,'1197789',1805,,11715,1,,,0
28029,'1198258',1745,,11720,1,,,0
28029,'1198259',805,,11721,1,,,0
28029,'1198316',2045,,11723,1,,,0
28029,'1198478',1945,,11724,1,,,0
28029,'1198489',2005,,11725,1,,,0
28029,'1198555',1845,,11727,1,,,0
28029,'1198629',2145,,11729,1,,,0
28029,'1198861',1645,,11731,1,,,0
28029,'1198944',1545,,11734,1,,,0
28029,'1198995',845,,11735,1,,,0
28029,'1199105',1005,,11737,1,,,0
28029,'1199138',2305,,11738,1,,,0
28029,'1199194',1145,,11740,1,,,0
28029,'1199248',1045,,11741,1,,,0
28029,'1199271',1905,,11742,1,,,0
28029,'1199320',705,,11743,1,,,0
28029,'1199425',1306,,11744,1,,,0
28029,'1199562',745,,11747,1,,,0
28029,'1199587',2345,,11749,1,,,0
28029,'1199622',1445,,11751,1,,,0
28029,'1199627',905,,11752,1,,,0
28029,'1199647',1606,,11753,1,,,0
28029,'1199657',945,,11754,1,,,0
28029,'1199798',2320,,12895,1,,,0
28029,'1199801',850,,12896,1,,,0
28029,'1199802',1020,,12897,1,,,0
28029,'1199805',2120,,12898,1,,,0
28029,'1199806',920,,12899,1,,,0
28029,'1199822',1820,,12900,1,,,0
28029,'1199824',1320,,12901,1,,,0
28029,'1199827',1850,,12902,1,,,0
28029,'1199829',650,,12903,1,,,0
28029,'1199833',1650,,12904,1,,,0
28029,'1199840',1521,,12905,1,,,0
28029,'1199841',1620,,12906,1,,,0
28029,'1199857',1720,,12907,1,,,0
28029,'1199879',1424,,12908,1,,,0
28029,'1199888',1220,,12909,1,,,0
28029,'1199895',750,,12910,1,,,0
28029,'1199896',1750,,12911,1,,,0
28029,'1199901',2020,,12912,1,,,0
28029,'1199905',2220,,12913,1,,,0
28029,'1199909',1120,,12914,1,,,0
28029,'1199915',720,,12915,1,,,0
28029,'1199916',1920,,12916,1,,,0
28029,'1199918',820,,12917,1,,,0
28029,'1199921',620,,12918,1,,,0
