105019,'1196946',933,,12117,86,,,0
105019,'1197049',1844,,12118,86,,,0
105019,'1197077',619,,12119,86,,,0
105019,'1197115',1229,,12120,86,,,0
105019,'1197131',733,,12121,86,,,0
105019,'1197173',1234,,12122,86,,,0
105019,'1197181',1048,,12123,86,,,0
105019,'1197192',2219,,12124,86,,,0
105019,'1197197',1529,,12125,86,,,0
105019,'1197292',1334,,12126,86,,,0
105019,'1197296',1629,,12127,86,,,0
105019,'1197531',1434,,12128,86,,,0
105019,'1197548',1949,,12129,86,,,0
105019,'1197557',1634,,12130,86,,,0
105019,'1197588',848,,12131,86,,,0
105019,'1197596',2119,,12132,86,,,0
105019,'1197617',1534,,12133,86,,,0
105019,'1197633',1248,,12134,86,,,0
105019,'1197710',826,,12135,86,,,0
105019,'1197779',1814,,12136,86,,,0
105019,'1197825',1444,,12137,86,,,0
105019,'1197971',1129,,12138,86,,,0
105019,'1198112',649,,12139,86,,,0
105019,'1198338',1134,,12140,86,,,0
105019,'1198380',2248,,12141,86,,,0
105019,'1198385',1744,,12142,86,,,0
105019,'1198553',1344,,12143,86,,,0
105019,'1198560',2048,,12144,86,,,0
105019,'1198571',1648,,12145,86,,,0
105019,'1198621',756,,12146,86,,,0
105019,'1198667',1026,,12147,86,,,0
105019,'1198717',1559,,12148,86,,,0
105019,'1198741',926,,12149,86,,,0
105019,'1198746',1914,,12150,86,,,0
105019,'1198889',719,,12151,86,,,0
105019,'1199004',1448,,12152,86,,,0
105019,'1199054',1659,,12153,86,,,0
105019,'1199098',856,,12154,86,,,0
105019,'1199298',2419,,12155,86,,,0
105019,'1199347',2333,,12156,86,,,0
105019,'1199383',2319,,12157,86,,,0
105019,'1199400',1734,,12158,86,,,0
105019,'1199461',1848,,12159,86,,,0
105019,'1199511',1834,,12160,86,,,0
105019,'1199546',2133,,12161,86,,,0
105019,'1199574',1934,,12162,86,,,0
106019,'1196832',957,,12209,29,,,0
106019,'1196841',727,,12210,29,,,0
106019,'1197348',842,,12211,29,,,0
106019,'1197389',1828,,12212,29,,,0
106019,'1197951',1558,,12213,29,,,0
106019,'1198120',1713,,12214,29,,,0
