13019,'1196852',1339,,10793,33,,,0
13019,'1196856',1737,,10794,33,,,0
13019,'1196922',636,,10795,7,,,0
13019,'1196999',938,,10796,33,,,0
13019,'1197035',637,,10797,33,,,0
13019,'1197132',1509,,10798,33,,,0
13019,'1197251',1609,,10799,33,,,0
13019,'1197279',737,,10800,33,,,0
13019,'1197353',2307,,10801,33,,,0
13019,'1197357',1837,,10802,33,,,0
13019,'1197451',2237,,10803,33,,,0
13019,'1197487',838,,10804,33,,,0
13019,'1197555',1639,,10805,33,,,0
13019,'1197570',937,,10806,33,,,0
13019,'1197575',1637,,10807,33,,,0
13019,'1197641',2037,,10808,33,,,0
13019,'1197645',1709,,10809,33,,,0
13019,'1197648',707,,10810,33,,,0
13019,'1197690',1637,,10811,33,,,0
13019,'1197692',1739,,10812,33,,,0
13019,'1197730',1439,,10813,33,,,0
13019,'1197762',2412,,10814,33,,,0
13019,'1197803',737,,10815,33,,,0
13019,'1197834',1237,,10816,33,,,0
13019,'1197854',2037,,10817,33,,,0
13019,'1197962',1337,,10818,33,,,0
13019,'1197975',1040,,10819,33,,,0
13019,'1198041',1137,,10820,33,,,0
13019,'1198094',1807,,10821,33,,,0
13019,'1198160',837,,10822,33,,,0
13019,'1198201',1237,,10823,33,,,0
13019,'1198243',1837,,10824,33,,,0
13019,'1198290',2207,,10825,33,,,0
13019,'1198352',737,,10826,33,,,0
13019,'1198355',1907,,10827,33,,,0
13019,'1198382',807,,10828,33,,,0
13019,'1198402',2237,,10829,33,,,0
13019,'1198552',2137,,10830,33,,,0
13019,'1198554',1937,,10831,33,,,0
13019,'1198602',1137,,10832,33,,,0
13019,'1198611',2007,,10833,33,,,0
13019,'1198630',1539,,10834,33,,,0
13019,'1198675',1239,,10835,33,,,0
13019,'1198690',607,,10836,7,,,0
13019,'1198716',1037,,10837,33,,,0
13019,'1198729',1007,,10838,33,,,0
13019,'1198761',1337,,10839,33,,,0
13019,'1198778',937,,10840,33,,,0
13019,'1198837',2337,,10841,33,,,0
13019,'1198874',1139,,10842,33,,,0
13019,'1198888',908,,10843,33,,,0
13019,'1199044',837,,10844,33,,,0
13019,'1199123',1037,,10845,33,,,0
13019,'1199151',1437,,10846,33,,,0
13019,'1199233',1437,,10847,33,,,0
13019,'1199276',1537,,10848,33,,,0
13019,'1199284',2107,,10849,33,,,0
13019,'1199418',1937,,10850,33,,,0
13019,'1199448',1737,,10851,33,,,0
13019,'1199536',2137,,10852,33,,,0
13019,'1199588',2337,,10853,33,,,0
13019,'1199631',1537,,10854,33,,,0
