105019,'1196946',917,,12117,63,,,0
105019,'1197049',1827,,12118,63,,,0
105019,'1197077',605,,12119,63,,,0
105019,'1197115',1212,,12120,63,,,0
105019,'1197131',717,,12121,63,,,0
105019,'1197173',1219,,12122,63,,,0
105019,'1197181',1035,,12123,63,,,0
105019,'1197192',2204,,12124,63,,,0
105019,'1197197',1512,,12125,63,,,0
105019,'1197292',1319,,12126,63,,,0
105019,'1197296',1612,,12127,63,,,0
105019,'1197531',1419,,12128,63,,,0
105019,'1197548',1934,,12129,63,,,0
105019,'1197557',1619,,12130,63,,,0
105019,'1197588',835,,12131,63,,,0
105019,'1197596',2104,,12132,63,,,0
105019,'1197617',1519,,12133,63,,,0
105019,'1197633',1235,,12134,63,,,0
105019,'1197710',809,,12135,63,,,0
105019,'1197779',1757,,12136,63,,,0
105019,'1197825',1427,,12137,63,,,0
105019,'1197971',1112,,12138,63,,,0
105019,'1198112',635,,12139,63,,,0
105019,'1198338',1119,,12140,63,,,0
105019,'1198380',2235,,12141,63,,,0
105019,'1198385',1727,,12142,63,,,0
105019,'1198553',1327,,12143,63,,,0
105019,'1198560',2035,,12144,63,,,0
105019,'1198571',1635,,12145,63,,,0
105019,'1198621',739,,12146,63,,,0
105019,'1198667',1009,,12147,63,,,0
105019,'1198717',1542,,12148,63,,,0
105019,'1198741',909,,12149,63,,,0
105019,'1198746',1857,,12150,63,,,0
105019,'1198889',705,,12151,63,,,0
105019,'1199004',1435,,12152,63,,,0
105019,'1199054',1642,,12153,63,,,0
105019,'1199098',839,,12154,63,,,0
105019,'1199298',2404,,12155,63,,,0
105019,'1199347',2317,,12156,63,,,0
105019,'1199383',2304,,12157,63,,,0
105019,'1199400',1719,,12158,63,,,0
105019,'1199461',1835,,12159,63,,,0
105019,'1199511',1819,,12160,63,,,0
105019,'1199546',2117,,12161,63,,,0
105019,'1199574',1919,,12162,63,,,0
106029,'1196836',1615,,12215,14,,,0
106029,'1196851',1730,,12216,14,,,0
106029,'1197042',1013,,12217,14,,,0
106029,'1197408',1845,,12218,14,,,0
106029,'1198086',743,,12219,14,,,0
106029,'1198615',858,,12220,14,,,0
