103029,'1196853',1445,,11989,21,,,0
103029,'1196867',1315,,11990,21,,,0
103029,'1196892',1745,,11991,21,,,0
103029,'1196973',1737,,11992,21,,,0
103029,'1197031',1409,,11993,21,,,0
103029,'1197085',2045,,11994,21,,,0
103029,'1197108',1915,,11995,21,,,0
103029,'1197233',1006,,11996,21,,,0
103029,'1197315',1239,,11997,21,,,0
103029,'1197321',1109,,11998,21,,,0
103029,'1197346',1437,,11999,21,,,0
103029,'1197499',1838,,12000,21,,,0
103029,'1197743',809,,12001,21,,,0
103029,'1197784',939,,12002,21,,,0
103029,'1197852',1307,,12003,21,,,0
103029,'1198282',1137,,12004,21,,,0
103029,'1198444',1539,,12005,21,,,0
103029,'1198568',706,,12006,21,,,0
103029,'1198723',2008,,12007,21,,,0
103029,'1198855',836,,12008,21,,,0
103029,'1198880',1522,,12009,21,,,0
103029,'1198882',639,,12010,21,,,0
103029,'1198911',2138,,12011,21,,,0
103029,'1198914',1652,,12012,21,,,0
103029,'1198921',845,,12013,21,,,0
103029,'1198928',751,,12014,21,,,0
103029,'1198990',921,,12015,21,,,0
103029,'1199021',1615,,12016,21,,,0
103029,'1199109',2308,,12017,21,,,0
103029,'1199145',2215,,12018,21,,,0
103029,'1199146',1145,,12019,21,,,0
103029,'1199172',2206,,12020,21,,,0
103029,'1199215',2336,,12021,21,,,0
103029,'1199475',1906,,12022,21,,,0
103029,'1199565',1015,,12023,21,,,0
103029,'1199579',1607,,12024,21,,,0
103029,'1199581',2036,,12025,21,,,0
103029,'1199593',1709,,12026,21,,,0
