2029,'1196924',1512,,10051,9,,,0
2029,'1196985',1158,,10052,9,,,0
2029,'1196991',2241,,10053,9,,,0
2029,'1197028',2041,,10054,9,,,0
2029,'1197134',1828,,10055,9,,,0
2029,'1197139',927,,10056,9,,,0
2029,'1197143',2328,,10057,9,,,0
2029,'1197168',1612,,10058,9,,,0
2029,'1197170',643,,10059,9,,,0
2029,'1197175',1457,,10060,9,,,0
2029,'1197208',1443,,10061,9,,,0
2029,'1197209',858,,10062,9,,,0
2029,'1197218',712,,10063,9,,,0
2029,'1197261',1627,,10064,9,,,0
2029,'1197268',1657,,10065,9,,,0
2029,'1197282',642,,10066,9,,,0
2029,'1197288',2141,,10067,9,,,0
2029,'1197331',1623,,10068,9,,,0
2029,'1197332',2211,,10069,9,,,0
2029,'1197367',1423,,10070,9,,,0
2029,'1197375',857,,10071,9,,,0
2029,'1197411',1042,,10072,9,,,0
2029,'1197419',1327,,10073,9,,,0
2029,'1197430',657,,10074,9,,,0
2029,'1197437',957,,10075,9,,,0
2029,'1197491',1353,,10076,9,,,0
2029,'1197508',757,,10077,9,,,0
2029,'1197527',1243,,10078,9,,,0
2029,'1197534',1043,,10079,9,,,0
2029,'1197599',1642,,10080,9,,,0
2029,'1197642',742,,10081,9,,,0
2029,'1197644',1812,,10082,9,,,0
2029,'1197647',942,,10083,9,,,0
2029,'1197651',2337,,10084,9,,,0
2029,'1197655',2407,,10085,9,,,0
2029,'1197665',1028,,10086,9,,,0
2029,'1197667',1943,,10087,9,,,0
2029,'1197739',1712,,10088,9,,,0
2029,'1197769',1143,,10089,9,,,0
2029,'1197800',1012,,10090,9,,,0
2029,'1197808',2011,,10091,9,,,0
2029,'1197821',743,,10092,9,,,0
2029,'1197871',812,,10093,9,,,0
2029,'1197901',842,,10094,9,,,0
2029,'1197910',1742,,10095,9,,,0
2029,'1198003',1058,,10096,9,,,0
2029,'1198023',1227,,10097,9,,,0
2029,'1198042',843,,10098,9,,,0
2029,'1198045',2243,,10099,9,,,0
2029,'1198089',912,,10100,9,,,0
2029,'1198144',1027,,10101,9,,,0
2029,'1198156',2311,,10102,9,,,0
2029,'1198168',2028,,10103,9,,,0
2029,'1198184',943,,10104,9,,,0
2029,'1198213',1412,,10105,9,,,0
2029,'1198215',1827,,10106,9,,,0
2029,'1198275',1142,,10107,9,,,0
2029,'1198291',1057,,10108,9,,,0
2029,'1198335',1941,,10109,9,,,0
2029,'1198359',1323,,10110,9,,,0
2029,'1198433',1342,,10111,9,,,0
2029,'1198455',1223,,10112,9,,,0
2029,'1198473',1753,,10113,9,,,0
2029,'1198494',1723,,10114,9,,,0
2029,'1198537',1743,,10115,9,,,0
2029,'1198581',1128,,10116,9,,,0
2029,'1198603',1543,,10117,9,,,0
2029,'1198608',943,,10118,9,,,0
2029,'1198619',2413,,10119,9,,,0
2029,'1198682',1427,,10120,9,,,0
2029,'1198743',2243,,10121,9,,,0
2029,'1198838',1343,,10122,9,,,0
2029,'1198840',1453,,10123,9,,,0
2029,'1198841',727,,10124,9,,,0
2029,'1198851',2111,,10125,9,,,0
2029,'1198854',1157,,10126,9,,,0
2029,'1198870',728,,10127,9,,,0
2029,'1198967',2343,,10128,9,,,0
2029,'1199005',1557,,10129,9,,,0
2029,'1199023',1523,,10130,9,,,0
2029,'1199042',1943,,10131,9,,,0
2029,'1199046',1841,,10132,9,,,0
2029,'1199049',1112,,10133,9,,,0
2029,'1199063',1312,,10134,9,,,0
2029,'1199099',1257,,10135,9,,,0
2029,'1199116',1727,,10136,9,,,0
2029,'1199173',1553,,10137,9,,,0
2029,'1199237',2143,,10138,9,,,0
2029,'1199240',827,,10139,9,,,0
2029,'1199269',1242,,10140,9,,,0
2029,'1199288',1542,,10141,9,,,0
2029,'1199299',2158,,10142,9,,,0
2029,'1199305',1212,,10143,9,,,0
2029,'1199316',1757,,10144,9,,,0
2029,'1199329',1643,,10145,9,,,0
2029,'1199333',813,,10146,9,,,0
2029,'1199335',1253,,10147,9,,,0
2029,'1199398',2043,,10148,9,,,0
2029,'1199466',1911,,10149,9,,,0
2029,'1199478',1843,,10150,9,,,0
2029,'1199484',1527,,10151,9,,,0
2029,'1199542',2427,,10152,9,,,0
2029,'1199552',1357,,10153,9,,,0
2029,'1199560',1858,,10154,9,,,0
2029,'1199580',2113,,10155,9,,,0
2029,'1199620',1442,,10156,9,,,0
2029,'1199621',1127,,10157,9,,,0
2029,'1199635',1653,,10158,9,,,0
103019,'1196838',2018,,11950,4,,,0
103019,'1196888',937,,11951,4,,,0
103019,'1196969',1637,,11952,4,,,0
103019,'1196981',1207,,11953,4,,,0
103019,'1197294',2107,,11954,4,,,0
103019,'1197441',1037,,11955,4,,,0
103019,'1197545',1707,,11956,4,,,0
103019,'1197721',1337,,11957,4,,,0
103019,'1197732',852,,11958,4,,,0
103019,'1197772',1452,,11959,4,,,0
103019,'1197847',1537,,11960,4,,,0
103019,'1197900',2307,,11961,4,,,0
103019,'1197976',2137,,11962,4,,,0
103019,'1198084',737,,11963,4,,,0
103019,'1198108',1418,,11964,4,,,0
103019,'1198169',722,,11965,4,,,0
103019,'1198206',907,,11966,4,,,0
103019,'1198228',1107,,11967,4,,,0
103019,'1198242',1848,,11968,4,,,0
103019,'1198304',1407,,11969,4,,,0
103019,'1198348',2148,,11970,4,,,0
103019,'1198369',2237,,11971,4,,,0
103019,'1198383',1237,,11972,4,,,0
103019,'1198393',637,,11973,4,,,0
103019,'1198760',807,,11975,4,,,0
103019,'1198790',2318,,11976,4,,,0
103019,'1198820',1248,,11977,4,,,0
103019,'1198832',1718,,11978,4,,,0
103019,'1198901',2007,,11979,4,,,0
103019,'1198908',948,,11980,4,,,0
103019,'1198992',1548,,11981,4,,,0
103019,'1199041',1118,,11982,4,,,0
103019,'1199057',1507,,11983,4,,,0
103019,'1199120',1837,,11984,4,,,0
103019,'1199157',1807,,11985,4,,,0
103019,'1199198',818,,11986,4,,,0
103019,'1199232',1622,,11987,4,,,0
103019,'1199535',1937,,11988,4,,,0
