25019,'1196864',1247,,11307,27,4,,0
25019,'1196932',1747,,11308,27,4,,0
25019,'1196994',1947,,11309,27,4,,0
25019,'1197064',729,,11310,27,4,,0
25019,'1197079',2407,,11311,27,4,,0
25019,'1197084',2329,,11312,27,4,,0
25019,'1197151',746,,11313,27,4,,0
25019,'1197299',2147,,11314,27,4,,0
25019,'1197317',1347,,11315,27,4,,0
25019,'1197342',1747,,11316,27,4,,0
25019,'1197442',1529,,11317,27,4,,0
25019,'1197448',1617,,11318,27,4,,0
25019,'1197471',1047,,11319,27,4,,0
25019,'1197624',1847,,11320,27,4,,0
25019,'1197657',2129,,11321,27,4,,0
25019,'1197660',847,,11322,27,4,,0
25019,'1197687',2346,,11323,27,4,,0
25019,'1197702',1217,,11324,27,4,,0
25019,'1197757',747,,11325,27,4,,0
25019,'1197760',1547,,11326,27,4,,0
25019,'1197771',2029,,11327,27,4,,0
25019,'1198004',2229,,11328,27,4,,0
25019,'1198021',717,,11329,27,4,,0
25019,'1198071',1947,,11330,27,4,,0
25019,'1198079',647,,11331,27,4,,0
25019,'1198190',2047,,11332,27,4,,0
25019,'1198267',2247,,11333,27,4,,0
25019,'1198315',917,,11334,27,4,,0
25019,'1198388',1417,,11335,27,4,,0
25019,'1198435',2247,,11336,27,4,,0
25019,'1198457',646,,11337,27,4,,0
25019,'1198479',947,,11338,27,4,,0
25019,'1198492',1447,,11339,27,4,,0
25019,'1198496',1847,,11340,27,4,,0
25019,'1198512',1729,,11341,27,4,,0
25019,'1198566',1147,,11342,27,4,,0
25019,'1198604',1429,,11343,27,4,,0
25019,'1198759',1329,,11344,27,4,,0
25019,'1198776',2147,,11345,27,4,,0
25019,'1198803',1517,,11346,27,4,,0
25019,'1198823',2047,,11347,27,4,,0
25019,'1198862',1929,,11348,27,4,,0
25019,'1198902',1447,,11349,27,4,,0
25019,'1198938',847,,11350,27,4,,0
25019,'1199011',1117,,11351,27,4,,0
25019,'1199070',1017,,11352,27,4,,0
25019,'1199074',829,,11353,27,4,,0
25019,'1199097',817,,11354,27,4,,0
25019,'1199125',929,,11355,27,4,,0
25019,'1199183',1317,,11356,27,4,,0
25019,'1199208',1229,,11357,27,4,,0
25019,'1199212',1829,,11358,27,4,,0
25019,'1199258',1647,,11359,27,4,,0
25019,'1199359',1029,,11360,27,4,,0
25019,'1199389',947,,11361,27,4,,0
25019,'1199464',1647,,11362,27,4,,0
25019,'1199480',1717,,11363,27,4,,0
25019,'1199589',1129,,11364,27,4,,0
25019,'1199634',1547,,11365,27,4,,0
25019,'1199649',1629,,11366,27,4,,0
25029,'1196916',947,,11367,1,,,0
25029,'1196933',1547,,11368,1,,,0
25029,'1196986',1132,,11369,1,,,0
25029,'1197030',2147,,11370,1,,,0
25029,'1197059',646,,11371,1,,,0
25029,'1197302',1847,,11372,1,,,0
25029,'1197319',847,,11373,1,,,0
25029,'1197349',1247,,11374,1,,,0
25029,'1197435',2032,,11375,1,,,0
25029,'1197457',2047,,11376,1,,,0
25029,'1197616',2407,,11377,1,,,0
25029,'1197705',2232,,11378,1,,,0
25029,'1197793',1617,,11379,1,,,0
25029,'1197804',732,,11380,1,,,0
25029,'1197835',1647,,11381,1,,,0
25029,'1197846',917,,11382,1,,,0
25029,'1197932',717,,11383,1,,,0
25029,'1198032',932,,11384,1,,,0
25029,'1198046',1017,,11385,1,,,0
25029,'1198129',1447,,11386,1,,,0
25029,'1198137',2247,,11387,1,,,0
25029,'1198143',1232,,11388,1,,,0
25029,'1198148',1847,,11389,1,,,0
25029,'1198154',1317,,11390,1,,,0
25029,'1198159',747,,11391,1,,,0
25029,'1198222',1932,,11392,1,,,0
25029,'1198225',1547,,11393,1,,,0
25029,'1198233',1717,,11394,1,,,0
25029,'1198344',2147,,11395,1,,,0
25029,'1198370',1447,,11396,1,,,0
25029,'1198438',1217,,11397,1,,,0
25029,'1198503',1647,,11398,1,,,0
25029,'1198561',2332,,11399,1,,,0
25029,'1198597',1047,,11400,1,,,0
25029,'1198609',2047,,11401,1,,,0
25029,'1198649',2132,,11402,1,,,0
25029,'1198679',1747,,11403,1,,,0
25029,'1198692',1147,,11404,1,,,0
25029,'1198706',647,,11405,1,,,0
25029,'1198719',2247,,11406,1,,,0
25029,'1198720',1732,,11407,1,,,0
25029,'1198786',1517,,11408,1,,,0
25029,'1198863',1417,,11409,1,,,0
25029,'1198875',847,,11410,1,,,0
25029,'1198879',1947,,11411,1,,,0
25029,'1198885',1032,,11412,1,,,0
25029,'1198987',1832,,11413,1,,,0
25029,'1198994',1532,,11414,1,,,0
25029,'1199055',746,,11415,1,,,0
25029,'1199102',2346,,11416,1,,,0
25029,'1199182',817,,11417,1,,,0
25029,'1199195',1117,,11418,1,,,0
25029,'1199236',947,,11419,1,,,0
25029,'1199255',1432,,11420,1,,,0
25029,'1199294',1332,,11421,1,,,0
25029,'1199362',1947,,11422,1,,,0
25029,'1199541',1747,,11423,1,,,0
25029,'1199549',1632,,11424,1,,,0
25029,'1199576',1347,,11425,1,,,0
25029,'1199642',832,,11426,1,,,0
