11019,'1196979',1333,,10448,19,,,0
11019,'1197040',1701,,10449,19,,,0
11019,'1197065',1518,,10450,19,,,0
11019,'1197103',1917,,10451,19,,,0
11019,'1197109',1331,,10452,19,,,0
11019,'1197110',732,,10453,19,,,0
11019,'1197145',2031,,10454,19,,,0
11019,'1197180',1233,,10455,19,,,0
11019,'1197201',947,,10456,19,,,0
11019,'1197211',731,,10457,19,0,5 6,0
11019,'1197221',1633,,10458,19,,,0
11019,'1197227',1218,,10459,19,,,0
11019,'1197254',1548,,10460,19,,,0
11019,'1197259',2331,,10461,19,,,0
11019,'1197278',2347,,10462,19,,,0
11019,'1197283',917,,10463,19,,,0
11019,'1197316',2031,,10464,19,0,5 6,0
11019,'1197320',1831,,10465,19,,,0
11019,'1197325',2247,,10466,19,,,0
11019,'1197329',1031,,10467,19,,,0
11019,'1197333',1002,,10468,19,,,0
11019,'1197344',1947,,10469,19,,,0
11019,'1197354',1117,,10470,19,,,0
11019,'1197406',2231,,10471,19,0,5 6,0
11019,'1197447',2017,,10472,19,,,0
11019,'1197477',2117,,10473,19,,,0
11019,'1197495',1531,,10474,19,,,0
11019,'1197504',2047,,10475,19,,,0
11019,'1197634',831,,10476,19,,,0
11019,'1197652',1147,,10477,19,,,0
11019,'1197663',1318,,10478,19,,,0
11019,'1197722',1718,,10479,19,,,0
11019,'1197727',1817,,10480,19,,,0
11019,'1197728',1631,,10481,19,0,5 6,0
11019,'1197785',931,,10482,19,,,0
11019,'1197855',1847,,10483,19,,,0
11019,'1197865',1648,,10484,19,,,0
11019,'1197880',1501,,10485,19,,,0
11019,'1197889',717,,10486,19,,,0
11019,'1197896',932,,10487,19,,,0
11019,'1197926',1231,,10488,19,0,5 6,0
11019,'1197981',1301,,10489,19,,,0
11019,'1198019',1303,,10490,19,,,0
11019,'1198026',1418,,10491,19,,,0
11019,'1198029',1831,,10492,19,0,5 6,0
11019,'1198038',1731,,10493,19,,,0
11019,'1198149',1131,,10494,19,,,0
11019,'1198166',1531,,10495,19,0,5 6,0
11019,'1198188',1431,,10496,19,0,5 6,0
11019,'1198219',1503,,10497,19,,,0
11019,'1198297',1248,,10498,19,,,0
11019,'1198308',1331,,10499,19,0,5 6,0
11019,'1198327',1733,,10500,19,,,0
11019,'1198365',1031,,10501,19,0,5 6,0
11019,'1198374',731,,10502,19,,,0
11019,'1198401',1931,,10503,19,0,5 6,0
11019,'1198413',2217,,10504,19,,,0
11019,'1198423',1202,,10505,19,,,0
11019,'1198472',847,,10506,19,,,0
11019,'1198605',1131,,10507,19,0,5 6,0
11019,'1198624',1201,,10508,19,,,0
11019,'1198627',2147,,10509,19,,,0
11019,'1198668',902,,10510,19,,,0
11019,'1198671',1433,,10511,19,,,0
11019,'1198695',1618,,10512,19,,,0
11019,'1198698',831,,10513,19,0,5 6,0
11019,'1198701',817,,10514,19,,,0
11019,'1198713',632,,10515,19,,,0
11019,'1198737',1631,,10516,19,,,0
11019,'1198753',2407,,10517,19,,,0
11019,'1198806',1603,,10518,19,,,0
11019,'1198894',747,,10519,19,,,0
11019,'1198896',1403,,10520,19,,,0
11019,'1198957',1703,,10521,19,,,0
11019,'1198963',1231,,10522,19,,,0
11019,'1199015',2331,,10523,19,0,5 6,0
11019,'1199020',1017,,10524,19,,,0
11019,'1199072',1448,,10525,19,,,0
11019,'1199077',802,,10526,19,,,0
11019,'1199162',1533,,10527,19,,,0
11019,'1199164',647,,10528,19,,,0
11019,'1199175',1401,,10529,19,,,0
11019,'1199179',2231,,10530,19,,,0
11019,'1199209',1348,,10531,19,,,0
11019,'1199218',2317,,10532,19,,,0
11019,'1199260',1731,,10533,19,0,5 6,0
11019,'1199285',702,,10534,19,,,0
11019,'1199336',1431,,10535,19,,,0
11019,'1199342',1931,,10536,19,,,0
11019,'1199350',931,,10537,19,0,5 6,0
11019,'1199361',1132,,10538,19,,,0
11019,'1199369',1047,,10539,19,,,0
11019,'1199392',1748,,10540,19,,,0
11019,'1199420',832,,10541,19,,,0
11019,'1199430',2131,,10542,19,,,0
11019,'1199452',1601,,10543,19,,,0
11019,'1199483',1803,,10544,19,,,0
11019,'1199518',1102,,10545,19,,,0
11019,'1199575',2131,,10546,19,0,5 6,0
11019,'1199637',1032,,10547,19,,,0
