11019,'1196979',1326,,10448,16,,,0
11019,'1197040',1655,,10449,16,,,0
11019,'1197065',1511,,10450,16,,,0
11019,'1197103',1910,,10451,16,,,0
11019,'1197109',1325,,10452,16,,,0
11019,'1197110',725,,10453,16,,,0
11019,'1197145',2025,,10454,16,,,0
11019,'1197180',1226,,10455,16,,,0
11019,'1197201',940,,10456,16,,,0
11019,'1197211',724,,10457,16,0,5 6,0
11019,'1197221',1626,,10458,16,,,0
11019,'1197227',1211,,10459,16,,,0
11019,'1197254',1541,,10460,16,,,0
11019,'1197259',2325,,10461,16,,,0
11019,'1197278',2340,,10462,16,,,0
11019,'1197283',910,,10463,16,,,0
11019,'1197316',2024,,10464,16,0,5 6,0
11019,'1197320',1825,,10465,16,,,0
11019,'1197325',2240,,10466,16,,,0
11019,'1197329',1025,,10467,16,,,0
11019,'1197333',955,,10468,16,,,0
11019,'1197344',1940,,10469,16,,,0
11019,'1197354',1110,,10470,16,,,0
11019,'1197406',2224,,10471,16,0,5 6,0
11019,'1197447',2010,,10472,16,,,0
11019,'1197477',2110,,10473,16,,,0
11019,'1197495',1525,,10474,16,,,0
11019,'1197504',2040,,10475,16,,,0
11019,'1197634',825,,10476,16,,,0
11019,'1197652',1140,,10477,16,,,0
11019,'1197663',1311,,10478,16,,,0
11019,'1197722',1711,,10479,16,,,0
11019,'1197727',1810,,10480,16,,,0
11019,'1197728',1624,,10481,16,0,5 6,0
11019,'1197785',925,,10482,16,,,0
11019,'1197855',1840,,10483,16,,,0
11019,'1197865',1641,,10484,16,,,0
11019,'1197880',1455,,10485,16,,,0
11019,'1197889',710,,10486,16,,,0
11019,'1197896',925,,10487,16,,,0
11019,'1197926',1224,,10488,16,0,5 6,0
11019,'1197981',1255,,10489,16,,,0
11019,'1198019',1256,,10490,16,,,0
11019,'1198026',1411,,10491,16,,,0
11019,'1198029',1824,,10492,16,0,5 6,0
11019,'1198038',1725,,10493,16,,,0
11019,'1198149',1125,,10494,16,,,0
11019,'1198166',1524,,10495,16,0,5 6,0
11019,'1198188',1424,,10496,16,0,5 6,0
11019,'1198219',1456,,10497,16,,,0
11019,'1198297',1241,,10498,16,,,0
11019,'1198308',1324,,10499,16,0,5 6,0
11019,'1198327',1726,,10500,16,,,0
11019,'1198365',1024,,10501,16,0,5 6,0
11019,'1198374',725,,10502,16,,,0
11019,'1198401',1924,,10503,16,0,5 6,0
11019,'1198413',2210,,10504,16,,,0
11019,'1198423',1155,,10505,16,,,0
11019,'1198472',840,,10506,16,,,0
11019,'1198605',1124,,10507,16,0,5 6,0
11019,'1198624',1155,,10508,16,,,0
11019,'1198627',2140,,10509,16,,,0
11019,'1198668',855,,10510,16,,,0
11019,'1198671',1426,,10511,16,,,0
11019,'1198695',1611,,10512,16,,,0
11019,'1198698',824,,10513,16,0,5 6,0
11019,'1198701',810,,10514,16,,,0
11019,'1198713',625,,10515,16,,,0
11019,'1198737',1625,,10516,16,,,0
11019,'1198753',2400,,10517,16,,,0
11019,'1198806',1556,,10518,16,,,0
11019,'1198894',740,,10519,16,,,0
11019,'1198896',1356,,10520,16,,,0
11019,'1198957',1656,,10521,16,,,0
11019,'1198963',1225,,10522,16,,,0
11019,'1199015',2324,,10523,16,0,5 6,0
11019,'1199020',1010,,10524,16,,,0
11019,'1199072',1441,,10525,16,,,0
11019,'1199077',755,,10526,16,,,0
11019,'1199162',1526,,10527,16,,,0
11019,'1199164',640,,10528,16,,,0
11019,'1199175',1355,,10529,16,,,0
11019,'1199179',2225,,10530,16,,,0
11019,'1199209',1341,,10531,16,,,0
11019,'1199218',2310,,10532,16,,,0
11019,'1199260',1724,,10533,16,0,5 6,0
11019,'1199285',655,,10534,16,,,0
11019,'1199336',1425,,10535,16,,,0
11019,'1199342',1925,,10536,16,,,0
11019,'1199350',924,,10537,16,0,5 6,0
11019,'1199361',1125,,10538,16,,,0
11019,'1199369',1040,,10539,16,,,0
11019,'1199392',1741,,10540,16,,,0
11019,'1199420',825,,10541,16,,,0
11019,'1199430',2125,,10542,16,,,0
11019,'1199452',1555,,10543,16,,,0
11019,'1199483',1756,,10544,16,,,0
11019,'1199518',1055,,10545,16,,,0
11019,'1199575',2124,,10546,16,0,5 6,0
11019,'1199637',1025,,10547,16,,,0
