24019,'1196934',631,,11187,2,,,0
24019,'1196988',801,,11188,2,,,0
24019,'1197014',2101,,11189,2,,,0
24019,'1197021',2351,,11190,2,,,0
24019,'1197025',701,,11191,2,,,0
24019,'1197047',1431,,11192,2,,,0
24019,'1197094',1001,,11193,2,,,0
24019,'1197127',2231,,11194,2,,,0
24019,'1197154',916,,11195,2,,,0
24019,'1197203',1601,,11196,2,,,0
24019,'1197210',1316,,11197,2,,,0
24019,'1197244',601,,11198,2,,,0
24019,'1197285',1801,,11199,2,,,0
24019,'1197390',1701,,11200,2,,,0
24019,'1197431',1531,,11201,2,,,0
24019,'1197489',2216,,11202,2,,,0
24019,'1197506',1101,,11203,2,,,0
24019,'1197518',1701,,11204,2,,,0
24019,'1197546',1001,,11205,2,,,0
24019,'1197591',1901,,11206,2,,,0
24019,'1197620',901,,11207,2,,,0
24019,'1197680',1401,,11208,2,,,0
24019,'1197686',1916,,11209,2,,,0
24019,'1197707',1301,,11210,2,,,0
24019,'1197750',2131,,11211,2,,,0
24019,'1197764',1631,,11212,2,,,0
24019,'1197783',2116,,11213,2,,,0
24019,'1197805',731,,11214,2,,,0
24019,'1197843',1616,,11215,2,,,0
24019,'1197844',1201,,11216,2,,,0
24019,'1197878',1416,,11217,2,,,0
24019,'1197883',1301,,11218,2,,,0
24019,'1197954',1816,,11219,2,,,0
24019,'1197955',701,,11220,2,,,0
24019,'1197996',801,,11221,2,,,0
24019,'1198055',1401,,11222,2,,,0
24019,'1198087',1101,,11223,2,,,0
24019,'1198107',1516,,11224,2,,,0
24019,'1198126',2001,,11225,2,,,0
24019,'1198142',931,,11226,2,,,0
24019,'1198175',1601,,11227,2,,,0
24019,'1198559',1831,,11228,2,,,0
24019,'1198657',2316,,11229,2,,,0
24019,'1198659',816,,11230,2,,,0
24019,'1198709',1716,,11231,2,,,0
24019,'1198800',2016,,11232,2,,,0
24019,'1198948',901,,11233,2,,,0
24019,'1198975',1216,,11234,2,,,0
24019,'1199043',1016,,11235,2,,,0
24019,'1199106',716,,11236,2,,,0
24019,'1199219',2201,,11237,2,,,0
24019,'1199387',831,,11238,2,,,0
24019,'1199435',1116,,11239,2,,,0
24019,'1199454',2031,,11240,2,,,0
24019,'1199463',1501,,11241,2,,,0
24019,'1199504',1201,,11242,2,,,0
24019,'1199506',1501,,11243,2,,,0
24019,'1199592',1931,,11244,2,,,0
24019,'1199595',1731,,11245,2,,,0
24019,'1199609',2301,,11246,2,,,0
105029,'1196840',2246,,12163,2,,,0
105029,'1196987',1001,,12164,2,,,0
105029,'1196996',1631,,12165,2,,,0
105029,'1197020',1516,,12166,2,,,0
105029,'1197097',1731,,12167,2,,,0
105029,'1197137',2001,,12168,2,,,0
105029,'1197220',1946,,12169,2,,,0
105029,'1197228',1446,,12170,2,,,0
105029,'1197231',716,,12171,2,,,0
105029,'1197439',1116,,12172,2,,,0
105029,'1197501',1916,,12173,2,,,0
105029,'1197522',2116,,12174,2,,,0
105029,'1197561',946,,12175,2,,,0
105029,'1197638',916,,12176,2,,,0
105029,'1197840',2046,,12177,2,,,0
105029,'1197853',2146,,12178,2,,,0
105029,'1197918',1816,,12179,2,,,0
105029,'1197968',2316,,12180,2,,,0
105029,'1198013',1316,,12181,2,,,0
105029,'1198037',1046,,12182,2,,,0
105029,'1198064',1801,,12183,2,,,0
105029,'1198187',1201,,12184,2,,,0
105029,'1198214',1716,,12185,2,,,0
105029,'1198417',1301,,12186,2,,,0
105029,'1198447',1701,,12187,2,,,0
105029,'1198529',1501,,12188,2,,,0
105029,'1198616',646,,12189,2,,,0
105029,'1198625',1601,,12190,2,,,0
105029,'1198711',1301,,12191,2,,,0
105029,'1198718',1516,,12192,2,,,0
105029,'1198725',1701,,12193,2,,,0
105029,'1198779',801,,12194,2,,,0
105029,'1198918',1401,,12195,2,,,0
105029,'1198922',2351,,12196,2,,,0
105029,'1198923',616,,12197,2,,,0
105029,'1199012',601,,12198,2,,,0
105029,'1199037',1346,,12199,2,,,0
105029,'1199107',1416,,12200,2,,,0
105029,'1199124',2401,,12201,2,,,0
105029,'1199144',1201,,12202,2,,,0
105029,'1199148',716,,12203,2,,,0
105029,'1199220',1101,,12204,2,,,0
105029,'1199470',2201,,12205,2,,,0
105029,'1199473',846,,12206,2,,,0
105029,'1199604',746,,12207,2,,,0
105029,'1199607',1601,,12208,2,,,0
106019,'1196832',931,,12209,2,,,0
106019,'1196841',701,,12210,2,,,0
106019,'1197348',816,,12211,2,,,0
106019,'1197389',1801,,12212,2,,,0
106019,'1197951',1531,,12213,2,,,0
106019,'1198120',1646,,12214,2,,,0
140001029,'1196879',616,,12358,2,,,0
140001029,'1196954',946,,12359,2,,,0
140001029,'1196975',1016,,12360,2,,,0
140001029,'1196976',2316,,12361,2,,,0
140001029,'1197010',1331,,12362,2,,,0
140001029,'1197038',1101,,12363,2,,,0
140001029,'1197058',1831,,12364,2,,,0
140001029,'1197078',1116,,12365,2,,,0
140001029,'1197099',2246,,12366,2,,,0
140001029,'1197105',2316,,12367,2,,,0
140001029,'1197113',846,,12368,2,,,0
140001029,'1197141',1431,,12369,2,,,0
140001029,'1197155',1731,,12370,2,,,0
140001029,'1197162',931,,12371,2,,,0
140001029,'1197190',1546,,12372,2,,,0
140001029,'1197195',1646,,12373,2,,,0
140001029,'1197198',1346,,12374,2,,,0
140001029,'1197204',916,,12375,2,,,0
140001029,'1197222',1216,,12376,2,,,0
140001029,'1197249',1216,,12377,2,,,0
140001029,'1197271',1931,,12378,2,,,0
140001029,'1197276',1046,,12379,2,,,0
140001029,'1197293',1501,,12380,2,,,0
140001029,'1197305',1516,,12381,2,,,0
140001029,'1197370',1201,,12382,2,,,0
140001029,'1197377',2216,,12383,2,,,0
140001029,'1197379',746,,12384,2,,,0
140001029,'1197386',1816,,12385,2,,,0
140001029,'1197424',2046,,12386,2,,,0
140001029,'1197426',1001,,12387,2,,,0
140001029,'1197432',946,,12388,2,,,0
140001029,'1197460',2216,,12389,2,,,0
140001029,'1197482',616,,12390,2,,,0
140001029,'1197494',2351,,12391,2,,,0
140001029,'1197497',1646,,12392,2,,,0
140001029,'1197568',1316,,12393,2,,,0
140001029,'1197611',2246,,12394,2,,,0
140001029,'1197612',1531,,12395,2,,,0
140001029,'1197619',1816,,12396,2,,,0
140001029,'1197627',831,,12397,2,,,0
140001029,'1197635',2216,,12398,2,,,0
140001029,'1197649',1316,,12399,2,,,0
140001029,'1197658',1916,,12400,2,,,0
140001029,'1197662',1046,,12401,2,,,0
140001029,'1197723',916,,12402,2,,,0
140001029,'1197758',1231,,12403,2,,,0
140001029,'1197776',2016,,12404,2,,,0
140001029,'1197849',2146,,12405,2,,,0
140001029,'1197888',1946,,12406,2,,,0
140001029,'1197928',1416,,12407,2,,,0
140001029,'1197938',1401,,12408,2,,,0
140001029,'1197948',1446,,12409,2,,,0
140001029,'1197957',1601,,12410,2,,,0
140001029,'1197967',1701,,12411,2,,,0
140001029,'1197972',1546,,12412,2,,,0
140001029,'1197983',716,,12413,2,,,0
140001029,'1198007',2116,,12414,2,,,0
140001029,'1198048',731,,12415,2,,,0
140001029,'1198049',701,,12416,2,,,0
140001029,'1198081',1246,,12417,2,,,0
140001029,'1198099',931,,12418,2,,,0
140001029,'1198101',1116,,12419,2,,,0
140001029,'1198102',816,,12420,2,,,0
140001029,'1198131',2016,,12421,2,,,0
140001029,'1198132',1016,,12422,2,,,0
140001029,'1198186',1746,,12423,2,,,0
140001029,'1198207',646,,12424,2,,,0
140001029,'1198209',901,,12425,2,,,0
140001029,'1198299',1146,,12426,2,,,0
140001029,'1198347',631,,12427,2,,,0
140001029,'1198350',1901,,12428,2,,,0
140001029,'1198371',1416,,12429,2,,,0
140001029,'1198391',2031,,12430,2,,,0
140001029,'1198425',2016,,12431,2,,,0
140001029,'1198451',2346,,12432,2,,,0
140001029,'1198469',1616,,12433,2,,,0
140001029,'1198505',1416,,12434,2,,,0
140001029,'1198517',1146,,12435,2,,,0
140001029,'1198540',716,,12436,2,,,0
140001029,'1198546',1016,,12437,2,,,0
140001029,'1198572',1531,,12438,2,,,0
140001029,'1198636',801,,12439,2,,,0
140001029,'1198643',1216,,12440,2,,,0
140001029,'1198645',1716,,12441,2,,,0
140001029,'1198655',746,,12442,2,,,0
140001029,'1198697',846,,12443,2,,,0
140001029,'1198757',1616,,12444,2,,,0
140001029,'1198770',1946,,12445,2,,,0
140001029,'1198787',1601,,12446,2,,,0
140001029,'1198789',1916,,12447,2,,,0
140001029,'1198794',1031,,12448,2,,,0
140001029,'1198796',2146,,12449,2,,,0
140001029,'1198802',1101,,12450,2,,,0
140001029,'1198817',1501,,12451,2,,,0
140001029,'1198824',1131,,12452,2,,,0
140001029,'1198860',1801,,12453,2,,,0
140001029,'1198934',1701,,12454,2,,,0
140001029,'1198970',1731,,12455,2,,,0
140001029,'1198973',916,,12456,2,,,0
140001029,'1198981',1816,,12457,2,,,0
140001029,'1198986',2316,,12458,2,,,0
140001029,'1198999',1331,,12459,2,,,0
140001029,'1199001',716,,12460,2,,,0
140001029,'1199006',816,,12461,2,,,0
140001029,'1199010',1746,,12462,2,,,0
140001029,'1199031',1201,,12463,2,,,0
140001029,'1199086',1001,,12464,2,,,0
140001029,'1199101',646,,12465,2,,,0
140001029,'1199110',1131,,12466,2,,,0
140001029,'1199113',1631,,12467,2,,,0
140001029,'1199128',1031,,12468,2,,,0
140001029,'1199156',1916,,12469,2,,,0
140001029,'1199174',1301,,12470,2,,,0
140001029,'1199189',816,,12471,2,,,0
140001029,'1199191',1801,,12472,2,,,0
140001029,'1199203',2046,,12473,2,,,0
140001029,'1199247',1631,,12474,2,,,0
140001029,'1199259',1831,,12475,2,,,0
140001029,'1199261',1401,,12476,2,,,0
140001029,'1199275',1516,,12477,2,,,0
140001029,'1199283',1316,,12478,2,,,0
140001029,'1199312',1231,,12479,2,,,0
140001029,'1199341',2001,,12480,2,,,0
140001029,'1199351',1301,,12481,2,,,0
140001029,'1199395',1716,,12482,2,,,0
140001029,'1199415',1846,,12483,2,,,0
140001029,'1199446',1846,,12484,2,,,0
140001029,'1199456',1516,,12485,2,,,0
140001029,'1199465',1716,,12486,2,,,0
140001029,'1199469',2116,,12487,2,,,0
140001029,'1199481',1616,,12488,2,,,0
140001029,'1199494',1446,,12489,2,,,0
140001029,'1199502',1346,,12490,2,,,0
140001029,'1199522',1431,,12491,2,,,0
140001029,'1199528',2116,,12492,2,,,0
140001029,'1199569',1116,,12493,2,,,0
140001029,'1199608',1246,,12494,2,,,0
