27019,'1196842',1859,,11533,5,,,0
27019,'1196846',1644,,11534,5,,,0
27019,'1196878',944,,11535,5,,,0
27019,'1196919',1359,,11536,5,,,0
27019,'1196930',2114,,11537,5,,,0
27019,'1197039',844,,11538,5,,,0
27019,'1197044',1544,,11539,5,,,0
27019,'1197171',2314,,11540,5,,,0
27019,'1197352',944,,11541,5,,,0
27019,'1197376',1044,,11542,5,,,0
27019,'1197425',844,,11543,5,,,0
27019,'1197453',1914,,11544,5,,,0
27019,'1197540',2344,,11545,5,,,0
27019,'1197614',644,,11546,5,,,0
27019,'1197700',959,,11547,5,,,0
27019,'1197712',1144,,11548,5,,,0
27019,'1197781',1744,,11549,5,,,0
27019,'1197786',1444,,11550,5,,,0
27019,'1197791',2214,,11551,5,,,0
27019,'1197796',1044,,11552,5,,,0
27019,'1197826',1059,,11553,5,,,0
27019,'1197858',2244,,11554,5,,,0
27019,'1197876',1144,,11555,5,,,0
27019,'1197898',859,,11556,5,,,0
27019,'1197907',1344,,11557,5,,,0
27019,'1197930',2059,,11558,5,,,0
27019,'1197969',2159,,11559,5,,,0
27019,'1197974',2144,,11560,5,,,0
27019,'1198068',1244,,11561,5,,,0
27019,'1198176',2014,,11562,5,,,0
27019,'1198217',1559,,11563,5,,,0
27019,'1198254',2259,,11564,5,,,0
27019,'1198284',2044,,11565,5,,,0
27019,'1198330',1659,,11566,5,,,0
27019,'1198516',1944,,11567,5,,,0
27019,'1198596',644,,11568,5,,,0
27019,'1198639',744,,11569,5,,,0
27019,'1198652',1644,,11570,5,,,0
27019,'1198762',1759,,11571,5,,,0
27019,'1198768',1459,,11572,5,,,0
27019,'1198893',1159,,11573,5,,,0
27019,'1198985',759,,11574,5,,,0
27019,'1199071',1444,,11575,5,,,0
27019,'1199163',744,,11576,5,,,0
27019,'1199201',1844,,11577,5,,,0
27019,'1199293',1744,,11578,5,,,0
27019,'1199295',1844,,11579,5,,,0
27019,'1199302',1244,,11580,5,,,0
27019,'1199381',1959,,11581,5,,,0
27019,'1199443',1344,,11582,5,,,0
27019,'1199543',1259,,11583,5,,,0
27019,'1199599',1544,,11584,5,,,0
