14019,'1196890',1814,,10916,4,,,0
14019,'1196970',2044,,10917,4,,,0
14019,'1196984',1343,,10918,4,,,0
14019,'1197073',2144,,10919,4,,,0
14019,'1197090',743,,10920,4,,,0
14019,'1197106',1715,,10921,4,,,0
14019,'1197152',1545,,10922,4,,,0
14019,'1197163',1644,,10923,4,,,0
14019,'1197189',1943,,10924,4,,,0
14019,'1197473',944,,10925,4,,,0
14019,'1197576',1143,,10926,4,,,0
14019,'1197578',1843,,10927,4,,,0
14019,'1197606',843,,10928,4,,,0
14019,'1197719',1544,,10929,4,,,0
14019,'1197768',1645,,10930,4,,,0
14019,'1197774',1244,,10931,4,,,0
14019,'1197807',644,,10932,4,,,0
14019,'1197857',1243,,10933,4,,,0
14019,'1197872',744,,10934,4,,,0
14019,'1197899',2314,,10935,4,,,0
14019,'1197912',1643,,10936,4,,,0
14019,'1197929',1344,,10937,4,,,0
14019,'1197946',1944,,10938,4,,,0
14019,'1198043',2344,,10939,4,,,0
14019,'1198056',1914,,10940,4,,,0
14019,'1198057',644,,10941,4,,,0
14019,'1198062',1543,,10942,4,,,0
14019,'1198118',2014,,10943,4,,,0
14019,'1198151',1443,,10944,4,,,0
14019,'1198161',1445,,10945,4,,,0
14019,'1198262',1444,,10946,4,,,0
14019,'1198285',2244,,10947,4,,,0
14019,'1198312',944,,10948,4,,,0
14019,'1198386',1844,,10949,4,,,0
14019,'1198412',1145,,10950,4,,,0
14019,'1198436',844,,10951,4,,,0
14019,'1198460',1045,,10952,4,,,0
14019,'1198507',844,,10953,4,,,0
14019,'1198513',1245,,10954,4,,,0
14019,'1198539',1044,,10955,4,,,0
14019,'1198751',2043,,10956,4,,,0
14019,'1198810',2343,,10957,4,,,0
14019,'1198859',1515,,10958,4,,,0
14019,'1198869',914,,10959,4,,,0
14019,'1198890',2143,,10960,4,,,0
14019,'1199036',714,,10961,4,,,0
14019,'1199048',744,,10962,4,,,0
14019,'1199075',814,,10963,4,,,0
14019,'1199084',1043,,10964,4,,,0
14019,'1199131',2114,,10965,4,,,0
14019,'1199280',2243,,10966,4,,,0
14019,'1199286',943,,10967,4,,,0
14019,'1199393',1345,,10968,4,,,0
14019,'1199441',1615,,10969,4,,,0
14019,'1199444',1744,,10970,4,,,0
14019,'1199523',1743,,10971,4,,,0
14019,'1199538',1745,,10972,4,,,0
14019,'1199568',2214,,10973,4,,,0
14019,'1199582',1144,,10974,4,,,0
29019,'1196845',1223,,11755,4,,,0
29019,'1197023',938,,11756,4,,,0
29019,'1197248',1922,,11757,4,,,0
29019,'1197445',1138,,11758,4,,,0
29019,'1197468',1438,,11759,4,,,0
29019,'1197869',1123,,11760,4,,,0
29019,'1197959',922,,11761,4,,,0
29019,'1198305',1238,,11762,4,,,0
29019,'1198397',1538,,11763,4,,,0
29019,'1198428',822,,11764,4,,,0
29019,'1198456',2322,,11765,4,,,0
29019,'1198533',1523,,11766,4,,,0
29019,'1198557',2122,,11767,4,,,0
29019,'1198961',1623,,11768,4,,,0
29019,'1199000',1822,,11769,4,,,0
29019,'1199017',1423,,11770,4,,,0
29019,'1199038',722,,11771,4,,,0
29019,'1199080',1723,,11772,4,,,0
29019,'1199158',2022,,11773,4,,,0
29019,'1199278',1038,,11774,4,,,0
29019,'1199317',1338,,11775,4,,,0
29019,'1199409',1023,,11776,4,,,0
29019,'1199455',2222,,11777,4,,,0
29019,'1199486',1323,,11778,4,,,0
190001019,'1196837',1338,,12495,4,,,0
190001019,'1196862',1629,,12496,4,,,0
190001019,'1196877',1853,,12497,4,,,0
190001019,'1196883',1223,,12498,4,,,0
190001019,'1196901',623,,12499,4,,,0
190001019,'1196926',808,,12500,4,,,0
190001019,'1196927',1923,,12501,4,,,0
190001019,'1196941',1958,,12502,4,,,0
190001019,'1196956',1253,,12503,4,,,0
190001019,'1196974',1238,,12504,4,,,0
190001019,'1197019',1414,,12505,4,,,0
190001019,'1197037',1729,,12506,4,,,0
190001019,'1197055',1908,,12507,4,,,0
190001019,'1197061',1358,,12508,4,,,0
190001019,'1197062',1509,,12509,4,,,0
190001019,'1197067',1744,,12510,4,,,0
190001019,'1197087',1054,,12511,4,,,0
190001019,'1197116',723,,12512,4,,,0
190001019,'1197124',2323,,12513,4,,,0
190001019,'1197149',1208,,12514,4,,,0
190001019,'1197157',938,,12515,4,,,0
190001019,'1197183',2153,,12516,4,,,0
190001019,'1197196',1624,,12517,4,,,0
190001019,'1197239',1354,,12518,4,,,0
190001019,'1197241',923,,12519,4,,,0
190001019,'1197275',858,,12520,4,,,0
190001019,'1197336',1809,,12521,4,,,0
190001019,'1197358',1058,,12522,4,,,0
190001019,'1197359',823,,12523,4,,,0
190001019,'1197381',1709,,12524,4,,,0
190001019,'1197382',1658,,12525,4,,,0
190001019,'1197450',1753,,12526,4,,,0
190001019,'1197483',1109,,12527,4,,,0
190001019,'1197488',1424,,12528,4,,,0
190001019,'1197500',853,,12529,4,,,0
190001019,'1197524',923,,12530,4,,,0
190001019,'1197530',1609,,12531,4,,,0
190001019,'1197543',1558,,12532,4,,,0
190001019,'1197562',1953,,12533,4,,,0
190001019,'1197598',1444,,12534,4,,,0
190001019,'1197653',1023,,12535,4,,,0
190001019,'1197698',1008,,12536,4,,,0
190001019,'1197706',958,,12537,4,,,0
190001019,'1197709',1108,,12538,4,,,0
190001019,'1197713',1754,,12539,4,,,0
190001019,'1197736',1339,,12540,4,,,0
190001019,'1197746',908,,12541,4,,,0
190001019,'1197811',1838,,12542,4,,,0
190001019,'1197845',1353,,12543,4,,,0
190001019,'1197867',2223,,12544,4,,,0
190001019,'1197877',1053,,12545,4,,,0
190001019,'1197919',1039,,12546,4,,,0
190001019,'1197924',1938,,12547,4,,,0
190001019,'1197933',1739,,12548,4,,,0
190001019,'1197942',1823,,12549,4,,,0
190001019,'1197950',1429,,12550,4,,,0
190001019,'1197953',1024,,12551,4,,,0
190001019,'1197956',1308,,12552,4,,,0
190001019,'1198005',1724,,12553,4,,,0
190001019,'1198015',2358,,12554,4,,,0
190001019,'1198030',2058,,12555,4,,,0
190001019,'1198047',1458,,12556,4,,,0
190001019,'1198065',2053,,12557,4,,,0
190001019,'1198066',653,,12558,4,,,0
190001019,'1198075',2153,,12559,4,,,0
190001019,'1198104',953,,12560,4,,,0
190001019,'1198135',2008,,12561,4,,,0
190001019,'1198157',2253,,12562,4,,,0
190001019,'1198172',1758,,12563,4,,,0
190001019,'1198202',1139,,12564,4,,,0
190001019,'1198216',1224,,12565,4,,,0
190001019,'1198221',2138,,12566,4,,,0
190001019,'1198238',753,,12567,4,,,0
190001019,'1198255',638,,12568,4,,,0
190001019,'1198261',1838,,12569,4,,,0
190001019,'1198292',1138,,12570,4,,,0
190001019,'1198298',1654,,12571,4,,,0
190001019,'1198311',1559,,12572,4,,,0
190001019,'1198339',1923,,12573,4,,,0
190001019,'1198343',1459,,12574,4,,,0
190001019,'1198372',758,,12575,4,,,0
190001019,'1198396',1714,,12576,4,,,0
190001019,'1198407',1153,,12577,4,,,0
190001019,'1198441',1614,,12578,4,,,0
190001019,'1198467',1823,,12579,4,,,0
190001019,'1198471',1539,,12580,4,,,0
190001019,'1198476',1258,,12581,4,,,0
190001019,'1198499',2258,,12582,4,,,0
190001019,'1198534',2353,,12583,4,,,0
190001019,'1198547',1008,,12584,4,,,0
190001019,'1198574',1524,,12585,4,,,0
190001019,'1198598',823,,12586,4,,,0
190001019,'1198607',853,,12587,4,,,0
190001019,'1198613',2223,,12588,4,,,0
190001019,'1198622',1953,,12589,4,,,0
190001019,'1198646',2108,,12590,4,,,0
190001019,'1198647',653,,12591,4,,,0
190001019,'1198653',2053,,12592,4,,,0
190001019,'1198674',1154,,12593,4,,,0
190001019,'1198678',2038,,12594,4,,,0
190001019,'1198685',2023,,12595,4,,,0
190001019,'1198700',1124,,12596,4,,,0
190001019,'1198707',1409,,12597,4,,,0
190001019,'1198721',1038,,12598,4,,,0
190001019,'1198724',1529,,12599,4,,,0
190001019,'1198784',1209,,12600,4,,,0
190001019,'1198792',1853,,12601,4,,,0
190001019,'1198804',1158,,12602,4,,,0
190001019,'1198821',708,,12603,4,,,0
190001019,'1198827',2123,,12604,4,,,0
190001019,'1198852',2158,,12605,4,,,0
190001019,'1198857',1639,,12606,4,,,0
190001019,'1198864',1808,,12607,4,,,0
190001019,'1198929',1554,,12608,4,,,0
190001019,'1198949',1239,,12609,4,,,0
190001019,'1198960',1858,,12610,4,,,0
190001019,'1198974',1254,,12611,4,,,0
190001019,'1198988',1324,,12612,4,,,0
190001019,'1198997',1439,,12613,4,,,0
190001019,'1199029',2253,,12614,4,,,0
190001019,'1199121',1644,,12615,4,,,0
190001019,'1199126',1323,,12616,4,,,0
190001019,'1199140',2413,,12617,4,,,0
190001019,'1199142',1123,,12618,4,,,0
190001019,'1199166',753,,12619,4,,,0
190001019,'1199192',2023,,12620,4,,,0
190001019,'1199228',738,,12621,4,,,0
190001019,'1199318',1514,,12622,4,,,0
190001019,'1199339',1659,,12623,4,,,0
190001019,'1199371',723,,12624,4,,,0
190001019,'1199373',838,,12625,4,,,0
190001019,'1199385',1309,,12626,4,,,0
190001019,'1199427',1454,,12627,4,,,0
190001019,'1199436',1544,,12628,4,,,0
190001019,'1199510',2323,,12629,4,,,0
190001019,'1199550',2353,,12630,4,,,0
190001019,'1199551',2123,,12631,4,,,0
190001019,'1199648',953,,12632,4,,,0
