2029,'1196924',1511,,10051,7,,,0
2029,'1196985',1156,,10052,7,,,0
2029,'1196991',2239,,10053,7,,,0
2029,'1197028',2039,,10054,7,,,0
2029,'1197134',1826,,10055,7,,,0
2029,'1197139',925,,10056,7,,,0
2029,'1197143',2326,,10057,7,,,0
2029,'1197168',1611,,10058,7,,,0
2029,'1197170',641,,10059,7,,,0
2029,'1197175',1456,,10060,7,,,0
2029,'1197208',1441,,10061,7,,,0
2029,'1197209',856,,10062,7,,,0
2029,'1197218',710,,10063,7,,,0
2029,'1197261',1626,,10064,7,,,0
2029,'1197268',1656,,10065,7,,,0
2029,'1197282',640,,10066,7,,,0
2029,'1197288',2139,,10067,7,,,0
2029,'1197331',1622,,10068,7,,,0
2029,'1197332',2209,,10069,7,,,0
2029,'1197367',1422,,10070,7,,,0
2029,'1197375',855,,10071,7,,,0
2029,'1197411',1040,,10072,7,,,0
2029,'1197419',1326,,10073,7,,,0
2029,'1197430',655,,10074,7,,,0
2029,'1197437',955,,10075,7,,,0
2029,'1197491',1352,,10076,7,,,0
2029,'1197508',755,,10077,7,,,0
2029,'1197527',1241,,10078,7,,,0
2029,'1197534',1041,,10079,7,,,0
2029,'1197599',1641,,10080,7,,,0
2029,'1197642',740,,10081,7,,,0
2029,'1197644',1811,,10082,7,,,0
2029,'1197647',940,,10083,7,,,0
2029,'1197651',2336,,10084,7,,,0
2029,'1197655',2406,,10085,7,,,0
2029,'1197665',1026,,10086,7,,,0
2029,'1197667',1941,,10087,7,,,0
2029,'1197739',1711,,10088,7,,,0
2029,'1197769',1141,,10089,7,,,0
2029,'1197800',1010,,10090,7,,,0
2029,'1197808',2009,,10091,7,,,0
2029,'1197821',741,,10092,7,,,0
2029,'1197871',810,,10093,7,,,0
2029,'1197901',840,,10094,7,,,0
2029,'1197910',1741,,10095,7,,,0
2029,'1198003',1056,,10096,7,,,0
2029,'1198023',1225,,10097,7,,,0
2029,'1198042',841,,10098,7,,,0
2029,'1198045',2241,,10099,7,,,0
2029,'1198089',910,,10100,7,,,0
2029,'1198144',1025,,10101,7,,,0
2029,'1198156',2309,,10102,7,,,0
2029,'1198168',2026,,10103,7,,,0
2029,'1198184',941,,10104,7,,,0
2029,'1198213',1411,,10105,7,,,0
2029,'1198215',1826,,10106,7,,,0
2029,'1198275',1140,,10107,7,,,0
2029,'1198291',1055,,10108,7,,,0
2029,'1198335',1939,,10109,7,,,0
2029,'1198359',1322,,10110,7,,,0
2029,'1198433',1341,,10111,7,,,0
2029,'1198455',1222,,10112,7,,,0
2029,'1198473',1752,,10113,7,,,0
2029,'1198494',1722,,10114,7,,,0
2029,'1198537',1741,,10115,7,,,0
2029,'1198581',1126,,10116,7,,,0
2029,'1198603',1541,,10117,7,,,0
2029,'1198608',941,,10118,7,,,0
2029,'1198619',2411,,10119,7,,,0
2029,'1198682',1426,,10120,7,,,0
2029,'1198743',2241,,10121,7,,,0
2029,'1198838',1341,,10122,7,,,0
2029,'1198840',1452,,10123,7,,,0
2029,'1198841',725,,10124,7,,,0
2029,'1198851',2109,,10125,7,,,0
2029,'1198854',1155,,10126,7,,,0
2029,'1198870',726,,10127,7,,,0
2029,'1198967',2341,,10128,7,,,0
2029,'1199005',1556,,10129,7,,,0
2029,'1199023',1522,,10130,7,,,0
2029,'1199042',1941,,10131,7,,,0
2029,'1199046',1839,,10132,7,,,0
2029,'1199049',1110,,10133,7,,,0
2029,'1199063',1311,,10134,7,,,0
2029,'1199099',1256,,10135,7,,,0
2029,'1199116',1726,,10136,7,,,0
2029,'1199173',1552,,10137,7,,,0
2029,'1199237',2141,,10138,7,,,0
2029,'1199240',825,,10139,7,,,0
2029,'1199269',1241,,10140,7,,,0
2029,'1199288',1541,,10141,7,,,0
2029,'1199299',2156,,10142,7,,,0
2029,'1199305',1210,,10143,7,,,0
2029,'1199316',1756,,10144,7,,,0
2029,'1199329',1641,,10145,7,,,0
2029,'1199333',811,,10146,7,,,0
2029,'1199335',1252,,10147,7,,,0
2029,'1199398',2041,,10148,7,,,0
2029,'1199466',1909,,10149,7,,,0
2029,'1199478',1841,,10150,7,,,0
2029,'1199484',1526,,10151,7,,,0
2029,'1199542',2426,,10152,7,,,0
2029,'1199552',1356,,10153,7,,,0
2029,'1199560',1856,,10154,7,,,0
2029,'1199580',2111,,10155,7,,,0
2029,'1199620',1441,,10156,7,,,0
2029,'1199621',1125,,10157,7,,,0
2029,'1199635',1652,,10158,7,,,0
23019,'1196858',937,,11169,2,,,0
23019,'1197650',907,,11170,2,,,0
23019,'1197677',1507,,11171,2,,,0
23019,'1198140',1707,,11172,2,,,0
23019,'1198693',1107,,11173,2,,,0
23019,'1198972',1337,,11174,2,,,0
23019,'1199104',1537,,11175,2,,,0
23019,'1199267',1307,,11176,2,,,0
23019,'1199355',1137,,11177,2,,,0
103019,'1196838',2016,,11950,2,,,0
103019,'1196888',936,,11951,2,,,0
103019,'1196969',1636,,11952,2,,,0
103019,'1196981',1206,,11953,2,,,0
103019,'1197294',2106,,11954,2,,,0
103019,'1197441',1036,,11955,2,,,0
103019,'1197545',1706,,11956,2,,,0
103019,'1197721',1336,,11957,2,,,0
103019,'1197732',851,,11958,2,,,0
103019,'1197772',1451,,11959,2,,,0
103019,'1197847',1536,,11960,2,,,0
103019,'1197900',2306,,11961,2,,,0
103019,'1197976',2136,,11962,2,,,0
103019,'1198084',736,,11963,2,,,0
103019,'1198108',1416,,11964,2,,,0
103019,'1198169',721,,11965,2,,,0
103019,'1198206',906,,11966,2,,,0
103019,'1198228',1106,,11967,2,,,0
103019,'1198242',1846,,11968,2,,,0
103019,'1198304',1406,,11969,2,,,0
103019,'1198348',2146,,11970,2,,,0
103019,'1198369',2236,,11971,2,,,0
103019,'1198383',1236,,11972,2,,,0
103019,'1198393',636,,11973,2,,,0
103019,'1198760',806,,11975,2,,,0
103019,'1198790',2316,,11976,2,,,0
103019,'1198820',1246,,11977,2,,,0
103019,'1198832',1716,,11978,2,,,0
103019,'1198901',2006,,11979,2,,,0
103019,'1198908',946,,11980,2,,,0
103019,'1198992',1546,,11981,2,,,0
103019,'1199041',1116,,11982,2,,,0
103019,'1199057',1506,,11983,2,,,0
103019,'1199120',1836,,11984,2,,,0
103019,'1199157',1806,,11985,2,,,0
103019,'1199198',816,,11986,2,,,0
103019,'1199232',1621,,11987,2,,,0
103019,'1199535',1936,,11988,2,,,0
