104019,'1196891',2337,,12027,23,,,0
104019,'1197169',2413,,12028,23,,,0
104019,'1197256',1342,,12029,23,,,0
104019,'1197286',2137,,12030,23,,,0
104019,'1197298',1212,,12031,23,,,0
104019,'1197387',2238,,12032,23,,,0
104019,'1197452',2008,,12033,23,,,0
104019,'1197544',923,,12034,23,,,0
104019,'1197547',1238,,12035,23,,,0
104019,'1197640',1537,,12036,23,,,0
104019,'1197714',1808,,12037,23,,,0
104019,'1197725',2108,,12038,23,,,0
104019,'1197761',737,,12039,23,,,0
104019,'1197801',1008,,12040,23,,,0
104019,'1197820',808,,12042,23,,,0
104019,'1197873',623,,12043,23,,,0
104019,'1197937',1508,,12044,23,,,0
104019,'1198060',1737,,12045,23,,,0
104019,'1198073',2353,,12046,23,,,0
104019,'1198077',2238,,12047,23,,,0
104019,'1198194',1127,,12048,23,,,0
104019,'1198253',1137,,12049,23,,,0
104019,'1198313',1512,,12050,23,,,0
104019,'1198322',1623,,12051,23,,,0
104019,'1198353',1257,,12052,23,,,0
104019,'1198411',937,,12053,23,,,0
104019,'1198567',1738,,12055,23,,,0
104019,'1198664',853,,12056,23,,,0
104019,'1198683',1353,,12057,23,,,0
104019,'1198738',1938,,12058,23,,,0
104019,'1198750',1937,,12059,23,,,0
104019,'1198780',853,,12060,23,,,0
104019,'1198913',1427,,12061,23,,,0
104019,'1198958',653,,12062,23,,,0
104019,'1199185',738,,12064,23,,,0
104019,'1199190',1123,,12065,23,,,0
104019,'1199331',1337,,12066,23,,,0
104019,'1199407',1853,,12067,23,,,0
104019,'1199459',1723,,12068,23,,,0
104019,'1199490',1642,,12069,23,,,0
104019,'1199539',1008,,12070,23,,,0
104019,'1199564',738,,12071,23,,,0
104019,'1199583',1557,,12072,23,,,0
104019,'1199617',2123,,12073,23,,,0
