29029,'1196899',1241,,11779,12,,,0
29029,'1197015',1556,,11780,12,,,0
29029,'1197158',841,,11781,12,,,0
29029,'1197161',2041,,11782,12,,,0
29029,'1197340',956,,11783,12,,,0
29029,'1197455',1041,,11784,12,,,0
29029,'1197503',1341,,11785,12,,,0
29029,'1197514',1456,,11786,12,,,0
29029,'1197579',2241,,11787,12,,,0
29029,'1197580',2341,,11788,12,,,0
29029,'1197733',1056,,11789,12,,,0
29029,'1197827',1741,,11790,12,,,0
29029,'1198085',1641,,11791,12,,,0
29029,'1198192',1256,,11792,12,,,0
29029,'1198245',1156,,11793,12,,,0
29029,'1198309',941,,11794,12,,,0
29029,'1198331',2141,,11795,12,,,0
29029,'1198551',1841,,11796,12,,,0
29029,'1198575',1356,,11797,12,,,0
29029,'1198844',1541,,11798,12,,,0
29029,'1199028',741,,11799,12,,,0
29029,'1199153',1441,,11800,12,,,0
29029,'1199188',1141,,11801,12,,,0
29029,'1199343',1941,,11802,12,,,0
