24029,'1196855',2146,,11247,2,,,0
24029,'1196863',1616,,11248,2,,,0
24029,'1196903',1648,,11249,2,,,0
24029,'1196935',1531,,11250,2,,,0
24029,'1196998',946,,11251,2,,,0
24029,'1197011',615,,11252,2,,,0
24029,'1197043',2016,,11253,2,,,0
24029,'1197098',1017,,11254,2,,,0
24029,'1197100',1548,,11255,2,,,0
24029,'1197147',816,,11256,2,,,0
24029,'1197194',1718,,11257,2,,,0
24029,'1197347',1217,,11258,2,,,0
24029,'1197395',2331,,11259,2,,,0
24029,'1197401',1231,,11260,2,,,0
24029,'1197449',1517,,11261,2,,,0
24029,'1197535',1431,,11262,2,,,0
24029,'1197571',1946,,11263,2,,,0
24029,'1197636',831,,11264,2,,,0
24029,'1197711',1418,,11265,2,,,0
24029,'1197716',1417,,11266,2,,,0
24029,'1197740',1618,,11267,2,,,0
24029,'1197752',2246,,11268,2,,,0
24029,'1197838',916,,11269,2,,,0
24029,'1197859',917,,11270,2,,,0
24029,'1197868',2046,,11271,2,,,0
24029,'1198001',1318,,11272,2,,,0
24029,'1198033',715,,11273,2,,,0
24029,'1198069',1831,,11274,2,,,0
24029,'1198091',746,,11275,2,,,0
24029,'1198103',2031,,11276,2,,,0
24029,'1198109',731,,11277,2,,,0
24029,'1198307',2116,,11278,2,,,0
24029,'1198333',1031,,11279,2,,,0
24029,'1198357',1016,,11280,2,,,0
24029,'1198422',1731,,11281,2,,,0
24029,'1198495',1317,,11282,2,,,0
24029,'1198628',1931,,11283,2,,,0
24029,'1198699',1331,,11284,2,,,0
24029,'1198752',1118,,11285,2,,,0
24029,'1198764',1448,,11286,2,,,0
24029,'1198765',1716,,11287,2,,,0
24029,'1198785',2216,,11288,2,,,0
24029,'1198801',1218,,11289,2,,,0
24029,'1198831',1748,,11290,2,,,0
24029,'1198847',1631,,11291,2,,,0
24029,'1198886',716,,11292,2,,,0
24029,'1198954',1131,,11293,2,,,0
24029,'1198966',1518,,11294,2,,,0
24029,'1198971',2231,,11295,2,,,0
24029,'1199014',1916,,11296,2,,,0
24029,'1199150',2316,,11297,2,,,0
24029,'1199169',2406,,11298,2,,,0
24029,'1199217',1117,,11299,2,,,0
24029,'1199230',816,,11300,2,,,0
24029,'1199287',646,,11301,2,,,0
24029,'1199365',2131,,11302,2,,,0
24029,'1199397',846,,11303,2,,,0
24029,'1199530',931,,11304,2,,,0
24029,'1199545',1846,,11305,2,,,0
24029,'1199636',1816,,11306,2,,,0
105019,'1196946',945,,12117,104,,,0
105019,'1197049',1859,,12118,104,,,0
105019,'1197077',633,,12119,104,,,0
105019,'1197115',1244,,12120,104,,,0
105019,'1197131',745,,12121,104,,,0
105019,'1197173',1246,,12122,104,,,0
105019,'1197181',1100,,12123,104,,,0
105019,'1197192',2232,,12124,104,,,0
105019,'1197197',1544,,12125,104,,,0
105019,'1197292',1346,,12126,104,,,0
105019,'1197296',1644,,12127,104,,,0
105019,'1197531',1446,,12128,104,,,0
105019,'1197548',2002,,12129,104,,,0
105019,'1197557',1646,,12130,104,,,0
105019,'1197588',900,,12131,104,,,0
105019,'1197596',2132,,12132,104,,,0
105019,'1197617',1546,,12133,104,,,0
105019,'1197633',1300,,12134,104,,,0
105019,'1197710',841,,12135,104,,,0
105019,'1197779',1829,,12136,104,,,0
105019,'1197825',1459,,12137,104,,,0
105019,'1197971',1144,,12138,104,,,0
105019,'1198112',703,,12139,104,,,0
105019,'1198338',1146,,12140,104,,,0
105019,'1198380',2300,,12141,104,,,0
105019,'1198385',1759,,12142,104,,,0
105019,'1198553',1359,,12143,104,,,0
105019,'1198560',2100,,12144,104,,,0
105019,'1198571',1700,,12145,104,,,0
105019,'1198621',811,,12146,104,,,0
105019,'1198667',1041,,12147,104,,,0
105019,'1198717',1614,,12148,104,,,0
105019,'1198741',941,,12149,104,,,0
105019,'1198746',1929,,12150,104,,,0
105019,'1198889',733,,12151,104,,,0
105019,'1199004',1500,,12152,104,,,0
105019,'1199054',1714,,12153,104,,,0
105019,'1199098',911,,12154,104,,,0
105019,'1199298',2432,,12155,104,,,0
105019,'1199347',2345,,12156,104,,,0
105019,'1199383',2332,,12157,104,,,0
105019,'1199400',1746,,12158,104,,,0
105019,'1199461',1900,,12159,104,,,0
105019,'1199511',1846,,12160,104,,,0
105019,'1199546',2145,,12161,104,,,0
105019,'1199574',1946,,12162,104,,,0
106029,'1196836',1630,,12215,35,,,0
106029,'1196851',1745,,12216,35,,,0
106029,'1197042',1028,,12217,35,,,0
106029,'1197408',1900,,12218,35,,,0
106029,'1198086',758,,12219,35,,,0
106029,'1198615',913,,12220,35,,,0
140001019,'1196866',815,,12221,14,,,0
140001019,'1196880',2214,,12222,14,,,0
140001019,'1196896',1030,,12223,14,,,0
140001019,'1196898',2145,,12224,14,,,0
140001019,'1196900',1931,,12225,14,,,0
140001019,'1196905',1902,,12226,14,,,0
140001019,'1196939',2315,,12227,14,,,0
140001019,'1196943',1332,,12228,14,,,0
140001019,'1196945',2340,,12229,14,,,0
140001019,'1196967',645,,12230,14,,,0
140001019,'1197008',1402,,12231,14,,,0
140001019,'1197072',1423,,12232,14,,,0
140001019,'1197075',1547,,12233,14,,,0
140001019,'1197086',1846,,12234,14,,,0
140001019,'1197088',2045,,12235,14,,,0
140001019,'1197102',700,,12236,14,,,0
140001019,'1197146',1602,,12237,14,,,0
140001019,'1197212',1317,,12238,14,,,0
140001019,'1197216',930,,12239,14,,,0
140001019,'1197238',1202,,12240,14,,,0
140001019,'1197266',1502,,12241,14,,,0
140001019,'1197267',1632,,12242,14,,,0
140001019,'1197281',1638,,12243,14,,,0
140001019,'1197287',945,,12244,14,,,0
140001019,'1197324',1608,,12245,14,,,0
140001019,'1197328',1015,,12246,14,,,0
140001019,'1197350',1045,,12247,14,,,0
140001019,'1197407',1417,,12248,14,,,0
140001019,'1197438',1732,,12249,14,,,0
140001019,'1197459',1000,,12250,14,,,0
140001019,'1197465',1132,,12251,14,,,0
140001019,'1197470',1747,,12252,14,,,0
140001019,'1197474',1015,,12253,14,,,0
140001019,'1197516',1438,,12254,14,,,0
140001019,'1197563',1830,,12255,14,,,0
140001019,'1197567',1945,,12256,14,,,0
140001019,'1197593',1232,,12257,14,,,0
140001019,'1197607',1653,,12258,14,,,0
140001019,'1197613',1753,,12259,14,,,0
140001019,'1197621',1802,,12260,14,,,0
140001019,'1197622',2031,,12261,14,,,0
140001019,'1197646',1217,,12262,14,,,0
140001019,'1197676',1147,,12263,14,,,0
140001019,'1197685',1032,,12264,14,,,0
140001019,'1197688',1317,,12265,14,,,0
140001019,'1197689',1432,,12266,14,,,0
140001019,'1197693',1738,,12267,14,,,0
140001019,'1197729',2001,,12268,14,,,0
140001019,'1197734',1602,,12269,14,,,0
140001019,'1197741',1332,,12270,14,,,0
140001019,'1197745',1217,,12271,14,,,0
140001019,'1197767',1117,,12272,14,,,0
140001019,'1197797',2015,,12273,14,,,0
140001019,'1197802',900,,12274,14,,,0
140001019,'1197830',915,,12275,14,,,0
140001019,'1197894',1817,,12276,14,,,0
140001019,'1197944',1102,,12277,14,,,0
140001019,'1197964',1302,,12278,14,,,0
140001019,'1197966',1047,,12279,14,,,0
140001019,'1197987',1623,,12280,14,,,0
140001019,'1197988',745,,12281,14,,,0
140001019,'1198009',2101,,12282,14,,,0
140001019,'1198027',2302,,12283,14,,,0
140001019,'1198035',830,,12284,14,,,0
140001019,'1198147',2102,,12285,14,,,0
140001019,'1198155',1202,,12286,14,,,0
140001019,'1198177',2046,,12287,14,,,0
140001019,'1198195',1302,,12288,14,,,0
140001019,'1198235',1702,,12289,14,,,0
140001019,'1198264',1302,,12290,14,,,0
140001019,'1198294',1402,,12291,14,,,0
140001019,'1198302',2016,,12292,14,,,0
140001019,'1198324',1802,,12293,14,,,0
140001019,'1198349',730,,12294,14,,,0
140001019,'1198356',1717,,12295,14,,,0
140001019,'1198378',715,,12296,14,,,0
140001019,'1198384',1132,,12297,14,,,0
140001019,'1198418',1915,,12298,14,,,0
140001019,'1198429',1901,,12299,14,,,0
140001019,'1198452',1802,,12300,14,,,0
140001019,'1198461',845,,12301,14,,,0
140001019,'1198463',1831,,12302,14,,,0
140001019,'1198487',1845,,12303,14,,,0
140001019,'1198515',1232,,12304,14,,,0
140001019,'1198535',1708,,12305,14,,,0
140001019,'1198541',1100,,12306,14,,,0
140001019,'1198549',645,,12307,14,,,0
140001019,'1198579',1647,,12308,14,,,0
140001019,'1198595',2116,,12309,14,,,0
140001019,'1198601',1617,,12310,14,,,0
140001019,'1198665',2314,,12311,14,,,0
140001019,'1198666',802,,12312,14,,,0
140001019,'1198714',1453,,12313,14,,,0
140001019,'1198763',2415,,12314,14,,,0
140001019,'1198766',1002,,12315,14,,,0
140001019,'1198781',1816,,12316,14,,,0
140001019,'1198791',1517,,12317,14,,,0
140001019,'1198797',815,,12318,14,,,0
140001019,'1198813',1502,,12319,14,,,0
140001019,'1198814',2402,,12320,14,,,0
140001019,'1198835',1347,,12321,14,,,0
140001019,'1198872',845,,12322,14,,,0
140001019,'1198878',1247,,12323,14,,,0
140001019,'1198900',1508,,12324,14,,,0
140001019,'1198920',2115,,12325,14,,,0
140001019,'1198925',1115,,12326,14,,,0
140001019,'1198926',915,,12327,14,,,0
140001019,'1198932',1000,,12328,14,,,0
140001019,'1198964',1723,,12329,14,,,0
140001019,'1198965',1402,,12330,14,,,0
140001019,'1198980',1538,,12331,14,,,0
140001019,'1199018',2414,,12332,14,,,0
140001019,'1199069',2202,,12333,14,,,0
140001019,'1199136',1247,,12334,14,,,0
140001019,'1199170',745,,12335,14,,,0
140001019,'1199213',2344,,12336,14,,,0
140001019,'1199235',902,,12337,14,,,0
140001019,'1199268',800,,12338,14,,,0
140001019,'1199282',1102,,12339,14,,,0
140001019,'1199297',1523,,12340,14,,,0
140001019,'1199319',945,,12341,14,,,0
140001019,'1199330',1900,,12342,14,,,0
140001019,'1199354',1946,,12343,14,,,0
140001019,'1199367',2144,,12344,14,,,0
140001019,'1199377',1202,,12345,14,,,0
140001019,'1199402',1702,,12346,14,,,0
140001019,'1199414',1447,,12347,14,,,0
140001019,'1199449',1147,,12348,14,,,0
140001019,'1199458',1347,,12349,14,,,0
140001019,'1199468',2244,,12350,14,,,0
140001019,'1199492',1553,,12351,14,,,0
140001019,'1199516',2215,,12352,14,,,0
140001019,'1199563',2245,,12353,14,,,0
140001019,'1199606',1532,,12354,14,,,0
140001019,'1199624',1916,,12355,14,,,0
140001019,'1199632',715,,12356,14,,,0
140001019,'1199638',2002,,12357,14,,,0
