105019,'1196946',905,,12117,40,,,0
105019,'1197049',1814,,12118,40,,,0
105019,'1197077',552,,12119,40,,,0
105019,'1197115',1159,,12120,40,,,0
105019,'1197131',705,,12121,40,,,0
105019,'1197173',1207,,12122,40,,,0
105019,'1197181',1024,,12123,40,,,0
105019,'1197192',2152,,12124,40,,,0
105019,'1197197',1459,,12125,40,,,0
105019,'1197292',1307,,12126,40,,,0
105019,'1197296',1559,,12127,40,,,0
105019,'1197531',1407,,12128,40,,,0
105019,'1197548',1922,,12129,40,,,0
105019,'1197557',1607,,12130,40,,,0
105019,'1197588',824,,12131,40,,,0
105019,'1197596',2052,,12132,40,,,0
105019,'1197617',1507,,12133,40,,,0
105019,'1197633',1224,,12134,40,,,0
105019,'1197710',756,,12135,40,,,0
105019,'1197779',1744,,12136,40,,,0
105019,'1197825',1414,,12137,40,,,0
105019,'1197971',1059,,12138,40,,,0
105019,'1198112',622,,12139,40,,,0
105019,'1198338',1107,,12140,40,,,0
105019,'1198380',2224,,12141,40,,,0
105019,'1198385',1714,,12142,40,,,0
105019,'1198553',1314,,12143,40,,,0
105019,'1198560',2024,,12144,40,,,0
105019,'1198571',1624,,12145,40,,,0
105019,'1198621',726,,12146,40,,,0
105019,'1198667',956,,12147,40,,,0
105019,'1198717',1529,,12148,40,,,0
105019,'1198741',856,,12149,40,,,0
105019,'1198746',1844,,12150,40,,,0
105019,'1198889',652,,12151,40,,,0
105019,'1199004',1424,,12152,40,,,0
105019,'1199054',1629,,12153,40,,,0
105019,'1199098',826,,12154,40,,,0
105019,'1199298',2352,,12155,40,,,0
105019,'1199347',2305,,12156,40,,,0
105019,'1199383',2252,,12157,40,,,0
105019,'1199400',1707,,12158,40,,,0
105019,'1199461',1824,,12159,40,,,0
105019,'1199511',1807,,12160,40,,,0
105019,'1199546',2105,,12161,40,,,0
105019,'1199574',1907,,12162,40,,,0
