12019,'1196839',2127,,10650,17,,,0
12019,'1196874',1128,,10651,17,,,0
12019,'1196885',1628,,10652,17,,,0
12019,'1196887',1558,,10653,17,,,0
12019,'1196940',1328,,10654,17,,,0
12019,'1196983',1927,,10655,17,,,0
12019,'1197026',2227,,10656,17,,,0
12019,'1197080',1827,,10657,17,,,0
12019,'1197104',1857,,10658,17,,,0
12019,'1197223',1758,,10659,17,,,0
12019,'1197306',1158,,10660,17,,,0
12019,'1197322',757,,10661,17,,,0
12019,'1197334',1628,,10662,17,,,0
12019,'1197339',1757,,10663,17,,,0
12019,'1197433',957,,10664,17,,,0
12019,'1197490',1658,,10665,17,,,0
12019,'1197525',1558,,10666,17,,,0
12019,'1197602',857,,10667,17,,,0
12019,'1197615',1228,,10668,17,,,0
12019,'1197664',1758,,10669,17,,,0
12019,'1197701',2357,,10670,17,,,0
12019,'1197765',2357,,10671,17,,,0
12019,'1197813',1058,,10672,17,,,0
12019,'1197824',1257,,10673,17,,,0
12019,'1197891',2057,,10674,17,,,0
12019,'1197911',1957,,10675,17,,,0
12019,'1197945',1857,,10676,17,,,0
12019,'1197989',1458,,10677,17,,,0
12019,'1197991',1157,,10678,17,,,0
12019,'1198031',657,,10679,17,,,0
12019,'1198072',1357,,10680,17,,,0
12019,'1198097',1557,,10681,17,,,0
12019,'1198121',1658,,10682,17,,,0
12019,'1198127',1058,,10683,17,,,0
12019,'1198171',2157,,10684,17,,,0
12019,'1198224',2257,,10685,17,,,0
12019,'1198250',1328,,10686,17,,,0
12019,'1198260',1428,,10687,17,,,0
12019,'1198263',927,,10688,17,,,0
12019,'1198283',1528,,10689,17,,,0
12019,'1198358',1457,,10690,17,,,0
12019,'1198421',857,,10691,17,,,0
12019,'1198427',1228,,10692,17,,,0
12019,'1198442',1728,,10693,17,,,0
12019,'1198497',2157,,10694,17,,,0
12019,'1198582',857,,10695,17,,,0
12019,'1198588',627,,10696,17,,,0
12019,'1198592',1728,,10697,17,,,0
12019,'1198618',1057,,10698,17,,,0
12019,'1198712',1158,,10699,17,,,0
12019,'1198727',1358,,10700,17,,,0
12019,'1198773',1358,,10701,17,,,0
12019,'1198774',1128,,10702,17,,,0
12019,'1198819',2327,,10703,17,,,0
12019,'1198842',957,,10704,17,,,0
12019,'1198884',1957,,10705,17,,,0
12019,'1198912',757,,10706,17,,,0
12019,'1198945',957,,10707,17,,,0
12019,'1199167',727,,10708,17,,,0
12019,'1199197',2057,,10709,17,,,0
12019,'1199223',1258,,10710,17,,,0
12019,'1199224',659,,10711,17,,,0
12019,'1199251',1027,,10712,17,,,0
12019,'1199291',1528,,10713,17,,,0
12019,'1199315',1258,,10714,17,,,0
12019,'1199416',2257,,10715,17,,,0
12019,'1199495',1428,,10716,17,,,0
12019,'1199513',827,,10717,17,,,0
12019,'1199578',1458,,10718,17,,,0
12019,'1199610',2027,,10719,17,,,0
12019,'1199616',757,,10720,17,,,0
12019,'1199625',1657,,10721,17,,,0
