101019,'1197003',538,,11803,13,,,0
101019,'1197056',2116,,11804,13,,,0
101019,'1197144',2317,,11805,13,,,0
101019,'1197150',1517,,11806,13,,,0
101019,'1197356',1317,,11807,13,,,0
101019,'1197394',1516,,11808,13,,,0
101019,'1197485',716,,11809,13,,,0
101019,'1197542',1316,,11810,13,,,0
101019,'1197666',1038,,11811,13,,,0
101019,'1197703',2117,,11812,13,,,0
101019,'1197735',1138,,11813,13,,,0
101019,'1197816',1116,,11814,13,,,0
101019,'1197893',738,,11815,13,,,0
101019,'1198002',1717,,11816,13,,,0
101019,'1198014',717,,11817,13,,,0
101019,'1198130',938,,11818,13,,,0
101019,'1198162',1341,,11819,13,,,0
101019,'1198212',1917,,11820,13,,,0
101019,'1198408',2037,,11821,13,,,0
101019,'1198684',916,,11822,13,,,0
101019,'1198907',1916,,11823,13,,,0
101019,'1199079',2238,,11824,13,,,0
101019,'1199178',1741,,11825,13,,,0
101019,'1199186',1541,,11826,13,,,0
101019,'1199279',1716,,11827,13,,,0
101019,'1199401',917,,11828,13,,,0
101019,'1199471',1838,,11829,13,,,0
101019,'1199497',1117,,11830,13,,,0
101019,'1199519',838,,11831,13,,,0
101019,'1199566',1441,,11832,13,,,0
101019,'1199626',1641,,11833,13,,,0
101029,'1196911',804,,11834,43,,,0
101029,'1197033',1847,,11835,43,,,0
101029,'1197060',904,,11836,43,,,0
101029,'1197096',1047,,11837,43,,,0
101029,'1197257',1104,,11838,43,,,0
101029,'1197272',1248,,11839,43,,,0
101029,'1197326',1606,,11840,43,,,0
101029,'1197581',2047,,11841,43,,,0
101029,'1197673',1448,,11842,43,,,0
101029,'1197747',2204,,11843,43,,,0
101029,'1197977',1648,,11844,43,,,0
101029,'1198059',648,,11845,43,,,0
101029,'1198116',1048,,11846,43,,,0
101029,'1198125',848,,11847,43,,,0
101029,'1198200',1247,,11848,43,,,0
101029,'1198251',1004,,11849,43,,,0
101029,'1198346',847,,11850,43,,,0
101029,'1198498',2247,,11851,43,,,0
101029,'1198530',2248,,11852,43,,,0
101029,'1198631',1706,,11853,43,,,0
101029,'1198644',2424,,11854,43,,,0
101029,'1198710',1647,,11855,43,,,0
101029,'1198715',1804,,11856,43,,,0
101029,'1198953',2048,,11857,43,,,0
101029,'1198984',1406,,11858,43,,,0
101029,'1199108',1306,,11859,43,,,0
101029,'1199117',704,,11860,43,,,0
101029,'1199304',1848,,11861,43,,,0
101029,'1199366',1447,,11862,43,,,0
101029,'1199567',2004,,11863,43,,,0
101029,'1199585',1506,,11864,43,,,0
