102029,'1196895',1655,,11907,10,,,0
102029,'1196982',1342,,11908,10,,,0
102029,'1197029',2112,,11909,10,,,0
102029,'1197083',1525,,11910,10,,,0
102029,'1197178',1055,,11911,10,,,0
102029,'1197226',657,,11912,10,,,0
102029,'1197263',742,,11913,10,,,0
102029,'1197297',1441,,11914,10,,,0
102029,'1197309',1825,,11915,10,,,0
102029,'1197330',1727,,11916,10,,,0
102029,'1197420',1512,,11917,10,,,0
102029,'1197536',2255,,11918,10,,,0
102029,'1197603',1042,,11919,10,,,0
102029,'1197704',1011,,11920,10,,,0
102029,'1197770',2412,,11921,10,,,0
102029,'1197839',827,,11922,10,,,0
102029,'1198134',1311,,11923,10,,,0
102029,'1198173',925,,11924,10,,,0
102029,'1198220',1225,,11925,10,,,0
102029,'1198227',1741,,11926,10,,,0
102029,'1198249',1812,,11927,10,,,0
102029,'1198376',1557,,11928,10,,,0
102029,'1198502',1642,,11929,10,,,0
102029,'1198531',755,,11930,10,,,0
102029,'1198599',1611,,11931,10,,,0
102029,'1198638',2242,,11932,10,,,0
102029,'1198688',1141,,11933,10,,,0
102029,'1198705',2041,,11934,10,,,0
102029,'1198769',1955,,11935,10,,,0
102029,'1198816',2125,,11936,10,,,0
102029,'1198930',2211,,11937,10,,,0
102029,'1198996',612,,11938,10,,,0
102029,'1199090',841,,11939,10,,,0
102029,'1199168',912,,11940,10,,,0
102029,'1199202',1942,,11941,10,,,0
102029,'1199211',1911,,11942,10,,,0
102029,'1199244',957,,11943,10,,,0
102029,'1199434',1212,,11944,10,,,0
102029,'1199477',2341,,11945,10,,,0
102029,'1199479',1427,,11946,10,,,0
102029,'1199488',630,,11947,10,,,0
102029,'1199537',1355,,11948,10,,,0
102029,'1199651',711,,11949,10,,,0
