105019,'1196946',847,,12117,4,,,0
105019,'1197049',1753,,12118,4,,,0
105019,'1197077',533,,12119,4,,,0
105019,'1197115',1138,,12120,4,,,0
105019,'1197131',647,,12121,4,,,0
105019,'1197173',1149,,12122,4,,,0
105019,'1197181',1006,,12123,4,,,0
105019,'1197192',2133,,12124,4,,,0
105019,'1197197',1438,,12125,4,,,0
105019,'1197292',1249,,12126,4,,,0
105019,'1197296',1538,,12127,4,,,0
105019,'1197531',1349,,12128,4,,,0
105019,'1197548',1903,,12129,4,,,0
105019,'1197557',1549,,12130,4,,,0
105019,'1197588',806,,12131,4,,,0
105019,'1197596',2033,,12132,4,,,0
105019,'1197617',1449,,12133,4,,,0
105019,'1197633',1206,,12134,4,,,0
105019,'1197710',735,,12135,4,,,0
105019,'1197779',1723,,12136,4,,,0
105019,'1197825',1353,,12137,4,,,0
105019,'1197971',1038,,12138,4,,,0
105019,'1198112',603,,12139,4,,,0
105019,'1198338',1049,,12140,4,,,0
105019,'1198380',2206,,12141,4,,,0
105019,'1198385',1653,,12142,4,,,0
105019,'1198553',1253,,12143,4,,,0
105019,'1198560',2006,,12144,4,,,0
105019,'1198571',1606,,12145,4,,,0
105019,'1198621',705,,12146,4,,,0
105019,'1198667',935,,12147,4,,,0
105019,'1198717',1508,,12148,4,,,0
105019,'1198741',835,,12149,4,,,0
105019,'1198746',1823,,12150,4,,,0
105019,'1198889',633,,12151,4,,,0
105019,'1199004',1406,,12152,4,,,0
105019,'1199054',1608,,12153,4,,,0
105019,'1199098',805,,12154,4,,,0
105019,'1199298',2333,,12155,4,,,0
105019,'1199347',2247,,12156,4,,,0
105019,'1199383',2233,,12157,4,,,0
105019,'1199400',1649,,12158,4,,,0
105019,'1199461',1806,,12159,4,,,0
105019,'1199511',1749,,12160,4,,,0
105019,'1199546',2047,,12161,4,,,0
105019,'1199574',1849,,12162,4,,,0
