190001029,'1196847',1101,,12633,2,,,0
190001029,'1196850',1316,,12634,2,,,0
190001029,'1196860',1746,,12635,2,,,0
190001029,'1196897',1631,,12636,2,,,0
190001029,'1196906',1731,,12637,2,,,0
190001029,'1196908',1346,,12638,2,,,0
190001029,'1196953',1201,,12639,2,,,0
190001029,'1196957',1231,,12640,2,,,0
190001029,'1196963',1616,,12641,2,,,0
190001029,'1197018',1346,,12642,2,,,0
190001029,'1197048',2351,,12643,2,,,0
190001029,'1197052',1731,,12644,2,,,0
190001029,'1197074',1301,,12645,2,,,0
190001029,'1197089',1816,,12646,2,,,0
190001029,'1197125',701,,12647,2,,,0
190001029,'1197135',1531,,12648,2,,,0
190001029,'1197148',1016,,12649,2,,,0
190001029,'1197153',1031,,12650,2,,,0
190001029,'1197176',1416,,12651,2,,,0
190001029,'1197177',2016,,12652,2,,,0
190001029,'1197199',1401,,12653,2,,,0
190001029,'1197224',1516,,12654,2,,,0
190001029,'1197245',1516,,12655,2,,,0
190001029,'1197247',2301,,12656,2,,,0
190001029,'1197252',1516,,12657,2,,,0
190001029,'1197260',1831,,12658,2,,,0
190001029,'1197284',1146,,12659,2,,,0
190001029,'1197289',646,,12660,2,,,0
190001029,'1197291',1246,,12661,2,,,0
190001029,'1197301',1316,,12662,2,,,0
190001029,'1197338',1646,,12663,2,,,0
190001029,'1197391',1816,,12664,2,,,0
190001029,'1197396',1101,,12665,2,,,0
190001029,'1197428',2001,,12666,2,,,0
190001029,'1197434',1446,,12667,2,,,0
190001029,'1197476',1116,,12668,2,,,0
190001029,'1197511',1501,,12669,2,,,0
190001029,'1197533',1401,,12670,2,,,0
190001029,'1197582',1616,,12671,2,,,0
190001029,'1197659',1601,,12672,2,,,0
190001029,'1197668',816,,12673,2,,,0
190001029,'1197682',1131,,12674,2,,,0
190001029,'1197683',2031,,12675,2,,,0
190001029,'1197684',1146,,12676,2,,,0
190001029,'1197778',1131,,12677,2,,,0
190001029,'1197833',1446,,12678,2,,,0
190001029,'1197836',1331,,12679,2,,,0
190001029,'1197848',2101,,12680,2,,,0
190001029,'1197886',1431,,12681,2,,,0
190001029,'1197890',746,,12682,2,,,0
190001029,'1197905',1001,,12683,2,,,0
190001029,'1197913',2201,,12684,2,,,0
190001029,'1197921',1246,,12685,2,,,0
190001029,'1197922',946,,12686,2,,,0
190001029,'1197992',1546,,12687,2,,,0
190001029,'1197993',901,,12688,2,,,0
190001029,'1198050',601,,12689,2,,,0
190001029,'1198051',1816,,12690,2,,,0
190001029,'1198052',831,,12691,2,,,0
190001029,'1198054',1416,,12692,2,,,0
190001029,'1198082',1646,,12693,2,,,0
190001029,'1198095',1916,,12694,2,,,0
190001029,'1198106',2231,,12695,2,,,0
190001029,'1198117',716,,12696,2,,,0
190001029,'1198128',1116,,12697,2,,,0
190001029,'1198174',931,,12698,2,,,0
190001029,'1198223',2316,,12699,2,,,0
190001029,'1198252',1416,,12700,2,,,0
190001029,'1198272',801,,12701,2,,,0
190001029,'1198293',1716,,12702,2,,,0
190001029,'1198306',846,,12703,2,,,0
190001029,'1198323',731,,12704,2,,,0
190001029,'1198373',1231,,12705,2,,,0
190001029,'1198398',2331,,12706,2,,,0
190001029,'1198415',916,,12707,2,,,0
190001029,'1198446',1801,,12708,2,,,0
190001029,'1198450',1746,,12709,2,,,0
190001029,'1198459',731,,12710,2,,,0
190001029,'1198491',2031,,12711,2,,,0
190001029,'1198504',831,,12712,2,,,0
190001029,'1198519',2331,,12713,2,,,0
190001029,'1198527',631,,12714,2,,,0
190001029,'1198576',2116,,12715,2,,,0
190001029,'1198589',2301,,12716,2,,,0
190001029,'1198594',801,,12717,2,,,0
190001029,'1198620',2216,,12718,2,,,0
190001029,'1198634',1431,,12719,2,,,0
190001029,'1198641',701,,12720,2,,,0
190001029,'1198687',1046,,12721,2,,,0
190001029,'1198747',916,,12722,2,,,0
190001029,'1198758',2046,,12723,2,,,0
190001029,'1198798',1701,,12724,2,,,0
190001029,'1198839',1831,,12725,2,,,0
190001029,'1198853',2131,,12726,2,,,0
190001029,'1198897',1546,,12727,2,,,0
190001029,'1198906',2101,,12728,2,,,0
190001029,'1198916',1701,,12729,2,,,0
190001029,'1198939',1801,,12730,2,,,0
190001029,'1198946',2231,,12731,2,,,0
190001029,'1198952',1916,,12732,2,,,0
190001029,'1198977',2116,,12733,2,,,0
190001029,'1198982',1716,,12734,2,,,0
190001029,'1199067',1931,,12735,2,,,0
190001029,'1199081',1116,,12736,2,,,0
190001029,'1199082',716,,12737,2,,,0
190001029,'1199103',1716,,12738,2,,,0
190001029,'1199165',1331,,12739,2,,,0
190001029,'1199204',1216,,12740,2,,,0
190001029,'1199210',1946,,12741,2,,,0
190001029,'1199221',1201,,12742,2,,,0
190001029,'1199226',1931,,12743,2,,,0
190001029,'1199256',1216,,12744,2,,,0
190001029,'1199270',1316,,12745,2,,,0
190001029,'1199289',1016,,12746,2,,,0
190001029,'1199303',631,,12747,2,,,0
190001029,'1199322',1046,,12748,2,,,0
190001029,'1199332',931,,12749,2,,,0
190001029,'1199345',1016,,12750,2,,,0
190001029,'1199364',1501,,12751,2,,,0
190001029,'1199390',1031,,12752,2,,,0
190001029,'1199391',1216,,12753,2,,,0
190001029,'1199399',1301,,12754,2,,,0
190001029,'1199406',1531,,12755,2,,,0
190001029,'1199432',1001,,12756,2,,,0
190001029,'1199451',946,,12757,2,,,0
190001029,'1199467',1901,,12758,2,,,0
190001029,'1199482',1631,,12759,2,,,0
190001029,'1199489',616,,12760,2,,,0
190001029,'1199514',1901,,12761,2,,,0
190001029,'1199524',2201,,12762,2,,,0
190001029,'1199526',2016,,12763,2,,,0
190001029,'1199555',816,,12764,2,,,0
190001029,'1199558',1616,,12765,2,,,0
190001029,'1199571',2001,,12766,2,,,0
190001029,'1199594',1601,,12767,2,,,0
190001029,'1199596',2131,,12768,2,,,0
190001029,'1199644',901,,12769,2,,,0
190001029,'1199650',1846,,12770,2,,,0
