11029,'1199774',1524,,12771,15,,,0
11029,'1199777',938,,12772,15,,,0
11029,'1199778',1324,,12773,15,,,0
11029,'1199779',2323,,12774,15,,,0
11029,'1199780',1223,,12775,15,,,0
11029,'1199781',1138,,12776,15,,,0
11029,'1199782',1639,,12777,15,,,0
11029,'1199783',2223,,12778,15,,,0
11029,'1199785',1323,,12779,15,,,0
11029,'1199786',808,,12780,15,,,0
11029,'1199787',1624,,12781,15,,,0
11029,'1199788',1554,,12782,15,,,0
11029,'1199789',1439,,12783,15,,,0
11029,'1199790',1453,,12784,15,,,0
11029,'1199791',1123,,12785,15,,,0
11029,'1199792',1539,,12786,15,,,0
11029,'1199793',2338,,12787,15,,,0
11029,'1199794',823,,12788,15,,,0
11029,'1199795',1454,,12789,15,,,0
11029,'1199796',1153,,12790,15,,,0
11029,'1199797',1754,,12791,15,,,0
11029,'1199799',738,,12792,15,,,0
11029,'1199800',1709,,12793,15,,,0
11029,'1199804',923,,12794,15,,,0
11029,'1199808',1023,,12795,15,,,0
11029,'1199809',1724,,12796,15,,,0
11029,'1199810',1053,,12797,15,,,0
11029,'1199811',1038,,12798,15,,,0
11029,'1199812',1553,,12799,15,,,0
11029,'1199813',2323,,12800,15,,,0
11029,'1199814',1224,,12801,15,,,0
11029,'1199815',1623,,12802,15,,,0
11029,'1199816',1153,,12803,15,,,0
11029,'1199818',723,,12804,15,,,0
11029,'1199819',1123,,12805,15,,,0
11029,'1199820',1739,,12806,15,,,0
11029,'1199821',1523,,12807,15,,,0
11029,'1199823',1253,,12808,15,,,0
11029,'1199825',2023,,12809,15,,,0
11029,'1199826',2358,,12810,15,,,0
11029,'1199828',1409,,12811,15,,,0
11029,'1199830',1309,,12812,15,,,0
11029,'1199831',2008,,12813,15,,,0
11029,'1199834',638,,12814,15,,,0
11029,'1199836',753,,12815,15,,,0
11029,'1199838',1509,,12816,15,,,0
11029,'1199839',723,,12817,15,,,0
11029,'1199843',1339,,12818,15,,,0
11029,'1199844',2023,,12819,15,,,0
11029,'1199846',1424,,12820,15,,,0
11029,'1199847',923,,12821,15,,,0
11029,'1199848',908,,12822,15,,,0
11029,'1199849',2123,,12823,15,,,0
11029,'1199850',1523,,12824,15,,,0
11029,'1199852',708,,12825,15,,,0
11029,'1199853',953,,12826,15,,,0
11029,'1199854',838,,12827,15,,,0
11029,'1199855',1623,,12828,15,,,0
11029,'1199856',2123,,12829,15,,,0
11029,'1199858',1609,,12830,15,,,0
11029,'1199860',1023,,12831,15,,,0
11029,'1199862',1938,,12832,15,,,0
11029,'1199863',823,,12833,15,,,0
11029,'1199864',1209,,12834,15,,,0
11029,'1199865',1723,,12835,15,,,0
11029,'1199866',1223,,12836,15,,,0
11029,'1199867',2038,,12837,15,,,0
11029,'1199869',1423,,12838,15,,,0
11029,'1199870',1323,,12839,15,,,0
11029,'1199871',1353,,12840,15,,,0
11029,'1199873',2208,,12841,15,,,0
11029,'1199874',1108,,12842,15,,,0
11029,'1199875',1008,,12843,15,,,0
11029,'1199876',653,,12844,15,,,0
11029,'1199877',1723,,12845,15,,,0
11029,'1199878',1654,,12846,15,,,0
11029,'1199881',1823,,12847,15,,,0
11029,'1199882',1908,,12848,15,,,0
11029,'1199883',1123,,12849,15,,,0
11029,'1199884',1923,,12850,15,,,0
11029,'1199886',1923,,12851,15,,,0
11029,'1199889',723,,12852,15,,,0
11029,'1199890',2108,,12853,15,,,0
11029,'1199891',2223,,12854,15,,,0
11029,'1199892',1823,,12855,15,,,0
11029,'1199893',1023,,12856,15,,,0
11029,'1199898',853,,12857,15,,,0
11029,'1199899',1838,,12858,15,,,0
11029,'1199902',1808,,12859,15,,,0
11029,'1199903',923,,12860,15,,,0
11029,'1199904',1653,,12861,15,,,0
11029,'1199906',623,,12862,15,,,0
11029,'1199907',2308,,12863,15,,,0
11029,'1199910',2238,,12864,15,,,0
11029,'1199911',2138,,12865,15,,,0
11029,'1199912',1354,,12866,15,,,0
11029,'1199913',1239,,12867,15,,,0
11029,'1199914',1254,,12868,15,,,0
11029,'1199919',823,,12869,15,,,0
11029,'1199920',1423,,12870,15,,,0
