105029,'1196840',2330,,12163,77,,,0
105029,'1196987',1044,,12164,77,,,0
105029,'1196996',1718,,12165,77,,,0
105029,'1197020',1601,,12166,77,,,0
105029,'1197097',1818,,12167,77,,,0
105029,'1197137',2042,,12168,77,,,0
105029,'1197220',2030,,12169,77,,,0
105029,'1197228',1533,,12170,77,,,0
105029,'1197231',800,,12171,77,,,0
105029,'1197439',1201,,12172,77,,,0
105029,'1197501',2001,,12173,77,,,0
105029,'1197522',2201,,12174,77,,,0
105029,'1197561',1033,,12175,77,,,0
105029,'1197638',1001,,12176,77,,,0
105029,'1197840',2130,,12177,77,,,0
105029,'1197853',2230,,12178,77,,,0
105029,'1197918',1900,,12179,77,,,0
105029,'1197968',2401,,12180,77,,,0
105029,'1198013',1401,,12181,77,,,0
105029,'1198037',1133,,12182,77,,,0
105029,'1198064',1844,,12183,77,,,0
105029,'1198187',1244,,12184,77,,,0
105029,'1198214',1801,,12185,77,,,0
105029,'1198417',1344,,12186,77,,,0
105029,'1198447',1748,,12187,77,,,0
105029,'1198529',1544,,12188,77,,,0
105029,'1198616',730,,12189,77,,,0
105029,'1198625',1648,,12190,77,,,0
105029,'1198711',1348,,12191,77,,,0
105029,'1198718',1603,,12192,77,,,0
105029,'1198725',1744,,12193,77,,,0
105029,'1198779',842,,12194,77,,,0
105029,'1198918',1444,,12195,77,,,0
105029,'1198922',2435,,12196,77,,,0
105029,'1198923',700,,12197,77,,,0
105029,'1199012',642,,12198,77,,,0
105029,'1199037',1433,,12199,77,,,0
105029,'1199107',1503,,12200,77,,,0
105029,'1199124',2442,,12201,77,,,0
105029,'1199144',1248,,12202,77,,,0
105029,'1199148',801,,12203,77,,,0
105029,'1199220',1144,,12204,77,,,0
105029,'1199470',2242,,12205,77,,,0
105029,'1199473',930,,12206,77,,,0
105029,'1199604',830,,12207,77,,,0
105029,'1199607',1644,,12208,77,,,0
