3019,'1196834',1826,,10159,39,,,0
3019,'1196848',2126,,10160,39,,,0
3019,'1196854',726,,10161,39,,,0
3019,'1196968',1242,,10162,39,,,0
3019,'1196971',2026,,10163,39,,,0
3019,'1197069',727,,10164,39,,,0
3019,'1197076',2156,,10165,39,,,0
3019,'1197107',1257,,10166,39,,,0
3019,'1197120',2426,,10167,39,,,0
3019,'1197318',2226,,10168,39,,,0
3019,'1197369',2342,,10169,39,,,0
3019,'1197372',2242,,10170,39,,,0
3019,'1197378',926,,10171,39,,,0
3019,'1197462',927,,10172,39,,,0
3019,'1197478',1627,,10173,39,,,0
3019,'1197537',942,,10174,39,,,0
3019,'1197572',1357,,10175,39,,,0
3019,'1197590',857,,10176,39,,,0
3019,'1197618',1727,,10177,39,,,0
3019,'1197708',629,,10178,9,,,0
3019,'1197731',2026,,10179,39,,,0
3019,'1197748',1027,,10180,39,,,0
3019,'1197755',1057,,10181,39,,,0
3019,'1197810',1457,,10182,39,,,0
3019,'1197819',1926,,10183,39,,,0
3019,'1197850',1557,,10184,39,,,0
3019,'1197851',957,,10185,39,,,0
3019,'1197897',1127,,10186,39,,,0
3019,'1197923',1227,,10187,39,,,0
3019,'1197941',1527,,10188,39,,,0
3019,'1198025',1627,,10189,39,,,0
3019,'1198093',1856,,10190,39,,,0
3019,'1198098',1157,,10191,39,,,0
3019,'1198111',1026,,10192,39,,,0
3019,'1198119',1542,,10193,39,,,0
3019,'1198124',1427,,10194,39,,,0
3019,'1198153',1926,,10195,39,,,0
3019,'1198229',1527,,10196,39,,,0
3019,'1198237',1657,,10197,39,,,0
3019,'1198265',2126,,10198,39,,,0
3019,'1198278',1956,,10199,39,,,0
3019,'1198430',1642,,10200,39,,,0
3019,'1198432',1826,,10201,39,,,0
3019,'1198501',1727,,10202,39,,,0
3019,'1198514',657,,10203,39,,,0
3019,'1198654',1742,,10204,39,,,0
3019,'1198677',842,,10205,39,,,0
3019,'1198680',827,,10206,39,,,0
3019,'1198689',2416,,10207,39,,,0
3019,'1198691',1757,,10208,39,,,0
3019,'1198742',2226,,10209,39,,,0
3019,'1198777',1427,,10210,39,,,0
3019,'1198788',742,,10211,39,,,0
3019,'1198845',1042,,10212,39,,,0
3019,'1198989',2142,,10213,39,,,0
3019,'1198991',1842,,10214,39,,,0
3019,'1199009',1342,,10215,39,,,0
3019,'1199035',1227,,10216,39,,,0
3019,'1199052',2042,,10217,39,,,0
3019,'1199066',1142,,10218,39,,,0
3019,'1199133',1327,,10219,39,,,0
3019,'1199262',2326,,10220,39,,,0
3019,'1199277',757,,10221,39,,,0
3019,'1199346',1327,,10222,39,,,0
3019,'1199408',2056,,10223,39,,,0
3019,'1199412',1442,,10224,39,,,0
3019,'1199440',2326,,10225,39,,,0
3019,'1199509',826,,10226,39,,,0
3019,'1199597',629,,10227,9,,,0
3019,'1199600',1942,,10228,39,,,0
3019,'1199612',1127,,10229,39,,,0
