28019,'1196931',2344,,11637,22,,,0
28019,'1196961',1004,,11638,22,,,0
28019,'1197032',1719,,11639,22,,,0
28019,'1197034',1144,,11640,22,,,0
28019,'1197095',2119,,11641,22,,,0
28019,'1197138',1619,,11642,22,,,0
28019,'1197242',1544,,11643,22,,,0
28019,'1197270',1119,,11644,22,,,0
28019,'1197295',1404,,11645,22,,,0
28019,'1197405',1919,,11646,22,,,0
28019,'1197436',1219,,11647,22,,,0
28019,'1197458',1944,,11648,22,,,0
28019,'1197480',2019,,11649,22,,,0
28019,'1197538',749,,11650,22,,,0
28019,'1197551',904,,11651,22,,,0
28019,'1197589',1019,,11652,22,,,0
28019,'1197718',2144,,11653,22,,,0
28019,'1197726',1804,,11654,22,,,0
28019,'1197829',1749,,11655,22,,,0
28019,'1197861',1844,,11656,22,,,0
28019,'1197862',1244,,11657,22,,,0
28019,'1198022',704,,11658,22,,,0
28019,'1198061',2104,,11659,22,,,0
28019,'1198096',1444,,11660,22,,,0
28019,'1198110',1204,,11661,22,,,0
28019,'1198319',2004,,11662,22,,,0
28019,'1198329',1644,,11663,22,,,0
28019,'1198340',1849,,11664,22,,,0
28019,'1198345',1504,,11665,22,,,0
28019,'1198414',1104,,11666,22,,,0
28019,'1198454',1044,,11667,22,,,0
28019,'1198522',1604,,11668,22,,,0
28019,'1198545',649,,11669,22,,,0
28019,'1198672',944,,11670,22,,,0
28019,'1198739',2204,,11671,22,,,0
28019,'1198783',1649,,11672,22,,,0
28019,'1198807',1819,,11673,22,,,0
28019,'1198829',849,,11674,22,,,0
28019,'1198876',719,,11675,22,,,0
28019,'1198919',744,,11676,22,,,0
28019,'1198950',919,,11677,22,,,0
28019,'1198968',1304,,11678,22,,,0
28019,'1199033',2404,,11679,22,,,0
28019,'1199129',2319,,11680,22,,,0
28019,'1199149',1319,,11681,22,,,0
28019,'1199206',2044,,11682,22,,,0
28019,'1199243',2304,,11683,22,,,0
28019,'1199296',1904,,11684,22,,,0
28019,'1199338',1519,,11685,22,,,0
28019,'1199344',1744,,11686,22,,,0
28019,'1199358',619,,11687,22,,,0
28019,'1199417',1704,,11688,22,,,0
28019,'1199426',1420,,11689,22,,,0
28019,'1199450',844,,11690,22,,,0
28019,'1199529',1344,,11691,22,,,0
28019,'1199557',819,,11692,22,,,0
28019,'1199561',2219,,11693,22,,,0
28019,'1199584',804,,11694,22,,,0
28019,'1199602',2244,,11695,22,,,0
