105029,'1196840',2259,,12163,15,,,0
105029,'1196987',1014,,12164,15,,,0
105029,'1196996',1645,,12165,15,,,0
105029,'1197020',1529,,12166,15,,,0
105029,'1197097',1745,,12167,15,,,0
105029,'1197137',2012,,12168,15,,,0
105029,'1197220',1959,,12169,15,,,0
105029,'1197228',1500,,12170,15,,,0
105029,'1197231',729,,12171,15,,,0
105029,'1197439',1129,,12172,15,,,0
105029,'1197501',1929,,12173,15,,,0
105029,'1197522',2129,,12174,15,,,0
105029,'1197561',1000,,12175,15,,,0
105029,'1197638',929,,12176,15,,,0
105029,'1197840',2059,,12177,15,,,0
105029,'1197853',2159,,12178,15,,,0
105029,'1197918',1829,,12179,15,,,0
105029,'1197968',2329,,12180,15,,,0
105029,'1198013',1329,,12181,15,,,0
105029,'1198037',1100,,12182,15,,,0
105029,'1198064',1814,,12183,15,,,0
105029,'1198187',1214,,12184,15,,,0
105029,'1198214',1729,,12185,15,,,0
105029,'1198417',1314,,12186,15,,,0
105029,'1198447',1715,,12187,15,,,0
105029,'1198529',1514,,12188,15,,,0
105029,'1198616',659,,12189,15,,,0
105029,'1198625',1615,,12190,15,,,0
105029,'1198711',1315,,12191,15,,,0
105029,'1198718',1530,,12192,15,,,0
105029,'1198725',1714,,12193,15,,,0
105029,'1198779',812,,12194,15,,,0
105029,'1198918',1414,,12195,15,,,0
105029,'1198922',2404,,12196,15,,,0
105029,'1198923',629,,12197,15,,,0
105029,'1199012',612,,12198,15,,,0
105029,'1199037',1400,,12199,15,,,0
105029,'1199107',1430,,12200,15,,,0
105029,'1199124',2412,,12201,15,,,0
105029,'1199144',1215,,12202,15,,,0
105029,'1199148',729,,12203,15,,,0
105029,'1199220',1114,,12204,15,,,0
105029,'1199470',2212,,12205,15,,,0
105029,'1199473',859,,12206,15,,,0
105029,'1199604',759,,12207,15,,,0
105029,'1199607',1614,,12208,15,,,0
106019,'1196832',943,,12209,15,,,0
106019,'1196841',713,,12210,15,,,0
106019,'1197348',828,,12211,15,,,0
106019,'1197389',1814,,12212,15,,,0
106019,'1197951',1544,,12213,15,,,0
106019,'1198120',1659,,12214,15,,,0
