14029,'1196849',1718,,10975,5,,,0
14029,'1196912',748,,10976,5,,,0
14029,'1197024',1518,,10977,5,,,0
14029,'1197041',2318,,10978,5,,,0
14029,'1197050',1618,,10979,5,,,0
14029,'1197119',1718,,10980,5,,,0
14029,'1197130',2218,,10981,5,,,0
14029,'1197219',1518,,10982,5,,,0
14029,'1197237',1318,,10983,5,,,0
14029,'1197250',618,,10984,5,,,0
14029,'1197265',1748,,10985,5,,,0
14029,'1197310',2218,,10986,5,,,0
14029,'1197323',1318,,10987,5,,,0
14029,'1197440',2118,,10988,5,,,0
14029,'1197456',1518,,10989,5,,,0
14029,'1197472',1118,,10990,5,,,0
14029,'1197493',1848,,10991,5,,,0
14029,'1197512',1618,,10992,5,,,0
14029,'1197515',1418,,10993,5,,,0
14029,'1197597',718,,10994,5,,,0
14029,'1197605',2248,,10995,5,,,0
14029,'1197639',1218,,10996,5,,,0
14029,'1197699',1948,,10997,5,,,0
14029,'1197717',1718,,10998,5,,,0
14029,'1197738',1018,,10999,5,,,0
14029,'1197809',1618,,11000,5,,,0
14029,'1197863',2353,,11001,5,,,0
14029,'1197882',1418,,11002,5,,,0
14029,'1197961',1218,,11003,5,,,0
14029,'1198040',1018,,11004,5,,,0
14029,'1198078',1118,,11005,5,,,0
14029,'1198100',848,,11006,5,,,0
14029,'1198198',2148,,11007,5,,,0
14029,'1198204',2048,,11008,5,,,0
14029,'1198269',648,,11009,5,,,0
14029,'1198326',918,,11010,5,,,0
14029,'1198404',718,,11011,5,,,0
14029,'1198426',2118,,11012,5,,,0
14029,'1198570',818,,11013,5,,,0
14029,'1198612',2318,,11014,5,,,0
14029,'1198728',818,,11015,5,,,0
14029,'1198772',1818,,11016,5,,,0
14029,'1198830',918,,11017,5,,,0
14029,'1198941',1118,,11018,5,,,0
14029,'1198956',1418,,11019,5,,,0
14029,'1199040',2018,,11020,5,,,0
14029,'1199065',1218,,11021,5,,,0
14029,'1199076',1818,,11022,5,,,0
14029,'1199083',1648,,11023,5,,,0
14029,'1199184',918,,11024,5,,,0
14029,'1199200',818,,11025,5,,,0
14029,'1199222',1548,,11026,5,,,0
14029,'1199266',1318,,11027,5,,,0
14029,'1199447',1918,,11028,5,,,0
14029,'1199472',2018,,11029,5,,,0
14029,'1199520',1018,,11030,5,,,0
14029,'1199554',718,,11031,5,,,0
14029,'1199573',1918,,11032,5,,,0
14029,'1199643',1448,,11033,5,,,0
