13019,'1196852',1347,,10793,48,4,,0
13019,'1196856',1745,,10794,48,4,,0
13019,'1196922',644,,10795,22,4,,0
13019,'1196999',946,,10796,48,4,,0
13019,'1197035',645,,10797,48,4,,0
13019,'1197132',1517,,10798,48,4,,0
13019,'1197251',1617,,10799,48,4,,0
13019,'1197279',745,,10800,48,4,,0
13019,'1197353',2315,,10801,48,4,,0
13019,'1197357',1845,,10802,48,4,,0
13019,'1197451',2245,,10803,48,4,,0
13019,'1197487',846,,10804,48,4,,0
13019,'1197555',1647,,10805,48,4,,0
13019,'1197570',945,,10806,48,4,,0
13019,'1197575',1645,,10807,48,4,,0
13019,'1197641',2045,,10808,48,4,,0
13019,'1197645',1717,,10809,48,4,,0
13019,'1197648',715,,10810,48,4,,0
13019,'1197690',1645,,10811,48,4,,0
13019,'1197692',1747,,10812,48,4,,0
13019,'1197730',1447,,10813,48,4,,0
13019,'1197762',2420,,10814,48,4,,0
13019,'1197803',745,,10815,48,4,,0
13019,'1197834',1245,,10816,48,4,,0
13019,'1197854',2045,,10817,48,4,,0
13019,'1197962',1345,,10818,48,4,,0
13019,'1197975',1048,,10819,48,4,,0
13019,'1198041',1145,,10820,48,4,,0
13019,'1198094',1815,,10821,48,4,,0
13019,'1198160',845,,10822,48,4,,0
13019,'1198201',1245,,10823,48,4,,0
13019,'1198243',1845,,10824,48,4,,0
13019,'1198290',2215,,10825,48,4,,0
13019,'1198352',745,,10826,48,4,,0
13019,'1198355',1915,,10827,48,4,,0
13019,'1198382',815,,10828,48,4,,0
13019,'1198402',2245,,10829,48,4,,0
13019,'1198552',2145,,10830,48,4,,0
13019,'1198554',1945,,10831,48,4,,0
13019,'1198602',1145,,10832,48,4,,0
13019,'1198611',2015,,10833,48,4,,0
13019,'1198630',1547,,10834,48,4,,0
13019,'1198675',1247,,10835,48,4,,0
13019,'1198690',615,,10836,22,4,,0
13019,'1198716',1045,,10837,48,4,,0
13019,'1198729',1015,,10838,48,4,,0
13019,'1198761',1345,,10839,48,4,,0
13019,'1198778',945,,10840,48,4,,0
13019,'1198837',2345,,10841,48,4,,0
13019,'1198874',1147,,10842,48,4,,0
13019,'1198888',916,,10843,48,4,,0
13019,'1199044',845,,10844,48,4,,0
13019,'1199123',1045,,10845,48,4,,0
13019,'1199151',1445,,10846,48,4,,0
13019,'1199233',1445,,10847,48,4,,0
13019,'1199276',1545,,10848,48,4,,0
13019,'1199284',2115,,10849,48,4,,0
13019,'1199418',1945,,10850,48,4,,0
13019,'1199448',1745,,10851,48,4,,0
13019,'1199536',2145,,10852,48,4,,0
13019,'1199588',2345,,10853,48,4,,0
13019,'1199631',1545,,10854,48,4,,0
13029,'1196882',1517,,10855,1,,,0
13029,'1196907',1245,,10856,1,,,0
13029,'1196917',1247,,10857,1,,,0
13029,'1196936',1747,,10858,1,,,0
13029,'1196965',745,,10859,1,,,0
13029,'1196972',1617,,10860,1,,,0
13029,'1197006',1445,,10861,1,,,0
13029,'1197082',1145,,10862,1,,,0
13029,'1197122',1045,,10863,1,,,0
13029,'1197184',1446,,10864,1,,,0
13029,'1197188',1915,,10865,1,,,0
13029,'1197193',745,,10866,1,,,0
13029,'1197215',2045,,10867,1,,,0
13029,'1197262',1646,,10868,1,,,0
13029,'1197363',916,,10869,1,,,0
13029,'1197365',2145,,10870,1,,,0
13029,'1197371',945,,10871,1,,,0
13029,'1197444',2245,,10872,1,,,0
13029,'1197556',2245,,10873,1,,,0
13029,'1197773',2015,,10874,1,,,0
13029,'1197812',1447,,10875,1,,,0
13029,'1197866',1345,,10876,1,,,0
13029,'1197909',846,,10877,1,,,0
13029,'1197997',1945,,10878,1,,,0
13029,'1198028',2045,,10879,1,,,0
13029,'1198074',2345,,10880,1,,,0
13029,'1198199',1545,,10881,1,,,0
13029,'1198248',2215,,10882,1,,,0
13029,'1198289',815,,10883,1,,,0
13029,'1198381',1717,,10884,1,,,0
13029,'1198389',1745,,10885,1,,,0
13029,'1198416',1546,,10886,1,,,0
13029,'1198437',1015,,10887,1,,,0
13029,'1198474',1048,,10888,1,,,0
13029,'1198488',1845,,10889,1,,,0
13029,'1198563',715,,10890,1,,,0
13029,'1198648',1045,,10891,1,,,0
13029,'1198673',1246,,10892,1,,,0
13029,'1198704',1845,,10893,1,,,0
13029,'1198733',745,,10894,1,,,0
13029,'1198756',845,,10895,1,,,0
13029,'1198793',945,,10896,1,,,0
13029,'1198811',1346,,10897,1,,,0
13029,'1198812',2345,,10898,1,,,0
13029,'1198828',1146,,10899,1,,,0
13029,'1198858',1547,,10900,1,,,0
13029,'1198910',615,,10901,1,,,0
13029,'1198998',845,,10902,1,,,0
13029,'1199115',645,,10903,1,,,0
13029,'1199250',2145,,10904,1,,,0
13029,'1199324',645,,10905,1,,,0
13029,'1199337',946,,10906,1,,,0
13029,'1199349',2115,,10907,1,,,0
13029,'1199379',2315,,10908,1,,,0
13029,'1199405',1746,,10909,1,,,0
13029,'1199419',1147,,10910,1,,,0
13029,'1199548',1347,,10911,1,,,0
13029,'1199559',1645,,10912,1,,,0
13029,'1199614',1815,,10913,1,,,0
13029,'1199653',1945,,10914,1,,,0
13029,'1199655',1647,,10915,1,,,0
