101029,'1196911',748,,11834,28,,,0
101029,'1197033',1831,,11835,28,,,0
101029,'1197060',848,,11836,28,,,0
101029,'1197096',1031,,11837,28,,,0
101029,'1197257',1048,,11838,28,,,0
101029,'1197272',1233,,11839,28,,,0
101029,'1197326',1550,,11840,28,,,0
101029,'1197581',2031,,11841,28,,,0
101029,'1197673',1433,,11842,28,,,0
101029,'1197747',2148,,11843,28,,,0
101029,'1197977',1633,,11844,28,,,0
101029,'1198059',633,,11845,28,,,0
101029,'1198116',1033,,11846,28,,,0
101029,'1198125',833,,11847,28,,,0
101029,'1198200',1231,,11848,28,,,0
101029,'1198251',948,,11849,28,,,0
101029,'1198346',831,,11850,28,,,0
101029,'1198498',2231,,11851,28,,,0
101029,'1198530',2233,,11852,28,,,0
101029,'1198631',1650,,11853,28,,,0
101029,'1198644',2408,,11854,28,,,0
101029,'1198710',1631,,11855,28,,,0
101029,'1198715',1748,,11856,28,,,0
101029,'1198953',2033,,11857,28,,,0
101029,'1198984',1350,,11858,28,,,0
101029,'1199108',1250,,11859,28,,,0
101029,'1199117',648,,11860,28,,,0
101029,'1199304',1833,,11861,28,,,0
101029,'1199366',1431,,11862,28,,,0
101029,'1199567',1948,,11863,28,,,0
101029,'1199585',1450,,11864,28,,,0
