25019,'1196864',1237,,11307,10,,,0
25019,'1196932',1737,,11308,10,,,0
25019,'1196994',1938,,11309,10,,,0
25019,'1197064',721,,11310,10,,,0
25019,'1197079',2358,,11311,10,,,0
25019,'1197084',2321,,11312,10,,,0
25019,'1197151',736,,11313,10,,,0
25019,'1197299',2138,,11314,10,,,0
25019,'1197317',1337,,11315,10,,,0
25019,'1197342',1738,,11316,10,,,0
25019,'1197442',1521,,11317,10,,,0
25019,'1197448',1608,,11318,10,,,0
25019,'1197471',1037,,11319,10,,,0
25019,'1197624',1838,,11320,10,,,0
25019,'1197657',2121,,11321,10,,,0
25019,'1197660',838,,11322,10,,,0
25019,'1197687',2336,,11323,10,,,0
25019,'1197702',1208,,11324,10,,,0
25019,'1197757',738,,11325,10,,,0
25019,'1197760',1538,,11326,10,,,0
25019,'1197771',2021,,11327,10,,,0
25019,'1198004',2221,,11328,10,,,0
25019,'1198021',708,,11329,10,,,0
25019,'1198071',1937,,11330,10,,,0
25019,'1198079',638,,11331,10,,,0
25019,'1198190',2038,,11332,10,,,0
25019,'1198267',2238,,11333,10,,,0
25019,'1198315',908,,11334,10,,,0
25019,'1198388',1408,,11335,10,,,0
25019,'1198435',2237,,11336,10,,,0
25019,'1198457',636,,11337,10,,,0
25019,'1198479',938,,11338,10,,,0
25019,'1198492',1437,,11339,10,,,0
25019,'1198496',1837,,11340,10,,,0
25019,'1198512',1721,,11341,10,,,0
25019,'1198566',1137,,11342,10,,,0
25019,'1198604',1421,,11343,10,,,0
25019,'1198759',1321,,11344,10,,,0
25019,'1198776',2137,,11345,10,,,0
25019,'1198803',1508,,11346,10,,,0
25019,'1198823',2037,,11347,10,,,0
25019,'1198862',1921,,11348,10,,,0
25019,'1198902',1438,,11349,10,,,0
25019,'1198938',837,,11350,10,,,0
25019,'1199011',1108,,11351,10,,,0
25019,'1199070',1008,,11352,10,,,0
25019,'1199074',821,,11353,10,,,0
25019,'1199097',808,,11354,10,,,0
25019,'1199125',921,,11355,10,,,0
25019,'1199183',1308,,11356,10,,,0
25019,'1199208',1221,,11357,10,,,0
25019,'1199212',1821,,11358,10,,,0
25019,'1199258',1638,,11359,10,,,0
25019,'1199359',1021,,11360,10,,,0
25019,'1199389',937,,11361,10,,,0
25019,'1199464',1637,,11362,10,,,0
25019,'1199480',1708,,11363,10,,,0
25019,'1199589',1121,,11364,10,,,0
25019,'1199634',1537,,11365,10,,,0
25019,'1199649',1621,,11366,10,,,0
