105019,'1196946',850,,12117,17,,,0
105019,'1197049',1757,,12118,17,,,0
105019,'1197077',536,,12119,17,,,0
105019,'1197115',1142,,12120,17,,,0
105019,'1197131',650,,12121,17,,,0
105019,'1197173',1152,,12122,17,,,0
105019,'1197181',1009,,12123,17,,,0
105019,'1197192',2136,,12124,17,,,0
105019,'1197197',1442,,12125,17,,,0
105019,'1197292',1252,,12126,17,,,0
105019,'1197296',1542,,12127,17,,,0
105019,'1197531',1352,,12128,17,,,0
105019,'1197548',1906,,12129,17,,,0
105019,'1197557',1552,,12130,17,,,0
105019,'1197588',809,,12131,17,,,0
105019,'1197596',2036,,12132,17,,,0
105019,'1197617',1452,,12133,17,,,0
105019,'1197633',1209,,12134,17,,,0
105019,'1197710',739,,12135,17,,,0
105019,'1197779',1727,,12136,17,,,0
105019,'1197825',1357,,12137,17,,,0
105019,'1197971',1042,,12138,17,,,0
105019,'1198112',606,,12139,17,,,0
105019,'1198338',1052,,12140,17,,,0
105019,'1198380',2209,,12141,17,,,0
105019,'1198385',1657,,12142,17,,,0
105019,'1198553',1257,,12143,17,,,0
105019,'1198560',2009,,12144,17,,,0
105019,'1198571',1609,,12145,17,,,0
105019,'1198621',709,,12146,17,,,0
105019,'1198667',939,,12147,17,,,0
105019,'1198717',1512,,12148,17,,,0
105019,'1198741',839,,12149,17,,,0
105019,'1198746',1827,,12150,17,,,0
105019,'1198889',636,,12151,17,,,0
105019,'1199004',1409,,12152,17,,,0
105019,'1199054',1612,,12153,17,,,0
105019,'1199098',809,,12154,17,,,0
105019,'1199298',2336,,12155,17,,,0
105019,'1199347',2250,,12156,17,,,0
105019,'1199383',2236,,12157,17,,,0
105019,'1199400',1652,,12158,17,,,0
105019,'1199461',1809,,12159,17,,,0
105019,'1199511',1752,,12160,17,,,0
105019,'1199546',2050,,12161,17,,,0
105019,'1199574',1852,,12162,17,,,0
