104019,'1197815',2348,,12041,7,,,0
104019,'1198490',2424,,12054,7,,,0
104019,'1199025',2404,,12063,7,,,0
104029,'1196835',1949,,12074,7,,,0
104029,'1196857',749,,12075,7,,,0
104029,'1196889',748,,12076,7,,,0
104029,'1196928',1734,,12077,7,,,0
104029,'1197002',634,,12078,7,,,0
104029,'1197045',1527,,12079,7,,,0
104029,'1197133',819,,12080,7,,,0
104029,'1197341',1227,,12081,7,,,0
104029,'1197454',1748,,12082,7,,,0
104029,'1197461',704,,12083,7,,,0
104029,'1197467',2148,,12084,7,,,0
104029,'1197481',549,,12085,7,,,0
104029,'1197553',2119,,12086,7,,,0
104029,'1197574',904,,12087,7,,,0
104029,'1197583',2134,,12088,7,,,0
104029,'1197794',1749,,12089,7,,,0
104029,'1197965',1348,,12090,7,,,0
104029,'1197979',1519,,12091,7,,,0
104029,'1198234',1019,,12092,7,,,0
104029,'1198287',1612,,12093,7,,,0
104029,'1198288',1142,,12094,7,,,0
104029,'1198449',1249,,12095,7,,,0
104029,'1198458',1904,,12096,7,,,0
104029,'1198510',934,,12097,7,,,0
104029,'1198521',749,,12098,7,,,0
104029,'1198558',1634,,12099,7,,,0
104029,'1198578',1657,,12100,7,,,0
104029,'1198686',1357,,12101,7,,,0
104029,'1198694',1442,,12102,7,,,0
104029,'1198755',948,,12103,7,,,0
104029,'1198909',1148,,12104,7,,,0
104029,'1198979',1134,,12105,7,,,0
104029,'1199045',2249,,12106,7,,,0
104029,'1199127',2249,,12107,7,,,0
104029,'1199159',1312,,12108,7,,,0
104029,'1199181',904,,12109,7,,,0
104029,'1199193',1548,,12110,7,,,0
104029,'1199356',1404,,12111,7,,,0
104029,'1199360',2019,,12112,7,,,0
104029,'1199374',634,,12113,7,,,0
104029,'1199380',1019,,12114,7,,,0
104029,'1199442',1819,,12115,7,,,0
104029,'1199577',1948,,12116,7,,,0
