26019,'1196833',2206,,11427,8,,,0
26019,'1196844',2252,,11428,8,,,0
26019,'1196949',706,,11429,8,,,0
26019,'1197013',1952,,11430,8,,,0
26019,'1197027',1806,,11431,8,,,0
26019,'1197186',1106,,11432,8,,,0
26019,'1197303',1752,,11433,8,,,0
26019,'1197313',1906,,11434,8,,,0
26019,'1197393',1306,,11435,8,,,0
26019,'1197399',1006,,11436,8,,,0
26019,'1197400',1036,,11437,8,,,0
26019,'1197410',1152,,11438,8,,,0
26019,'1197475',1552,,11439,8,,,0
26019,'1197528',2006,,11440,8,,,0
26019,'1197539',852,,11441,8,,,0
26019,'1197549',2106,,11442,8,,,0
26019,'1197586',1706,,11443,8,,,0
26019,'1197594',1436,,11444,8,,,0
26019,'1197600',1352,,11445,8,,,0
26019,'1197749',752,,11446,8,,,0
26019,'1197787',1236,,11447,8,,,0
26019,'1197806',906,,11448,8,,,0
26019,'1197817',1406,,11449,8,,,0
26019,'1197995',1606,,11450,8,,,0
26019,'1198158',1252,,11451,8,,,0
26019,'1198274',1136,,11452,8,,,0
26019,'1198317',1452,,11453,8,,,0
26019,'1198334',1506,,11454,8,,,0
26019,'1198448',606,,11455,8,,,0
26019,'1198587',2306,,11456,8,,,0
26019,'1198626',806,,11457,8,,,0
26019,'1198633',906,,11458,8,,,0
26019,'1198635',706,,11459,8,,,0
26019,'1198640',2106,,11460,8,,,0
26019,'1198642',952,,11461,8,,,0
26019,'1198658',1052,,11462,8,,,0
26019,'1198670',1806,,11463,8,,,0
26019,'1198825',1506,,11464,8,,,0
26019,'1198834',1606,,11465,8,,,0
26019,'1198899',2006,,11466,8,,,0
26019,'1198969',1206,,11467,8,,,0
26019,'1199019',1652,,11468,8,,,0
26019,'1199155',806,,11469,8,,,0
26019,'1199246',1006,,11470,8,,,0
26019,'1199249',1336,,11471,8,,,0
26019,'1199290',606,,11472,8,,,0
26019,'1199307',2152,,11473,8,,,0
26019,'1199310',1706,,11474,8,,,0
26019,'1199313',2306,,11475,8,,,0
26019,'1199493',1906,,11476,8,,,0
26019,'1199515',1852,,11477,8,,,0
26019,'1199654',2206,,11478,8,,,0
26019,'1199656',2052,,11479,8,,,0
