10029,'1196869',1026,,10389,25,,,0
10029,'1196944',1856,,10390,25,,,0
10029,'1196948',1526,,10391,25,,,0
10029,'1197007',656,,10392,25,,,0
10029,'1197053',1326,,10393,25,,,0
10029,'1197093',1126,,10394,25,,,0
10029,'1197160',1727,,10395,25,,,0
10029,'1197269',1826,,10396,25,,,0
10029,'1197314',2156,,10397,25,,,0
10029,'1197362',2027,,10398,25,,,0
10029,'1197385',827,,10399,25,,,0
10029,'1197414',1426,,10400,25,,,0
10029,'1197492',1656,,10401,25,,,0
10029,'1197523',2227,,10402,25,,,0
10029,'1197565',626,,10403,25,,,0
10029,'1197669',826,,10404,25,,,0
10029,'1197675',2126,,10405,25,,,0
10029,'1197822',1726,,10406,25,,,0
10029,'1197831',1726,,10407,25,,,0
10029,'1197885',2026,,10408,25,,,0
10029,'1197887',1556,,10409,25,,,0
10029,'1197892',1226,,10410,25,,,0
10029,'1197908',2226,,10411,25,,,0
10029,'1197916',2256,,10412,25,,,0
10029,'1197980',2401,,10413,25,,,0
10029,'1198080',1626,,10414,25,,,0
10029,'1198150',1626,,10415,25,,,0
10029,'1198170',1127,,10416,25,,,0
10029,'1198181',1756,,10417,25,,,0
10029,'1198232',1527,,10418,25,,,0
10029,'1198314',1926,,10419,25,,,0
10029,'1198351',1226,,10420,25,,,0
10029,'1198466',2056,,10421,25,,,0
10029,'1198481',1427,,10422,25,,,0
10029,'1198536',1227,,10423,25,,,0
10029,'1198550',1627,,10424,25,,,0
10029,'1198565',2326,,10425,25,,,0
10029,'1198676',726,,10426,25,,,0
10029,'1198703',727,,10427,25,,,0
10029,'1198735',1027,,10428,25,,,0
10029,'1198754',1327,,10429,25,,,0
10029,'1198767',1126,,10430,25,,,0
10029,'1198887',856,,10431,25,,,0
10029,'1198905',1426,,10432,25,,,0
10029,'1198933',826,,10433,25,,,0
10029,'1199013',726,,10434,25,,,0
10029,'1199068',1026,,10435,25,,,0
10029,'1199078',1827,,10436,25,,,0
10029,'1199088',1956,,10437,25,,,0
10029,'1199134',1326,,10438,25,,,0
10029,'1199161',2327,,10439,25,,,0
10029,'1199245',1927,,10440,25,,,0
10029,'1199274',927,,10441,25,,,0
10029,'1199375',1456,,10442,25,,,0
10029,'1199396',756,,10443,25,,,0
10029,'1199411',2127,,10444,25,,,0
10029,'1199422',926,,10445,25,,,0
10029,'1199613',926,,10446,25,,,0
10029,'1199633',1526,,10447,25,,,0
12029,'1196881',1126,,10722,20,,,0
12029,'1196886',1656,,10723,20,,,0
12029,'1196921',827,,10724,20,,,0
12029,'1196925',1626,,10725,20,,,0
12029,'1197005',2401,,10726,20,,,0
12029,'1197009',2326,,10727,20,,,0
12029,'1197092',1756,,10728,20,,,0
12029,'1197112',856,,10729,20,,,0
12029,'1197136',2256,,10730,20,,,0
12029,'1197164',726,,10731,20,,,0
12029,'1197202',1526,,10732,20,,,0
12029,'1197246',1356,,10733,20,,,0
12029,'1197415',1056,,10734,20,,,0
12029,'1197416',1526,,10735,20,,,0
12029,'1197484',1927,,10736,20,,,0
12029,'1197496',2156,,10737,20,,,0
12029,'1197608',1156,,10738,20,,,0
12029,'1197678',1827,,10739,20,,,0
12029,'1197742',1326,,10740,20,,,0
12029,'1197777',2327,,10741,20,,,0
12029,'1197790',2226,,10742,20,,,0
12029,'1197947',1727,,10743,20,,,0
12029,'1198008',1356,,10744,20,,,0
12029,'1198017',1856,,10745,20,,,0
12029,'1198020',1726,,10746,20,,,0
12029,'1198024',926,,10747,20,,,0
12029,'1198092',1826,,10748,20,,,0
12029,'1198139',1556,,10749,20,,,0
12029,'1198185',1156,,10750,20,,,0
12029,'1198205',826,,10751,20,,,0
12029,'1198239',956,,10752,20,,,0
12029,'1198318',727,,10753,20,,,0
12029,'1198336',1126,,10754,20,,,0
12029,'1198360',1027,,10755,20,,,0
12029,'1198400',726,,10756,20,,,0
12029,'1198511',2227,,10757,20,,,0
12029,'1198528',1527,,10758,20,,,0
12029,'1198538',1426,,10759,20,,,0
12029,'1198556',2056,,10760,20,,,0
12029,'1198681',1926,,10761,20,,,0
12029,'1198731',2026,,10762,20,,,0
12029,'1198732',1326,,10763,20,,,0
12029,'1198745',2127,,10764,20,,,0
12029,'1198748',927,,10765,20,,,0
12029,'1198775',1026,,10766,20,,,0
12029,'1198818',1726,,10767,20,,,0
12029,'1198856',1127,,10768,20,,,0
12029,'1198877',1256,,10769,20,,,0
12029,'1198898',826,,10770,20,,,0
12029,'1198947',626,,10771,20,,,0
12029,'1198959',1226,,10772,20,,,0
12029,'1198976',1656,,10773,20,,,0
12029,'1199093',1456,,10774,20,,,0
12029,'1199207',1456,,10775,20,,,0
12029,'1199281',1327,,10776,20,,,0
12029,'1199325',1626,,10777,20,,,0
12029,'1199340',1056,,10778,20,,,0
12029,'1199357',1426,,10779,20,,,0
12029,'1199382',756,,10780,20,,,0
12029,'1199384',926,,10781,20,,,0
12029,'1199423',1956,,10782,20,,,0
12029,'1199437',1427,,10783,20,,,0
12029,'1199445',2027,,10784,20,,,0
12029,'1199457',1627,,10785,20,,,0
12029,'1199487',1026,,10786,20,,,0
12029,'1199500',656,,10787,20,,,0
12029,'1199501',1556,,10788,20,,,0
12029,'1199531',1226,,10789,20,,,0
12029,'1199556',2126,,10790,20,,,0
12029,'1199590',1256,,10791,20,,,0
12029,'1199639',1227,,10792,20,,,0
