103029,'1196853',1444,,11989,17,,,0
103029,'1196867',1314,,11990,17,,,0
103029,'1196892',1744,,11991,17,,,0
103029,'1196973',1735,,11992,17,,,0
103029,'1197031',1407,,11993,17,,,0
103029,'1197085',2044,,11994,17,,,0
103029,'1197108',1914,,11995,17,,,0
103029,'1197233',1004,,11996,17,,,0
103029,'1197315',1237,,11997,17,,,0
103029,'1197321',1107,,11998,17,,,0
103029,'1197346',1435,,11999,17,,,0
103029,'1197499',1836,,12000,17,,,0
103029,'1197743',807,,12001,17,,,0
103029,'1197784',937,,12002,17,,,0
103029,'1197852',1305,,12003,17,,,0
103029,'1198282',1135,,12004,17,,,0
103029,'1198444',1537,,12005,17,,,0
103029,'1198568',704,,12006,17,,,0
103029,'1198723',2006,,12007,17,,,0
103029,'1198855',834,,12008,17,,,0
103029,'1198880',1520,,12009,17,,,0
103029,'1198882',637,,12010,17,,,0
103029,'1198911',2136,,12011,17,,,0
103029,'1198914',1650,,12012,17,,,0
103029,'1198921',844,,12013,17,,,0
103029,'1198928',749,,12014,17,,,0
103029,'1198990',919,,12015,17,,,0
103029,'1199021',1614,,12016,17,,,0
103029,'1199109',2306,,12017,17,,,0
103029,'1199145',2214,,12018,17,,,0
103029,'1199146',1144,,12019,17,,,0
103029,'1199172',2204,,12020,17,,,0
103029,'1199215',2334,,12021,17,,,0
103029,'1199475',1904,,12022,17,,,0
103029,'1199565',1014,,12023,17,,,0
103029,'1199579',1605,,12024,17,,,0
103029,'1199581',2034,,12025,17,,,0
103029,'1199593',1707,,12026,17,,,0
