105019,'1196946',920,,12117,70,,,0
105019,'1197049',1831,,12118,70,,,0
105019,'1197077',609,,12119,70,,,0
105019,'1197115',1216,,12120,70,,,0
105019,'1197131',720,,12121,70,,,0
105019,'1197173',1222,,12122,70,,,0
105019,'1197181',1039,,12123,70,,,0
105019,'1197192',2207,,12124,70,,,0
105019,'1197197',1516,,12125,70,,,0
105019,'1197292',1322,,12126,70,,,0
105019,'1197296',1616,,12127,70,,,0
105019,'1197531',1422,,12128,70,,,0
105019,'1197548',1937,,12129,70,,,0
105019,'1197557',1622,,12130,70,,,0
105019,'1197588',839,,12131,70,,,0
105019,'1197596',2107,,12132,70,,,0
105019,'1197617',1522,,12133,70,,,0
105019,'1197633',1239,,12134,70,,,0
105019,'1197710',813,,12135,70,,,0
105019,'1197779',1801,,12136,70,,,0
105019,'1197825',1431,,12137,70,,,0
105019,'1197971',1116,,12138,70,,,0
105019,'1198112',639,,12139,70,,,0
105019,'1198338',1122,,12140,70,,,0
105019,'1198380',2239,,12141,70,,,0
105019,'1198385',1731,,12142,70,,,0
105019,'1198553',1331,,12143,70,,,0
105019,'1198560',2039,,12144,70,,,0
105019,'1198571',1639,,12145,70,,,0
105019,'1198621',743,,12146,70,,,0
105019,'1198667',1013,,12147,70,,,0
105019,'1198717',1546,,12148,70,,,0
105019,'1198741',913,,12149,70,,,0
105019,'1198746',1901,,12150,70,,,0
105019,'1198889',709,,12151,70,,,0
105019,'1199004',1439,,12152,70,,,0
105019,'1199054',1646,,12153,70,,,0
105019,'1199098',843,,12154,70,,,0
105019,'1199298',2407,,12155,70,,,0
105019,'1199347',2320,,12156,70,,,0
105019,'1199383',2307,,12157,70,,,0
105019,'1199400',1722,,12158,70,,,0
105019,'1199461',1839,,12159,70,,,0
105019,'1199511',1822,,12160,70,,,0
105019,'1199546',2120,,12161,70,,,0
105019,'1199574',1922,,12162,70,,,0
