20029,'1196868',1645,,11092,6,,,0
20029,'1196909',1326,,11093,6,,,0
20029,'1196951',1254,,11094,6,,,0
20029,'1196962',2155,,11095,6,,,0
20029,'1196978',1226,,11096,6,,,0
20029,'1197172',624,,11097,6,,,0
20029,'1197213',945,,11098,6,,,0
20029,'1197307',1454,,11099,6,,,0
20029,'1197312',1745,,11100,6,,,0
20029,'1197355',654,,11101,6,,,0
20029,'1197361',845,,11102,6,,,0
20029,'1197366',745,,11103,6,,,0
20029,'1197368',1756,,11104,6,,,0
20029,'1197403',1626,,11105,6,,,0
20029,'1197421',1426,,11106,6,,,0
20029,'1197464',725,,11107,6,,,0
20029,'1197479',1126,,11108,6,,,0
20029,'1197554',2055,,11109,6,,,0
20029,'1197566',1045,,11110,6,,,0
20029,'1197569',1145,,11111,6,,,0
20029,'1197577',1545,,11112,6,,,0
20029,'1197610',854,,11113,6,,,0
20029,'1197632',2045,,11114,6,,,0
20029,'1197792',2345,,11115,6,,,0
20029,'1198090',2245,,11116,6,,,0
20029,'1198196',2125,,11117,6,,,0
20029,'1198208',1855,,11118,6,,,0
20029,'1198218',754,,11119,6,,,0
20029,'1198241',1527,,11120,6,,,0
20029,'1198256',1945,,11121,6,,,0
20029,'1198342',1445,,11122,6,,,0
20029,'1198375',826,,11123,6,,,0
20029,'1198439',1726,,11124,6,,,0
20029,'1198464',2255,,11125,6,,,0
20029,'1198524',2026,,11126,6,,,0
20029,'1198526',1926,,11127,6,,,0
20029,'1198650',1754,,11128,6,,,0
20029,'1198663',1554,,11129,6,,,0
20029,'1198795',2225,,11130,6,,,0
20029,'1198866',1154,,11131,6,,,0
20029,'1198883',1345,,11132,6,,,0
20029,'1198891',1656,,11133,6,,,0
20029,'1198917',654,,11134,6,,,0
20029,'1198942',2145,,11135,6,,,0
20029,'1199003',954,,11136,6,,,0
20029,'1199050',1354,,11137,6,,,0
20029,'1199089',1955,,11138,6,,,0
20029,'1199092',926,,11139,6,,,0
20029,'1199111',1026,,11140,6,,,0
20029,'1199119',1654,,11141,6,,,0
20029,'1199171',2354,,11142,6,,,0
20029,'1199252',1826,,11143,6,,,0
20029,'1199308',755,,11144,6,,,0
20029,'1199404',1054,,11145,6,,,0
20029,'1199499',2325,,11146,6,,,0
20029,'1199544',1245,,11147,6,,,0
20029,'1199641',1845,,11148,6,,,0
