12019,'1196839',2123,,10650,12,,,0
12019,'1196874',1124,,10651,12,,,0
12019,'1196885',1624,,10652,12,,,0
12019,'1196887',1554,,10653,12,,,0
12019,'1196940',1324,,10654,12,,,0
12019,'1196983',1923,,10655,12,,,0
12019,'1197026',2223,,10656,12,,,0
12019,'1197080',1823,,10657,12,,,0
12019,'1197104',1853,,10658,12,,,0
12019,'1197223',1754,,10659,12,,,0
12019,'1197306',1154,,10660,12,,,0
12019,'1197322',753,,10661,12,,,0
12019,'1197334',1624,,10662,12,,,0
12019,'1197339',1753,,10663,12,,,0
12019,'1197433',953,,10664,12,,,0
12019,'1197490',1654,,10665,12,,,0
12019,'1197525',1554,,10666,12,,,0
12019,'1197602',853,,10667,12,,,0
12019,'1197615',1224,,10668,12,,,0
12019,'1197664',1754,,10669,12,,,0
12019,'1197701',2353,,10670,12,,,0
12019,'1197765',2353,,10671,12,,,0
12019,'1197813',1054,,10672,12,,,0
12019,'1197824',1253,,10673,12,,,0
12019,'1197891',2053,,10674,12,,,0
12019,'1197911',1953,,10675,12,,,0
12019,'1197945',1853,,10676,12,,,0
12019,'1197989',1454,,10677,12,,,0
12019,'1197991',1153,,10678,12,,,0
12019,'1198031',653,,10679,12,,,0
12019,'1198072',1353,,10680,12,,,0
12019,'1198097',1553,,10681,12,,,0
12019,'1198121',1654,,10682,12,,,0
12019,'1198127',1054,,10683,12,,,0
12019,'1198171',2153,,10684,12,,,0
12019,'1198224',2253,,10685,12,,,0
12019,'1198250',1324,,10686,12,,,0
12019,'1198260',1424,,10687,12,,,0
12019,'1198263',923,,10688,12,,,0
12019,'1198283',1524,,10689,12,,,0
12019,'1198358',1453,,10690,12,,,0
12019,'1198421',853,,10691,12,,,0
12019,'1198427',1224,,10692,12,,,0
12019,'1198442',1724,,10693,12,,,0
12019,'1198497',2153,,10694,12,,,0
12019,'1198582',853,,10695,12,,,0
12019,'1198588',623,,10696,12,,,0
12019,'1198592',1724,,10697,12,,,0
12019,'1198618',1053,,10698,12,,,0
12019,'1198712',1154,,10699,12,,,0
12019,'1198727',1354,,10700,12,,,0
12019,'1198773',1354,,10701,12,,,0
12019,'1198774',1124,,10702,12,,,0
12019,'1198819',2323,,10703,12,,,0
12019,'1198842',953,,10704,12,,,0
12019,'1198884',1953,,10705,12,,,0
12019,'1198912',753,,10706,12,,,0
12019,'1198945',953,,10707,12,,,0
12019,'1199167',723,,10708,12,,,0
12019,'1199197',2053,,10709,12,,,0
12019,'1199223',1254,,10710,12,,,0
12019,'1199224',655,,10711,12,,,0
12019,'1199251',1023,,10712,12,,,0
12019,'1199291',1524,,10713,12,,,0
12019,'1199315',1254,,10714,12,,,0
12019,'1199416',2253,,10715,12,,,0
12019,'1199495',1424,,10716,12,,,0
12019,'1199513',823,,10717,12,,,0
12019,'1199578',1454,,10718,12,,,0
12019,'1199610',2023,,10719,12,,,0
12019,'1199616',753,,10720,12,,,0
12019,'1199625',1653,,10721,12,,,0
