11019,'1196876',1446,,10548,3,,,0
11019,'1196884',1243,,10549,7,,,0
11019,'1196914',1127,,10550,7,,,0
11019,'1196958',748,,10551,7,,,0
11019,'1197000',1246,,10552,3,,,0
11019,'1197070',1846,,10553,3,,,0
11019,'1197071',1826,,10554,7,,,0
11019,'1197114',912,,10555,7,,,0
11019,'1197185',2246,,10556,3,,,0
11019,'1197191',1443,,10557,7,,,0
11019,'1197229',1358,,10558,7,,,0
11019,'1197234',1658,,10559,7,,,0
11019,'1197264',1728,,10560,7,,,0
11019,'1197274',927,,10561,7,,,0
11019,'1197327',1328,,10562,7,,,0
11019,'1197343',727,,10563,7,,,0
11019,'1197351',1546,,10564,3,,,0
11019,'1197398',1813,,10565,7,,,0
11019,'1197412',2256,,10566,7,,,0
11019,'1197422',1628,,10567,7,,,0
11019,'1197446',2346,,10568,3,,,0
11019,'1197463',657,,10569,7,,,0
11019,'1197502',612,,10570,7,,,0
11019,'1197519',742,,10571,7,,,0
11019,'1197564',2248,,10572,7,,,0
11019,'1197573',1346,,10573,3,,,0
11019,'1197695',1057,,10574,7,,,0
11019,'1197696',757,,10575,7,,,0
11019,'1197753',846,,10576,3,,,0
11019,'1197763',1513,,10577,7,,,0
11019,'1197795',2026,,10578,7,,,0
11019,'1197832',1613,,10579,7,,,0
11019,'1197875',2413,,10580,7,,,0
11019,'1197917',2348,,10581,7,,,0
11019,'1197925',1112,,10582,7,,,0
11019,'1197934',1528,,10583,7,,,0
11019,'1197978',1856,,10584,7,,,0
11019,'1197990',1428,,10585,7,,,0
11019,'1198012',842,,10586,7,,,0
11019,'1198053',948,,10587,7,,,0
11019,'1198076',1956,,10588,7,,,0
11019,'1198113',2056,,10589,7,,,0
11019,'1198146',2226,,10590,7,,,0
11019,'1198266',1948,,10591,7,,,0
11019,'1198296',1646,,10592,3,,,0
11019,'1198337',857,,10593,7,,,0
11019,'1198341',1148,,10594,7,,,0
11019,'1198362',2146,,10595,3,,,0
11019,'1198405',1848,,10596,7,,,0
11019,'1198419',1458,,10597,7,,,0
11019,'1198470',1258,,10598,7,,,0
11019,'1198493',1758,,10599,7,,,0
11019,'1198506',1048,,10600,7,,,0
11019,'1198543',1012,,10601,7,,,0
11019,'1198548',1558,,10602,7,,,0
11019,'1198573',1142,,10603,7,,,0
11019,'1198590',1946,,10604,3,,,0
11019,'1198610',1543,,10605,7,,,0
11019,'1198623',648,,10606,7,,,0
11019,'1198660',1258,,10607,7,,,0
11019,'1198662',1746,,10608,3,,,0
11019,'1198696',1428,,10609,7,,,0
11019,'1198771',1458,,10610,7,,,0
11019,'1198808',942,,10611,7,,,0
11019,'1198843',2046,,10612,3,,,0
11019,'1198927',1042,,10613,7,,,0
11019,'1198951',1713,,10614,7,,,0
11019,'1198978',1926,,10615,7,,,0
11019,'1199022',1228,,10616,7,,,0
11019,'1199024',2148,,10617,7,,,0
11019,'1199026',2156,,10618,7,,,0
11019,'1199059',1558,,10619,7,,,0
11019,'1199060',1343,,10620,7,,,0
11019,'1199064',1758,,10621,7,,,0
11019,'1199091',746,,10622,3,,,0
11019,'1199100',2126,,10623,7,,,0
11019,'1199118',1658,,10624,7,,,0
11019,'1199132',642,,10625,7,,,0
11019,'1199143',1728,,10626,7,,,0
11019,'1199154',1413,,10627,7,,,0
11019,'1199177',1643,,10628,7,,,0
11019,'1199180',2048,,10629,7,,,0
11019,'1199214',712,,10630,7,,,0
11019,'1199225',1528,,10631,7,,,0
11019,'1199227',1146,,10632,3,,,0
11019,'1199229',1358,,10633,7,,,0
11019,'1199253',946,,10634,3,,,0
11019,'1199301',2323,,10635,7,,,0
11019,'1199306',1046,,10636,3,,,0
11019,'1199370',1743,,10637,7,,,0
11019,'1199376',827,,10638,7,,,0
11019,'1199394',848,,10639,7,,,0
11019,'1199403',812,,10640,7,,,0
11019,'1199410',1157,,10641,7,,,0
11019,'1199462',2353,,10642,7,,,0
11019,'1199476',957,,10643,7,,,0
11019,'1199496',1313,,10644,7,,,0
11019,'1199508',1212,,10645,7,,,0
11019,'1199591',1628,,10646,7,,,0
11019,'1199603',1228,,10647,7,,,0
11019,'1199619',1027,,10648,7,,,0
11019,'1199623',1328,,10649,7,,,0
22019,'1197225',1808,,11149,3,,,0
22019,'1197486',1008,,11150,3,,,0
22019,'1197592',808,,11151,3,,,0
22019,'1198193',1408,,11152,3,,,0
22019,'1198485',1438,,11153,3,,,0
22019,'1198782',838,,11154,3,,,0
22019,'1198892',1608,,11155,3,,,0
22019,'1199196',1208,,11156,3,,,0
22019,'1199264',1238,,11157,3,,,0
22019,'1199413',1038,,11158,3,,,0
140001019,'1196866',807,,12221,3,,,0
140001019,'1196880',2207,,12222,3,,,0
140001019,'1196896',1022,,12223,3,,,0
140001019,'1196898',2137,,12224,3,,,0
140001019,'1196900',1922,,12225,3,,,0
140001019,'1196905',1857,,12226,3,,,0
140001019,'1196939',2307,,12227,3,,,0
140001019,'1196943',1322,,12228,3,,,0
140001019,'1196945',2332,,12229,3,,,0
140001019,'1196967',637,,12230,3,,,0
140001019,'1197008',1357,,12231,3,,,0
140001019,'1197072',1412,,12232,3,,,0
140001019,'1197075',1537,,12233,3,,,0
140001019,'1197086',1837,,12234,3,,,0
140001019,'1197088',2037,,12235,3,,,0
140001019,'1197102',652,,12236,3,,,0
140001019,'1197146',1552,,12237,3,,,0
140001019,'1197212',1307,,12238,3,,,0
140001019,'1197216',922,,12239,3,,,0
140001019,'1197238',1152,,12240,3,,,0
140001019,'1197266',1452,,12241,3,,,0
140001019,'1197267',1622,,12242,3,,,0
140001019,'1197281',1627,,12243,3,,,0
140001019,'1197287',937,,12244,3,,,0
140001019,'1197324',1557,,12245,3,,,0
140001019,'1197328',1007,,12246,3,,,0
140001019,'1197350',1037,,12247,3,,,0
140001019,'1197407',1407,,12248,3,,,0
140001019,'1197438',1722,,12249,3,,,0
140001019,'1197459',952,,12250,3,,,0
140001019,'1197465',1122,,12251,3,,,0
140001019,'1197470',1737,,12252,3,,,0
140001019,'1197474',1007,,12253,3,,,0
140001019,'1197516',1427,,12254,3,,,0
140001019,'1197563',1822,,12255,3,,,0
140001019,'1197567',1937,,12256,3,,,0
140001019,'1197593',1222,,12257,3,,,0
140001019,'1197607',1642,,12258,3,,,0
140001019,'1197613',1742,,12259,3,,,0
140001019,'1197621',1753,,12260,3,,,0
140001019,'1197622',2022,,12261,3,,,0
140001019,'1197646',1207,,12262,3,,,0
140001019,'1197676',1137,,12263,3,,,0
140001019,'1197685',1022,,12264,3,,,0
140001019,'1197688',1307,,12265,3,,,0
140001019,'1197689',1422,,12266,3,,,0
140001019,'1197693',1727,,12267,3,,,0
140001019,'1197729',1952,,12268,3,,,0
140001019,'1197734',1557,,12269,3,,,0
140001019,'1197741',1322,,12270,3,,,0
140001019,'1197745',1207,,12271,3,,,0
140001019,'1197767',1107,,12272,3,,,0
140001019,'1197797',2007,,12273,3,,,0
140001019,'1197802',852,,12274,3,,,0
140001019,'1197830',907,,12275,3,,,0
140001019,'1197894',1807,,12276,3,,,0
140001019,'1197944',1057,,12277,3,,,0
140001019,'1197964',1252,,12278,3,,,0
140001019,'1197966',1037,,12279,3,,,0
140001019,'1197987',1612,,12280,3,,,0
140001019,'1197988',737,,12281,3,,,0
140001019,'1198009',2052,,12282,3,,,0
140001019,'1198027',2257,,12283,3,,,0
140001019,'1198035',822,,12284,3,,,0
140001019,'1198147',2057,,12285,3,,,0
140001019,'1198155',1152,,12286,3,,,0
140001019,'1198177',2037,,12287,3,,,0
140001019,'1198195',1252,,12288,3,,,0
140001019,'1198235',1652,,12289,3,,,0
140001019,'1198264',1257,,12290,3,,,0
140001019,'1198294',1352,,12291,3,,,0
140001019,'1198302',2007,,12292,3,,,0
140001019,'1198324',1752,,12293,3,,,0
140001019,'1198349',722,,12294,3,,,0
140001019,'1198356',1707,,12295,3,,,0
140001019,'1198378',707,,12296,3,,,0
140001019,'1198384',1122,,12297,3,,,0
140001019,'1198418',1907,,12298,3,,,0
140001019,'1198429',1852,,12299,3,,,0
140001019,'1198452',1757,,12300,3,,,0
140001019,'1198461',837,,12301,3,,,0
140001019,'1198463',1822,,12302,3,,,0
140001019,'1198487',1837,,12303,3,,,0
140001019,'1198515',1222,,12304,3,,,0
140001019,'1198535',1657,,12305,3,,,0
140001019,'1198541',1052,,12306,3,,,0
140001019,'1198549',637,,12307,3,,,0
140001019,'1198579',1637,,12308,3,,,0
140001019,'1198595',2107,,12309,3,,,0
140001019,'1198601',1607,,12310,3,,,0
140001019,'1198665',2307,,12311,3,,,0
140001019,'1198666',757,,12312,3,,,0
140001019,'1198714',1442,,12313,3,,,0
140001019,'1198763',2407,,12314,3,,,0
140001019,'1198766',957,,12315,3,,,0
140001019,'1198781',1807,,12316,3,,,0
140001019,'1198791',1507,,12317,3,,,0
140001019,'1198797',807,,12318,3,,,0
140001019,'1198813',1457,,12319,3,,,0
140001019,'1198814',2357,,12320,3,,,0
140001019,'1198835',1337,,12321,3,,,0
140001019,'1198872',837,,12322,3,,,0
140001019,'1198878',1237,,12323,3,,,0
140001019,'1198900',1457,,12324,3,,,0
140001019,'1198920',2107,,12325,3,,,0
140001019,'1198925',1107,,12326,3,,,0
140001019,'1198926',907,,12327,3,,,0
140001019,'1198932',952,,12328,3,,,0
140001019,'1198964',1712,,12329,3,,,0
140001019,'1198965',1352,,12330,3,,,0
140001019,'1198980',1527,,12331,3,,,0
140001019,'1199018',2407,,12332,3,,,0
140001019,'1199069',2157,,12333,3,,,0
140001019,'1199136',1237,,12334,3,,,0
140001019,'1199170',737,,12335,3,,,0
140001019,'1199213',2337,,12336,3,,,0
140001019,'1199235',857,,12337,3,,,0
140001019,'1199268',752,,12338,3,,,0
140001019,'1199282',1052,,12339,3,,,0
140001019,'1199297',1512,,12340,3,,,0
140001019,'1199319',937,,12341,3,,,0
140001019,'1199330',1852,,12342,3,,,0
140001019,'1199354',1937,,12343,3,,,0
140001019,'1199367',2137,,12344,3,,,0
140001019,'1199377',1157,,12345,3,,,0
140001019,'1199402',1657,,12346,3,,,0
140001019,'1199414',1437,,12347,3,,,0
140001019,'1199449',1137,,12348,3,,,0
140001019,'1199458',1337,,12349,3,,,0
140001019,'1199468',2237,,12350,3,,,0
140001019,'1199492',1542,,12351,3,,,0
140001019,'1199516',2207,,12352,3,,,0
140001019,'1199563',2237,,12353,3,,,0
140001019,'1199606',1522,,12354,3,,,0
140001019,'1199624',1907,,12355,3,,,0
140001019,'1199632',707,,12356,3,,,0
140001019,'1199638',1957,,12357,3,,,0
