104019,'1196891',2319,,12027,5,,,0
104019,'1197169',2354,,12028,5,,,0
104019,'1197256',1320,,12029,5,,,0
104019,'1197286',2119,,12030,5,,,0
104019,'1197298',1150,,12031,5,,,0
104019,'1197387',2219,,12032,5,,,0
104019,'1197452',1949,,12033,5,,,0
104019,'1197544',904,,12034,5,,,0
104019,'1197547',1219,,12035,5,,,0
104019,'1197640',1519,,12036,5,,,0
104019,'1197714',1749,,12037,5,,,0
104019,'1197725',2049,,12038,5,,,0
104019,'1197761',719,,12039,5,,,0
104019,'1197801',949,,12040,5,,,0
104019,'1197820',749,,12042,5,,,0
104019,'1197873',604,,12043,5,,,0
104019,'1197937',1449,,12044,5,,,0
104019,'1198060',1719,,12045,5,,,0
104019,'1198073',2334,,12046,5,,,0
104019,'1198077',2219,,12047,5,,,0
104019,'1198194',1105,,12048,5,,,0
104019,'1198253',1119,,12049,5,,,0
104019,'1198313',1450,,12050,5,,,0
104019,'1198322',1604,,12051,5,,,0
104019,'1198353',1235,,12052,5,,,0
104019,'1198411',919,,12053,5,,,0
104019,'1198567',1719,,12055,5,,,0
104019,'1198664',834,,12056,5,,,0
104019,'1198683',1334,,12057,5,,,0
104019,'1198738',1919,,12058,5,,,0
104019,'1198750',1919,,12059,5,,,0
104019,'1198780',834,,12060,5,,,0
104019,'1198913',1405,,12061,5,,,0
104019,'1198958',634,,12062,5,,,0
104019,'1199185',719,,12064,5,,,0
104019,'1199190',1104,,12065,5,,,0
104019,'1199331',1319,,12066,5,,,0
104019,'1199407',1834,,12067,5,,,0
104019,'1199459',1704,,12068,5,,,0
104019,'1199490',1620,,12069,5,,,0
104019,'1199539',949,,12070,5,,,0
104019,'1199564',719,,12071,5,,,0
104019,'1199583',1535,,12072,5,,,0
104019,'1199617',2104,,12073,5,,,0
