105029,'1196840',2311,,12163,40,,,0
105029,'1196987',1026,,12164,40,,,0
105029,'1196996',1658,,12165,40,,,0
105029,'1197020',1542,,12166,40,,,0
105029,'1197097',1758,,12167,40,,,0
105029,'1197137',2024,,12168,40,,,0
105029,'1197220',2011,,12169,40,,,0
105029,'1197228',1513,,12170,40,,,0
105029,'1197231',741,,12171,40,,,0
105029,'1197439',1142,,12172,40,,,0
105029,'1197501',1942,,12173,40,,,0
105029,'1197522',2142,,12174,40,,,0
105029,'1197561',1013,,12175,40,,,0
105029,'1197638',942,,12176,40,,,0
105029,'1197840',2111,,12177,40,,,0
105029,'1197853',2211,,12178,40,,,0
105029,'1197918',1841,,12179,40,,,0
105029,'1197968',2342,,12180,40,,,0
105029,'1198013',1342,,12181,40,,,0
105029,'1198037',1113,,12182,40,,,0
105029,'1198064',1826,,12183,40,,,0
105029,'1198187',1226,,12184,40,,,0
105029,'1198214',1742,,12185,40,,,0
105029,'1198417',1326,,12186,40,,,0
105029,'1198447',1728,,12187,40,,,0
105029,'1198529',1526,,12188,40,,,0
105029,'1198616',711,,12189,40,,,0
105029,'1198625',1628,,12190,40,,,0
105029,'1198711',1328,,12191,40,,,0
105029,'1198718',1543,,12192,40,,,0
105029,'1198725',1726,,12193,40,,,0
105029,'1198779',824,,12194,40,,,0
105029,'1198918',1426,,12195,40,,,0
105029,'1198922',2416,,12196,40,,,0
105029,'1198923',641,,12197,40,,,0
105029,'1199012',624,,12198,40,,,0
105029,'1199037',1413,,12199,40,,,0
105029,'1199107',1443,,12200,40,,,0
105029,'1199124',2424,,12201,40,,,0
105029,'1199144',1228,,12202,40,,,0
105029,'1199148',742,,12203,40,,,0
105029,'1199220',1126,,12204,40,,,0
105029,'1199470',2224,,12205,40,,,0
105029,'1199473',911,,12206,40,,,0
105029,'1199604',811,,12207,40,,,0
105029,'1199607',1626,,12208,40,,,0
