13019,'1196852',1341,,10793,36,,,0
13019,'1196856',1739,,10794,36,,,0
13019,'1196922',638,,10795,10,,,0
13019,'1196999',940,,10796,36,,,0
13019,'1197035',639,,10797,36,,,0
13019,'1197132',1511,,10798,36,,,0
13019,'1197251',1611,,10799,36,,,0
13019,'1197279',739,,10800,36,,,0
13019,'1197353',2309,,10801,36,,,0
13019,'1197357',1839,,10802,36,,,0
13019,'1197451',2239,,10803,36,,,0
13019,'1197487',840,,10804,36,,,0
13019,'1197555',1641,,10805,36,,,0
13019,'1197570',939,,10806,36,,,0
13019,'1197575',1639,,10807,36,,,0
13019,'1197641',2039,,10808,36,,,0
13019,'1197645',1711,,10809,36,,,0
13019,'1197648',709,,10810,36,,,0
13019,'1197690',1639,,10811,36,,,0
13019,'1197692',1741,,10812,36,,,0
13019,'1197730',1441,,10813,36,,,0
13019,'1197762',2414,,10814,36,,,0
13019,'1197803',739,,10815,36,,,0
13019,'1197834',1239,,10816,36,,,0
13019,'1197854',2039,,10817,36,,,0
13019,'1197962',1339,,10818,36,,,0
13019,'1197975',1042,,10819,36,,,0
13019,'1198041',1139,,10820,36,,,0
13019,'1198094',1809,,10821,36,,,0
13019,'1198160',839,,10822,36,,,0
13019,'1198201',1239,,10823,36,,,0
13019,'1198243',1839,,10824,36,,,0
13019,'1198290',2209,,10825,36,,,0
13019,'1198352',739,,10826,36,,,0
13019,'1198355',1909,,10827,36,,,0
13019,'1198382',809,,10828,36,,,0
13019,'1198402',2239,,10829,36,,,0
13019,'1198552',2139,,10830,36,,,0
13019,'1198554',1939,,10831,36,,,0
13019,'1198602',1139,,10832,36,,,0
13019,'1198611',2009,,10833,36,,,0
13019,'1198630',1541,,10834,36,,,0
13019,'1198675',1241,,10835,36,,,0
13019,'1198690',609,,10836,10,,,0
13019,'1198716',1039,,10837,36,,,0
13019,'1198729',1009,,10838,36,,,0
13019,'1198761',1339,,10839,36,,,0
13019,'1198778',939,,10840,36,,,0
13019,'1198837',2339,,10841,36,,,0
13019,'1198874',1141,,10842,36,,,0
13019,'1198888',910,,10843,36,,,0
13019,'1199044',839,,10844,36,,,0
13019,'1199123',1039,,10845,36,,,0
13019,'1199151',1439,,10846,36,,,0
13019,'1199233',1439,,10847,36,,,0
13019,'1199276',1539,,10848,36,,,0
13019,'1199284',2109,,10849,36,,,0
13019,'1199418',1939,,10850,36,,,0
13019,'1199448',1739,,10851,36,,,0
13019,'1199536',2139,,10852,36,,,0
13019,'1199588',2339,,10853,36,,,0
13019,'1199631',1539,,10854,36,,,0
