26029,'1196873',1800,,11480,8,,,0
26029,'1196910',2300,,11481,8,,,0
26029,'1196913',1116,,11482,8,,,0
26029,'1196977',1616,,11483,8,,,0
26029,'1196980',1016,,11484,8,,,0
26029,'1197179',2016,,11485,8,,,0
26029,'1197404',1246,,11486,8,,,0
26029,'1197498',1916,,11487,8,,,0
26029,'1197625',916,,11488,8,,,0
26029,'1197661',1016,,11489,8,,,0
26029,'1197679',1900,,11490,8,,,0
26029,'1197751',2215,,11491,8,,,0
26029,'1197754',615,,11492,8,,,0
26029,'1197782',1516,,11493,8,,,0
26029,'1197814',2216,,11494,8,,,0
26029,'1197860',815,,11495,8,,,0
26029,'1197884',800,,11496,8,,,0
26029,'1197936',1316,,11497,8,,,0
26029,'1197940',1216,,11498,8,,,0
26029,'1197960',1146,,11499,8,,,0
26029,'1197999',2116,,11500,8,,,0
26029,'1198011',1600,,11501,8,,,0
26029,'1198044',1400,,11502,8,,,0
26029,'1198105',2116,,11503,8,,,0
26029,'1198189',1816,,11504,8,,,0
26029,'1198210',1046,,11505,8,,,0
26029,'1198276',1617,,11506,8,,,0
26029,'1198303',1200,,11507,8,,,0
26029,'1198354',2016,,11508,8,,,0
26029,'1198406',616,,11509,8,,,0
26029,'1198482',1100,,11510,8,,,0
26029,'1198544',1700,,11511,8,,,0
26029,'1198822',2315,,11512,8,,,0
26029,'1198850',1816,,11513,8,,,0
26029,'1198867',1500,,11514,8,,,0
26029,'1198935',715,,11515,8,,,0
26029,'1198937',2000,,11516,8,,,0
26029,'1199008',716,,11517,8,,,0
26029,'1199034',1916,,11518,8,,,0
26029,'1199114',2316,,11519,8,,,0
26029,'1199122',1716,,11520,8,,,0
26029,'1199135',1516,,11521,8,,,0
26029,'1199139',1000,,11522,8,,,0
26029,'1199216',2200,,11523,8,,,0
26029,'1199265',1300,,11524,8,,,0
26029,'1199273',900,,11525,8,,,0
26029,'1199292',1716,,11526,8,,,0
26029,'1199311',1446,,11527,8,,,0
26029,'1199314',1346,,11528,8,,,0
26029,'1199512',2100,,11529,8,,,0
26029,'1199532',915,,11530,8,,,0
26029,'1199605',1416,,11531,8,,,0
26029,'1199628',816,,11532,8,,,0
