10029,'1196869',1040,,10389,43,,,0
10029,'1196944',1910,,10390,43,,,0
10029,'1196948',1540,,10391,43,,,0
10029,'1197007',710,,10392,43,,,0
10029,'1197053',1340,,10393,43,,,0
10029,'1197093',1140,,10394,43,,,0
10029,'1197160',1740,,10395,43,,,0
10029,'1197269',1840,,10396,43,,,0
10029,'1197314',2210,,10397,43,,,0
10029,'1197362',2040,,10398,43,,,0
10029,'1197385',840,,10399,43,,,0
10029,'1197414',1440,,10400,43,,,0
10029,'1197492',1710,,10401,43,,,0
10029,'1197523',2240,,10402,43,,,0
10029,'1197565',640,,10403,43,,,0
10029,'1197669',840,,10404,43,,,0
10029,'1197675',2140,,10405,43,,,0
10029,'1197822',1740,,10406,43,,,0
10029,'1197831',1740,,10407,43,,,0
10029,'1197885',2040,,10408,43,,,0
10029,'1197887',1610,,10409,43,,,0
10029,'1197892',1240,,10410,43,,,0
10029,'1197908',2240,,10411,43,,,0
10029,'1197916',2310,,10412,43,,,0
10029,'1197980',2415,,10413,43,,,0
10029,'1198080',1640,,10414,43,,,0
10029,'1198150',1640,,10415,43,,,0
10029,'1198170',1140,,10416,43,,,0
10029,'1198181',1810,,10417,43,,,0
10029,'1198232',1540,,10418,43,,,0
10029,'1198314',1940,,10419,43,,,0
10029,'1198351',1240,,10420,43,,,0
10029,'1198466',2110,,10421,43,,,0
10029,'1198481',1440,,10422,43,,,0
10029,'1198536',1240,,10423,43,,,0
10029,'1198550',1640,,10424,43,,,0
10029,'1198565',2340,,10425,43,,,0
10029,'1198676',740,,10426,43,,,0
10029,'1198703',740,,10427,43,,,0
10029,'1198735',1040,,10428,43,,,0
10029,'1198754',1340,,10429,43,,,0
10029,'1198767',1140,,10430,43,,,0
10029,'1198887',910,,10431,43,,,0
10029,'1198905',1440,,10432,43,,,0
10029,'1198933',840,,10433,43,,,0
10029,'1199013',740,,10434,43,,,0
10029,'1199068',1040,,10435,43,,,0
10029,'1199078',1840,,10436,43,,,0
10029,'1199088',2010,,10437,43,,,0
10029,'1199134',1340,,10438,43,,,0
10029,'1199161',2340,,10439,43,,,0
10029,'1199245',1940,,10440,43,,,0
10029,'1199274',940,,10441,43,,,0
10029,'1199375',1510,,10442,43,,,0
10029,'1199396',810,,10443,43,,,0
10029,'1199411',2140,,10444,43,,,0
10029,'1199422',940,,10445,43,,,0
10029,'1199613',940,,10446,43,,,0
10029,'1199633',1540,,10447,43,,,0
103019,'1196838',2027,,11950,10,,,0
103019,'1196888',945,,11951,10,,,0
103019,'1196969',1646,,11952,10,,,0
103019,'1196981',1216,,11953,10,,,0
103019,'1197294',2115,,11954,10,,,0
103019,'1197441',1045,,11955,10,,,0
103019,'1197545',1716,,11956,10,,,0
103019,'1197721',1346,,11957,10,,,0
103019,'1197732',900,,11958,10,,,0
103019,'1197772',1501,,11959,10,,,0
103019,'1197847',1546,,11960,10,,,0
103019,'1197900',2315,,11961,10,,,0
103019,'1197976',2145,,11962,10,,,0
103019,'1198084',745,,11963,10,,,0
103019,'1198108',1427,,11964,10,,,0
103019,'1198169',730,,11965,10,,,0
103019,'1198206',915,,11966,10,,,0
103019,'1198228',1116,,11967,10,,,0
103019,'1198242',1857,,11968,10,,,0
103019,'1198304',1416,,11969,10,,,0
103019,'1198348',2157,,11970,10,,,0
103019,'1198369',2245,,11971,10,,,0
103019,'1198383',1246,,11972,10,,,0
103019,'1198393',645,,11973,10,,,0
103019,'1198760',815,,11975,10,,,0
103019,'1198790',2327,,11976,10,,,0
103019,'1198820',1257,,11977,10,,,0
103019,'1198832',1727,,11978,10,,,0
103019,'1198901',2015,,11979,10,,,0
103019,'1198908',957,,11980,10,,,0
103019,'1198992',1557,,11981,10,,,0
103019,'1199041',1127,,11982,10,,,0
103019,'1199057',1516,,11983,10,,,0
103019,'1199120',1845,,11984,10,,,0
103019,'1199157',1815,,11985,10,,,0
103019,'1199198',827,,11986,10,,,0
103019,'1199232',1631,,11987,10,,,0
103019,'1199535',1945,,11988,10,,,0
