103019,'1196838',2032,,11950,14,,,0
103019,'1196888',951,,11951,14,,,0
103019,'1196969',1652,,11952,14,,,0
103019,'1196981',1221,,11953,14,,,0
103019,'1197294',2121,,11954,14,,,0
103019,'1197441',1050,,11955,14,,,0
103019,'1197545',1722,,11956,14,,,0
103019,'1197721',1352,,11957,14,,,0
103019,'1197732',906,,11958,14,,,0
103019,'1197772',1507,,11959,14,,,0
103019,'1197847',1552,,11960,14,,,0
103019,'1197900',2321,,11961,14,,,0
103019,'1197976',2151,,11962,14,,,0
103019,'1198084',750,,11963,14,,,0
103019,'1198108',1432,,11964,14,,,0
103019,'1198169',736,,11965,14,,,0
103019,'1198206',920,,11966,14,,,0
103019,'1198228',1122,,11967,14,,,0
103019,'1198242',1902,,11968,14,,,0
103019,'1198304',1422,,11969,14,,,0
103019,'1198348',2202,,11970,14,,,0
103019,'1198369',2251,,11971,14,,,0
103019,'1198383',1252,,11972,14,,,0
103019,'1198393',651,,11973,14,,,0
103019,'1198585',620,,11974,1,,,0
103019,'1198760',821,,11975,14,,,0
103019,'1198790',2332,,11976,14,,,0
103019,'1198820',1302,,11977,14,,,0
103019,'1198832',1732,,11978,14,,,0
103019,'1198901',2021,,11979,14,,,0
103019,'1198908',1002,,11980,14,,,0
103019,'1198992',1602,,11981,14,,,0
103019,'1199041',1132,,11982,14,,,0
103019,'1199057',1522,,11983,14,,,0
103019,'1199120',1851,,11984,14,,,0
103019,'1199157',1821,,11985,14,,,0
103019,'1199198',832,,11986,14,,,0
103019,'1199232',1637,,11987,14,,,0
103019,'1199535',1951,,11988,14,,,0
