104019,'1196891',2341,,12027,29,,,0
104019,'1197169',2417,,12028,29,,,0
104019,'1197256',1346,,12029,29,,,0
104019,'1197286',2141,,12030,29,,,0
104019,'1197298',1216,,12031,29,,,0
104019,'1197387',2242,,12032,29,,,0
104019,'1197452',2012,,12033,29,,,0
104019,'1197544',927,,12034,29,,,0
104019,'1197547',1242,,12035,29,,,0
104019,'1197640',1541,,12036,29,,,0
104019,'1197714',1812,,12037,29,,,0
104019,'1197725',2112,,12038,29,,,0
104019,'1197761',741,,12039,29,,,0
104019,'1197801',1012,,12040,29,,,0
104019,'1197820',812,,12042,29,,,0
104019,'1197873',627,,12043,29,,,0
104019,'1197937',1512,,12044,29,,,0
104019,'1198060',1741,,12045,29,,,0
104019,'1198073',2357,,12046,29,,,0
104019,'1198077',2242,,12047,29,,,0
104019,'1198194',1131,,12048,29,,,0
104019,'1198253',1141,,12049,29,,,0
104019,'1198313',1516,,12050,29,,,0
104019,'1198322',1627,,12051,29,,,0
104019,'1198353',1301,,12052,29,,,0
104019,'1198411',941,,12053,29,,,0
104019,'1198567',1742,,12055,29,,,0
104019,'1198664',857,,12056,29,,,0
104019,'1198683',1357,,12057,29,,,0
104019,'1198738',1942,,12058,29,,,0
104019,'1198750',1941,,12059,29,,,0
104019,'1198780',857,,12060,29,,,0
104019,'1198913',1431,,12061,29,,,0
104019,'1198958',657,,12062,29,,,0
104019,'1199185',742,,12064,29,,,0
104019,'1199190',1127,,12065,29,,,0
104019,'1199331',1341,,12066,29,,,0
104019,'1199407',1857,,12067,29,,,0
104019,'1199459',1727,,12068,29,,,0
104019,'1199490',1646,,12069,29,,,0
104019,'1199539',1012,,12070,29,,,0
104019,'1199564',742,,12071,29,,,0
104019,'1199583',1601,,12072,29,,,0
104019,'1199617',2127,,12073,29,,,0
