11019,'1196876',1450,,10548,12,,,0
11019,'1196884',1250,,10549,16,,,0
11019,'1196914',1133,,10550,16,,,0
11019,'1196958',753,,10551,16,,,0
11019,'1197000',1250,,10552,12,,,0
11019,'1197070',1850,,10553,12,,,0
11019,'1197071',1832,,10554,16,,,0
11019,'1197114',918,,10555,16,,,0
11019,'1197185',2250,,10556,12,,,0
11019,'1197191',1450,,10557,16,,,0
11019,'1197229',1405,,10558,16,,,0
11019,'1197234',1704,,10559,16,,,0
11019,'1197264',1735,,10560,16,,,0
11019,'1197274',933,,10561,16,,,0
11019,'1197327',1334,,10562,16,,,0
11019,'1197343',733,,10563,16,,,0
11019,'1197351',1550,,10564,12,,,0
11019,'1197398',1820,,10565,16,,,0
11019,'1197412',2302,,10566,16,,,0
11019,'1197422',1635,,10567,16,,,0
11019,'1197446',2350,,10568,12,,,0
11019,'1197463',703,,10569,16,,,0
11019,'1197502',618,,10570,16,,,0
11019,'1197519',748,,10571,16,,,0
11019,'1197564',2253,,10572,16,,,0
11019,'1197573',1350,,10573,12,,,0
11019,'1197695',1103,,10574,16,,,0
11019,'1197696',803,,10575,16,,,0
11019,'1197753',850,,10576,12,,,0
11019,'1197763',1520,,10577,16,,,0
11019,'1197795',2032,,10578,16,,,0
11019,'1197832',1620,,10579,16,,,0
11019,'1197875',2419,,10580,16,,,0
11019,'1197917',2353,,10581,16,,,0
11019,'1197925',1118,,10582,16,,,0
11019,'1197934',1534,,10583,16,,,0
11019,'1197978',1902,,10584,16,,,0
11019,'1197990',1434,,10585,16,,,0
11019,'1198012',848,,10586,16,,,0
11019,'1198053',953,,10587,16,,,0
11019,'1198076',2002,,10588,16,,,0
11019,'1198113',2102,,10589,16,,,0
11019,'1198146',2232,,10590,16,,,0
11019,'1198266',1953,,10591,16,,,0
11019,'1198296',1650,,10592,12,,,0
11019,'1198337',903,,10593,16,,,0
11019,'1198341',1153,,10594,16,,,0
11019,'1198362',2150,,10595,12,,,0
11019,'1198405',1853,,10596,16,,,0
11019,'1198419',1505,,10597,16,,,0
11019,'1198470',1305,,10598,16,,,0
11019,'1198493',1805,,10599,16,,,0
11019,'1198506',1053,,10600,16,,,0
11019,'1198543',1018,,10601,16,,,0
11019,'1198548',1605,,10602,16,,,0
11019,'1198573',1148,,10603,16,,,0
11019,'1198590',1950,,10604,12,,,0
11019,'1198610',1550,,10605,16,,,0
11019,'1198623',653,,10606,16,,,0
11019,'1198660',1304,,10607,16,,,0
11019,'1198662',1750,,10608,12,,,0
11019,'1198696',1435,,10609,16,,,0
11019,'1198771',1504,,10610,16,,,0
11019,'1198808',948,,10611,16,,,0
11019,'1198843',2050,,10612,12,,,0
11019,'1198927',1048,,10613,16,,,0
11019,'1198951',1720,,10614,16,,,0
11019,'1198978',1932,,10615,16,,,0
11019,'1199022',1233,,10616,16,,,0
11019,'1199024',2153,,10617,16,,,0
11019,'1199026',2202,,10618,16,,,0
11019,'1199059',1604,,10619,16,,,0
11019,'1199060',1350,,10620,16,,,0
11019,'1199064',1804,,10621,16,,,0
11019,'1199091',750,,10622,12,,,0
11019,'1199100',2132,,10623,16,,,0
11019,'1199118',1705,,10624,16,,,0
11019,'1199132',648,,10625,16,,,0
11019,'1199143',1734,,10626,16,,,0
11019,'1199154',1420,,10627,16,,,0
11019,'1199177',1650,,10628,16,,,0
11019,'1199180',2053,,10629,16,,,0
11019,'1199214',718,,10630,16,,,0
11019,'1199225',1535,,10631,16,,,0
11019,'1199227',1150,,10632,12,,,0
11019,'1199229',1404,,10633,16,,,0
11019,'1199253',950,,10634,12,,,0
11019,'1199301',2329,,10635,16,,,0
11019,'1199306',1050,,10636,12,,,0
11019,'1199370',1750,,10637,16,,,0
11019,'1199376',833,,10638,16,,,0
11019,'1199394',853,,10639,16,,,0
11019,'1199403',818,,10640,16,,,0
11019,'1199410',1203,,10641,16,,,0
11019,'1199462',2359,,10642,16,,,0
11019,'1199476',1003,,10643,16,,,0
11019,'1199496',1320,,10644,16,,,0
11019,'1199508',1218,,10645,16,,,0
11019,'1199591',1634,,10646,16,,,0
11019,'1199603',1235,,10647,16,,,0
11019,'1199619',1033,,10648,16,,,0
11019,'1199623',1335,,10649,16,,,0
140001019,'1196866',814,,12221,12,,,0
140001019,'1196880',2213,,12222,12,,,0
140001019,'1196896',1029,,12223,12,,,0
140001019,'1196898',2144,,12224,12,,,0
140001019,'1196900',1929,,12225,12,,,0
140001019,'1196905',1901,,12226,12,,,0
140001019,'1196939',2314,,12227,12,,,0
140001019,'1196943',1330,,12228,12,,,0
140001019,'1196945',2339,,12229,12,,,0
140001019,'1196967',644,,12230,12,,,0
140001019,'1197008',1401,,12231,12,,,0
140001019,'1197072',1421,,12232,12,,,0
140001019,'1197075',1545,,12233,12,,,0
140001019,'1197086',1844,,12234,12,,,0
140001019,'1197088',2044,,12235,12,,,0
140001019,'1197102',659,,12236,12,,,0
140001019,'1197146',1600,,12237,12,,,0
140001019,'1197212',1315,,12238,12,,,0
140001019,'1197216',929,,12239,12,,,0
140001019,'1197238',1200,,12240,12,,,0
140001019,'1197266',1500,,12241,12,,,0
140001019,'1197267',1630,,12242,12,,,0
140001019,'1197281',1636,,12243,12,,,0
140001019,'1197287',944,,12244,12,,,0
140001019,'1197324',1606,,12245,12,,,0
140001019,'1197328',1014,,12246,12,,,0
140001019,'1197350',1044,,12247,12,,,0
140001019,'1197407',1415,,12248,12,,,0
140001019,'1197438',1730,,12249,12,,,0
140001019,'1197459',959,,12250,12,,,0
140001019,'1197465',1130,,12251,12,,,0
140001019,'1197470',1745,,12252,12,,,0
140001019,'1197474',1014,,12253,12,,,0
140001019,'1197516',1436,,12254,12,,,0
140001019,'1197563',1829,,12255,12,,,0
140001019,'1197567',1944,,12256,12,,,0
140001019,'1197593',1230,,12257,12,,,0
140001019,'1197607',1651,,12258,12,,,0
140001019,'1197613',1751,,12259,12,,,0
140001019,'1197621',1800,,12260,12,,,0
140001019,'1197622',2029,,12261,12,,,0
140001019,'1197646',1215,,12262,12,,,0
140001019,'1197676',1145,,12263,12,,,0
140001019,'1197685',1030,,12264,12,,,0
140001019,'1197688',1315,,12265,12,,,0
140001019,'1197689',1430,,12266,12,,,0
140001019,'1197693',1736,,12267,12,,,0
140001019,'1197729',1959,,12268,12,,,0
140001019,'1197734',1601,,12269,12,,,0
140001019,'1197741',1330,,12270,12,,,0
140001019,'1197745',1215,,12271,12,,,0
140001019,'1197767',1115,,12272,12,,,0
140001019,'1197797',2014,,12273,12,,,0
140001019,'1197802',859,,12274,12,,,0
140001019,'1197830',914,,12275,12,,,0
140001019,'1197894',1815,,12276,12,,,0
140001019,'1197944',1101,,12277,12,,,0
140001019,'1197964',1300,,12278,12,,,0
140001019,'1197966',1045,,12279,12,,,0
140001019,'1197987',1621,,12280,12,,,0
140001019,'1197988',744,,12281,12,,,0
140001019,'1198009',2059,,12282,12,,,0
140001019,'1198027',2301,,12283,12,,,0
140001019,'1198035',829,,12284,12,,,0
140001019,'1198147',2101,,12285,12,,,0
140001019,'1198155',1200,,12286,12,,,0
140001019,'1198177',2044,,12287,12,,,0
140001019,'1198195',1300,,12288,12,,,0
140001019,'1198235',1700,,12289,12,,,0
140001019,'1198264',1301,,12290,12,,,0
140001019,'1198294',1400,,12291,12,,,0
140001019,'1198302',2014,,12292,12,,,0
140001019,'1198324',1800,,12293,12,,,0
140001019,'1198349',729,,12294,12,,,0
140001019,'1198356',1715,,12295,12,,,0
140001019,'1198378',714,,12296,12,,,0
140001019,'1198384',1130,,12297,12,,,0
140001019,'1198418',1914,,12298,12,,,0
140001019,'1198429',1859,,12299,12,,,0
140001019,'1198452',1801,,12300,12,,,0
140001019,'1198461',844,,12301,12,,,0
140001019,'1198463',1829,,12302,12,,,0
140001019,'1198487',1844,,12303,12,,,0
140001019,'1198515',1230,,12304,12,,,0
140001019,'1198535',1706,,12305,12,,,0
140001019,'1198541',1059,,12306,12,,,0
140001019,'1198549',644,,12307,12,,,0
140001019,'1198579',1645,,12308,12,,,0
140001019,'1198595',2114,,12309,12,,,0
140001019,'1198601',1615,,12310,12,,,0
140001019,'1198665',2313,,12311,12,,,0
140001019,'1198666',801,,12312,12,,,0
140001019,'1198714',1451,,12313,12,,,0
140001019,'1198763',2414,,12314,12,,,0
140001019,'1198766',1001,,12315,12,,,0
140001019,'1198781',1814,,12316,12,,,0
140001019,'1198791',1515,,12317,12,,,0
140001019,'1198797',814,,12318,12,,,0
140001019,'1198813',1501,,12319,12,,,0
140001019,'1198814',2401,,12320,12,,,0
140001019,'1198835',1345,,12321,12,,,0
140001019,'1198872',844,,12322,12,,,0
140001019,'1198878',1245,,12323,12,,,0
140001019,'1198900',1506,,12324,12,,,0
140001019,'1198920',2114,,12325,12,,,0
140001019,'1198925',1114,,12326,12,,,0
140001019,'1198926',914,,12327,12,,,0
140001019,'1198932',959,,12328,12,,,0
140001019,'1198964',1721,,12329,12,,,0
140001019,'1198965',1400,,12330,12,,,0
140001019,'1198980',1536,,12331,12,,,0
140001019,'1199018',2413,,12332,12,,,0
140001019,'1199069',2201,,12333,12,,,0
140001019,'1199136',1245,,12334,12,,,0
140001019,'1199170',744,,12335,12,,,0
140001019,'1199213',2343,,12336,12,,,0
140001019,'1199235',901,,12337,12,,,0
140001019,'1199268',759,,12338,12,,,0
140001019,'1199282',1100,,12339,12,,,0
140001019,'1199297',1521,,12340,12,,,0
140001019,'1199319',944,,12341,12,,,0
140001019,'1199330',1859,,12342,12,,,0
140001019,'1199354',1944,,12343,12,,,0
140001019,'1199367',2143,,12344,12,,,0
140001019,'1199377',1201,,12345,12,,,0
140001019,'1199402',1701,,12346,12,,,0
140001019,'1199414',1445,,12347,12,,,0
140001019,'1199449',1145,,12348,12,,,0
140001019,'1199458',1345,,12349,12,,,0
140001019,'1199468',2243,,12350,12,,,0
140001019,'1199492',1551,,12351,12,,,0
140001019,'1199516',2214,,12352,12,,,0
140001019,'1199563',2244,,12353,12,,,0
140001019,'1199606',1530,,12354,12,,,0
140001019,'1199624',1914,,12355,12,,,0
140001019,'1199632',714,,12356,12,,,0
140001019,'1199638',2001,,12357,12,,,0
