105019,'1196946',945,,12117,102,,,0
105019,'1197049',1858,,12118,102,,,0
105019,'1197077',633,,12119,102,,,0
105019,'1197115',1243,,12120,102,,,0
105019,'1197131',745,,12121,102,,,0
105019,'1197173',1246,,12122,102,,,0
105019,'1197181',1100,,12123,102,,,0
105019,'1197192',2232,,12124,102,,,0
105019,'1197197',1543,,12125,102,,,0
105019,'1197292',1346,,12126,102,,,0
105019,'1197296',1643,,12127,102,,,0
105019,'1197531',1446,,12128,102,,,0
105019,'1197548',2002,,12129,102,,,0
105019,'1197557',1646,,12130,102,,,0
105019,'1197588',900,,12131,102,,,0
105019,'1197596',2132,,12132,102,,,0
105019,'1197617',1546,,12133,102,,,0
105019,'1197633',1300,,12134,102,,,0
105019,'1197710',840,,12135,102,,,0
105019,'1197779',1828,,12136,102,,,0
105019,'1197825',1458,,12137,102,,,0
105019,'1197971',1143,,12138,102,,,0
105019,'1198112',703,,12139,102,,,0
105019,'1198338',1146,,12140,102,,,0
105019,'1198380',2300,,12141,102,,,0
105019,'1198385',1758,,12142,102,,,0
105019,'1198553',1358,,12143,102,,,0
105019,'1198560',2100,,12144,102,,,0
105019,'1198571',1700,,12145,102,,,0
105019,'1198621',810,,12146,102,,,0
105019,'1198667',1040,,12147,102,,,0
105019,'1198717',1613,,12148,102,,,0
105019,'1198741',940,,12149,102,,,0
105019,'1198746',1928,,12150,102,,,0
105019,'1198889',733,,12151,102,,,0
105019,'1199004',1500,,12152,102,,,0
105019,'1199054',1713,,12153,102,,,0
105019,'1199098',910,,12154,102,,,0
105019,'1199298',2432,,12155,102,,,0
105019,'1199347',2345,,12156,102,,,0
105019,'1199383',2332,,12157,102,,,0
105019,'1199400',1746,,12158,102,,,0
105019,'1199461',1900,,12159,102,,,0
105019,'1199511',1846,,12160,102,,,0
105019,'1199546',2145,,12161,102,,,0
105019,'1199574',1946,,12162,102,,,0
106029,'1196836',1630,,12215,33,,,0
106029,'1196851',1745,,12216,33,,,0
106029,'1197042',1028,,12217,33,,,0
106029,'1197408',1900,,12218,33,,,0
106029,'1198086',758,,12219,33,,,0
106029,'1198615',913,,12220,33,,,0
