14019,'1196890',1830,,10916,36,,,0
14019,'1196970',2100,,10917,36,,,0
14019,'1196984',1357,,10918,36,,,0
14019,'1197073',2200,,10919,36,,,0
14019,'1197090',757,,10920,36,,,0
14019,'1197106',1732,,10921,36,,,0
14019,'1197152',1602,,10922,36,,,0
14019,'1197163',1701,,10923,36,,,0
14019,'1197189',1957,,10924,36,,,0
14019,'1197473',1000,,10925,36,,,0
14019,'1197576',1157,,10926,36,,,0
14019,'1197578',1857,,10927,36,,,0
14019,'1197606',857,,10928,36,,,0
14019,'1197719',1601,,10929,36,,,0
14019,'1197768',1702,,10930,36,,,0
14019,'1197774',1301,,10931,36,,,0
14019,'1197807',700,,10932,36,,,0
14019,'1197857',1257,,10933,36,,,0
14019,'1197872',800,,10934,36,,,0
14019,'1197899',2330,,10935,36,,,0
14019,'1197912',1657,,10936,36,,,0
14019,'1197929',1401,,10937,36,,,0
14019,'1197946',2000,,10938,36,,,0
14019,'1198043',2400,,10939,36,,,0
14019,'1198056',1930,,10940,36,,,0
14019,'1198057',700,,10941,36,,,0
14019,'1198062',1557,,10942,36,,,0
14019,'1198118',2030,,10943,36,,,0
14019,'1198151',1457,,10944,36,,,0
14019,'1198161',1502,,10945,36,,,0
14019,'1198262',1501,,10946,36,,,0
14019,'1198285',2300,,10947,36,,,0
14019,'1198312',1000,,10948,36,,,0
14019,'1198386',1900,,10949,36,,,0
14019,'1198412',1202,,10950,36,,,0
14019,'1198436',900,,10951,36,,,0
14019,'1198460',1102,,10952,36,,,0
14019,'1198507',900,,10953,36,,,0
14019,'1198513',1302,,10954,36,,,0
14019,'1198539',1100,,10955,36,,,0
14019,'1198751',2057,,10956,36,,,0
14019,'1198810',2357,,10957,36,,,0
14019,'1198859',1532,,10958,36,,,0
14019,'1198869',930,,10959,36,,,0
14019,'1198890',2157,,10960,36,,,0
14019,'1199036',730,,10961,36,,,0
14019,'1199048',800,,10962,36,,,0
14019,'1199075',830,,10963,36,,,0
14019,'1199084',1057,,10964,36,,,0
14019,'1199131',2130,,10965,36,,,0
14019,'1199280',2257,,10966,36,,,0
14019,'1199286',957,,10967,36,,,0
14019,'1199393',1402,,10968,36,,,0
14019,'1199441',1632,,10969,36,,,0
14019,'1199444',1801,,10970,36,,,0
14019,'1199523',1757,,10971,36,,,0
14019,'1199538',1802,,10972,36,,,0
14019,'1199568',2230,,10973,36,,,0
14019,'1199582',1201,,10974,36,,,0
