101029,'1196911',820,,11834,64,,,0
101029,'1197033',1903,,11835,64,,,0
101029,'1197060',920,,11836,64,,,0
101029,'1197096',1103,,11837,64,,,0
101029,'1197257',1120,,11838,64,,,0
101029,'1197272',1303,,11839,64,,,0
101029,'1197326',1623,,11840,64,,,0
101029,'1197581',2103,,11841,64,,,0
101029,'1197673',1503,,11842,64,,,0
101029,'1197747',2220,,11843,64,,,0
101029,'1197977',1703,,11844,64,,,0
101029,'1198059',703,,11845,64,,,0
101029,'1198116',1103,,11846,64,,,0
101029,'1198125',903,,11847,64,,,0
101029,'1198200',1303,,11848,64,,,0
101029,'1198251',1020,,11849,64,,,0
101029,'1198346',903,,11850,64,,,0
101029,'1198498',2303,,11851,64,,,0
101029,'1198530',2303,,11852,64,,,0
101029,'1198631',1723,,11853,64,,,0
101029,'1198644',2440,,11854,64,,,0
101029,'1198710',1703,,11855,64,,,0
101029,'1198715',1820,,11856,64,,,0
101029,'1198953',2103,,11857,64,,,0
101029,'1198984',1423,,11858,64,,,0
101029,'1199108',1323,,11859,64,,,0
101029,'1199117',720,,11860,64,,,0
101029,'1199304',1903,,11861,64,,,0
101029,'1199366',1503,,11862,64,,,0
101029,'1199567',2020,,11863,64,,,0
101029,'1199585',1523,,11864,64,,,0
