11029,'1199774',1518,,12771,3,,,0
11029,'1199777',932,,12772,3,,,0
11029,'1199778',1318,,12773,3,,,0
11029,'1199779',2317,,12774,3,,,0
11029,'1199780',1217,,12775,3,,,0
11029,'1199781',1132,,12776,3,,,0
11029,'1199782',1633,,12777,3,,,0
11029,'1199783',2217,,12778,3,,,0
11029,'1199785',1317,,12779,3,,,0
11029,'1199786',802,,12780,3,,,0
11029,'1199787',1618,,12781,3,,,0
11029,'1199788',1548,,12782,3,,,0
11029,'1199789',1433,,12783,3,,,0
11029,'1199790',1447,,12784,3,,,0
11029,'1199791',1117,,12785,3,,,0
11029,'1199792',1533,,12786,3,,,0
11029,'1199793',2332,,12787,3,,,0
11029,'1199794',817,,12788,3,,,0
11029,'1199795',1448,,12789,3,,,0
11029,'1199796',1147,,12790,3,,,0
11029,'1199797',1748,,12791,3,,,0
11029,'1199799',732,,12792,3,,,0
11029,'1199800',1703,,12793,3,,,0
11029,'1199804',917,,12794,3,,,0
11029,'1199808',1017,,12795,3,,,0
11029,'1199809',1718,,12796,3,,,0
11029,'1199810',1047,,12797,3,,,0
11029,'1199811',1032,,12798,3,,,0
11029,'1199812',1547,,12799,3,,,0
11029,'1199813',2317,,12800,3,,,0
11029,'1199814',1218,,12801,3,,,0
11029,'1199815',1617,,12802,3,,,0
11029,'1199816',1147,,12803,3,,,0
11029,'1199818',717,,12804,3,,,0
11029,'1199819',1117,,12805,3,,,0
11029,'1199820',1733,,12806,3,,,0
11029,'1199821',1517,,12807,3,,,0
11029,'1199823',1247,,12808,3,,,0
11029,'1199825',2017,,12809,3,,,0
11029,'1199826',2352,,12810,3,,,0
11029,'1199828',1403,,12811,3,,,0
11029,'1199830',1303,,12812,3,,,0
11029,'1199831',2002,,12813,3,,,0
11029,'1199834',632,,12814,3,,,0
11029,'1199836',747,,12815,3,,,0
11029,'1199838',1503,,12816,3,,,0
11029,'1199839',717,,12817,3,,,0
11029,'1199843',1333,,12818,3,,,0
11029,'1199844',2017,,12819,3,,,0
11029,'1199846',1418,,12820,3,,,0
11029,'1199847',917,,12821,3,,,0
11029,'1199848',902,,12822,3,,,0
11029,'1199849',2117,,12823,3,,,0
11029,'1199850',1517,,12824,3,,,0
11029,'1199852',702,,12825,3,,,0
11029,'1199853',947,,12826,3,,,0
11029,'1199854',832,,12827,3,,,0
11029,'1199855',1617,,12828,3,,,0
11029,'1199856',2117,,12829,3,,,0
11029,'1199858',1603,,12830,3,,,0
11029,'1199860',1017,,12831,3,,,0
11029,'1199862',1932,,12832,3,,,0
11029,'1199863',817,,12833,3,,,0
11029,'1199864',1203,,12834,3,,,0
11029,'1199865',1717,,12835,3,,,0
11029,'1199866',1217,,12836,3,,,0
11029,'1199867',2032,,12837,3,,,0
11029,'1199869',1417,,12838,3,,,0
11029,'1199870',1317,,12839,3,,,0
11029,'1199871',1347,,12840,3,,,0
11029,'1199873',2202,,12841,3,,,0
11029,'1199874',1102,,12842,3,,,0
11029,'1199875',1002,,12843,3,,,0
11029,'1199876',647,,12844,3,,,0
11029,'1199877',1717,,12845,3,,,0
11029,'1199878',1648,,12846,3,,,0
11029,'1199881',1817,,12847,3,,,0
11029,'1199882',1902,,12848,3,,,0
11029,'1199883',1117,,12849,3,,,0
11029,'1199884',1917,,12850,3,,,0
11029,'1199886',1917,,12851,3,,,0
11029,'1199889',717,,12852,3,,,0
11029,'1199890',2102,,12853,3,,,0
11029,'1199891',2217,,12854,3,,,0
11029,'1199892',1817,,12855,3,,,0
11029,'1199893',1017,,12856,3,,,0
11029,'1199898',847,,12857,3,,,0
11029,'1199899',1832,,12858,3,,,0
11029,'1199902',1802,,12859,3,,,0
11029,'1199903',917,,12860,3,,,0
11029,'1199904',1647,,12861,3,,,0
11029,'1199906',617,,12862,3,,,0
11029,'1199907',2302,,12863,3,,,0
11029,'1199910',2232,,12864,3,,,0
11029,'1199911',2132,,12865,3,,,0
11029,'1199912',1348,,12866,3,,,0
11029,'1199913',1233,,12867,3,,,0
11029,'1199914',1248,,12868,3,,,0
11029,'1199919',817,,12869,3,,,0
11029,'1199920',1417,,12870,3,,,0
