10019,'1196894',2053,,10329,24,,,0
10019,'1196915',1653,,10330,24,,,0
10019,'1196923',1053,,10331,24,,,0
10019,'1197054',2223,,10332,24,,,0
10019,'1197091',1453,,10333,24,,,0
10019,'1197121',1053,,10334,24,,,0
10019,'1197207',953,,10335,24,,,0
10019,'1197335',823,,10336,24,,,0
10019,'1197345',2123,,10337,24,,,0
10019,'1197397',1453,,10338,24,,,0
10019,'1197418',2353,,10339,24,,,0
10019,'1197505',1553,,10340,24,,,0
10019,'1197587',923,,10341,24,,,0
10019,'1197595',1053,,10342,24,,,0
10019,'1197737',1353,,10343,24,,,0
10019,'1197756',1853,,10344,24,,,0
10019,'1197759',1523,,10345,24,,,0
10019,'1197766',2253,,10346,24,,,0
10019,'1197915',1953,,10347,24,,,0
10019,'1197927',753,,10348,24,,,0
10019,'1197935',653,,10349,24,,,0
10019,'1197985',953,,10350,24,,,0
10019,'1198010',1823,,10351,24,,,0
10019,'1198016',1953,,10352,24,,,0
10019,'1198164',653,,10353,24,,,0
10019,'1198167',1553,,10354,24,,,0
10019,'1198226',1353,,10355,24,,,0
10019,'1198257',1453,,10356,24,,,0
10019,'1198280',2323,,10357,24,,,0
10019,'1198300',1553,,10358,24,,,0
10019,'1198361',2153,,10359,24,,,0
10019,'1198366',853,,10360,24,,,0
10019,'1198390',1853,,10361,24,,,0
10019,'1198410',1753,,10362,24,,,0
10019,'1198440',753,,10363,24,,,0
10019,'1198475',1153,,10364,24,,,0
10019,'1198480',2153,,10365,24,,,0
10019,'1198509',624,,10366,24,,,0
10019,'1198520',1253,,10367,24,,,0
10019,'1198542',2353,,10368,24,,,0
10019,'1198583',2253,,10369,24,,,0
10019,'1198726',1923,,10370,24,,,0
10019,'1198809',853,,10371,24,,,0
10019,'1198815',1653,,10372,24,,,0
10019,'1198881',1623,,10373,24,,,0
10019,'1198903',853,,10374,24,,,0
10019,'1198955',1153,,10375,24,,,0
10019,'1198962',1653,,10376,24,,,0
10019,'1198993',1153,,10377,24,,,0
10019,'1199007',2053,,10378,24,,,0
10019,'1199032',1353,,10379,24,,,0
10019,'1199053',1753,,10380,24,,,0
10019,'1199056',1753,,10381,24,,,0
10019,'1199257',1723,,10382,24,,,0
10019,'1199300',1253,,10383,24,,,0
10019,'1199321',953,,10384,24,,,0
10019,'1199323',2023,,10385,24,,,0
10019,'1199353',1253,,10386,24,,,0
10019,'1199424',723,,10387,24,,,0
10019,'1199598',753,,10388,24,,,0
