104029,'1196835',2003,,12074,25,,,0
104029,'1196857',803,,12075,25,,,0
104029,'1196889',803,,12076,25,,,0
104029,'1196928',1748,,12077,25,,,0
104029,'1197002',648,,12078,25,,,0
104029,'1197045',1544,,12079,25,,,0
104029,'1197133',833,,12080,25,,,0
104029,'1197341',1244,,12081,25,,,0
104029,'1197454',1803,,12082,25,,,0
104029,'1197461',718,,12083,25,,,0
104029,'1197467',2203,,12084,25,,,0
104029,'1197481',603,,12085,25,,,0
104029,'1197553',2133,,12086,25,,,0
104029,'1197574',918,,12087,25,,,0
104029,'1197583',2148,,12088,25,,,0
104029,'1197794',1803,,12089,25,,,0
104029,'1197965',1403,,12090,25,,,0
104029,'1197979',1533,,12091,25,,,0
104029,'1198234',1033,,12092,25,,,0
104029,'1198287',1629,,12093,25,,,0
104029,'1198288',1159,,12094,25,,,0
104029,'1198449',1303,,12095,25,,,0
104029,'1198458',1918,,12096,25,,,0
104029,'1198510',948,,12097,25,,,0
104029,'1198521',803,,12098,25,,,0
104029,'1198558',1648,,12099,25,,,0
104029,'1198578',1714,,12100,25,,,0
104029,'1198686',1414,,12101,25,,,0
104029,'1198694',1459,,12102,25,,,0
104029,'1198755',1003,,12103,25,,,0
104029,'1198909',1203,,12104,25,,,0
104029,'1198979',1148,,12105,25,,,0
104029,'1199045',2303,,12106,25,,,0
104029,'1199127',2303,,12107,25,,,0
104029,'1199159',1329,,12108,25,,,0
104029,'1199181',918,,12109,25,,,0
104029,'1199193',1603,,12110,25,,,0
104029,'1199356',1418,,12111,25,,,0
104029,'1199360',2033,,12112,25,,,0
104029,'1199374',648,,12113,25,,,0
104029,'1199380',1033,,12114,25,,,0
104029,'1199442',1833,,12115,25,,,0
104029,'1199577',2003,,12116,25,,,0
