11019,'1196979',1335,,10448,21,,,0
11019,'1197040',1703,,10449,21,,,0
11019,'1197065',1520,,10450,21,,,0
11019,'1197103',1919,,10451,21,,,0
11019,'1197109',1333,,10452,21,,,0
11019,'1197110',734,,10453,21,,,0
11019,'1197145',2033,,10454,21,,,0
11019,'1197180',1235,,10455,21,,,0
11019,'1197201',949,,10456,21,,,0
11019,'1197211',733,,10457,21,0,5 6,0
11019,'1197221',1635,,10458,21,,,0
11019,'1197227',1220,,10459,21,,,0
11019,'1197254',1550,,10460,21,,,0
11019,'1197259',2333,,10461,21,,,0
11019,'1197278',2349,,10462,21,,,0
11019,'1197283',919,,10463,21,,,0
11019,'1197316',2033,,10464,21,0,5 6,0
11019,'1197320',1833,,10465,21,,,0
11019,'1197325',2249,,10466,21,,,0
11019,'1197329',1033,,10467,21,,,0
11019,'1197333',1004,,10468,21,,,0
11019,'1197344',1949,,10469,21,,,0
11019,'1197354',1119,,10470,21,,,0
11019,'1197406',2233,,10471,21,0,5 6,0
11019,'1197447',2019,,10472,21,,,0
11019,'1197477',2119,,10473,21,,,0
11019,'1197495',1533,,10474,21,,,0
11019,'1197504',2049,,10475,21,,,0
11019,'1197634',833,,10476,21,,,0
11019,'1197652',1149,,10477,21,,,0
11019,'1197663',1320,,10478,21,,,0
11019,'1197722',1720,,10479,21,,,0
11019,'1197727',1819,,10480,21,,,0
11019,'1197728',1633,,10481,21,0,5 6,0
11019,'1197785',933,,10482,21,,,0
11019,'1197855',1849,,10483,21,,,0
11019,'1197865',1650,,10484,21,,,0
11019,'1197880',1503,,10485,21,,,0
11019,'1197889',719,,10486,21,,,0
11019,'1197896',934,,10487,21,,,0
11019,'1197926',1233,,10488,21,0,5 6,0
11019,'1197981',1303,,10489,21,,,0
11019,'1198019',1305,,10490,21,,,0
11019,'1198026',1420,,10491,21,,,0
11019,'1198029',1833,,10492,21,0,5 6,0
11019,'1198038',1733,,10493,21,,,0
11019,'1198149',1133,,10494,21,,,0
11019,'1198166',1533,,10495,21,0,5 6,0
11019,'1198188',1433,,10496,21,0,5 6,0
11019,'1198219',1505,,10497,21,,,0
11019,'1198297',1250,,10498,21,,,0
11019,'1198308',1333,,10499,21,0,5 6,0
11019,'1198327',1735,,10500,21,,,0
11019,'1198365',1033,,10501,21,0,5 6,0
11019,'1198374',733,,10502,21,,,0
11019,'1198401',1933,,10503,21,0,5 6,0
11019,'1198413',2219,,10504,21,,,0
11019,'1198423',1204,,10505,21,,,0
11019,'1198472',849,,10506,21,,,0
11019,'1198605',1133,,10507,21,0,5 6,0
11019,'1198624',1203,,10508,21,,,0
11019,'1198627',2149,,10509,21,,,0
11019,'1198668',904,,10510,21,,,0
11019,'1198671',1435,,10511,21,,,0
11019,'1198695',1620,,10512,21,,,0
11019,'1198698',833,,10513,21,0,5 6,0
11019,'1198701',819,,10514,21,,,0
11019,'1198713',634,,10515,21,,,0
11019,'1198737',1633,,10516,21,,,0
11019,'1198753',2409,,10517,21,,,0
11019,'1198806',1605,,10518,21,,,0
11019,'1198894',749,,10519,21,,,0
11019,'1198896',1405,,10520,21,,,0
11019,'1198957',1705,,10521,21,,,0
11019,'1198963',1233,,10522,21,,,0
11019,'1199015',2333,,10523,21,0,5 6,0
11019,'1199020',1019,,10524,21,,,0
11019,'1199072',1450,,10525,21,,,0
11019,'1199077',804,,10526,21,,,0
11019,'1199162',1535,,10527,21,,,0
11019,'1199164',649,,10528,21,,,0
11019,'1199175',1403,,10529,21,,,0
11019,'1199179',2233,,10530,21,,,0
11019,'1199209',1350,,10531,21,,,0
11019,'1199218',2319,,10532,21,,,0
11019,'1199260',1733,,10533,21,0,5 6,0
11019,'1199285',704,,10534,21,,,0
11019,'1199336',1433,,10535,21,,,0
11019,'1199342',1933,,10536,21,,,0
11019,'1199350',933,,10537,21,0,5 6,0
11019,'1199361',1134,,10538,21,,,0
11019,'1199369',1049,,10539,21,,,0
11019,'1199392',1750,,10540,21,,,0
11019,'1199420',834,,10541,21,,,0
11019,'1199430',2133,,10542,21,,,0
11019,'1199452',1603,,10543,21,,,0
11019,'1199483',1805,,10544,21,,,0
11019,'1199518',1104,,10545,21,,,0
11019,'1199575',2133,,10546,21,0,5 6,0
11019,'1199637',1034,,10547,21,,,0
140001029,'1196879',624,,12358,14,,,0
140001029,'1196954',955,,12359,14,,,0
140001029,'1196975',1026,,12360,14,,,0
140001029,'1196976',2324,,12361,14,,,0
140001029,'1197010',1341,,12362,14,,,0
140001029,'1197038',1111,,12363,14,,,0
140001029,'1197058',1839,,12364,14,,,0
140001029,'1197078',1125,,12365,14,,,0
140001029,'1197099',2254,,12366,14,,,0
140001029,'1197105',2325,,12367,14,,,0
140001029,'1197113',854,,12368,14,,,0
140001029,'1197141',1442,,12369,14,,,0
140001029,'1197155',1740,,12370,14,,,0
140001029,'1197162',939,,12371,14,,,0
140001029,'1197190',1557,,12372,14,,,0
140001029,'1197195',1657,,12373,14,,,0
140001029,'1197198',1357,,12374,14,,,0
140001029,'1197204',925,,12375,14,,,0
140001029,'1197222',1226,,12376,14,,,0
140001029,'1197249',1225,,12377,14,,,0
140001029,'1197271',1940,,12378,14,,,0
140001029,'1197276',1055,,12379,14,,,0
140001029,'1197293',1512,,12380,14,,,0
140001029,'1197305',1525,,12381,14,,,0
140001029,'1197370',1211,,12382,14,,,0
140001029,'1197377',2224,,12383,14,,,0
140001029,'1197379',754,,12384,14,,,0
140001029,'1197386',1825,,12385,14,,,0
140001029,'1197424',2054,,12386,14,,,0
140001029,'1197426',1010,,12387,14,,,0
140001029,'1197432',954,,12388,14,,,0
140001029,'1197460',2224,,12389,14,,,0
140001029,'1197482',625,,12390,14,,,0
140001029,'1197494',2359,,12391,14,,,0
140001029,'1197497',1655,,12392,14,,,0
140001029,'1197568',1325,,12393,14,,,0
140001029,'1197611',2254,,12394,14,,,0
140001029,'1197612',1542,,12395,14,,,0
140001029,'1197619',1824,,12396,14,,,0
140001029,'1197627',839,,12397,14,,,0
140001029,'1197635',2225,,12398,14,,,0
140001029,'1197649',1326,,12399,14,,,0
140001029,'1197658',1925,,12400,14,,,0
140001029,'1197662',1056,,12401,14,,,0
140001029,'1197723',925,,12402,14,,,0
140001029,'1197758',1241,,12403,14,,,0
140001029,'1197776',2025,,12404,14,,,0
140001029,'1197849',2154,,12405,14,,,0
140001029,'1197888',1954,,12406,14,,,0
140001029,'1197928',1425,,12407,14,,,0
140001029,'1197938',1412,,12408,14,,,0
140001029,'1197948',1457,,12409,14,,,0
140001029,'1197957',1610,,12410,14,,,0
140001029,'1197967',1712,,12411,14,,,0
140001029,'1197972',1555,,12412,14,,,0
140001029,'1197983',724,,12413,14,,,0
140001029,'1198007',2124,,12414,14,,,0
140001029,'1198048',739,,12415,14,,,0
140001029,'1198049',709,,12416,14,,,0
140001029,'1198081',1255,,12417,14,,,0
140001029,'1198099',940,,12418,14,,,0
140001029,'1198101',1126,,12419,14,,,0
140001029,'1198102',825,,12420,14,,,0
140001029,'1198131',2025,,12421,14,,,0
140001029,'1198132',1025,,12422,14,,,0
140001029,'1198186',1755,,12423,14,,,0
140001029,'1198207',654,,12424,14,,,0
140001029,'1198209',909,,12425,14,,,0
140001029,'1198299',1155,,12426,14,,,0
140001029,'1198347',639,,12427,14,,,0
140001029,'1198350',1910,,12428,14,,,0
140001029,'1198371',1427,,12429,14,,,0
140001029,'1198391',2040,,12430,14,,,0
140001029,'1198425',2024,,12431,14,,,0
140001029,'1198451',2354,,12432,14,,,0
140001029,'1198469',1625,,12433,14,,,0
140001029,'1198505',1425,,12434,14,,,0
140001029,'1198517',1156,,12435,14,,,0
140001029,'1198540',725,,12436,14,,,0
140001029,'1198546',1025,,12437,14,,,0
140001029,'1198572',1540,,12438,14,,,0
140001029,'1198636',809,,12439,14,,,0
140001029,'1198643',1225,,12440,14,,,0
140001029,'1198645',1725,,12441,14,,,0
140001029,'1198655',755,,12442,14,,,0
140001029,'1198697',855,,12443,14,,,0
140001029,'1198757',1625,,12444,14,,,0
140001029,'1198770',1955,,12445,14,,,0
140001029,'1198787',1612,,12446,14,,,0
140001029,'1198789',1925,,12447,14,,,0
140001029,'1198794',1041,,12448,14,,,0
140001029,'1198796',2154,,12449,14,,,0
140001029,'1198802',1110,,12450,14,,,0
140001029,'1198817',1510,,12451,14,,,0
140001029,'1198824',1141,,12452,14,,,0
140001029,'1198860',1809,,12453,14,,,0
140001029,'1198934',1710,,12454,14,,,0
140001029,'1198970',1742,,12455,14,,,0
140001029,'1198973',924,,12456,14,,,0
140001029,'1198981',1825,,12457,14,,,0
140001029,'1198986',2324,,12458,14,,,0
140001029,'1198999',1340,,12459,14,,,0
140001029,'1199001',725,,12460,14,,,0
140001029,'1199006',824,,12461,14,,,0
140001029,'1199010',1755,,12462,14,,,0
140001029,'1199031',1210,,12463,14,,,0
140001029,'1199086',1011,,12464,14,,,0
140001029,'1199101',655,,12465,14,,,0
140001029,'1199110',1140,,12466,14,,,0
140001029,'1199113',1640,,12467,14,,,0
140001029,'1199128',1040,,12468,14,,,0
140001029,'1199156',1924,,12469,14,,,0
140001029,'1199174',1311,,12470,14,,,0
140001029,'1199189',825,,12471,14,,,0
140001029,'1199191',1810,,12472,14,,,0
140001029,'1199203',2055,,12473,14,,,0
140001029,'1199247',1642,,12474,14,,,0
140001029,'1199259',1840,,12475,14,,,0
140001029,'1199261',1410,,12476,14,,,0
140001029,'1199275',1527,,12477,14,,,0
140001029,'1199283',1325,,12478,14,,,0
140001029,'1199312',1240,,12479,14,,,0
140001029,'1199341',2010,,12480,14,,,0
140001029,'1199351',1310,,12481,14,,,0
140001029,'1199395',1727,,12482,14,,,0
140001029,'1199415',1854,,12483,14,,,0
140001029,'1199446',1855,,12484,14,,,0
140001029,'1199456',1525,,12485,14,,,0
140001029,'1199465',1725,,12486,14,,,0
140001029,'1199469',2124,,12487,14,,,0
140001029,'1199481',1627,,12488,14,,,0
140001029,'1199494',1455,,12489,14,,,0
140001029,'1199502',1355,,12490,14,,,0
140001029,'1199522',1440,,12491,14,,,0
140001029,'1199528',2125,,12492,14,,,0
140001029,'1199569',1125,,12493,14,,,0
140001029,'1199608',1256,,12494,14,,,0
