105019,'1196946',934,,12117,91,,,0
105019,'1197049',1846,,12118,91,,,0
105019,'1197077',621,,12119,91,,,0
105019,'1197115',1231,,12120,91,,,0
105019,'1197131',734,,12121,91,,,0
105019,'1197173',1235,,12122,91,,,0
105019,'1197181',1050,,12123,91,,,0
105019,'1197192',2221,,12124,91,,,0
105019,'1197197',1531,,12125,91,,,0
105019,'1197292',1335,,12126,91,,,0
105019,'1197296',1631,,12127,91,,,0
105019,'1197531',1435,,12128,91,,,0
105019,'1197548',1951,,12129,91,,,0
105019,'1197557',1635,,12130,91,,,0
105019,'1197588',850,,12131,91,,,0
105019,'1197596',2121,,12132,91,,,0
105019,'1197617',1535,,12133,91,,,0
105019,'1197633',1250,,12134,91,,,0
105019,'1197710',828,,12135,91,,,0
105019,'1197779',1816,,12136,91,,,0
105019,'1197825',1446,,12137,91,,,0
105019,'1197971',1131,,12138,91,,,0
105019,'1198112',651,,12139,91,,,0
105019,'1198338',1135,,12140,91,,,0
105019,'1198380',2250,,12141,91,,,0
105019,'1198385',1746,,12142,91,,,0
105019,'1198553',1346,,12143,91,,,0
105019,'1198560',2050,,12144,91,,,0
105019,'1198571',1650,,12145,91,,,0
105019,'1198621',758,,12146,91,,,0
105019,'1198667',1028,,12147,91,,,0
105019,'1198717',1601,,12148,91,,,0
105019,'1198741',928,,12149,91,,,0
105019,'1198746',1916,,12150,91,,,0
105019,'1198889',721,,12151,91,,,0
105019,'1199004',1450,,12152,91,,,0
105019,'1199054',1701,,12153,91,,,0
105019,'1199098',858,,12154,91,,,0
105019,'1199298',2421,,12155,91,,,0
105019,'1199347',2334,,12156,91,,,0
105019,'1199383',2321,,12157,91,,,0
105019,'1199400',1735,,12158,91,,,0
105019,'1199461',1850,,12159,91,,,0
105019,'1199511',1835,,12160,91,,,0
105019,'1199546',2134,,12161,91,,,0
105019,'1199574',1935,,12162,91,,,0
106029,'1196836',1619,,12215,22,,,0
106029,'1196851',1734,,12216,22,,,0
106029,'1197042',1017,,12217,22,,,0
106029,'1197408',1849,,12218,22,,,0
106029,'1198086',747,,12219,22,,,0
106029,'1198615',902,,12220,22,,,0
