10029,'1196869',1039,,10389,42,,,0
10029,'1196944',1909,,10390,42,,,0
10029,'1196948',1539,,10391,42,,,0
10029,'1197007',709,,10392,42,,,0
10029,'1197053',1339,,10393,42,,,0
10029,'1197093',1139,,10394,42,,,0
10029,'1197160',1740,,10395,42,,,0
10029,'1197269',1839,,10396,42,,,0
10029,'1197314',2209,,10397,42,,,0
10029,'1197362',2040,,10398,42,,,0
10029,'1197385',840,,10399,42,,,0
10029,'1197414',1439,,10400,42,,,0
10029,'1197492',1709,,10401,42,,,0
10029,'1197523',2240,,10402,42,,,0
10029,'1197565',639,,10403,42,,,0
10029,'1197669',839,,10404,42,,,0
10029,'1197675',2139,,10405,42,,,0
10029,'1197822',1739,,10406,42,,,0
10029,'1197831',1739,,10407,42,,,0
10029,'1197885',2039,,10408,42,,,0
10029,'1197887',1609,,10409,42,,,0
10029,'1197892',1239,,10410,42,,,0
10029,'1197908',2239,,10411,42,,,0
10029,'1197916',2309,,10412,42,,,0
10029,'1197980',2414,,10413,42,,,0
10029,'1198080',1639,,10414,42,,,0
10029,'1198150',1639,,10415,42,,,0
10029,'1198170',1140,,10416,42,,,0
10029,'1198181',1809,,10417,42,,,0
10029,'1198232',1540,,10418,42,,,0
10029,'1198314',1939,,10419,42,,,0
10029,'1198351',1239,,10420,42,,,0
10029,'1198466',2109,,10421,42,,,0
10029,'1198481',1440,,10422,42,,,0
10029,'1198536',1240,,10423,42,,,0
10029,'1198550',1640,,10424,42,,,0
10029,'1198565',2339,,10425,42,,,0
10029,'1198676',739,,10426,42,,,0
10029,'1198703',740,,10427,42,,,0
10029,'1198735',1040,,10428,42,,,0
10029,'1198754',1340,,10429,42,,,0
10029,'1198767',1139,,10430,42,,,0
10029,'1198887',909,,10431,42,,,0
10029,'1198905',1439,,10432,42,,,0
10029,'1198933',839,,10433,42,,,0
10029,'1199013',739,,10434,42,,,0
10029,'1199068',1039,,10435,42,,,0
10029,'1199078',1840,,10436,42,,,0
10029,'1199088',2009,,10437,42,,,0
10029,'1199134',1339,,10438,42,,,0
10029,'1199161',2340,,10439,42,,,0
10029,'1199245',1940,,10440,42,,,0
10029,'1199274',940,,10441,42,,,0
10029,'1199375',1509,,10442,42,,,0
10029,'1199396',809,,10443,42,,,0
10029,'1199411',2140,,10444,42,,,0
10029,'1199422',939,,10445,42,,,0
10029,'1199613',939,,10446,42,,,0
10029,'1199633',1539,,10447,42,,,0
