102029,'1196895',1657,,11907,13,,,0
102029,'1196982',1344,,11908,13,,,0
102029,'1197029',2114,,11909,13,,,0
102029,'1197083',1527,,11910,13,,,0
102029,'1197178',1057,,11911,13,,,0
102029,'1197226',659,,11912,13,,,0
102029,'1197263',744,,11913,13,,,0
102029,'1197297',1443,,11914,13,,,0
102029,'1197309',1827,,11915,13,,,0
102029,'1197330',1729,,11916,13,,,0
102029,'1197420',1514,,11917,13,,,0
102029,'1197536',2257,,11918,13,,,0
102029,'1197603',1044,,11919,13,,,0
102029,'1197704',1013,,11920,13,,,0
102029,'1197770',2414,,11921,13,,,0
102029,'1197839',829,,11922,13,,,0
102029,'1198134',1313,,11923,13,,,0
102029,'1198173',927,,11924,13,,,0
102029,'1198220',1227,,11925,13,,,0
102029,'1198227',1743,,11926,13,,,0
102029,'1198249',1814,,11927,13,,,0
102029,'1198376',1559,,11928,13,,,0
102029,'1198502',1644,,11929,13,,,0
102029,'1198531',757,,11930,13,,,0
102029,'1198599',1613,,11931,13,,,0
102029,'1198638',2244,,11932,13,,,0
102029,'1198688',1143,,11933,13,,,0
102029,'1198705',2043,,11934,13,,,0
102029,'1198769',1957,,11935,13,,,0
102029,'1198816',2127,,11936,13,,,0
102029,'1198930',2213,,11937,13,,,0
102029,'1198996',614,,11938,13,,,0
102029,'1199090',843,,11939,13,,,0
102029,'1199168',914,,11940,13,,,0
102029,'1199202',1944,,11941,13,,,0
102029,'1199211',1913,,11942,13,,,0
102029,'1199244',959,,11943,13,,,0
102029,'1199434',1214,,11944,13,,,0
102029,'1199477',2343,,11945,13,,,0
102029,'1199479',1429,,11946,13,,,0
102029,'1199488',632,,11947,13,,,0
102029,'1199537',1357,,11948,13,,,0
102029,'1199651',713,,11949,13,,,0
