4019,'1197123',701,,10299,2,,,0
4019,'1197392',1501,,10300,2,,,0
4019,'1197520',901,,10301,2,,,0
4019,'1197788',1531,,10302,2,,,0
4019,'1197874',1331,,10303,2,,,0
4019,'1198006',831,,10304,2,,,0
4019,'1198332',1731,,10305,2,,,0
4019,'1198394',1431,,10306,2,,,0
4019,'1198409',801,,10307,2,,,0
4019,'1198799',1401,,10308,2,,,0
4019,'1198924',1701,,10309,2,,,0
4019,'1199002',931,,10310,2,,,0
4019,'1199239',1601,,10311,2,,,0
4019,'1199517',731,,10312,2,,,0
4019,'1199645',1631,,10313,2,,,0
10029,'1196869',1016,,10389,2,,,0
10029,'1196944',1846,,10390,2,,,0
10029,'1196948',1516,,10391,2,,,0
10029,'1197007',646,,10392,2,,,0
10029,'1197053',1316,,10393,2,,,0
10029,'1197093',1116,,10394,2,,,0
10029,'1197160',1716,,10395,2,,,0
10029,'1197269',1816,,10396,2,,,0
10029,'1197314',2146,,10397,2,,,0
10029,'1197362',2016,,10398,2,,,0
10029,'1197385',816,,10399,2,,,0
10029,'1197414',1416,,10400,2,,,0
10029,'1197492',1646,,10401,2,,,0
10029,'1197523',2216,,10402,2,,,0
10029,'1197565',616,,10403,2,,,0
10029,'1197669',816,,10404,2,,,0
10029,'1197675',2116,,10405,2,,,0
10029,'1197822',1716,,10406,2,,,0
10029,'1197831',1716,,10407,2,,,0
10029,'1197885',2016,,10408,2,,,0
10029,'1197887',1546,,10409,2,,,0
10029,'1197892',1216,,10410,2,,,0
10029,'1197908',2216,,10411,2,,,0
10029,'1197916',2246,,10412,2,,,0
10029,'1197980',2351,,10413,2,,,0
10029,'1198080',1616,,10414,2,,,0
10029,'1198150',1616,,10415,2,,,0
10029,'1198170',1116,,10416,2,,,0
10029,'1198181',1746,,10417,2,,,0
10029,'1198232',1516,,10418,2,,,0
10029,'1198314',1916,,10419,2,,,0
10029,'1198351',1216,,10420,2,,,0
10029,'1198466',2046,,10421,2,,,0
10029,'1198481',1416,,10422,2,,,0
10029,'1198536',1216,,10423,2,,,0
10029,'1198550',1616,,10424,2,,,0
10029,'1198565',2316,,10425,2,,,0
10029,'1198676',716,,10426,2,,,0
10029,'1198703',716,,10427,2,,,0
10029,'1198735',1016,,10428,2,,,0
10029,'1198754',1316,,10429,2,,,0
10029,'1198767',1116,,10430,2,,,0
10029,'1198887',846,,10431,2,,,0
10029,'1198905',1416,,10432,2,,,0
10029,'1198933',816,,10433,2,,,0
10029,'1199013',716,,10434,2,,,0
10029,'1199068',1016,,10435,2,,,0
10029,'1199078',1816,,10436,2,,,0
10029,'1199088',1946,,10437,2,,,0
10029,'1199134',1316,,10438,2,,,0
10029,'1199161',2316,,10439,2,,,0
10029,'1199245',1916,,10440,2,,,0
10029,'1199274',916,,10441,2,,,0
10029,'1199375',1446,,10442,2,,,0
10029,'1199396',746,,10443,2,,,0
10029,'1199411',2116,,10444,2,,,0
10029,'1199422',916,,10445,2,,,0
10029,'1199613',916,,10446,2,,,0
10029,'1199633',1516,,10447,2,,,0
11019,'1196979',1317,,10448,2,,,0
11019,'1197040',1646,,10449,2,,,0
11019,'1197065',1502,,10450,2,,,0
11019,'1197103',1901,,10451,2,,,0
11019,'1197109',1316,,10452,2,,,0
11019,'1197110',716,,10453,2,,,0
11019,'1197145',2016,,10454,2,,,0
11019,'1197180',1217,,10455,2,,,0
11019,'1197201',931,,10456,2,,,0
11019,'1197211',716,,10457,2,0,5 6,0
11019,'1197221',1617,,10458,2,,,0
11019,'1197227',1202,,10459,2,,,0
11019,'1197254',1532,,10460,2,,,0
11019,'1197259',2316,,10461,2,,,0
11019,'1197278',2331,,10462,2,,,0
11019,'1197283',901,,10463,2,,,0
11019,'1197316',2016,,10464,2,0,5 6,0
11019,'1197320',1816,,10465,2,,,0
11019,'1197325',2231,,10466,2,,,0
11019,'1197329',1016,,10467,2,,,0
11019,'1197333',946,,10468,2,,,0
11019,'1197344',1931,,10469,2,,,0
11019,'1197354',1101,,10470,2,,,0
11019,'1197406',2216,,10471,2,0,5 6,0
11019,'1197447',2001,,10472,2,,,0
11019,'1197477',2101,,10473,2,,,0
11019,'1197495',1516,,10474,2,,,0
11019,'1197504',2031,,10475,2,,,0
11019,'1197634',816,,10476,2,,,0
11019,'1197652',1131,,10477,2,,,0
11019,'1197663',1302,,10478,2,,,0
11019,'1197722',1702,,10479,2,,,0
11019,'1197727',1801,,10480,2,,,0
11019,'1197728',1616,,10481,2,0,5 6,0
11019,'1197785',916,,10482,2,,,0
11019,'1197855',1831,,10483,2,,,0
11019,'1197865',1632,,10484,2,,,0
11019,'1197880',1446,,10485,2,,,0
11019,'1197889',701,,10486,2,,,0
11019,'1197896',916,,10487,2,,,0
11019,'1197926',1216,,10488,2,0,5 6,0
11019,'1197981',1246,,10489,2,,,0
11019,'1198019',1247,,10490,2,,,0
11019,'1198026',1402,,10491,2,,,0
11019,'1198029',1816,,10492,2,0,5 6,0
11019,'1198038',1716,,10493,2,,,0
11019,'1198149',1116,,10494,2,,,0
11019,'1198166',1516,,10495,2,0,5 6,0
11019,'1198188',1416,,10496,2,0,5 6,0
11019,'1198219',1447,,10497,2,,,0
11019,'1198297',1232,,10498,2,,,0
11019,'1198308',1316,,10499,2,0,5 6,0
11019,'1198327',1717,,10500,2,,,0
11019,'1198365',1016,,10501,2,0,5 6,0
11019,'1198374',716,,10502,2,,,0
11019,'1198401',1916,,10503,2,0,5 6,0
11019,'1198413',2201,,10504,2,,,0
11019,'1198423',1146,,10505,2,,,0
11019,'1198472',831,,10506,2,,,0
11019,'1198605',1116,,10507,2,0,5 6,0
11019,'1198624',1146,,10508,2,,,0
11019,'1198627',2131,,10509,2,,,0
11019,'1198668',846,,10510,2,,,0
11019,'1198671',1417,,10511,2,,,0
11019,'1198695',1602,,10512,2,,,0
11019,'1198698',816,,10513,2,0,5 6,0
11019,'1198701',801,,10514,2,,,0
11019,'1198713',616,,10515,2,,,0
11019,'1198737',1616,,10516,2,,,0
11019,'1198753',2351,,10517,2,,,0
11019,'1198806',1547,,10518,2,,,0
11019,'1198894',731,,10519,2,,,0
11019,'1198896',1347,,10520,2,,,0
11019,'1198957',1647,,10521,2,,,0
11019,'1198963',1216,,10522,2,,,0
11019,'1199015',2316,,10523,2,0,5 6,0
11019,'1199020',1001,,10524,2,,,0
11019,'1199072',1432,,10525,2,,,0
11019,'1199077',746,,10526,2,,,0
11019,'1199162',1517,,10527,2,,,0
11019,'1199164',631,,10528,2,,,0
11019,'1199175',1346,,10529,2,,,0
11019,'1199179',2216,,10530,2,,,0
11019,'1199209',1332,,10531,2,,,0
11019,'1199218',2301,,10532,2,,,0
11019,'1199260',1716,,10533,2,0,5 6,0
11019,'1199285',646,,10534,2,,,0
11019,'1199336',1416,,10535,2,,,0
11019,'1199342',1916,,10536,2,,,0
11019,'1199350',916,,10537,2,0,5 6,0
11019,'1199361',1116,,10538,2,,,0
11019,'1199369',1031,,10539,2,,,0
11019,'1199392',1732,,10540,2,,,0
11019,'1199420',816,,10541,2,,,0
11019,'1199430',2116,,10542,2,,,0
11019,'1199452',1546,,10543,2,,,0
11019,'1199483',1747,,10544,2,,,0
11019,'1199518',1046,,10545,2,,,0
11019,'1199575',2116,,10546,2,0,5 6,0
11019,'1199637',1016,,10547,2,,,0
13019,'1196852',1317,,10793,2,,,0
13019,'1196856',1716,,10794,2,,,0
13019,'1196999',916,,10796,2,,,0
13019,'1197035',616,,10797,2,,,0
13019,'1197132',1447,,10798,2,,,0
13019,'1197251',1547,,10799,2,,,0
13019,'1197279',717,,10800,2,,,0
13019,'1197353',2246,,10801,2,,,0
13019,'1197357',1817,,10802,2,,,0
13019,'1197451',2216,,10803,2,,,0
13019,'1197487',816,,10804,2,,,0
13019,'1197555',1617,,10805,2,,,0
13019,'1197570',917,,10806,2,,,0
13019,'1197575',1617,,10807,2,,,0
13019,'1197641',2017,,10808,2,,,0
13019,'1197645',1647,,10809,2,,,0
13019,'1197648',646,,10810,2,,,0
13019,'1197690',1616,,10811,2,,,0
13019,'1197692',1717,,10812,2,,,0
13019,'1197730',1417,,10813,2,,,0
13019,'1197762',2351,,10814,2,,,0
13019,'1197803',716,,10815,2,,,0
13019,'1197834',1216,,10816,2,,,0
13019,'1197854',2016,,10817,2,,,0
13019,'1197962',1316,,10818,2,,,0
13019,'1197975',1017,,10819,2,,,0
13019,'1198041',1116,,10820,2,,,0
13019,'1198094',1746,,10821,2,,,0
13019,'1198160',816,,10822,2,,,0
13019,'1198201',1217,,10823,2,,,0
13019,'1198243',1816,,10824,2,,,0
13019,'1198290',2146,,10825,2,,,0
13019,'1198352',716,,10826,2,,,0
13019,'1198355',1846,,10827,2,,,0
13019,'1198382',746,,10828,2,,,0
13019,'1198402',2217,,10829,2,,,0
13019,'1198552',2117,,10830,2,,,0
13019,'1198554',1916,,10831,2,,,0
13019,'1198602',1117,,10832,2,,,0
13019,'1198611',1946,,10833,2,,,0
13019,'1198630',1517,,10834,2,,,0
13019,'1198675',1217,,10835,2,,,0
13019,'1198716',1016,,10837,2,,,0
13019,'1198729',946,,10838,2,,,0
13019,'1198761',1317,,10839,2,,,0
13019,'1198778',916,,10840,2,,,0
13019,'1198837',2317,,10841,2,,,0
13019,'1198874',1117,,10842,2,,,0
13019,'1198888',846,,10843,2,,,0
13019,'1199044',817,,10844,2,,,0
13019,'1199123',1017,,10845,2,,,0
13019,'1199151',1417,,10846,2,,,0
13019,'1199233',1416,,10847,2,,,0
13019,'1199276',1516,,10848,2,,,0
13019,'1199284',2046,,10849,2,,,0
13019,'1199418',1917,,10850,2,,,0
13019,'1199448',1717,,10851,2,,,0
13019,'1199536',2116,,10852,2,,,0
13019,'1199588',2316,,10853,2,,,0
13019,'1199631',1517,,10854,2,,,0
25019,'1196864',1231,,11307,2,,,0
25019,'1196932',1731,,11308,2,,,0
25019,'1196994',1931,,11309,2,,,0
25019,'1197064',716,,11310,2,,,0
25019,'1197079',2351,,11311,2,,,0
25019,'1197084',2316,,11312,2,,,0
25019,'1197151',731,,11313,2,,,0
25019,'1197299',2131,,11314,2,,,0
25019,'1197317',1331,,11315,2,,,0
25019,'1197342',1731,,11316,2,,,0
25019,'1197442',1516,,11317,2,,,0
25019,'1197448',1601,,11318,2,,,0
25019,'1197471',1031,,11319,2,,,0
25019,'1197624',1831,,11320,2,,,0
25019,'1197657',2116,,11321,2,,,0
25019,'1197660',831,,11322,2,,,0
25019,'1197687',2331,,11323,2,,,0
25019,'1197702',1201,,11324,2,,,0
25019,'1197757',731,,11325,2,,,0
25019,'1197760',1531,,11326,2,,,0
25019,'1197771',2016,,11327,2,,,0
25019,'1198004',2216,,11328,2,,,0
25019,'1198021',701,,11329,2,,,0
25019,'1198071',1931,,11330,2,,,0
25019,'1198079',631,,11331,2,,,0
25019,'1198190',2031,,11332,2,,,0
25019,'1198267',2231,,11333,2,,,0
25019,'1198315',901,,11334,2,,,0
25019,'1198388',1401,,11335,2,,,0
25019,'1198435',2231,,11336,2,,,0
25019,'1198457',631,,11337,2,,,0
25019,'1198479',931,,11338,2,,,0
25019,'1198492',1431,,11339,2,,,0
25019,'1198496',1831,,11340,2,,,0
25019,'1198512',1716,,11341,2,,,0
25019,'1198566',1131,,11342,2,,,0
25019,'1198604',1416,,11343,2,,,0
25019,'1198759',1316,,11344,2,,,0
25019,'1198776',2131,,11345,2,,,0
25019,'1198803',1501,,11346,2,,,0
25019,'1198823',2031,,11347,2,,,0
25019,'1198862',1916,,11348,2,,,0
25019,'1198902',1431,,11349,2,,,0
25019,'1198938',831,,11350,2,,,0
25019,'1199011',1101,,11351,2,,,0
25019,'1199070',1001,,11352,2,,,0
25019,'1199074',816,,11353,2,,,0
25019,'1199097',801,,11354,2,,,0
25019,'1199125',916,,11355,2,,,0
25019,'1199183',1301,,11356,2,,,0
25019,'1199208',1216,,11357,2,,,0
25019,'1199212',1816,,11358,2,,,0
25019,'1199258',1631,,11359,2,,,0
25019,'1199359',1016,,11360,2,,,0
25019,'1199389',931,,11361,2,,,0
25019,'1199464',1631,,11362,2,,,0
25019,'1199480',1701,,11363,2,,,0
25019,'1199589',1116,,11364,2,,,0
25019,'1199634',1531,,11365,2,,,0
25019,'1199649',1616,,11366,2,,,0
101029,'1196911',731,,11834,2,,,0
101029,'1197033',1816,,11835,2,,,0
101029,'1197060',831,,11836,2,,,0
101029,'1197096',1016,,11837,2,,,0
101029,'1197257',1031,,11838,2,,,0
101029,'1197272',1216,,11839,2,,,0
101029,'1197326',1532,,11840,2,,,0
101029,'1197581',2016,,11841,2,,,0
101029,'1197673',1416,,11842,2,,,0
101029,'1197747',2131,,11843,2,,,0
101029,'1197977',1616,,11844,2,,,0
101029,'1198059',616,,11845,2,,,0
101029,'1198116',1016,,11846,2,,,0
101029,'1198125',816,,11847,2,,,0
101029,'1198200',1216,,11848,2,,,0
101029,'1198251',931,,11849,2,,,0
101029,'1198346',816,,11850,2,,,0
101029,'1198498',2216,,11851,2,,,0
101029,'1198530',2216,,11852,2,,,0
101029,'1198631',1632,,11853,2,,,0
101029,'1198644',2351,,11854,2,,,0
101029,'1198710',1616,,11855,2,,,0
101029,'1198715',1731,,11856,2,,,0
101029,'1198953',2016,,11857,2,,,0
101029,'1198984',1332,,11858,2,,,0
101029,'1199108',1232,,11859,2,,,0
101029,'1199117',631,,11860,2,,,0
101029,'1199304',1816,,11861,2,,,0
101029,'1199366',1416,,11862,2,,,0
101029,'1199567',1931,,11863,2,,,0
101029,'1199585',1432,,11864,2,,,0
