14029,'1196849',1728,,10975,27,,,0
14029,'1196912',758,,10976,27,,,0
14029,'1197024',1528,,10977,27,,,0
14029,'1197041',2328,,10978,27,,,0
14029,'1197050',1627,,10979,27,,,0
14029,'1197119',1729,,10980,27,,,0
14029,'1197130',2227,,10981,27,,,0
14029,'1197219',1527,,10982,27,,,0
14029,'1197237',1327,,10983,27,,,0
14029,'1197250',628,,10984,27,,,0
14029,'1197265',1758,,10985,27,,,0
14029,'1197310',2228,,10986,27,,,0
14029,'1197323',1328,,10987,27,,,0
14029,'1197440',2127,,10988,27,,,0
14029,'1197456',1529,,10989,27,,,0
14029,'1197472',1127,,10990,27,,,0
14029,'1197493',1858,,10991,27,,,0
14029,'1197512',1629,,10992,27,,,0
14029,'1197515',1428,,10993,27,,,0
14029,'1197597',728,,10994,27,,,0
14029,'1197605',2258,,10995,27,,,0
14029,'1197639',1227,,10996,27,,,0
14029,'1197699',1958,,10997,27,,,0
14029,'1197717',1727,,10998,27,,,0
14029,'1197738',1027,,10999,27,,,0
14029,'1197809',1628,,11000,27,,,0
14029,'1197863',2403,,11001,27,,,0
14029,'1197882',1427,,11002,27,,,0
14029,'1197961',1228,,11003,27,,,0
14029,'1198040',1028,,11004,27,,,0
14029,'1198078',1128,,11005,27,,,0
14029,'1198100',858,,11006,27,,,0
14029,'1198198',2158,,11007,27,,,0
14029,'1198204',2058,,11008,27,,,0
14029,'1198269',658,,11009,27,,,0
14029,'1198326',927,,11010,27,,,0
14029,'1198404',728,,11011,27,,,0
14029,'1198426',2128,,11012,27,,,0
14029,'1198570',828,,11013,27,,,0
14029,'1198612',2327,,11014,27,,,0
14029,'1198728',827,,11015,27,,,0
14029,'1198772',1828,,11016,27,,,0
14029,'1198830',928,,11017,27,,,0
14029,'1198941',1129,,11018,27,,,0
14029,'1198956',1429,,11019,27,,,0
14029,'1199040',2028,,11020,27,,,0
14029,'1199065',1229,,11021,27,,,0
14029,'1199076',1827,,11022,27,,,0
14029,'1199083',1659,,11023,27,,,0
14029,'1199184',928,,11024,27,,,0
14029,'1199200',828,,11025,27,,,0
14029,'1199222',1559,,11026,27,,,0
14029,'1199266',1329,,11027,27,,,0
14029,'1199447',1928,,11028,27,,,0
14029,'1199472',2027,,11029,27,,,0
14029,'1199520',1029,,11030,27,,,0
14029,'1199554',727,,11031,27,,,0
14029,'1199573',1927,,11032,27,,,0
14029,'1199643',1459,,11033,27,,,0
