102019,'1197016',2206,,11865,20,4,,0
102019,'1197206',1819,,11866,20,4,,0
102019,'1197235',906,,11867,20,4,,0
102019,'1197240',736,,11868,20,4,,0
102019,'1197255',1336,,11869,20,4,,0
102019,'1197609',919,,11870,20,4,,0
102019,'1197643',1506,,11871,20,4,,0
102019,'1197656',1906,,11872,20,4,,0
102019,'1197775',1606,,11873,20,4,,0
102019,'1197973',651,,11874,20,4,,0
102019,'1197982',1806,,11875,20,4,,0
102019,'1198067',706,,11876,20,4,,0
102019,'1198088',2249,,11877,20,4,,0
102019,'1198122',1936,,11878,20,4,,0
102019,'1198163',1036,,11879,20,4,,0
102019,'1198211',821,,11880,20,4,,0
102019,'1198279',1136,,11881,20,4,,0
102019,'1198403',1049,,11882,20,4,,0
102019,'1198424',1436,,11883,20,4,,0
102019,'1198486',1006,,11884,20,4,,0
102019,'1198508',1519,,11885,20,4,,0
102019,'1198523',1306,,11886,20,4,,0
102019,'1198532',1219,,11887,20,4,,0
102019,'1198591',2236,,11888,20,4,,0
102019,'1198661',1636,,11889,20,4,,0
102019,'1198730',2106,,11890,20,4,,0
102019,'1198749',2036,,11891,20,4,,0
102019,'1198805',1949,,11892,20,4,,0
102019,'1198848',1649,,11893,20,4,,0
102019,'1198865',2336,,11894,20,4,,0
102019,'1199016',2119,,11895,20,4,,0
102019,'1199130',2406,,11896,20,4,,0
102019,'1199199',951,,11897,20,4,,0
102019,'1199205',1206,,11898,20,4,,0
102019,'1199328',1349,,11899,20,4,,0
102019,'1199348',1736,,11900,20,4,,0
102019,'1199363',1721,,11901,20,4,,0
102019,'1199433',1551,,11902,20,4,,0
102019,'1199474',606,,11903,20,4,,0
102019,'1199507',836,,11904,20,4,,0
102019,'1199572',1421,,11905,20,4,,0
102019,'1199618',749,,11906,20,4,,0
102029,'1196895',1649,,11907,1,,,0
102029,'1196982',1337,,11908,1,,,0
102029,'1197029',2107,,11909,1,,,0
102029,'1197083',1519,,11910,1,,,0
102029,'1197178',1049,,11911,1,,,0
102029,'1197226',652,,11912,1,,,0
102029,'1197263',737,,11913,1,,,0
102029,'1197297',1436,,11914,1,,,0
102029,'1197309',1819,,11915,1,,,0
102029,'1197330',1722,,11916,1,,,0
102029,'1197420',1507,,11917,1,,,0
102029,'1197536',2249,,11918,1,,,0
102029,'1197603',1037,,11919,1,,,0
102029,'1197704',1006,,11920,1,,,0
102029,'1197770',2407,,11921,1,,,0
102029,'1197839',822,,11922,1,,,0
102029,'1198134',1306,,11923,1,,,0
102029,'1198173',919,,11924,1,,,0
102029,'1198220',1219,,11925,1,,,0
102029,'1198227',1736,,11926,1,,,0
102029,'1198249',1807,,11927,1,,,0
102029,'1198376',1552,,11928,1,,,0
102029,'1198502',1637,,11929,1,,,0
102029,'1198531',749,,11930,1,,,0
102029,'1198599',1606,,11931,1,,,0
102029,'1198638',2237,,11932,1,,,0
102029,'1198688',1136,,11933,1,,,0
102029,'1198705',2036,,11934,1,,,0
102029,'1198769',1949,,11935,1,,,0
102029,'1198816',2119,,11936,1,,,0
102029,'1198930',2206,,11937,1,,,0
102029,'1198996',607,,11938,1,,,0
102029,'1199090',836,,11939,1,,,0
102029,'1199168',907,,11940,1,,,0
102029,'1199202',1937,,11941,1,,,0
102029,'1199211',1906,,11942,1,,,0
102029,'1199244',952,,11943,1,,,0
102029,'1199434',1207,,11944,1,,,0
102029,'1199477',2336,,11945,1,,,0
102029,'1199479',1422,,11946,1,,,0
102029,'1199488',625,,11947,1,,,0
102029,'1199537',1349,,11948,1,,,0
102029,'1199651',706,,11949,1,,,0
