11019,'1196979',1339,,10448,26,,,0
11019,'1197040',1706,,10449,26,,,0
11019,'1197065',1524,,10450,26,,,0
11019,'1197103',1923,,10451,26,,,0
11019,'1197109',1336,,10452,26,,,0
11019,'1197110',738,,10453,26,,,0
11019,'1197145',2036,,10454,26,,,0
11019,'1197180',1239,,10455,26,,,0
11019,'1197201',953,,10456,26,,,0
11019,'1197211',737,,10457,26,0,5 6,0
11019,'1197221',1639,,10458,26,,,0
11019,'1197227',1224,,10459,26,,,0
11019,'1197254',1554,,10460,26,,,0
11019,'1197259',2336,,10461,26,,,0
11019,'1197278',2353,,10462,26,,,0
11019,'1197283',923,,10463,26,,,0
11019,'1197316',2037,,10464,26,0,5 6,0
11019,'1197320',1836,,10465,26,,,0
11019,'1197325',2253,,10466,26,,,0
11019,'1197329',1036,,10467,26,,,0
11019,'1197333',1008,,10468,26,,,0
11019,'1197344',1953,,10469,26,,,0
11019,'1197354',1123,,10470,26,,,0
11019,'1197406',2237,,10471,26,0,5 6,0
11019,'1197447',2023,,10472,26,,,0
11019,'1197477',2123,,10473,26,,,0
11019,'1197495',1536,,10474,26,,,0
11019,'1197504',2053,,10475,26,,,0
11019,'1197634',836,,10476,26,,,0
11019,'1197652',1153,,10477,26,,,0
11019,'1197663',1324,,10478,26,,,0
11019,'1197722',1724,,10479,26,,,0
11019,'1197727',1823,,10480,26,,,0
11019,'1197728',1637,,10481,26,0,5 6,0
11019,'1197785',936,,10482,26,,,0
11019,'1197855',1853,,10483,26,,,0
11019,'1197865',1654,,10484,26,,,0
11019,'1197880',1506,,10485,26,,,0
11019,'1197889',723,,10486,26,,,0
11019,'1197896',938,,10487,26,,,0
11019,'1197926',1237,,10488,26,0,5 6,0
11019,'1197981',1306,,10489,26,,,0
11019,'1198019',1309,,10490,26,,,0
11019,'1198026',1424,,10491,26,,,0
11019,'1198029',1837,,10492,26,0,5 6,0
11019,'1198038',1736,,10493,26,,,0
11019,'1198149',1136,,10494,26,,,0
11019,'1198166',1537,,10495,26,0,5 6,0
11019,'1198188',1437,,10496,26,0,5 6,0
11019,'1198219',1509,,10497,26,,,0
11019,'1198297',1254,,10498,26,,,0
11019,'1198308',1337,,10499,26,0,5 6,0
11019,'1198327',1739,,10500,26,,,0
11019,'1198365',1037,,10501,26,0,5 6,0
11019,'1198374',736,,10502,26,,,0
11019,'1198401',1937,,10503,26,0,5 6,0
11019,'1198413',2223,,10504,26,,,0
11019,'1198423',1208,,10505,26,,,0
11019,'1198472',853,,10506,26,,,0
11019,'1198605',1137,,10507,26,0,5 6,0
11019,'1198624',1206,,10508,26,,,0
11019,'1198627',2153,,10509,26,,,0
11019,'1198668',908,,10510,26,,,0
11019,'1198671',1439,,10511,26,,,0
11019,'1198695',1624,,10512,26,,,0
11019,'1198698',837,,10513,26,0,5 6,0
11019,'1198701',823,,10514,26,,,0
11019,'1198713',638,,10515,26,,,0
11019,'1198737',1636,,10516,26,,,0
11019,'1198753',2413,,10517,26,,,0
11019,'1198806',1609,,10518,26,,,0
11019,'1198894',753,,10519,26,,,0
11019,'1198896',1409,,10520,26,,,0
11019,'1198957',1709,,10521,26,,,0
11019,'1198963',1236,,10522,26,,,0
11019,'1199015',2337,,10523,26,0,5 6,0
11019,'1199020',1023,,10524,26,,,0
11019,'1199072',1454,,10525,26,,,0
11019,'1199077',808,,10526,26,,,0
11019,'1199162',1539,,10527,26,,,0
11019,'1199164',653,,10528,26,,,0
11019,'1199175',1406,,10529,26,,,0
11019,'1199179',2236,,10530,26,,,0
11019,'1199209',1354,,10531,26,,,0
11019,'1199218',2323,,10532,26,,,0
11019,'1199260',1737,,10533,26,0,5 6,0
11019,'1199285',708,,10534,26,,,0
11019,'1199336',1436,,10535,26,,,0
11019,'1199342',1936,,10536,26,,,0
11019,'1199350',937,,10537,26,0,5 6,0
11019,'1199361',1138,,10538,26,,,0
11019,'1199369',1053,,10539,26,,,0
11019,'1199392',1754,,10540,26,,,0
11019,'1199420',838,,10541,26,,,0
11019,'1199430',2136,,10542,26,,,0
11019,'1199452',1606,,10543,26,,,0
11019,'1199483',1809,,10544,26,,,0
11019,'1199518',1108,,10545,26,,,0
11019,'1199575',2137,,10546,26,0,5 6,0
11019,'1199637',1038,,10547,26,,,0
22029,'1196872',1454,,11159,5,,,0
22029,'1197509',1054,,11160,5,,,0
22029,'1197841',1254,,11161,5,,,0
22029,'1198320',1424,,11162,5,,,0
22029,'1198325',1824,,11163,5,,,0
22029,'1198632',1024,,11164,5,,,0
22029,'1198895',1624,,11165,5,,,0
22029,'1199147',854,,11166,5,,,0
22029,'1199241',1224,,11167,5,,,0
22029,'1199309',823,,11168,5,,,0
140001029,'1196879',627,,12358,19,,,0
140001029,'1196954',958,,12359,19,,,0
140001029,'1196975',1030,,12360,19,,,0
140001029,'1196976',2327,,12361,19,,,0
140001029,'1197010',1345,,12362,19,,,0
140001029,'1197038',1115,,12363,19,,,0
140001029,'1197058',1842,,12364,19,,,0
140001029,'1197078',1128,,12365,19,,,0
140001029,'1197099',2257,,12366,19,,,0
140001029,'1197105',2328,,12367,19,,,0
140001029,'1197113',857,,12368,19,,,0
140001029,'1197141',1446,,12369,19,,,0
140001029,'1197155',1743,,12370,19,,,0
140001029,'1197162',942,,12371,19,,,0
140001029,'1197190',1601,,12372,19,,,0
140001029,'1197195',1701,,12373,19,,,0
140001029,'1197198',1401,,12374,19,,,0
140001029,'1197204',928,,12375,19,,,0
140001029,'1197222',1230,,12376,19,,,0
140001029,'1197249',1228,,12377,19,,,0
140001029,'1197271',1944,,12378,19,,,0
140001029,'1197276',1058,,12379,19,,,0
140001029,'1197293',1516,,12380,19,,,0
140001029,'1197305',1528,,12381,19,,,0
140001029,'1197370',1215,,12382,19,,,0
140001029,'1197377',2227,,12383,19,,,0
140001029,'1197379',757,,12384,19,,,0
140001029,'1197386',1828,,12385,19,,,0
140001029,'1197424',2057,,12386,19,,,0
140001029,'1197426',1013,,12387,19,,,0
140001029,'1197432',957,,12388,19,,,0
140001029,'1197460',2227,,12389,19,,,0
140001029,'1197482',628,,12390,19,,,0
140001029,'1197494',2402,,12391,19,,,0
140001029,'1197497',1658,,12392,19,,,0
140001029,'1197568',1328,,12393,19,,,0
140001029,'1197611',2257,,12394,19,,,0
140001029,'1197612',1546,,12395,19,,,0
140001029,'1197619',1827,,12396,19,,,0
140001029,'1197627',842,,12397,19,,,0
140001029,'1197635',2228,,12398,19,,,0
140001029,'1197649',1330,,12399,19,,,0
140001029,'1197658',1928,,12400,19,,,0
140001029,'1197662',1100,,12401,19,,,0
140001029,'1197723',928,,12402,19,,,0
140001029,'1197758',1245,,12403,19,,,0
140001029,'1197776',2029,,12404,19,,,0
140001029,'1197849',2157,,12405,19,,,0
140001029,'1197888',1957,,12406,19,,,0
140001029,'1197928',1428,,12407,19,,,0
140001029,'1197938',1416,,12408,19,,,0
140001029,'1197948',1501,,12409,19,,,0
140001029,'1197957',1613,,12410,19,,,0
140001029,'1197967',1716,,12411,19,,,0
140001029,'1197972',1558,,12412,19,,,0
140001029,'1197983',727,,12413,19,,,0
140001029,'1198007',2127,,12414,19,,,0
140001029,'1198048',742,,12415,19,,,0
140001029,'1198049',712,,12416,19,,,0
140001029,'1198081',1258,,12417,19,,,0
140001029,'1198099',943,,12418,19,,,0
140001029,'1198101',1130,,12419,19,,,0
140001029,'1198102',828,,12420,19,,,0
140001029,'1198131',2028,,12421,19,,,0
140001029,'1198132',1028,,12422,19,,,0
140001029,'1198186',1758,,12423,19,,,0
140001029,'1198207',657,,12424,19,,,0
140001029,'1198209',912,,12425,19,,,0
140001029,'1198299',1158,,12426,19,,,0
140001029,'1198347',642,,12427,19,,,0
140001029,'1198350',1914,,12428,19,,,0
140001029,'1198371',1431,,12429,19,,,0
140001029,'1198391',2044,,12430,19,,,0
140001029,'1198425',2027,,12431,19,,,0
140001029,'1198451',2357,,12432,19,,,0
140001029,'1198469',1628,,12433,19,,,0
140001029,'1198505',1428,,12434,19,,,0
140001029,'1198517',1200,,12435,19,,,0
140001029,'1198540',728,,12436,19,,,0
140001029,'1198546',1028,,12437,19,,,0
140001029,'1198572',1543,,12438,19,,,0
140001029,'1198636',812,,12439,19,,,0
140001029,'1198643',1228,,12440,19,,,0
140001029,'1198645',1728,,12441,19,,,0
140001029,'1198655',758,,12442,19,,,0
140001029,'1198697',858,,12443,19,,,0
140001029,'1198757',1628,,12444,19,,,0
140001029,'1198770',1959,,12445,19,,,0
140001029,'1198787',1616,,12446,19,,,0
140001029,'1198789',1929,,12447,19,,,0
140001029,'1198794',1045,,12448,19,,,0
140001029,'1198796',2157,,12449,19,,,0
140001029,'1198802',1113,,12450,19,,,0
140001029,'1198817',1513,,12451,19,,,0
140001029,'1198824',1145,,12452,19,,,0
140001029,'1198860',1812,,12453,19,,,0
140001029,'1198934',1713,,12454,19,,,0
140001029,'1198970',1746,,12455,19,,,0
140001029,'1198973',927,,12456,19,,,0
140001029,'1198981',1829,,12457,19,,,0
140001029,'1198986',2327,,12458,19,,,0
140001029,'1198999',1343,,12459,19,,,0
140001029,'1199001',728,,12460,19,,,0
140001029,'1199006',827,,12461,19,,,0
140001029,'1199010',1759,,12462,19,,,0
140001029,'1199031',1213,,12463,19,,,0
140001029,'1199086',1015,,12464,19,,,0
140001029,'1199101',658,,12465,19,,,0
140001029,'1199110',1143,,12466,19,,,0
140001029,'1199113',1643,,12467,19,,,0
140001029,'1199128',1043,,12468,19,,,0
140001029,'1199156',1927,,12469,19,,,0
140001029,'1199174',1315,,12470,19,,,0
140001029,'1199189',828,,12471,19,,,0
140001029,'1199191',1814,,12472,19,,,0
140001029,'1199203',2059,,12473,19,,,0
140001029,'1199247',1646,,12474,19,,,0
140001029,'1199259',1844,,12475,19,,,0
140001029,'1199261',1413,,12476,19,,,0
140001029,'1199275',1531,,12477,19,,,0
140001029,'1199283',1328,,12478,19,,,0
140001029,'1199312',1243,,12479,19,,,0
140001029,'1199341',2014,,12480,19,,,0
140001029,'1199351',1313,,12481,19,,,0
140001029,'1199395',1731,,12482,19,,,0
140001029,'1199415',1857,,12483,19,,,0
140001029,'1199446',1859,,12484,19,,,0
140001029,'1199456',1528,,12485,19,,,0
140001029,'1199465',1728,,12486,19,,,0
140001029,'1199469',2127,,12487,19,,,0
140001029,'1199481',1631,,12488,19,,,0
140001029,'1199494',1458,,12489,19,,,0
140001029,'1199502',1358,,12490,19,,,0
140001029,'1199522',1443,,12491,19,,,0
140001029,'1199528',2128,,12492,19,,,0
140001029,'1199569',1128,,12493,19,,,0
140001029,'1199608',1300,,12494,19,,,0
