14029,'1196849',1724,,10975,18,,,0
14029,'1196912',754,,10976,18,,,0
14029,'1197024',1524,,10977,18,,,0
14029,'1197041',2324,,10978,18,,,0
14029,'1197050',1623,,10979,18,,,0
14029,'1197119',1724,,10980,18,,,0
14029,'1197130',2223,,10981,18,,,0
14029,'1197219',1523,,10982,18,,,0
14029,'1197237',1323,,10983,18,,,0
14029,'1197250',624,,10984,18,,,0
14029,'1197265',1754,,10985,18,,,0
14029,'1197310',2224,,10986,18,,,0
14029,'1197323',1324,,10987,18,,,0
14029,'1197440',2123,,10988,18,,,0
14029,'1197456',1524,,10989,18,,,0
14029,'1197472',1123,,10990,18,,,0
14029,'1197493',1854,,10991,18,,,0
14029,'1197512',1624,,10992,18,,,0
14029,'1197515',1424,,10993,18,,,0
14029,'1197597',724,,10994,18,,,0
14029,'1197605',2254,,10995,18,,,0
14029,'1197639',1223,,10996,18,,,0
14029,'1197699',1954,,10997,18,,,0
14029,'1197717',1723,,10998,18,,,0
14029,'1197738',1023,,10999,18,,,0
14029,'1197809',1624,,11000,18,,,0
14029,'1197863',2359,,11001,18,,,0
14029,'1197882',1423,,11002,18,,,0
14029,'1197961',1224,,11003,18,,,0
14029,'1198040',1024,,11004,18,,,0
14029,'1198078',1124,,11005,18,,,0
14029,'1198100',854,,11006,18,,,0
14029,'1198198',2154,,11007,18,,,0
14029,'1198204',2054,,11008,18,,,0
14029,'1198269',654,,11009,18,,,0
14029,'1198326',923,,11010,18,,,0
14029,'1198404',724,,11011,18,,,0
14029,'1198426',2124,,11012,18,,,0
14029,'1198570',824,,11013,18,,,0
14029,'1198612',2323,,11014,18,,,0
14029,'1198728',823,,11015,18,,,0
14029,'1198772',1824,,11016,18,,,0
14029,'1198830',924,,11017,18,,,0
14029,'1198941',1124,,11018,18,,,0
14029,'1198956',1424,,11019,18,,,0
14029,'1199040',2024,,11020,18,,,0
14029,'1199065',1224,,11021,18,,,0
14029,'1199076',1823,,11022,18,,,0
14029,'1199083',1654,,11023,18,,,0
14029,'1199184',924,,11024,18,,,0
14029,'1199200',824,,11025,18,,,0
14029,'1199222',1554,,11026,18,,,0
14029,'1199266',1324,,11027,18,,,0
14029,'1199447',1924,,11028,18,,,0
14029,'1199472',2023,,11029,18,,,0
14029,'1199520',1024,,11030,18,,,0
14029,'1199554',723,,11031,18,,,0
14029,'1199573',1923,,11032,18,,,0
14029,'1199643',1454,,11033,18,,,0
