2029,'1196924',1506,,10051,3,,,0
2029,'1196985',1153,,10052,3,,,0
2029,'1196991',2236,,10053,3,,,0
2029,'1197028',2036,,10054,3,,,0
2029,'1197134',1823,,10055,3,,,0
2029,'1197139',921,,10056,3,,,0
2029,'1197143',2323,,10057,3,,,0
2029,'1197168',1606,,10058,3,,,0
2029,'1197170',638,,10059,3,,,0
2029,'1197175',1451,,10060,3,,,0
2029,'1197208',1438,,10061,3,,,0
2029,'1197209',853,,10062,3,,,0
2029,'1197218',706,,10063,3,,,0
2029,'1197261',1621,,10064,3,,,0
2029,'1197268',1651,,10065,3,,,0
2029,'1197282',636,,10066,3,,,0
2029,'1197288',2136,,10067,3,,,0
2029,'1197331',1618,,10068,3,,,0
2029,'1197332',2206,,10069,3,,,0
2029,'1197367',1418,,10070,3,,,0
2029,'1197375',851,,10071,3,,,0
2029,'1197411',1036,,10072,3,,,0
2029,'1197419',1321,,10073,3,,,0
2029,'1197430',651,,10074,3,,,0
2029,'1197437',951,,10075,3,,,0
2029,'1197491',1348,,10076,3,,,0
2029,'1197508',751,,10077,3,,,0
2029,'1197527',1238,,10078,3,,,0
2029,'1197534',1038,,10079,3,,,0
2029,'1197599',1636,,10080,3,,,0
2029,'1197642',736,,10081,3,,,0
2029,'1197644',1806,,10082,3,,,0
2029,'1197647',936,,10083,3,,,0
2029,'1197651',2333,,10084,3,,,0
2029,'1197655',2403,,10085,3,,,0
2029,'1197665',1023,,10086,3,,,0
2029,'1197667',1938,,10087,3,,,0
2029,'1197739',1706,,10088,3,,,0
2029,'1197769',1138,,10089,3,,,0
2029,'1197800',1006,,10090,3,,,0
2029,'1197808',2006,,10091,3,,,0
2029,'1197821',738,,10092,3,,,0
2029,'1197871',806,,10093,3,,,0
2029,'1197901',836,,10094,3,,,0
2029,'1197910',1736,,10095,3,,,0
2029,'1198003',1053,,10096,3,,,0
2029,'1198023',1221,,10097,3,,,0
2029,'1198042',838,,10098,3,,,0
2029,'1198045',2238,,10099,3,,,0
2029,'1198089',906,,10100,3,,,0
2029,'1198144',1021,,10101,3,,,0
2029,'1198156',2306,,10102,3,,,0
2029,'1198168',2023,,10103,3,,,0
2029,'1198184',938,,10104,3,,,0
2029,'1198213',1406,,10105,3,,,0
2029,'1198215',1821,,10106,3,,,0
2029,'1198275',1136,,10107,3,,,0
2029,'1198291',1051,,10108,3,,,0
2029,'1198335',1936,,10109,3,,,0
2029,'1198359',1318,,10110,3,,,0
2029,'1198433',1336,,10111,3,,,0
2029,'1198455',1218,,10112,3,,,0
2029,'1198473',1748,,10113,3,,,0
2029,'1198494',1718,,10114,3,,,0
2029,'1198537',1738,,10115,3,,,0
2029,'1198581',1123,,10116,3,,,0
2029,'1198603',1538,,10117,3,,,0
2029,'1198608',938,,10118,3,,,0
2029,'1198619',2408,,10119,3,,,0
2029,'1198682',1421,,10120,3,,,0
2029,'1198743',2238,,10121,3,,,0
2029,'1198838',1338,,10122,3,,,0
2029,'1198840',1448,,10123,3,,,0
2029,'1198841',721,,10124,3,,,0
2029,'1198851',2106,,10125,3,,,0
2029,'1198854',1151,,10126,3,,,0
2029,'1198870',723,,10127,3,,,0
2029,'1198967',2338,,10128,3,,,0
2029,'1199005',1551,,10129,3,,,0
2029,'1199023',1518,,10130,3,,,0
2029,'1199042',1938,,10131,3,,,0
2029,'1199046',1836,,10132,3,,,0
2029,'1199049',1106,,10133,3,,,0
2029,'1199063',1306,,10134,3,,,0
2029,'1199099',1251,,10135,3,,,0
2029,'1199116',1721,,10136,3,,,0
2029,'1199173',1548,,10137,3,,,0
2029,'1199237',2138,,10138,3,,,0
2029,'1199240',821,,10139,3,,,0
2029,'1199269',1236,,10140,3,,,0
2029,'1199288',1536,,10141,3,,,0
2029,'1199299',2153,,10142,3,,,0
2029,'1199305',1206,,10143,3,,,0
2029,'1199316',1751,,10144,3,,,0
2029,'1199329',1638,,10145,3,,,0
2029,'1199333',808,,10146,3,,,0
2029,'1199335',1248,,10147,3,,,0
2029,'1199398',2038,,10148,3,,,0
2029,'1199466',1906,,10149,3,,,0
2029,'1199478',1838,,10150,3,,,0
2029,'1199484',1521,,10151,3,,,0
2029,'1199542',2423,,10152,3,,,0
2029,'1199552',1351,,10153,3,,,0
2029,'1199560',1853,,10154,3,,,0
2029,'1199580',2108,,10155,3,,,0
2029,'1199620',1436,,10156,3,,,0
2029,'1199621',1121,,10157,3,,,0
2029,'1199635',1648,,10158,3,,,0
11019,'1196884',1241,,10549,3,,,0
11019,'1196914',1125,,10550,3,,,0
11019,'1196958',746,,10551,3,,,0
11019,'1197071',1824,,10554,3,,,0
11019,'1197114',910,,10555,3,,,0
11019,'1197191',1441,,10557,3,,,0
11019,'1197229',1356,,10558,3,,,0
11019,'1197234',1656,,10559,3,,,0
11019,'1197264',1726,,10560,3,,,0
11019,'1197274',925,,10561,3,,,0
11019,'1197327',1326,,10562,3,,,0
11019,'1197343',725,,10563,3,,,0
11019,'1197398',1811,,10565,3,,,0
11019,'1197412',2254,,10566,3,,,0
11019,'1197422',1626,,10567,3,,,0
11019,'1197463',655,,10569,3,,,0
11019,'1197502',610,,10570,3,,,0
11019,'1197519',740,,10571,3,,,0
11019,'1197564',2246,,10572,3,,,0
11019,'1197695',1055,,10574,3,,,0
11019,'1197696',755,,10575,3,,,0
11019,'1197763',1511,,10577,3,,,0
11019,'1197795',2024,,10578,3,,,0
11019,'1197832',1611,,10579,3,,,0
11019,'1197875',2411,,10580,3,,,0
11019,'1197917',2346,,10581,3,,,0
11019,'1197925',1110,,10582,3,,,0
11019,'1197934',1526,,10583,3,,,0
11019,'1197978',1854,,10584,3,,,0
11019,'1197990',1426,,10585,3,,,0
11019,'1198012',840,,10586,3,,,0
11019,'1198053',946,,10587,3,,,0
11019,'1198076',1954,,10588,3,,,0
11019,'1198113',2054,,10589,3,,,0
11019,'1198146',2224,,10590,3,,,0
11019,'1198266',1946,,10591,3,,,0
11019,'1198337',855,,10593,3,,,0
11019,'1198341',1146,,10594,3,,,0
11019,'1198405',1846,,10596,3,,,0
11019,'1198419',1456,,10597,3,,,0
11019,'1198470',1256,,10598,3,,,0
11019,'1198493',1756,,10599,3,,,0
11019,'1198506',1046,,10600,3,,,0
11019,'1198543',1010,,10601,3,,,0
11019,'1198548',1556,,10602,3,,,0
11019,'1198573',1140,,10603,3,,,0
11019,'1198610',1541,,10605,3,,,0
11019,'1198623',646,,10606,3,,,0
11019,'1198660',1256,,10607,3,,,0
11019,'1198696',1426,,10609,3,,,0
11019,'1198771',1456,,10610,3,,,0
11019,'1198808',940,,10611,3,,,0
11019,'1198927',1040,,10613,3,,,0
11019,'1198951',1711,,10614,3,,,0
11019,'1198978',1924,,10615,3,,,0
11019,'1199022',1226,,10616,3,,,0
11019,'1199024',2146,,10617,3,,,0
11019,'1199026',2154,,10618,3,,,0
11019,'1199059',1556,,10619,3,,,0
11019,'1199060',1341,,10620,3,,,0
11019,'1199064',1756,,10621,3,,,0
11019,'1199100',2124,,10623,3,,,0
11019,'1199118',1656,,10624,3,,,0
11019,'1199132',640,,10625,3,,,0
11019,'1199143',1726,,10626,3,,,0
11019,'1199154',1411,,10627,3,,,0
11019,'1199177',1641,,10628,3,,,0
11019,'1199180',2046,,10629,3,,,0
11019,'1199214',710,,10630,3,,,0
11019,'1199225',1526,,10631,3,,,0
11019,'1199229',1356,,10633,3,,,0
11019,'1199301',2321,,10635,3,,,0
11019,'1199370',1741,,10637,3,,,0
11019,'1199376',825,,10638,3,,,0
11019,'1199394',846,,10639,3,,,0
11019,'1199403',810,,10640,3,,,0
11019,'1199410',1155,,10641,3,,,0
11019,'1199462',2351,,10642,3,,,0
11019,'1199476',955,,10643,3,,,0
11019,'1199496',1311,,10644,3,,,0
11019,'1199508',1210,,10645,3,,,0
11019,'1199591',1626,,10646,3,,,0
11019,'1199603',1226,,10647,3,,,0
11019,'1199619',1025,,10648,3,,,0
11019,'1199623',1326,,10649,3,,,0
