27029,'1196843',1905,,11585,7,,,0
27029,'1196859',2105,,11586,7,,,0
27029,'1196865',850,,11587,7,,,0
27029,'1196870',735,,11588,7,,,0
27029,'1196893',1850,,11589,7,,,0
27029,'1196942',1335,,11590,7,,,0
27029,'1196964',1035,,11591,7,,,0
27029,'1197001',950,,11592,7,,,0
27029,'1197057',1235,,11593,7,,,0
27029,'1197063',2250,,11594,7,,,0
27029,'1197118',1050,,11595,7,,,0
27029,'1197126',2305,,11596,7,,,0
27029,'1197166',2205,,11597,7,,,0
27029,'1197167',1935,,11598,7,,,0
27029,'1197214',1435,,11599,7,,,0
27029,'1197280',1135,,11600,7,,,0
27029,'1197364',2150,,11601,7,,,0
27029,'1197383',1350,,11602,7,,,0
27029,'1197443',1835,,11603,7,,,0
27029,'1197521',1635,,11604,7,,,0
27029,'1197550',1335,,11605,7,,,0
27029,'1197552',2035,,11606,7,,,0
27029,'1197559',735,,11607,7,,,0
27029,'1197626',1535,,11608,7,,,0
27029,'1197628',935,,11609,7,,,0
27029,'1197674',1950,,11610,7,,,0
27029,'1197691',1750,,11611,7,,,0
27029,'1197744',2335,,11612,7,,,0
27029,'1197837',1250,,11613,7,,,0
27029,'1198123',2050,,11614,7,,,0
27029,'1198136',1435,,11615,7,,,0
27029,'1198179',635,,11616,7,,,0
27029,'1198240',835,,11617,7,,,0
27029,'1198277',1135,,11618,7,,,0
27029,'1198367',2005,,11619,7,,,0
27029,'1198569',1735,,11620,7,,,0
27029,'1198593',935,,11621,7,,,0
27029,'1198736',635,,11622,7,,,0
27029,'1198833',1635,,11623,7,,,0
27029,'1198915',1235,,11624,7,,,0
27029,'1199039',1650,,11625,7,,,0
27029,'1199051',2135,,11626,7,,,0
27029,'1199087',1735,,11627,7,,,0
27029,'1199141',1150,,11628,7,,,0
27029,'1199160',1535,,11629,7,,,0
27029,'1199187',1835,,11630,7,,,0
27029,'1199254',750,,11631,7,,,0
27029,'1199263',1035,,11632,7,,,0
27029,'1199429',835,,11633,7,,,0
27029,'1199527',1450,,11634,7,,,0
27029,'1199570',2235,,11635,7,,,0
27029,'1199640',1550,,11636,7,,,0
