14029,'1196849',1732,,10975,34,,,0
14029,'1196912',802,,10976,34,,,0
14029,'1197024',1532,,10977,34,,,0
14029,'1197041',2332,,10978,34,,,0
14029,'1197050',1630,,10979,34,,,0
14029,'1197119',1733,,10980,34,,,0
14029,'1197130',2230,,10981,34,,,0
14029,'1197219',1530,,10982,34,,,0
14029,'1197237',1330,,10983,34,,,0
14029,'1197250',632,,10984,34,,,0
14029,'1197265',1802,,10985,34,,,0
14029,'1197310',2232,,10986,34,,,0
14029,'1197323',1332,,10987,34,,,0
14029,'1197440',2130,,10988,34,,,0
14029,'1197456',1533,,10989,34,,,0
14029,'1197472',1130,,10990,34,,,0
14029,'1197493',1902,,10991,34,,,0
14029,'1197512',1633,,10992,34,,,0
14029,'1197515',1432,,10993,34,,,0
14029,'1197597',732,,10994,34,,,0
14029,'1197605',2302,,10995,34,,,0
14029,'1197639',1230,,10996,34,,,0
14029,'1197699',2002,,10997,34,,,0
14029,'1197717',1730,,10998,34,,,0
14029,'1197738',1030,,10999,34,,,0
14029,'1197809',1632,,11000,34,,,0
14029,'1197863',2407,,11001,34,,,0
14029,'1197882',1430,,11002,34,,,0
14029,'1197961',1232,,11003,34,,,0
14029,'1198040',1032,,11004,34,,,0
14029,'1198078',1132,,11005,34,,,0
14029,'1198100',902,,11006,34,,,0
14029,'1198198',2202,,11007,34,,,0
14029,'1198204',2102,,11008,34,,,0
14029,'1198269',702,,11009,34,,,0
14029,'1198326',930,,11010,34,,,0
14029,'1198404',732,,11011,34,,,0
14029,'1198426',2132,,11012,34,,,0
14029,'1198570',832,,11013,34,,,0
14029,'1198612',2330,,11014,34,,,0
14029,'1198728',830,,11015,34,,,0
14029,'1198772',1832,,11016,34,,,0
14029,'1198830',932,,11017,34,,,0
14029,'1198941',1133,,11018,34,,,0
14029,'1198956',1433,,11019,34,,,0
14029,'1199040',2032,,11020,34,,,0
14029,'1199065',1233,,11021,34,,,0
14029,'1199076',1830,,11022,34,,,0
14029,'1199083',1703,,11023,34,,,0
14029,'1199184',932,,11024,34,,,0
14029,'1199200',832,,11025,34,,,0
14029,'1199222',1603,,11026,34,,,0
14029,'1199266',1333,,11027,34,,,0
14029,'1199447',1932,,11028,34,,,0
14029,'1199472',2030,,11029,34,,,0
14029,'1199520',1033,,11030,34,,,0
14029,'1199554',730,,11031,34,,,0
14029,'1199573',1930,,11032,34,,,0
14029,'1199643',1503,,11033,34,,,0
