11019,'1196876',1449,,10548,9,,,0
11019,'1196884',1248,,10549,13,,,0
11019,'1196914',1131,,10550,13,,,0
11019,'1196958',751,,10551,13,,,0
11019,'1197000',1249,,10552,9,,,0
11019,'1197070',1849,,10553,9,,,0
11019,'1197071',1830,,10554,13,,,0
11019,'1197114',916,,10555,13,,,0
11019,'1197185',2249,,10556,9,,,0
11019,'1197191',1448,,10557,13,,,0
11019,'1197229',1403,,10558,13,,,0
11019,'1197234',1702,,10559,13,,,0
11019,'1197264',1733,,10560,13,,,0
11019,'1197274',931,,10561,13,,,0
11019,'1197327',1332,,10562,13,,,0
11019,'1197343',731,,10563,13,,,0
11019,'1197351',1549,,10564,9,,,0
11019,'1197398',1818,,10565,13,,,0
11019,'1197412',2300,,10566,13,,,0
11019,'1197422',1633,,10567,13,,,0
11019,'1197446',2349,,10568,9,,,0
11019,'1197463',701,,10569,13,,,0
11019,'1197502',616,,10570,13,,,0
11019,'1197519',746,,10571,13,,,0
11019,'1197564',2251,,10572,13,,,0
11019,'1197573',1349,,10573,9,,,0
11019,'1197695',1101,,10574,13,,,0
11019,'1197696',801,,10575,13,,,0
11019,'1197753',849,,10576,9,,,0
11019,'1197763',1518,,10577,13,,,0
11019,'1197795',2030,,10578,13,,,0
11019,'1197832',1618,,10579,13,,,0
11019,'1197875',2417,,10580,13,,,0
11019,'1197917',2351,,10581,13,,,0
11019,'1197925',1116,,10582,13,,,0
11019,'1197934',1532,,10583,13,,,0
11019,'1197978',1900,,10584,13,,,0
11019,'1197990',1432,,10585,13,,,0
11019,'1198012',846,,10586,13,,,0
11019,'1198053',951,,10587,13,,,0
11019,'1198076',2000,,10588,13,,,0
11019,'1198113',2100,,10589,13,,,0
11019,'1198146',2230,,10590,13,,,0
11019,'1198266',1951,,10591,13,,,0
11019,'1198296',1649,,10592,9,,,0
11019,'1198337',901,,10593,13,,,0
11019,'1198341',1151,,10594,13,,,0
11019,'1198362',2149,,10595,9,,,0
11019,'1198405',1851,,10596,13,,,0
11019,'1198419',1503,,10597,13,,,0
11019,'1198470',1303,,10598,13,,,0
11019,'1198493',1803,,10599,13,,,0
11019,'1198506',1051,,10600,13,,,0
11019,'1198543',1016,,10601,13,,,0
11019,'1198548',1603,,10602,13,,,0
11019,'1198573',1146,,10603,13,,,0
11019,'1198590',1949,,10604,9,,,0
11019,'1198610',1548,,10605,13,,,0
11019,'1198623',651,,10606,13,,,0
11019,'1198660',1302,,10607,13,,,0
11019,'1198662',1749,,10608,9,,,0
11019,'1198696',1433,,10609,13,,,0
11019,'1198771',1502,,10610,13,,,0
11019,'1198808',946,,10611,13,,,0
11019,'1198843',2049,,10612,9,,,0
11019,'1198927',1046,,10613,13,,,0
11019,'1198951',1718,,10614,13,,,0
11019,'1198978',1930,,10615,13,,,0
11019,'1199022',1231,,10616,13,,,0
11019,'1199024',2151,,10617,13,,,0
11019,'1199026',2200,,10618,13,,,0
11019,'1199059',1602,,10619,13,,,0
11019,'1199060',1348,,10620,13,,,0
11019,'1199064',1802,,10621,13,,,0
11019,'1199091',749,,10622,9,,,0
11019,'1199100',2130,,10623,13,,,0
11019,'1199118',1703,,10624,13,,,0
11019,'1199132',646,,10625,13,,,0
11019,'1199143',1732,,10626,13,,,0
11019,'1199154',1418,,10627,13,,,0
11019,'1199177',1648,,10628,13,,,0
11019,'1199180',2051,,10629,13,,,0
11019,'1199214',716,,10630,13,,,0
11019,'1199225',1533,,10631,13,,,0
11019,'1199227',1149,,10632,9,,,0
11019,'1199229',1402,,10633,13,,,0
11019,'1199253',949,,10634,9,,,0
11019,'1199301',2327,,10635,13,,,0
11019,'1199306',1049,,10636,9,,,0
11019,'1199370',1748,,10637,13,,,0
11019,'1199376',831,,10638,13,,,0
11019,'1199394',851,,10639,13,,,0
11019,'1199403',816,,10640,13,,,0
11019,'1199410',1201,,10641,13,,,0
11019,'1199462',2357,,10642,13,,,0
11019,'1199476',1001,,10643,13,,,0
11019,'1199496',1318,,10644,13,,,0
11019,'1199508',1216,,10645,13,,,0
11019,'1199591',1632,,10646,13,,,0
11019,'1199603',1233,,10647,13,,,0
11019,'1199619',1031,,10648,13,,,0
11019,'1199623',1333,,10649,13,,,0
140001019,'1196866',811,,12221,9,,,0
140001019,'1196880',2211,,12222,9,,,0
140001019,'1196896',1026,,12223,9,,,0
140001019,'1196898',2141,,12224,9,,,0
140001019,'1196900',1926,,12225,9,,,0
140001019,'1196905',1900,,12226,9,,,0
140001019,'1196939',2311,,12227,9,,,0
140001019,'1196943',1327,,12228,9,,,0
140001019,'1196945',2336,,12229,9,,,0
140001019,'1196967',641,,12230,9,,,0
140001019,'1197008',1400,,12231,9,,,0
140001019,'1197072',1417,,12232,9,,,0
140001019,'1197075',1542,,12233,9,,,0
140001019,'1197086',1841,,12234,9,,,0
140001019,'1197088',2041,,12235,9,,,0
140001019,'1197102',656,,12236,9,,,0
140001019,'1197146',1557,,12237,9,,,0
140001019,'1197212',1312,,12238,9,,,0
140001019,'1197216',926,,12239,9,,,0
140001019,'1197238',1157,,12240,9,,,0
140001019,'1197266',1457,,12241,9,,,0
140001019,'1197267',1627,,12242,9,,,0
140001019,'1197281',1632,,12243,9,,,0
140001019,'1197287',941,,12244,9,,,0
140001019,'1197324',1602,,12245,9,,,0
140001019,'1197328',1011,,12246,9,,,0
140001019,'1197350',1041,,12247,9,,,0
140001019,'1197407',1412,,12248,9,,,0
140001019,'1197438',1727,,12249,9,,,0
140001019,'1197459',956,,12250,9,,,0
140001019,'1197465',1127,,12251,9,,,0
140001019,'1197470',1742,,12252,9,,,0
140001019,'1197474',1011,,12253,9,,,0
140001019,'1197516',1432,,12254,9,,,0
140001019,'1197563',1826,,12255,9,,,0
140001019,'1197567',1941,,12256,9,,,0
140001019,'1197593',1227,,12257,9,,,0
140001019,'1197607',1647,,12258,9,,,0
140001019,'1197613',1747,,12259,9,,,0
140001019,'1197621',1757,,12260,9,,,0
140001019,'1197622',2026,,12261,9,,,0
140001019,'1197646',1212,,12262,9,,,0
140001019,'1197676',1142,,12263,9,,,0
140001019,'1197685',1027,,12264,9,,,0
140001019,'1197688',1312,,12265,9,,,0
140001019,'1197689',1427,,12266,9,,,0
140001019,'1197693',1732,,12267,9,,,0
140001019,'1197729',1956,,12268,9,,,0
140001019,'1197734',1600,,12269,9,,,0
140001019,'1197741',1327,,12270,9,,,0
140001019,'1197745',1212,,12271,9,,,0
140001019,'1197767',1112,,12272,9,,,0
140001019,'1197797',2011,,12273,9,,,0
140001019,'1197802',856,,12274,9,,,0
140001019,'1197830',911,,12275,9,,,0
140001019,'1197894',1812,,12276,9,,,0
140001019,'1197944',1100,,12277,9,,,0
140001019,'1197964',1257,,12278,9,,,0
140001019,'1197966',1042,,12279,9,,,0
140001019,'1197987',1617,,12280,9,,,0
140001019,'1197988',741,,12281,9,,,0
140001019,'1198009',2056,,12282,9,,,0
140001019,'1198027',2300,,12283,9,,,0
140001019,'1198035',826,,12284,9,,,0
140001019,'1198147',2100,,12285,9,,,0
140001019,'1198155',1157,,12286,9,,,0
140001019,'1198177',2041,,12287,9,,,0
140001019,'1198195',1257,,12288,9,,,0
140001019,'1198235',1657,,12289,9,,,0
140001019,'1198264',1300,,12290,9,,,0
140001019,'1198294',1357,,12291,9,,,0
140001019,'1198302',2011,,12292,9,,,0
140001019,'1198324',1757,,12293,9,,,0
140001019,'1198349',726,,12294,9,,,0
140001019,'1198356',1712,,12295,9,,,0
140001019,'1198378',711,,12296,9,,,0
140001019,'1198384',1127,,12297,9,,,0
140001019,'1198418',1911,,12298,9,,,0
140001019,'1198429',1856,,12299,9,,,0
140001019,'1198452',1800,,12300,9,,,0
140001019,'1198461',841,,12301,9,,,0
140001019,'1198463',1826,,12302,9,,,0
140001019,'1198487',1841,,12303,9,,,0
140001019,'1198515',1227,,12304,9,,,0
140001019,'1198535',1702,,12305,9,,,0
140001019,'1198541',1056,,12306,9,,,0
140001019,'1198549',641,,12307,9,,,0
140001019,'1198579',1642,,12308,9,,,0
140001019,'1198595',2111,,12309,9,,,0
140001019,'1198601',1612,,12310,9,,,0
140001019,'1198665',2311,,12311,9,,,0
140001019,'1198666',800,,12312,9,,,0
140001019,'1198714',1447,,12313,9,,,0
140001019,'1198763',2411,,12314,9,,,0
140001019,'1198766',1000,,12315,9,,,0
140001019,'1198781',1811,,12316,9,,,0
140001019,'1198791',1512,,12317,9,,,0
140001019,'1198797',811,,12318,9,,,0
140001019,'1198813',1500,,12319,9,,,0
140001019,'1198814',2400,,12320,9,,,0
140001019,'1198835',1342,,12321,9,,,0
140001019,'1198872',841,,12322,9,,,0
140001019,'1198878',1242,,12323,9,,,0
140001019,'1198900',1502,,12324,9,,,0
140001019,'1198920',2111,,12325,9,,,0
140001019,'1198925',1111,,12326,9,,,0
140001019,'1198926',911,,12327,9,,,0
140001019,'1198932',956,,12328,9,,,0
140001019,'1198964',1717,,12329,9,,,0
140001019,'1198965',1357,,12330,9,,,0
140001019,'1198980',1532,,12331,9,,,0
140001019,'1199018',2411,,12332,9,,,0
140001019,'1199069',2200,,12333,9,,,0
140001019,'1199136',1242,,12334,9,,,0
140001019,'1199170',741,,12335,9,,,0
140001019,'1199213',2341,,12336,9,,,0
140001019,'1199235',900,,12337,9,,,0
140001019,'1199268',756,,12338,9,,,0
140001019,'1199282',1057,,12339,9,,,0
140001019,'1199297',1517,,12340,9,,,0
140001019,'1199319',941,,12341,9,,,0
140001019,'1199330',1856,,12342,9,,,0
140001019,'1199354',1941,,12343,9,,,0
140001019,'1199367',2141,,12344,9,,,0
140001019,'1199377',1200,,12345,9,,,0
140001019,'1199402',1700,,12346,9,,,0
140001019,'1199414',1442,,12347,9,,,0
140001019,'1199449',1142,,12348,9,,,0
140001019,'1199458',1342,,12349,9,,,0
140001019,'1199468',2241,,12350,9,,,0
140001019,'1199492',1547,,12351,9,,,0
140001019,'1199516',2211,,12352,9,,,0
140001019,'1199563',2241,,12353,9,,,0
140001019,'1199606',1527,,12354,9,,,0
140001019,'1199624',1911,,12355,9,,,0
140001019,'1199632',711,,12356,9,,,0
140001019,'1199638',2000,,12357,9,,,0
