4019,'1197123',717,,10299,19,,,0
4019,'1197392',1516,,10300,19,,,0
4019,'1197520',917,,10301,19,,,0
4019,'1197788',1546,,10302,19,,,0
4019,'1197874',1346,,10303,19,,,0
4019,'1198006',847,,10304,19,,,0
4019,'1198332',1746,,10305,19,,,0
4019,'1198394',1446,,10306,19,,,0
4019,'1198409',817,,10307,19,,,0
4019,'1198799',1416,,10308,19,,,0
4019,'1198924',1716,,10309,19,,,0
4019,'1199002',946,,10310,19,,,0
4019,'1199239',1616,,10311,19,,,0
4019,'1199517',748,,10312,19,,,0
4019,'1199645',1646,,10313,19,,,0
