4029,'1196947',1732,,10314,11,,,0
4029,'1196960',1432,,10315,11,,,0
4029,'1197081',1632,,10316,11,,,0
4029,'1197217',1702,,10317,11,,,0
4029,'1197243',832,,10318,11,,,0
4029,'1197423',1402,,10319,11,,,0
4029,'1198231',1802,,10320,11,,,0
4029,'1198271',1532,,10321,11,,,0
4029,'1198399',802,,10322,11,,,0
4029,'1198606',1002,,10323,11,,,0
4029,'1198651',1502,,10324,11,,,0
4029,'1199058',732,,10325,11,,,0
4029,'1199062',902,,10326,11,,,0
4029,'1199498',1602,,10327,11,,,0
4029,'1199611',932,,10328,11,,,0
190001019,'1196837',1348,,12495,18,,,0
190001019,'1196862',1640,,12496,18,,,0
190001019,'1196877',1901,,12497,18,,,0
190001019,'1196883',1233,,12498,18,,,0
190001019,'1196901',630,,12499,18,,,0
190001019,'1196926',817,,12500,18,,,0
190001019,'1196927',1931,,12501,18,,,0
190001019,'1196941',2004,,12502,18,,,0
190001019,'1196956',1303,,12503,18,,,0
190001019,'1196974',1248,,12504,18,,,0
190001019,'1197019',1425,,12505,18,,,0
190001019,'1197037',1740,,12506,18,,,0
190001019,'1197055',1916,,12507,18,,,0
190001019,'1197061',1404,,12508,18,,,0
190001019,'1197062',1518,,12509,18,,,0
190001019,'1197067',1755,,12510,18,,,0
190001019,'1197087',1103,,12511,18,,,0
190001019,'1197116',730,,12512,18,,,0
190001019,'1197124',2330,,12513,18,,,0
190001019,'1197149',1218,,12514,18,,,0
190001019,'1197157',947,,12515,18,,,0
190001019,'1197183',2200,,12516,18,,,0
190001019,'1197196',1633,,12517,18,,,0
190001019,'1197239',1403,,12518,18,,,0
190001019,'1197241',932,,12519,18,,,0
190001019,'1197275',904,,12520,18,,,0
190001019,'1197336',1818,,12521,18,,,0
190001019,'1197358',1104,,12522,18,,,0
190001019,'1197359',832,,12523,18,,,0
190001019,'1197381',1718,,12524,18,,,0
190001019,'1197382',1704,,12525,18,,,0
190001019,'1197450',1802,,12526,18,,,0
190001019,'1197483',1118,,12527,18,,,0
190001019,'1197488',1433,,12528,18,,,0
190001019,'1197500',902,,12529,18,,,0
190001019,'1197524',930,,12530,18,,,0
190001019,'1197530',1618,,12531,18,,,0
190001019,'1197543',1604,,12532,18,,,0
190001019,'1197562',2001,,12533,18,,,0
190001019,'1197598',1455,,12534,18,,,0
190001019,'1197653',1033,,12535,18,,,0
190001019,'1197698',1015,,12536,18,,,0
190001019,'1197706',1004,,12537,18,,,0
190001019,'1197709',1118,,12538,18,,,0
190001019,'1197713',1803,,12539,18,,,0
190001019,'1197736',1348,,12540,18,,,0
190001019,'1197746',917,,12541,18,,,0
190001019,'1197811',1845,,12542,18,,,0
190001019,'1197845',1403,,12543,18,,,0
190001019,'1197867',2230,,12544,18,,,0
190001019,'1197877',1103,,12545,18,,,0
190001019,'1197919',1048,,12546,18,,,0
190001019,'1197924',1946,,12547,18,,,0
190001019,'1197933',1748,,12548,18,,,0
190001019,'1197942',1830,,12549,18,,,0
190001019,'1197950',1440,,12550,18,,,0
190001019,'1197953',1033,,12551,18,,,0
190001019,'1197956',1318,,12552,18,,,0
190001019,'1198005',1733,,12553,18,,,0
190001019,'1198015',2404,,12554,18,,,0
190001019,'1198030',2104,,12555,18,,,0
190001019,'1198047',1504,,12556,18,,,0
190001019,'1198065',2100,,12557,18,,,0
190001019,'1198066',702,,12558,18,,,0
190001019,'1198075',2200,,12559,18,,,0
190001019,'1198104',1000,,12560,18,,,0
190001019,'1198135',2016,,12561,18,,,0
190001019,'1198157',2300,,12562,18,,,0
190001019,'1198172',1804,,12563,18,,,0
190001019,'1198202',1148,,12564,18,,,0
190001019,'1198216',1233,,12565,18,,,0
190001019,'1198221',2145,,12566,18,,,0
190001019,'1198238',802,,12567,18,,,0
190001019,'1198255',647,,12568,18,,,0
190001019,'1198261',1846,,12569,18,,,0
190001019,'1198292',1148,,12570,18,,,0
190001019,'1198298',1703,,12571,18,,,0
190001019,'1198311',1610,,12572,18,,,0
190001019,'1198339',1930,,12573,18,,,0
190001019,'1198343',1510,,12574,18,,,0
190001019,'1198372',804,,12575,18,,,0
190001019,'1198396',1725,,12576,18,,,0
190001019,'1198407',1203,,12577,18,,,0
190001019,'1198441',1625,,12578,18,,,0
190001019,'1198467',1831,,12579,18,,,0
190001019,'1198471',1548,,12580,18,,,0
190001019,'1198476',1304,,12581,18,,,0
190001019,'1198499',2304,,12582,18,,,0
190001019,'1198534',2400,,12583,18,,,0
190001019,'1198547',1017,,12584,18,,,0
190001019,'1198574',1533,,12585,18,,,0
190001019,'1198598',830,,12586,18,,,0
190001019,'1198607',900,,12587,18,,,0
190001019,'1198613',2230,,12588,18,,,0
190001019,'1198622',2000,,12589,18,,,0
190001019,'1198646',2116,,12590,18,,,0
190001019,'1198647',700,,12591,18,,,0
190001019,'1198653',2101,,12592,18,,,0
190001019,'1198674',1203,,12593,18,,,0
190001019,'1198678',2046,,12594,18,,,0
190001019,'1198685',2031,,12595,18,,,0
190001019,'1198700',1133,,12596,18,,,0
190001019,'1198707',1418,,12597,18,,,0
190001019,'1198721',1048,,12598,18,,,0
190001019,'1198724',1540,,12599,18,,,0
190001019,'1198784',1218,,12600,18,,,0
190001019,'1198792',1900,,12601,18,,,0
190001019,'1198804',1204,,12602,18,,,0
190001019,'1198821',717,,12603,18,,,0
190001019,'1198827',2130,,12604,18,,,0
190001019,'1198852',2204,,12605,18,,,0
190001019,'1198857',1648,,12606,18,,,0
190001019,'1198864',1816,,12607,18,,,0
190001019,'1198929',1603,,12608,18,,,0
190001019,'1198949',1248,,12609,18,,,0
190001019,'1198960',1904,,12610,18,,,0
190001019,'1198974',1303,,12611,18,,,0
190001019,'1198988',1333,,12612,18,,,0
190001019,'1198997',1448,,12613,18,,,0
190001019,'1199029',2300,,12614,18,,,0
190001019,'1199121',1655,,12615,18,,,0
190001019,'1199126',1333,,12616,18,,,0
190001019,'1199140',2420,,12617,18,,,0
190001019,'1199142',1133,,12618,18,,,0
190001019,'1199166',800,,12619,18,,,0
190001019,'1199192',2030,,12620,18,,,0
190001019,'1199228',747,,12621,18,,,0
190001019,'1199318',1525,,12622,18,,,0
190001019,'1199339',1710,,12623,18,,,0
190001019,'1199371',732,,12624,18,,,0
190001019,'1199373',847,,12625,18,,,0
190001019,'1199385',1318,,12626,18,,,0
190001019,'1199427',1503,,12627,18,,,0
190001019,'1199436',1555,,12628,18,,,0
190001019,'1199510',2330,,12629,18,,,0
190001019,'1199550',2400,,12630,18,,,0
190001019,'1199551',2130,,12631,18,,,0
190001019,'1199648',1002,,12632,18,,,0
