14029,'1196849',1719,,10975,8,,,0
14029,'1196912',749,,10976,8,,,0
14029,'1197024',1519,,10977,8,,,0
14029,'1197041',2319,,10978,8,,,0
14029,'1197050',1619,,10979,8,,,0
14029,'1197119',1719,,10980,8,,,0
14029,'1197130',2219,,10981,8,,,0
14029,'1197219',1519,,10982,8,,,0
14029,'1197237',1319,,10983,8,,,0
14029,'1197250',619,,10984,8,,,0
14029,'1197265',1749,,10985,8,,,0
14029,'1197310',2219,,10986,8,,,0
14029,'1197323',1319,,10987,8,,,0
14029,'1197440',2119,,10988,8,,,0
14029,'1197456',1519,,10989,8,,,0
14029,'1197472',1119,,10990,8,,,0
14029,'1197493',1849,,10991,8,,,0
14029,'1197512',1619,,10992,8,,,0
14029,'1197515',1419,,10993,8,,,0
14029,'1197597',719,,10994,8,,,0
14029,'1197605',2249,,10995,8,,,0
14029,'1197639',1219,,10996,8,,,0
14029,'1197699',1949,,10997,8,,,0
14029,'1197717',1719,,10998,8,,,0
14029,'1197738',1019,,10999,8,,,0
14029,'1197809',1619,,11000,8,,,0
14029,'1197863',2354,,11001,8,,,0
14029,'1197882',1419,,11002,8,,,0
14029,'1197961',1219,,11003,8,,,0
14029,'1198040',1019,,11004,8,,,0
14029,'1198078',1119,,11005,8,,,0
14029,'1198100',849,,11006,8,,,0
14029,'1198198',2149,,11007,8,,,0
14029,'1198204',2049,,11008,8,,,0
14029,'1198269',649,,11009,8,,,0
14029,'1198326',919,,11010,8,,,0
14029,'1198404',719,,11011,8,,,0
14029,'1198426',2119,,11012,8,,,0
14029,'1198570',819,,11013,8,,,0
14029,'1198612',2319,,11014,8,,,0
14029,'1198728',819,,11015,8,,,0
14029,'1198772',1819,,11016,8,,,0
14029,'1198830',919,,11017,8,,,0
14029,'1198941',1119,,11018,8,,,0
14029,'1198956',1419,,11019,8,,,0
14029,'1199040',2019,,11020,8,,,0
14029,'1199065',1219,,11021,8,,,0
14029,'1199076',1819,,11022,8,,,0
14029,'1199083',1649,,11023,8,,,0
14029,'1199184',919,,11024,8,,,0
14029,'1199200',819,,11025,8,,,0
14029,'1199222',1549,,11026,8,,,0
14029,'1199266',1319,,11027,8,,,0
14029,'1199447',1919,,11028,8,,,0
14029,'1199472',2019,,11029,8,,,0
14029,'1199520',1019,,11030,8,,,0
14029,'1199554',719,,11031,8,,,0
14029,'1199573',1919,,11032,8,,,0
14029,'1199643',1449,,11033,8,,,0
