25019,'1196864',1238,,11307,13,,,0
25019,'1196932',1738,,11308,13,,,0
25019,'1196994',1939,,11309,13,,,0
25019,'1197064',723,,11310,13,,,0
25019,'1197079',2359,,11311,13,,,0
25019,'1197084',2323,,11312,13,,,0
25019,'1197151',738,,11313,13,,,0
25019,'1197299',2139,,11314,13,,,0
25019,'1197317',1338,,11315,13,,,0
25019,'1197342',1739,,11316,13,,,0
25019,'1197442',1523,,11317,13,,,0
25019,'1197448',1609,,11318,13,,,0
25019,'1197471',1038,,11319,13,,,0
25019,'1197624',1839,,11320,13,,,0
25019,'1197657',2123,,11321,13,,,0
25019,'1197660',839,,11322,13,,,0
25019,'1197687',2338,,11323,13,,,0
25019,'1197702',1209,,11324,13,,,0
25019,'1197757',739,,11325,13,,,0
25019,'1197760',1539,,11326,13,,,0
25019,'1197771',2023,,11327,13,,,0
25019,'1198004',2223,,11328,13,,,0
25019,'1198021',709,,11329,13,,,0
25019,'1198071',1938,,11330,13,,,0
25019,'1198079',639,,11331,13,,,0
25019,'1198190',2039,,11332,13,,,0
25019,'1198267',2239,,11333,13,,,0
25019,'1198315',909,,11334,13,,,0
25019,'1198388',1409,,11335,13,,,0
25019,'1198435',2238,,11336,13,,,0
25019,'1198457',638,,11337,13,,,0
25019,'1198479',939,,11338,13,,,0
25019,'1198492',1438,,11339,13,,,0
25019,'1198496',1838,,11340,13,,,0
25019,'1198512',1723,,11341,13,,,0
25019,'1198566',1138,,11342,13,,,0
25019,'1198604',1423,,11343,13,,,0
25019,'1198759',1323,,11344,13,,,0
25019,'1198776',2138,,11345,13,,,0
25019,'1198803',1509,,11346,13,,,0
25019,'1198823',2038,,11347,13,,,0
25019,'1198862',1923,,11348,13,,,0
25019,'1198902',1439,,11349,13,,,0
25019,'1198938',838,,11350,13,,,0
25019,'1199011',1109,,11351,13,,,0
25019,'1199070',1009,,11352,13,,,0
25019,'1199074',823,,11353,13,,,0
25019,'1199097',809,,11354,13,,,0
25019,'1199125',923,,11355,13,,,0
25019,'1199183',1309,,11356,13,,,0
25019,'1199208',1223,,11357,13,,,0
25019,'1199212',1823,,11358,13,,,0
25019,'1199258',1639,,11359,13,,,0
25019,'1199359',1023,,11360,13,,,0
25019,'1199389',938,,11361,13,,,0
25019,'1199464',1638,,11362,13,,,0
25019,'1199480',1709,,11363,13,,,0
25019,'1199589',1123,,11364,13,,,0
25019,'1199634',1538,,11365,13,,,0
25019,'1199649',1623,,11366,13,,,0
