104019,'1197815',2350,,12041,10,,,0
104019,'1198490',2426,,12054,10,,,0
104019,'1199025',2406,,12063,10,,,0
104029,'1196835',1951,,12074,10,,,0
104029,'1196857',751,,12075,10,,,0
104029,'1196889',750,,12076,10,,,0
104029,'1196928',1736,,12077,10,,,0
104029,'1197002',636,,12078,10,,,0
104029,'1197045',1530,,12079,10,,,0
104029,'1197133',821,,12080,10,,,0
104029,'1197341',1230,,12081,10,,,0
104029,'1197454',1750,,12082,10,,,0
104029,'1197461',706,,12083,10,,,0
104029,'1197467',2150,,12084,10,,,0
104029,'1197481',551,,12085,10,,,0
104029,'1197553',2121,,12086,10,,,0
104029,'1197574',906,,12087,10,,,0
104029,'1197583',2136,,12088,10,,,0
104029,'1197794',1751,,12089,10,,,0
104029,'1197965',1350,,12090,10,,,0
104029,'1197979',1521,,12091,10,,,0
104029,'1198234',1021,,12092,10,,,0
104029,'1198287',1615,,12093,10,,,0
104029,'1198288',1145,,12094,10,,,0
104029,'1198449',1251,,12095,10,,,0
104029,'1198458',1906,,12096,10,,,0
104029,'1198510',936,,12097,10,,,0
104029,'1198521',751,,12098,10,,,0
104029,'1198558',1636,,12099,10,,,0
104029,'1198578',1700,,12100,10,,,0
104029,'1198686',1400,,12101,10,,,0
104029,'1198694',1445,,12102,10,,,0
104029,'1198755',950,,12103,10,,,0
104029,'1198909',1150,,12104,10,,,0
104029,'1198979',1136,,12105,10,,,0
104029,'1199045',2251,,12106,10,,,0
104029,'1199127',2251,,12107,10,,,0
104029,'1199159',1315,,12108,10,,,0
104029,'1199181',906,,12109,10,,,0
104029,'1199193',1550,,12110,10,,,0
104029,'1199356',1406,,12111,10,,,0
104029,'1199360',2021,,12112,10,,,0
104029,'1199374',636,,12113,10,,,0
104029,'1199380',1021,,12114,10,,,0
104029,'1199442',1821,,12115,10,,,0
104029,'1199577',1950,,12116,10,,,0
