11029,'1196876',1504,,10548,25,,,0
11029,'1196884',1304,,10549,29,,,0
11029,'1196914',1147,,10550,29,,,0
11029,'1196958',806,,10551,29,,,0
11029,'1197000',1304,,10552,25,,,0
11029,'1197070',1904,,10553,25,,,0
11029,'1197071',1846,,10554,29,,,0
11029,'1197114',932,,10555,29,,,0
11029,'1197185',2304,,10556,25,,,0
11029,'1197191',1504,,10557,29,,,0
11029,'1197229',1419,,10558,29,,,0
11029,'1197234',1718,,10559,29,,,0
11029,'1197264',1749,,10560,29,,,0
11029,'1197274',947,,10561,29,,,0
11029,'1197327',1348,,10562,29,,,0
11029,'1197343',747,,10563,29,,,0
11029,'1197351',1604,,10564,25,,,0
11029,'1197398',1834,,10565,29,,,0
11029,'1197412',2316,,10566,29,,,0
11029,'1197422',1649,,10567,29,,,0
11029,'1197446',2404,,10568,25,,,0
11029,'1197463',717,,10569,29,,,0
11029,'1197502',632,,10570,29,,,0
11029,'1197519',802,,10571,29,,,0
11029,'1197564',2306,,10572,29,,,0
11029,'1197573',1404,,10573,25,,,0
11029,'1197695',1117,,10574,29,,,0
11029,'1197696',817,,10575,29,,,0
11029,'1197753',904,,10576,25,,,0
11029,'1197763',1534,,10577,29,,,0
11029,'1197795',2046,,10578,29,,,0
11029,'1197832',1634,,10579,29,,,0
11029,'1197875',2433,,10580,29,,,0
11029,'1197917',2406,,10581,29,,,0
11029,'1197925',1132,,10582,29,,,0
11029,'1197934',1548,,10583,29,,,0
11029,'1197978',1916,,10584,29,,,0
11029,'1197990',1448,,10585,29,,,0
11029,'1198012',902,,10586,29,,,0
11029,'1198053',1006,,10587,29,,,0
11029,'1198076',2016,,10588,29,,,0
11029,'1198113',2116,,10589,29,,,0
11029,'1198146',2246,,10590,29,,,0
11029,'1198266',2006,,10591,29,,,0
11029,'1198296',1704,,10592,25,,,0
11029,'1198337',917,,10593,29,,,0
11029,'1198341',1206,,10594,29,,,0
11029,'1198362',2204,,10595,25,,,0
11029,'1198405',1906,,10596,29,,,0
11029,'1198419',1519,,10597,29,,,0
11029,'1198470',1319,,10598,29,,,0
11029,'1198493',1819,,10599,29,,,0
11029,'1198506',1106,,10600,29,,,0
11029,'1198543',1032,,10601,29,,,0
11029,'1198548',1619,,10602,29,,,0
11029,'1198573',1202,,10603,29,,,0
11029,'1198590',2004,,10604,25,,,0
11029,'1198610',1604,,10605,29,,,0
11029,'1198623',706,,10606,29,,,0
11029,'1198660',1318,,10607,29,,,0
11029,'1198662',1804,,10608,25,,,0
11029,'1198696',1449,,10609,29,,,0
11029,'1198771',1518,,10610,29,,,0
11029,'1198808',1002,,10611,29,,,0
11029,'1198843',2104,,10612,25,,,0
11029,'1198927',1102,,10613,29,,,0
11029,'1198951',1734,,10614,29,,,0
11029,'1198978',1946,,10615,29,,,0
11029,'1199022',1246,,10616,29,,,0
11029,'1199024',2206,,10617,29,,,0
11029,'1199026',2216,,10618,29,,,0
11029,'1199059',1618,,10619,29,,,0
11029,'1199060',1404,,10620,29,,,0
11029,'1199064',1818,,10621,29,,,0
11029,'1199091',804,,10622,25,,,0
11029,'1199100',2146,,10623,29,,,0
11029,'1199118',1719,,10624,29,,,0
11029,'1199132',702,,10625,29,,,0
11029,'1199143',1748,,10626,29,,,0
11029,'1199154',1434,,10627,29,,,0
11029,'1199177',1704,,10628,29,,,0
11029,'1199180',2106,,10629,29,,,0
11029,'1199214',732,,10630,29,,,0
11029,'1199225',1549,,10631,29,,,0
11029,'1199227',1204,,10632,25,,,0
11029,'1199229',1418,,10633,29,,,0
11029,'1199253',1004,,10634,25,,,0
11029,'1199301',2343,,10635,29,,,0
11029,'1199306',1104,,10636,25,,,0
11029,'1199370',1804,,10637,29,,,0
11029,'1199376',847,,10638,29,,,0
11029,'1199394',906,,10639,29,,,0
11029,'1199403',832,,10640,29,,,0
11029,'1199410',1217,,10641,29,,,0
11029,'1199462',2413,,10642,29,,,0
11029,'1199476',1017,,10643,29,,,0
11029,'1199496',1334,,10644,29,,,0
11029,'1199508',1232,,10645,29,,,0
11029,'1199591',1648,,10646,29,,,0
11029,'1199603',1249,,10647,29,,,0
11029,'1199619',1047,,10648,29,,,0
11029,'1199623',1349,,10649,29,,,0
