10019,'1196894',2052,,10329,21,,,0
10019,'1196915',1652,,10330,21,,,0
10019,'1196923',1052,,10331,21,,,0
10019,'1197054',2222,,10332,21,,,0
10019,'1197091',1452,,10333,21,,,0
10019,'1197121',1052,,10334,21,,,0
10019,'1197207',952,,10335,21,,,0
10019,'1197335',822,,10336,21,,,0
10019,'1197345',2122,,10337,21,,,0
10019,'1197397',1452,,10338,21,,,0
10019,'1197418',2352,,10339,21,,,0
10019,'1197505',1552,,10340,21,,,0
10019,'1197587',922,,10341,21,,,0
10019,'1197595',1052,,10342,21,,,0
10019,'1197737',1352,,10343,21,,,0
10019,'1197756',1852,,10344,21,,,0
10019,'1197759',1522,,10345,21,,,0
10019,'1197766',2252,,10346,21,,,0
10019,'1197915',1952,,10347,21,,,0
10019,'1197927',752,,10348,21,,,0
10019,'1197935',652,,10349,21,,,0
10019,'1197985',952,,10350,21,,,0
10019,'1198010',1822,,10351,21,,,0
10019,'1198016',1952,,10352,21,,,0
10019,'1198164',652,,10353,21,,,0
10019,'1198167',1552,,10354,21,,,0
10019,'1198226',1352,,10355,21,,,0
10019,'1198257',1452,,10356,21,,,0
10019,'1198280',2322,,10357,21,,,0
10019,'1198300',1552,,10358,21,,,0
10019,'1198361',2152,,10359,21,,,0
10019,'1198366',852,,10360,21,,,0
10019,'1198390',1852,,10361,21,,,0
10019,'1198410',1752,,10362,21,,,0
10019,'1198440',752,,10363,21,,,0
10019,'1198475',1152,,10364,21,,,0
10019,'1198480',2152,,10365,21,,,0
10019,'1198509',623,,10366,21,,,0
10019,'1198520',1252,,10367,21,,,0
10019,'1198542',2352,,10368,21,,,0
10019,'1198583',2252,,10369,21,,,0
10019,'1198726',1922,,10370,21,,,0
10019,'1198809',852,,10371,21,,,0
10019,'1198815',1652,,10372,21,,,0
10019,'1198881',1622,,10373,21,,,0
10019,'1198903',852,,10374,21,,,0
10019,'1198955',1152,,10375,21,,,0
10019,'1198962',1652,,10376,21,,,0
10019,'1198993',1152,,10377,21,,,0
10019,'1199007',2052,,10378,21,,,0
10019,'1199032',1352,,10379,21,,,0
10019,'1199053',1752,,10380,21,,,0
10019,'1199056',1752,,10381,21,,,0
10019,'1199257',1722,,10382,21,,,0
10019,'1199300',1252,,10383,21,,,0
10019,'1199321',952,,10384,21,,,0
10019,'1199323',2022,,10385,21,,,0
10019,'1199353',1252,,10386,21,,,0
10019,'1199424',722,,10387,21,,,0
10019,'1199598',752,,10388,21,,,0
