24019,'1196934',635,,11187,7,,,0
24019,'1196988',805,,11188,7,,,0
24019,'1197014',2104,,11189,7,,,0
24019,'1197021',2355,,11190,7,,,0
24019,'1197025',705,,11191,7,,,0
24019,'1197047',1436,,11192,7,,,0
24019,'1197094',1005,,11193,7,,,0
24019,'1197127',2235,,11194,7,,,0
24019,'1197154',919,,11195,7,,,0
24019,'1197203',1604,,11196,7,,,0
24019,'1197210',1319,,11197,7,,,0
24019,'1197244',604,,11198,7,,,0
24019,'1197285',1804,,11199,7,,,0
24019,'1197390',1704,,11200,7,,,0
24019,'1197431',1536,,11201,7,,,0
24019,'1197489',2219,,11202,7,,,0
24019,'1197506',1105,,11203,7,,,0
24019,'1197518',1706,,11204,7,,,0
24019,'1197546',1005,,11205,7,,,0
24019,'1197591',1904,,11206,7,,,0
24019,'1197620',905,,11207,7,,,0
24019,'1197680',1406,,11208,7,,,0
24019,'1197686',1919,,11209,7,,,0
24019,'1197707',1305,,11210,7,,,0
24019,'1197750',2135,,11211,7,,,0
24019,'1197764',1636,,11212,7,,,0
24019,'1197783',2119,,11213,7,,,0
24019,'1197805',735,,11214,7,,,0
24019,'1197843',1619,,11215,7,,,0
24019,'1197844',1205,,11216,7,,,0
24019,'1197878',1419,,11217,7,,,0
24019,'1197883',1306,,11218,7,,,0
24019,'1197954',1819,,11219,7,,,0
24019,'1197955',704,,11220,7,,,0
24019,'1197996',804,,11221,7,,,0
24019,'1198055',1405,,11222,7,,,0
24019,'1198087',1106,,11223,7,,,0
24019,'1198107',1519,,11224,7,,,0
24019,'1198126',2004,,11225,7,,,0
24019,'1198142',935,,11226,7,,,0
24019,'1198175',1606,,11227,7,,,0
24019,'1198559',1835,,11228,7,,,0
24019,'1198657',2319,,11229,7,,,0
24019,'1198659',819,,11230,7,,,0
24019,'1198709',1719,,11231,7,,,0
24019,'1198800',2019,,11232,7,,,0
24019,'1198948',905,,11233,7,,,0
24019,'1198975',1219,,11234,7,,,0
24019,'1199043',1019,,11235,7,,,0
24019,'1199106',719,,11236,7,,,0
24019,'1199219',2204,,11237,7,,,0
24019,'1199387',835,,11238,7,,,0
24019,'1199435',1119,,11239,7,,,0
24019,'1199454',2035,,11240,7,,,0
24019,'1199463',1506,,11241,7,,,0
24019,'1199504',1206,,11242,7,,,0
24019,'1199506',1505,,11243,7,,,0
24019,'1199592',1935,,11244,7,,,0
24019,'1199595',1736,,11245,7,,,0
24019,'1199609',2304,,11246,7,,,0
