2019,'1196937',923,,9945,13,,,0
2019,'1196952',1923,,9946,13,,,0
2019,'1196959',723,,9947,13,,,0
2019,'1196966',1008,,9948,13,,,0
2019,'1196990',923,,9949,13,,,0
2019,'1196992',1654,,9950,13,,,0
2019,'1196993',2053,,9951,13,,,0
2019,'1197022',1323,,9952,13,,,0
2019,'1197046',2353,,9953,13,,,0
2019,'1197068',1208,,9954,13,,,0
2019,'1197140',823,,9955,13,,,0
2019,'1197142',2223,,9956,13,,,0
2019,'1197156',653,,9957,13,,,0
2019,'1197159',1239,,9958,13,,,0
2019,'1197165',1308,,9959,13,,,0
2019,'1197200',2038,,9960,13,,,0
2019,'1197205',2323,,9961,13,,,0
2019,'1197230',1554,,9962,13,,,0
2019,'1197258',1524,,9963,13,,,0
2019,'1197273',1823,,9964,13,,,0
2019,'1197277',1008,,9965,13,,,0
2019,'1197304',2023,,9966,13,,,0
2019,'1197311',1754,,9967,13,,,0
2019,'1197384',838,,9968,13,,,0
2019,'1197388',1508,,9969,13,,,0
2019,'1197409',1354,,9970,13,,,0
2019,'1197517',1539,,9971,13,,,0
2019,'1197526',1138,,9972,13,,,0
2019,'1197532',1223,,9973,13,,,0
2019,'1197541',1808,,9974,13,,,0
2019,'1197604',1938,,9975,13,,,0
2019,'1197630',1224,,9976,13,,,0
2019,'1197631',1738,,9977,13,,,0
2019,'1197670',938,,9978,13,,,0
2019,'1197671',1339,,9979,13,,,0
2019,'1197694',1908,,9980,13,,,0
2019,'1197780',1023,,9981,13,,,0
2019,'1197798',1838,,9982,13,,,0
2019,'1197818',1423,,9983,13,,,0
2019,'1197842',1254,,9984,13,,,0
2019,'1197864',2123,,9985,13,,,0
2019,'1197879',1408,,9986,13,,,0
2019,'1197881',1023,,9987,13,,,0
2019,'1197904',853,,9988,13,,,0
2019,'1197931',1153,,9989,13,,,0
2019,'1197939',1509,,9990,13,,,0
2019,'1197952',2358,,9991,13,,,0
2019,'1197970',923,,9992,13,,,0
2019,'1197994',1123,,9993,13,,,0
2019,'1198000',708,,9994,13,,,0
2019,'1198018',723,,9995,13,,,0
2019,'1198034',808,,9996,13,,,0
2019,'1198058',1609,,9997,13,,,0
2019,'1198063',1639,,9998,13,,,0
2019,'1198138',1638,,9999,13,,,0
2019,'1198180',1038,,10000,13,,,0
2019,'1198182',1209,,10001,13,,,0
2019,'1198197',2223,,10002,13,,,0
2019,'1198230',2108,,10003,13,,,0
2019,'1198247',1454,,10004,13,,,0
2019,'1198270',1923,,10005,13,,,0
2019,'1198273',738,,10006,13,,,0
2019,'1198286',753,,10007,13,,,0
2019,'1198328',1724,,10008,13,,,0
2019,'1198379',1739,,10010,13,,,0
2019,'1198387',1538,,10011,13,,,0
2019,'1198392',1138,,10012,13,,,0
2019,'1198443',2008,,10013,13,,,0
2019,'1198453',2138,,10014,13,,,0
2019,'1198468',1238,,10015,13,,,0
2019,'1198483',1723,,10016,13,,,0
2019,'1198564',1108,,10017,13,,,0
2019,'1198584',2308,,10018,13,,,0
2019,'1198637',1624,,10019,13,,,0
2019,'1198722',1523,,10020,13,,,0
2019,'1198740',908,,10021,13,,,0
2019,'1198744',1838,,10022,13,,,0
2019,'1198846',838,,10023,13,,,0
2019,'1198873',638,,10024,13,,,0
2019,'1198904',1338,,10025,13,,,0
2019,'1198940',2208,,10026,13,,,0
2019,'1199047',1309,,10027,13,,,0
2019,'1199073',1708,,10028,13,,,0
2019,'1199085',2138,,10029,13,,,0
2019,'1199096',1438,,10030,13,,,0
2019,'1199176',1038,,10031,13,,,0
2019,'1199234',2008,,10032,13,,,0
2019,'1199238',708,,10033,13,,,0
2019,'1199242',1123,,10034,13,,,0
2019,'1199272',953,,10035,13,,,0
2019,'1199326',2308,,10036,13,,,0
2019,'1199327',1409,,10037,13,,,0
2019,'1199334',1623,,10038,13,,,0
2019,'1199352',1709,,10039,13,,,0
2019,'1199368',1439,,10040,13,,,0
2019,'1199372',1808,,10041,13,,,0
2019,'1199378',1424,,10042,13,,,0
2019,'1199438',1053,,10043,13,,,0
2019,'1199439',753,,10044,13,,,0
2019,'1199485',1324,,10045,13,,,0
2019,'1199505',823,,10046,13,,,0
2019,'1199525',2238,,10047,13,,,0
2019,'1199540',1108,,10048,13,,,0
2019,'1199630',2338,,10049,13,,,0
2019,'1199652',1608,,10050,13,,,0
