102029,'1196895',1702,,11907,18,,,0
102029,'1196982',1349,,11908,18,,,0
102029,'1197029',2119,,11909,18,,,0
102029,'1197083',1532,,11910,18,,,0
102029,'1197178',1102,,11911,18,,,0
102029,'1197226',704,,11912,18,,,0
102029,'1197263',749,,11913,18,,,0
102029,'1197297',1448,,11914,18,,,0
102029,'1197309',1832,,11915,18,,,0
102029,'1197330',1734,,11916,18,,,0
102029,'1197420',1519,,11917,18,,,0
102029,'1197536',2302,,11918,18,,,0
102029,'1197603',1049,,11919,18,,,0
102029,'1197704',1018,,11920,18,,,0
102029,'1197770',2419,,11921,18,,,0
102029,'1197839',834,,11922,18,,,0
102029,'1198134',1318,,11923,18,,,0
102029,'1198173',932,,11924,18,,,0
102029,'1198220',1232,,11925,18,,,0
102029,'1198227',1748,,11926,18,,,0
102029,'1198249',1819,,11927,18,,,0
102029,'1198376',1604,,11928,18,,,0
102029,'1198502',1649,,11929,18,,,0
102029,'1198531',802,,11930,18,,,0
102029,'1198599',1618,,11931,18,,,0
102029,'1198638',2249,,11932,18,,,0
102029,'1198688',1148,,11933,18,,,0
102029,'1198705',2048,,11934,18,,,0
102029,'1198769',2002,,11935,18,,,0
102029,'1198816',2132,,11936,18,,,0
102029,'1198930',2218,,11937,18,,,0
102029,'1198996',619,,11938,18,,,0
102029,'1199090',848,,11939,18,,,0
102029,'1199168',919,,11940,18,,,0
102029,'1199202',1949,,11941,18,,,0
102029,'1199211',1918,,11942,18,,,0
102029,'1199244',1004,,11943,18,,,0
102029,'1199434',1219,,11944,18,,,0
102029,'1199477',2348,,11945,18,,,0
102029,'1199479',1434,,11946,18,,,0
102029,'1199488',637,,11947,18,,,0
102029,'1199537',1402,,11948,18,,,0
102029,'1199651',718,,11949,18,,,0
