105029,'1196840',2314,,12163,46,,,0
105029,'1196987',1029,,12164,46,,,0
105029,'1196996',1701,,12165,46,,,0
105029,'1197020',1545,,12166,46,,,0
105029,'1197097',1801,,12167,46,,,0
105029,'1197137',2027,,12168,46,,,0
105029,'1197220',2014,,12169,46,,,0
105029,'1197228',1516,,12170,46,,,0
105029,'1197231',744,,12171,46,,,0
105029,'1197439',1145,,12172,46,,,0
105029,'1197501',1945,,12173,46,,,0
105029,'1197522',2145,,12174,46,,,0
105029,'1197561',1016,,12175,46,,,0
105029,'1197638',945,,12176,46,,,0
105029,'1197840',2114,,12177,46,,,0
105029,'1197853',2214,,12178,46,,,0
105029,'1197918',1844,,12179,46,,,0
105029,'1197968',2345,,12180,46,,,0
105029,'1198013',1345,,12181,46,,,0
105029,'1198037',1116,,12182,46,,,0
105029,'1198064',1829,,12183,46,,,0
105029,'1198187',1229,,12184,46,,,0
105029,'1198214',1745,,12185,46,,,0
105029,'1198417',1329,,12186,46,,,0
105029,'1198447',1731,,12187,46,,,0
105029,'1198529',1529,,12188,46,,,0
105029,'1198616',714,,12189,46,,,0
105029,'1198625',1631,,12190,46,,,0
105029,'1198711',1331,,12191,46,,,0
105029,'1198718',1546,,12192,46,,,0
105029,'1198725',1729,,12193,46,,,0
105029,'1198779',827,,12194,46,,,0
105029,'1198918',1429,,12195,46,,,0
105029,'1198922',2419,,12196,46,,,0
105029,'1198923',644,,12197,46,,,0
105029,'1199012',627,,12198,46,,,0
105029,'1199037',1416,,12199,46,,,0
105029,'1199107',1446,,12200,46,,,0
105029,'1199124',2427,,12201,46,,,0
105029,'1199144',1231,,12202,46,,,0
105029,'1199148',745,,12203,46,,,0
105029,'1199220',1129,,12204,46,,,0
105029,'1199470',2227,,12205,46,,,0
105029,'1199473',914,,12206,46,,,0
105029,'1199604',814,,12207,46,,,0
105029,'1199607',1629,,12208,46,,,0
