105019,'1196946',934,,12117,89,,,0
105019,'1197049',1846,,12118,89,,,0
105019,'1197077',621,,12119,89,,,0
105019,'1197115',1231,,12120,89,,,0
105019,'1197131',734,,12121,89,,,0
105019,'1197173',1235,,12122,89,,,0
105019,'1197181',1049,,12123,89,,,0
105019,'1197192',2220,,12124,89,,,0
105019,'1197197',1531,,12125,89,,,0
105019,'1197292',1335,,12126,89,,,0
105019,'1197296',1631,,12127,89,,,0
105019,'1197531',1435,,12128,89,,,0
105019,'1197548',1950,,12129,89,,,0
105019,'1197557',1635,,12130,89,,,0
105019,'1197588',849,,12131,89,,,0
105019,'1197596',2120,,12132,89,,,0
105019,'1197617',1535,,12133,89,,,0
105019,'1197633',1249,,12134,89,,,0
105019,'1197710',828,,12135,89,,,0
105019,'1197779',1816,,12136,89,,,0
105019,'1197825',1446,,12137,89,,,0
105019,'1197971',1131,,12138,89,,,0
105019,'1198112',651,,12139,89,,,0
105019,'1198338',1135,,12140,89,,,0
105019,'1198380',2249,,12141,89,,,0
105019,'1198385',1746,,12142,89,,,0
105019,'1198553',1346,,12143,89,,,0
105019,'1198560',2049,,12144,89,,,0
105019,'1198571',1649,,12145,89,,,0
105019,'1198621',758,,12146,89,,,0
105019,'1198667',1028,,12147,89,,,0
105019,'1198717',1601,,12148,89,,,0
105019,'1198741',928,,12149,89,,,0
105019,'1198746',1916,,12150,89,,,0
105019,'1198889',721,,12151,89,,,0
105019,'1199004',1449,,12152,89,,,0
105019,'1199054',1701,,12153,89,,,0
105019,'1199098',858,,12154,89,,,0
105019,'1199298',2420,,12155,89,,,0
105019,'1199347',2334,,12156,89,,,0
105019,'1199383',2320,,12157,89,,,0
105019,'1199400',1735,,12158,89,,,0
105019,'1199461',1849,,12159,89,,,0
105019,'1199511',1835,,12160,89,,,0
105019,'1199546',2134,,12161,89,,,0
105019,'1199574',1935,,12162,89,,,0
106029,'1196836',1618,,12215,20,,,0
106029,'1196851',1733,,12216,20,,,0
106029,'1197042',1016,,12217,20,,,0
106029,'1197408',1848,,12218,20,,,0
106029,'1198086',746,,12219,20,,,0
106029,'1198615',901,,12220,20,,,0
