4019,'1197123',702,,10299,3,,,0
4019,'1197392',1502,,10300,3,,,0
4019,'1197520',902,,10301,3,,,0
4019,'1197788',1532,,10302,3,,,0
4019,'1197874',1332,,10303,3,,,0
4019,'1198006',832,,10304,3,,,0
4019,'1198332',1732,,10305,3,,,0
4019,'1198394',1432,,10306,3,,,0
4019,'1198409',802,,10307,3,,,0
4019,'1198799',1402,,10308,3,,,0
4019,'1198924',1702,,10309,3,,,0
4019,'1199002',932,,10310,3,,,0
4019,'1199239',1602,,10311,3,,,0
4019,'1199517',732,,10312,3,,,0
4019,'1199645',1632,,10313,3,,,0
10029,'1196869',1017,,10389,3,,,0
10029,'1196944',1847,,10390,3,,,0
10029,'1196948',1517,,10391,3,,,0
10029,'1197007',647,,10392,3,,,0
10029,'1197053',1317,,10393,3,,,0
10029,'1197093',1117,,10394,3,,,0
10029,'1197160',1717,,10395,3,,,0
10029,'1197269',1817,,10396,3,,,0
10029,'1197314',2147,,10397,3,,,0
10029,'1197362',2017,,10398,3,,,0
10029,'1197385',817,,10399,3,,,0
10029,'1197414',1417,,10400,3,,,0
10029,'1197492',1647,,10401,3,,,0
10029,'1197523',2217,,10402,3,,,0
10029,'1197565',617,,10403,3,,,0
10029,'1197669',817,,10404,3,,,0
10029,'1197675',2117,,10405,3,,,0
10029,'1197822',1717,,10406,3,,,0
10029,'1197831',1717,,10407,3,,,0
10029,'1197885',2017,,10408,3,,,0
10029,'1197887',1547,,10409,3,,,0
10029,'1197892',1217,,10410,3,,,0
10029,'1197908',2217,,10411,3,,,0
10029,'1197916',2247,,10412,3,,,0
10029,'1197980',2352,,10413,3,,,0
10029,'1198080',1617,,10414,3,,,0
10029,'1198150',1617,,10415,3,,,0
10029,'1198170',1117,,10416,3,,,0
10029,'1198181',1747,,10417,3,,,0
10029,'1198232',1517,,10418,3,,,0
10029,'1198314',1917,,10419,3,,,0
10029,'1198351',1217,,10420,3,,,0
10029,'1198466',2047,,10421,3,,,0
10029,'1198481',1417,,10422,3,,,0
10029,'1198536',1217,,10423,3,,,0
10029,'1198550',1617,,10424,3,,,0
10029,'1198565',2317,,10425,3,,,0
10029,'1198676',717,,10426,3,,,0
10029,'1198703',717,,10427,3,,,0
10029,'1198735',1017,,10428,3,,,0
10029,'1198754',1317,,10429,3,,,0
10029,'1198767',1117,,10430,3,,,0
10029,'1198887',847,,10431,3,,,0
10029,'1198905',1417,,10432,3,,,0
10029,'1198933',817,,10433,3,,,0
10029,'1199013',717,,10434,3,,,0
10029,'1199068',1017,,10435,3,,,0
10029,'1199078',1817,,10436,3,,,0
10029,'1199088',1947,,10437,3,,,0
10029,'1199134',1317,,10438,3,,,0
10029,'1199161',2317,,10439,3,,,0
10029,'1199245',1917,,10440,3,,,0
10029,'1199274',917,,10441,3,,,0
10029,'1199375',1447,,10442,3,,,0
10029,'1199396',747,,10443,3,,,0
10029,'1199411',2117,,10444,3,,,0
10029,'1199422',917,,10445,3,,,0
10029,'1199613',917,,10446,3,,,0
10029,'1199633',1517,,10447,3,,,0
