104019,'1196891',2329,,12027,12,,,0
104019,'1197169',2405,,12028,12,,,0
104019,'1197256',1333,,12029,12,,,0
104019,'1197286',2129,,12030,12,,,0
104019,'1197298',1203,,12031,12,,,0
104019,'1197387',2230,,12032,12,,,0
104019,'1197452',2000,,12033,12,,,0
104019,'1197544',915,,12034,12,,,0
104019,'1197547',1230,,12035,12,,,0
104019,'1197640',1529,,12036,12,,,0
104019,'1197714',1800,,12037,12,,,0
104019,'1197725',2100,,12038,12,,,0
104019,'1197761',729,,12039,12,,,0
104019,'1197801',1000,,12040,12,,,0
104019,'1197820',800,,12042,12,,,0
104019,'1197873',615,,12043,12,,,0
104019,'1197937',1500,,12044,12,,,0
104019,'1198060',1729,,12045,12,,,0
104019,'1198073',2345,,12046,12,,,0
104019,'1198077',2230,,12047,12,,,0
104019,'1198194',1118,,12048,12,,,0
104019,'1198253',1129,,12049,12,,,0
104019,'1198313',1503,,12050,12,,,0
104019,'1198322',1615,,12051,12,,,0
104019,'1198353',1248,,12052,12,,,0
104019,'1198411',929,,12053,12,,,0
104019,'1198567',1730,,12055,12,,,0
104019,'1198664',845,,12056,12,,,0
104019,'1198683',1345,,12057,12,,,0
104019,'1198738',1930,,12058,12,,,0
104019,'1198750',1929,,12059,12,,,0
104019,'1198780',845,,12060,12,,,0
104019,'1198913',1418,,12061,12,,,0
104019,'1198958',645,,12062,12,,,0
104019,'1199185',730,,12064,12,,,0
104019,'1199190',1115,,12065,12,,,0
104019,'1199331',1329,,12066,12,,,0
104019,'1199407',1845,,12067,12,,,0
104019,'1199459',1715,,12068,12,,,0
104019,'1199490',1633,,12069,12,,,0
104019,'1199539',1000,,12070,12,,,0
104019,'1199564',730,,12071,12,,,0
104019,'1199583',1548,,12072,12,,,0
104019,'1199617',2115,,12073,12,,,0
