11019,'1196876',1502,,10548,23,,,0
11019,'1196884',1302,,10549,27,,,0
11019,'1196914',1145,,10550,27,,,0
11019,'1196958',804,,10551,27,,,0
11019,'1197000',1302,,10552,23,,,0
11019,'1197070',1902,,10553,23,,,0
11019,'1197071',1844,,10554,27,,,0
11019,'1197114',930,,10555,27,,,0
11019,'1197185',2302,,10556,23,,,0
11019,'1197191',1502,,10557,27,,,0
11019,'1197229',1417,,10558,27,,,0
11019,'1197234',1716,,10559,27,,,0
11019,'1197264',1747,,10560,27,,,0
11019,'1197274',945,,10561,27,,,0
11019,'1197327',1346,,10562,27,,,0
11019,'1197343',745,,10563,27,,,0
11019,'1197351',1602,,10564,23,,,0
11019,'1197398',1832,,10565,27,,,0
11019,'1197412',2314,,10566,27,,,0
11019,'1197422',1647,,10567,27,,,0
11019,'1197446',2402,,10568,23,,,0
11019,'1197463',715,,10569,27,,,0
11019,'1197502',630,,10570,27,,,0
11019,'1197519',800,,10571,27,,,0
11019,'1197564',2304,,10572,27,,,0
11019,'1197573',1402,,10573,23,,,0
11019,'1197695',1115,,10574,27,,,0
11019,'1197696',815,,10575,27,,,0
11019,'1197753',902,,10576,23,,,0
11019,'1197763',1532,,10577,27,,,0
11019,'1197795',2044,,10578,27,,,0
11019,'1197832',1632,,10579,27,,,0
11019,'1197875',2431,,10580,27,,,0
11019,'1197917',2404,,10581,27,,,0
11019,'1197925',1130,,10582,27,,,0
11019,'1197934',1546,,10583,27,,,0
11019,'1197978',1914,,10584,27,,,0
11019,'1197990',1446,,10585,27,,,0
11019,'1198012',900,,10586,27,,,0
11019,'1198053',1004,,10587,27,,,0
11019,'1198076',2014,,10588,27,,,0
11019,'1198113',2114,,10589,27,,,0
11019,'1198146',2244,,10590,27,,,0
11019,'1198266',2004,,10591,27,,,0
11019,'1198296',1702,,10592,23,,,0
11019,'1198337',915,,10593,27,,,0
11019,'1198341',1204,,10594,27,,,0
11019,'1198362',2202,,10595,23,,,0
11019,'1198405',1904,,10596,27,,,0
11019,'1198419',1517,,10597,27,,,0
11019,'1198470',1317,,10598,27,,,0
11019,'1198493',1817,,10599,27,,,0
11019,'1198506',1104,,10600,27,,,0
11019,'1198543',1030,,10601,27,,,0
11019,'1198548',1617,,10602,27,,,0
11019,'1198573',1200,,10603,27,,,0
11019,'1198590',2002,,10604,23,,,0
11019,'1198610',1602,,10605,27,,,0
11019,'1198623',704,,10606,27,,,0
11019,'1198660',1316,,10607,27,,,0
11019,'1198662',1802,,10608,23,,,0
11019,'1198696',1447,,10609,27,,,0
11019,'1198771',1516,,10610,27,,,0
11019,'1198808',1000,,10611,27,,,0
11019,'1198843',2102,,10612,23,,,0
11019,'1198927',1100,,10613,27,,,0
11019,'1198951',1732,,10614,27,,,0
11019,'1198978',1944,,10615,27,,,0
11019,'1199022',1244,,10616,27,,,0
11019,'1199024',2204,,10617,27,,,0
11019,'1199026',2214,,10618,27,,,0
11019,'1199059',1616,,10619,27,,,0
11019,'1199060',1402,,10620,27,,,0
11019,'1199064',1816,,10621,27,,,0
11019,'1199091',802,,10622,23,,,0
11019,'1199100',2144,,10623,27,,,0
11019,'1199118',1717,,10624,27,,,0
11019,'1199132',700,,10625,27,,,0
11019,'1199143',1746,,10626,27,,,0
11019,'1199154',1432,,10627,27,,,0
11019,'1199177',1702,,10628,27,,,0
11019,'1199180',2104,,10629,27,,,0
11019,'1199214',730,,10630,27,,,0
11019,'1199225',1547,,10631,27,,,0
11019,'1199227',1202,,10632,23,,,0
11019,'1199229',1416,,10633,27,,,0
11019,'1199253',1002,,10634,23,,,0
11019,'1199301',2341,,10635,27,,,0
11019,'1199306',1102,,10636,23,,,0
11019,'1199370',1802,,10637,27,,,0
11019,'1199376',845,,10638,27,,,0
11019,'1199394',904,,10639,27,,,0
11019,'1199403',830,,10640,27,,,0
11019,'1199410',1215,,10641,27,,,0
11019,'1199462',2411,,10642,27,,,0
11019,'1199476',1015,,10643,27,,,0
11019,'1199496',1332,,10644,27,,,0
11019,'1199508',1230,,10645,27,,,0
11019,'1199591',1646,,10646,27,,,0
11019,'1199603',1247,,10647,27,,,0
11019,'1199619',1045,,10648,27,,,0
11019,'1199623',1347,,10649,27,,,0
