28029,'1196904',1709,,11696,8,,,0
28029,'1196938',2109,,11697,8,,,0
28029,'1197017',1210,,11700,8,,,0
28029,'1197036',2209,,11701,8,,,0
28029,'1197051',1109,,11702,8,,,0
28029,'1197111',2409,,11703,8,,,0
28029,'1197374',1510,,11708,8,,,0
28029,'1197466',1410,,11709,8,,,0
28029,'1197529',1349,,11711,8,,,0
28029,'1197623',1249,,11713,8,,,0
28029,'1197715',2249,,11714,8,,,0
28029,'1197789',1809,,11715,8,,,0
28029,'1198258',1749,,11720,8,,,0
28029,'1198259',809,,11721,8,,,0
28029,'1198316',2049,,11723,8,,,0
28029,'1198478',1949,,11724,8,,,0
28029,'1198489',2009,,11725,8,,,0
28029,'1198555',1849,,11727,8,,,0
28029,'1198629',2149,,11729,8,,,0
28029,'1198861',1649,,11731,8,,,0
28029,'1198944',1549,,11734,8,,,0
28029,'1198995',849,,11735,8,,,0
28029,'1199105',1009,,11737,8,,,0
28029,'1199138',2309,,11738,8,,,0
28029,'1199194',1149,,11740,8,,,0
28029,'1199248',1049,,11741,8,,,0
28029,'1199271',1909,,11742,8,,,0
28029,'1199320',709,,11743,8,,,0
28029,'1199425',1310,,11744,8,,,0
28029,'1199562',749,,11747,8,,,0
28029,'1199587',2349,,11749,8,,,0
28029,'1199622',1449,,11751,8,,,0
28029,'1199627',909,,11752,8,,,0
28029,'1199647',1610,,11753,8,,,0
28029,'1199657',949,,11754,8,,,0
28029,'1199798',2324,,12895,8,,,0
28029,'1199801',854,,12896,8,,,0
28029,'1199802',1024,,12897,8,,,0
28029,'1199805',2124,,12898,8,,,0
28029,'1199806',924,,12899,8,,,0
28029,'1199822',1824,,12900,8,,,0
28029,'1199824',1324,,12901,8,,,0
28029,'1199827',1854,,12902,8,,,0
28029,'1199829',654,,12903,8,,,0
28029,'1199833',1654,,12904,8,,,0
28029,'1199840',1525,,12905,8,,,0
28029,'1199841',1624,,12906,8,,,0
28029,'1199857',1724,,12907,8,,,0
28029,'1199879',1428,,12908,8,,,0
28029,'1199888',1224,,12909,8,,,0
28029,'1199895',754,,12910,8,,,0
28029,'1199896',1754,,12911,8,,,0
28029,'1199901',2024,,12912,8,,,0
28029,'1199905',2224,,12913,8,,,0
28029,'1199909',1124,,12914,8,,,0
28029,'1199915',724,,12915,8,,,0
28029,'1199916',1924,,12916,8,,,0
28029,'1199918',824,,12917,8,,,0
28029,'1199921',624,,12918,8,,,0
