14019,'1196890',1832,,10916,40,,,0
14019,'1196970',2102,,10917,40,,,0
14019,'1196984',1359,,10918,40,,,0
14019,'1197073',2202,,10919,40,,,0
14019,'1197090',759,,10920,40,,,0
14019,'1197106',1734,,10921,40,,,0
14019,'1197152',1604,,10922,40,,,0
14019,'1197163',1703,,10923,40,,,0
14019,'1197189',1959,,10924,40,,,0
14019,'1197473',1002,,10925,40,,,0
14019,'1197576',1159,,10926,40,,,0
14019,'1197578',1859,,10927,40,,,0
14019,'1197606',859,,10928,40,,,0
14019,'1197719',1603,,10929,40,,,0
14019,'1197768',1704,,10930,40,,,0
14019,'1197774',1303,,10931,40,,,0
14019,'1197807',702,,10932,40,,,0
14019,'1197857',1259,,10933,40,,,0
14019,'1197872',802,,10934,40,,,0
14019,'1197899',2332,,10935,40,,,0
14019,'1197912',1659,,10936,40,,,0
14019,'1197929',1403,,10937,40,,,0
14019,'1197946',2002,,10938,40,,,0
14019,'1198043',2402,,10939,40,,,0
14019,'1198056',1932,,10940,40,,,0
14019,'1198057',702,,10941,40,,,0
14019,'1198062',1559,,10942,40,,,0
14019,'1198118',2032,,10943,40,,,0
14019,'1198151',1459,,10944,40,,,0
14019,'1198161',1504,,10945,40,,,0
14019,'1198262',1503,,10946,40,,,0
14019,'1198285',2302,,10947,40,,,0
14019,'1198312',1002,,10948,40,,,0
14019,'1198386',1902,,10949,40,,,0
14019,'1198412',1204,,10950,40,,,0
14019,'1198436',902,,10951,40,,,0
14019,'1198460',1104,,10952,40,,,0
14019,'1198507',902,,10953,40,,,0
14019,'1198513',1304,,10954,40,,,0
14019,'1198539',1102,,10955,40,,,0
14019,'1198751',2059,,10956,40,,,0
14019,'1198810',2359,,10957,40,,,0
14019,'1198859',1534,,10958,40,,,0
14019,'1198869',932,,10959,40,,,0
14019,'1198890',2159,,10960,40,,,0
14019,'1199036',732,,10961,40,,,0
14019,'1199048',802,,10962,40,,,0
14019,'1199075',832,,10963,40,,,0
14019,'1199084',1059,,10964,40,,,0
14019,'1199131',2132,,10965,40,,,0
14019,'1199280',2259,,10966,40,,,0
14019,'1199286',959,,10967,40,,,0
14019,'1199393',1404,,10968,40,,,0
14019,'1199441',1634,,10969,40,,,0
14019,'1199444',1803,,10970,40,,,0
14019,'1199523',1759,,10971,40,,,0
14019,'1199538',1804,,10972,40,,,0
14019,'1199568',2232,,10973,40,,,0
14019,'1199582',1203,,10974,40,,,0
