27029,'1196843',1902,,11585,3,,,0
27029,'1196859',2102,,11586,3,,,0
27029,'1196865',847,,11587,3,,,0
27029,'1196870',732,,11588,3,,,0
27029,'1196893',1847,,11589,3,,,0
27029,'1196942',1332,,11590,3,,,0
27029,'1196964',1032,,11591,3,,,0
27029,'1197001',947,,11592,3,,,0
27029,'1197057',1232,,11593,3,,,0
27029,'1197063',2247,,11594,3,,,0
27029,'1197118',1047,,11595,3,,,0
27029,'1197126',2302,,11596,3,,,0
27029,'1197166',2202,,11597,3,,,0
27029,'1197167',1932,,11598,3,,,0
27029,'1197214',1432,,11599,3,,,0
27029,'1197280',1132,,11600,3,,,0
27029,'1197364',2147,,11601,3,,,0
27029,'1197383',1347,,11602,3,,,0
27029,'1197443',1832,,11603,3,,,0
27029,'1197521',1632,,11604,3,,,0
27029,'1197550',1332,,11605,3,,,0
27029,'1197552',2032,,11606,3,,,0
27029,'1197559',732,,11607,3,,,0
27029,'1197626',1532,,11608,3,,,0
27029,'1197628',932,,11609,3,,,0
27029,'1197674',1947,,11610,3,,,0
27029,'1197691',1747,,11611,3,,,0
27029,'1197744',2332,,11612,3,,,0
27029,'1197837',1247,,11613,3,,,0
27029,'1198123',2047,,11614,3,,,0
27029,'1198136',1432,,11615,3,,,0
27029,'1198179',632,,11616,3,,,0
27029,'1198240',832,,11617,3,,,0
27029,'1198277',1132,,11618,3,,,0
27029,'1198367',2002,,11619,3,,,0
27029,'1198569',1732,,11620,3,,,0
27029,'1198593',932,,11621,3,,,0
27029,'1198736',632,,11622,3,,,0
27029,'1198833',1632,,11623,3,,,0
27029,'1198915',1232,,11624,3,,,0
27029,'1199039',1647,,11625,3,,,0
27029,'1199051',2132,,11626,3,,,0
27029,'1199087',1732,,11627,3,,,0
27029,'1199141',1147,,11628,3,,,0
27029,'1199160',1532,,11629,3,,,0
27029,'1199187',1832,,11630,3,,,0
27029,'1199254',747,,11631,3,,,0
27029,'1199263',1032,,11632,3,,,0
27029,'1199429',832,,11633,3,,,0
27029,'1199527',1447,,11634,3,,,0
27029,'1199570',2232,,11635,3,,,0
27029,'1199640',1547,,11636,3,,,0
