102029,'1196895',1655,,11907,11,,,0
102029,'1196982',1343,,11908,11,,,0
102029,'1197029',2113,,11909,11,,,0
102029,'1197083',1525,,11910,11,,,0
102029,'1197178',1055,,11911,11,,,0
102029,'1197226',658,,11912,11,,,0
102029,'1197263',743,,11913,11,,,0
102029,'1197297',1442,,11914,11,,,0
102029,'1197309',1825,,11915,11,,,0
102029,'1197330',1728,,11916,11,,,0
102029,'1197420',1513,,11917,11,,,0
102029,'1197536',2255,,11918,11,,,0
102029,'1197603',1043,,11919,11,,,0
102029,'1197704',1012,,11920,11,,,0
102029,'1197770',2413,,11921,11,,,0
102029,'1197839',828,,11922,11,,,0
102029,'1198134',1312,,11923,11,,,0
102029,'1198173',925,,11924,11,,,0
102029,'1198220',1225,,11925,11,,,0
102029,'1198227',1742,,11926,11,,,0
102029,'1198249',1813,,11927,11,,,0
102029,'1198376',1558,,11928,11,,,0
102029,'1198502',1643,,11929,11,,,0
102029,'1198531',755,,11930,11,,,0
102029,'1198599',1612,,11931,11,,,0
102029,'1198638',2243,,11932,11,,,0
102029,'1198688',1142,,11933,11,,,0
102029,'1198705',2042,,11934,11,,,0
102029,'1198769',1955,,11935,11,,,0
102029,'1198816',2125,,11936,11,,,0
102029,'1198930',2212,,11937,11,,,0
102029,'1198996',613,,11938,11,,,0
102029,'1199090',842,,11939,11,,,0
102029,'1199168',913,,11940,11,,,0
102029,'1199202',1943,,11941,11,,,0
102029,'1199211',1912,,11942,11,,,0
102029,'1199244',958,,11943,11,,,0
102029,'1199434',1213,,11944,11,,,0
102029,'1199477',2342,,11945,11,,,0
102029,'1199479',1428,,11946,11,,,0
102029,'1199488',631,,11947,11,,,0
102029,'1199537',1355,,11948,11,,,0
102029,'1199651',712,,11949,11,,,0
