11019,'1196979',1337,,10448,24,,,0
11019,'1197040',1705,,10449,24,,,0
11019,'1197065',1522,,10450,24,,,0
11019,'1197103',1921,,10451,24,,,0
11019,'1197109',1335,,10452,24,,,0
11019,'1197110',736,,10453,24,,,0
11019,'1197145',2035,,10454,24,,,0
11019,'1197180',1237,,10455,24,,,0
11019,'1197201',951,,10456,24,,,0
11019,'1197211',736,,10457,24,0,5 6,0
11019,'1197221',1637,,10458,24,,,0
11019,'1197227',1222,,10459,24,,,0
11019,'1197254',1552,,10460,24,,,0
11019,'1197259',2335,,10461,24,,,0
11019,'1197278',2351,,10462,24,,,0
11019,'1197283',921,,10463,24,,,0
11019,'1197316',2036,,10464,24,0,5 6,0
11019,'1197320',1835,,10465,24,,,0
11019,'1197325',2251,,10466,24,,,0
11019,'1197329',1035,,10467,24,,,0
11019,'1197333',1006,,10468,24,,,0
11019,'1197344',1951,,10469,24,,,0
11019,'1197354',1121,,10470,24,,,0
11019,'1197406',2236,,10471,24,0,5 6,0
11019,'1197447',2021,,10472,24,,,0
11019,'1197477',2121,,10473,24,,,0
11019,'1197495',1535,,10474,24,,,0
11019,'1197504',2051,,10475,24,,,0
11019,'1197634',835,,10476,24,,,0
11019,'1197652',1151,,10477,24,,,0
11019,'1197663',1322,,10478,24,,,0
11019,'1197722',1722,,10479,24,,,0
11019,'1197727',1821,,10480,24,,,0
11019,'1197728',1636,,10481,24,0,5 6,0
11019,'1197785',935,,10482,24,,,0
11019,'1197855',1851,,10483,24,,,0
11019,'1197865',1652,,10484,24,,,0
11019,'1197880',1505,,10485,24,,,0
11019,'1197889',721,,10486,24,,,0
11019,'1197896',936,,10487,24,,,0
11019,'1197926',1236,,10488,24,0,5 6,0
11019,'1197981',1305,,10489,24,,,0
11019,'1198019',1307,,10490,24,,,0
11019,'1198026',1422,,10491,24,,,0
11019,'1198029',1836,,10492,24,0,5 6,0
11019,'1198038',1735,,10493,24,,,0
11019,'1198149',1135,,10494,24,,,0
11019,'1198166',1536,,10495,24,0,5 6,0
11019,'1198188',1436,,10496,24,0,5 6,0
11019,'1198219',1507,,10497,24,,,0
11019,'1198297',1252,,10498,24,,,0
11019,'1198308',1336,,10499,24,0,5 6,0
11019,'1198327',1737,,10500,24,,,0
11019,'1198365',1036,,10501,24,0,5 6,0
11019,'1198374',735,,10502,24,,,0
11019,'1198401',1936,,10503,24,0,5 6,0
11019,'1198413',2221,,10504,24,,,0
11019,'1198423',1206,,10505,24,,,0
11019,'1198472',851,,10506,24,,,0
11019,'1198605',1136,,10507,24,0,5 6,0
11019,'1198624',1205,,10508,24,,,0
11019,'1198627',2151,,10509,24,,,0
11019,'1198668',906,,10510,24,,,0
11019,'1198671',1437,,10511,24,,,0
11019,'1198695',1622,,10512,24,,,0
11019,'1198698',836,,10513,24,0,5 6,0
11019,'1198701',821,,10514,24,,,0
11019,'1198713',636,,10515,24,,,0
11019,'1198737',1635,,10516,24,,,0
11019,'1198753',2411,,10517,24,,,0
11019,'1198806',1607,,10518,24,,,0
11019,'1198894',751,,10519,24,,,0
11019,'1198896',1407,,10520,24,,,0
11019,'1198957',1707,,10521,24,,,0
11019,'1198963',1235,,10522,24,,,0
11019,'1199015',2336,,10523,24,0,5 6,0
11019,'1199020',1021,,10524,24,,,0
11019,'1199072',1452,,10525,24,,,0
11019,'1199077',806,,10526,24,,,0
11019,'1199162',1537,,10527,24,,,0
11019,'1199164',651,,10528,24,,,0
11019,'1199175',1405,,10529,24,,,0
11019,'1199179',2235,,10530,24,,,0
11019,'1199209',1352,,10531,24,,,0
11019,'1199218',2321,,10532,24,,,0
11019,'1199260',1736,,10533,24,0,5 6,0
11019,'1199285',706,,10534,24,,,0
11019,'1199336',1435,,10535,24,,,0
11019,'1199342',1935,,10536,24,,,0
11019,'1199350',936,,10537,24,0,5 6,0
11019,'1199361',1136,,10538,24,,,0
11019,'1199369',1051,,10539,24,,,0
11019,'1199392',1752,,10540,24,,,0
11019,'1199420',836,,10541,24,,,0
11019,'1199430',2135,,10542,24,,,0
11019,'1199452',1605,,10543,24,,,0
11019,'1199483',1807,,10544,24,,,0
11019,'1199518',1106,,10545,24,,,0
11019,'1199575',2136,,10546,24,0,5 6,0
11019,'1199637',1036,,10547,24,,,0
22029,'1196872',1453,,11159,3,,,0
22029,'1197509',1053,,11160,3,,,0
22029,'1197841',1253,,11161,3,,,0
22029,'1198320',1423,,11162,3,,,0
22029,'1198325',1823,,11163,3,,,0
22029,'1198632',1023,,11164,3,,,0
22029,'1198895',1623,,11165,3,,,0
22029,'1199147',853,,11166,3,,,0
22029,'1199241',1223,,11167,3,,,0
22029,'1199309',823,,11168,3,,,0
140001029,'1196879',626,,12358,17,,,0
140001029,'1196954',957,,12359,17,,,0
140001029,'1196975',1029,,12360,17,,,0
140001029,'1196976',2326,,12361,17,,,0
140001029,'1197010',1344,,12362,17,,,0
140001029,'1197038',1114,,12363,17,,,0
140001029,'1197058',1841,,12364,17,,,0
140001029,'1197078',1127,,12365,17,,,0
140001029,'1197099',2256,,12366,17,,,0
140001029,'1197105',2327,,12367,17,,,0
140001029,'1197113',856,,12368,17,,,0
140001029,'1197141',1445,,12369,17,,,0
140001029,'1197155',1742,,12370,17,,,0
140001029,'1197162',941,,12371,17,,,0
140001029,'1197190',1600,,12372,17,,,0
140001029,'1197195',1700,,12373,17,,,0
140001029,'1197198',1400,,12374,17,,,0
140001029,'1197204',927,,12375,17,,,0
140001029,'1197222',1229,,12376,17,,,0
140001029,'1197249',1227,,12377,17,,,0
140001029,'1197271',1943,,12378,17,,,0
140001029,'1197276',1057,,12379,17,,,0
140001029,'1197293',1515,,12380,17,,,0
140001029,'1197305',1527,,12381,17,,,0
140001029,'1197370',1214,,12382,17,,,0
140001029,'1197377',2226,,12383,17,,,0
140001029,'1197379',756,,12384,17,,,0
140001029,'1197386',1827,,12385,17,,,0
140001029,'1197424',2056,,12386,17,,,0
140001029,'1197426',1012,,12387,17,,,0
140001029,'1197432',956,,12388,17,,,0
140001029,'1197460',2226,,12389,17,,,0
140001029,'1197482',627,,12390,17,,,0
140001029,'1197494',2401,,12391,17,,,0
140001029,'1197497',1657,,12392,17,,,0
140001029,'1197568',1327,,12393,17,,,0
140001029,'1197611',2256,,12394,17,,,0
140001029,'1197612',1545,,12395,17,,,0
140001029,'1197619',1826,,12396,17,,,0
140001029,'1197627',841,,12397,17,,,0
140001029,'1197635',2227,,12398,17,,,0
140001029,'1197649',1329,,12399,17,,,0
140001029,'1197658',1927,,12400,17,,,0
140001029,'1197662',1059,,12401,17,,,0
140001029,'1197723',927,,12402,17,,,0
140001029,'1197758',1244,,12403,17,,,0
140001029,'1197776',2028,,12404,17,,,0
140001029,'1197849',2156,,12405,17,,,0
140001029,'1197888',1956,,12406,17,,,0
140001029,'1197928',1427,,12407,17,,,0
140001029,'1197938',1415,,12408,17,,,0
140001029,'1197948',1500,,12409,17,,,0
140001029,'1197957',1612,,12410,17,,,0
140001029,'1197967',1715,,12411,17,,,0
140001029,'1197972',1557,,12412,17,,,0
140001029,'1197983',726,,12413,17,,,0
140001029,'1198007',2126,,12414,17,,,0
140001029,'1198048',741,,12415,17,,,0
140001029,'1198049',711,,12416,17,,,0
140001029,'1198081',1257,,12417,17,,,0
140001029,'1198099',942,,12418,17,,,0
140001029,'1198101',1129,,12419,17,,,0
140001029,'1198102',827,,12420,17,,,0
140001029,'1198131',2027,,12421,17,,,0
140001029,'1198132',1027,,12422,17,,,0
140001029,'1198186',1757,,12423,17,,,0
140001029,'1198207',656,,12424,17,,,0
140001029,'1198209',911,,12425,17,,,0
140001029,'1198299',1157,,12426,17,,,0
140001029,'1198347',641,,12427,17,,,0
140001029,'1198350',1913,,12428,17,,,0
140001029,'1198371',1430,,12429,17,,,0
140001029,'1198391',2043,,12430,17,,,0
140001029,'1198425',2026,,12431,17,,,0
140001029,'1198451',2356,,12432,17,,,0
140001029,'1198469',1627,,12433,17,,,0
140001029,'1198505',1427,,12434,17,,,0
140001029,'1198517',1159,,12435,17,,,0
140001029,'1198540',727,,12436,17,,,0
140001029,'1198546',1027,,12437,17,,,0
140001029,'1198572',1542,,12438,17,,,0
140001029,'1198636',811,,12439,17,,,0
140001029,'1198643',1227,,12440,17,,,0
140001029,'1198645',1727,,12441,17,,,0
140001029,'1198655',757,,12442,17,,,0
140001029,'1198697',857,,12443,17,,,0
140001029,'1198757',1627,,12444,17,,,0
140001029,'1198770',1958,,12445,17,,,0
140001029,'1198787',1615,,12446,17,,,0
140001029,'1198789',1928,,12447,17,,,0
140001029,'1198794',1044,,12448,17,,,0
140001029,'1198796',2156,,12449,17,,,0
140001029,'1198802',1112,,12450,17,,,0
140001029,'1198817',1512,,12451,17,,,0
140001029,'1198824',1144,,12452,17,,,0
140001029,'1198860',1811,,12453,17,,,0
140001029,'1198934',1712,,12454,17,,,0
140001029,'1198970',1745,,12455,17,,,0
140001029,'1198973',926,,12456,17,,,0
140001029,'1198981',1828,,12457,17,,,0
140001029,'1198986',2326,,12458,17,,,0
140001029,'1198999',1342,,12459,17,,,0
140001029,'1199001',727,,12460,17,,,0
140001029,'1199006',826,,12461,17,,,0
140001029,'1199010',1758,,12462,17,,,0
140001029,'1199031',1212,,12463,17,,,0
140001029,'1199086',1014,,12464,17,,,0
140001029,'1199101',657,,12465,17,,,0
140001029,'1199110',1142,,12466,17,,,0
140001029,'1199113',1642,,12467,17,,,0
140001029,'1199128',1042,,12468,17,,,0
140001029,'1199156',1926,,12469,17,,,0
140001029,'1199174',1314,,12470,17,,,0
140001029,'1199189',827,,12471,17,,,0
140001029,'1199191',1813,,12472,17,,,0
140001029,'1199203',2058,,12473,17,,,0
140001029,'1199247',1645,,12474,17,,,0
140001029,'1199259',1843,,12475,17,,,0
140001029,'1199261',1412,,12476,17,,,0
140001029,'1199275',1530,,12477,17,,,0
140001029,'1199283',1327,,12478,17,,,0
140001029,'1199312',1242,,12479,17,,,0
140001029,'1199341',2013,,12480,17,,,0
140001029,'1199351',1312,,12481,17,,,0
140001029,'1199395',1730,,12482,17,,,0
140001029,'1199415',1856,,12483,17,,,0
140001029,'1199446',1858,,12484,17,,,0
140001029,'1199456',1527,,12485,17,,,0
140001029,'1199465',1727,,12486,17,,,0
140001029,'1199469',2126,,12487,17,,,0
140001029,'1199481',1630,,12488,17,,,0
140001029,'1199494',1457,,12489,17,,,0
140001029,'1199502',1357,,12490,17,,,0
140001029,'1199522',1442,,12491,17,,,0
140001029,'1199528',2127,,12492,17,,,0
140001029,'1199569',1127,,12493,17,,,0
140001029,'1199608',1259,,12494,17,,,0
