3019,'1196834',1827,,10159,42,,,0
3019,'1196848',2127,,10160,42,,,0
3019,'1196854',727,,10161,42,,,0
3019,'1196968',1243,,10162,42,,,0
3019,'1196971',2027,,10163,42,,,0
3019,'1197069',728,,10164,42,,,0
3019,'1197076',2157,,10165,42,,,0
3019,'1197107',1258,,10166,42,,,0
3019,'1197120',2427,,10167,42,,,0
3019,'1197318',2227,,10168,42,,,0
3019,'1197369',2343,,10169,42,,,0
3019,'1197372',2243,,10170,42,,,0
3019,'1197378',927,,10171,42,,,0
3019,'1197462',928,,10172,42,,,0
3019,'1197478',1628,,10173,42,,,0
3019,'1197537',943,,10174,42,,,0
3019,'1197572',1358,,10175,42,,,0
3019,'1197590',858,,10176,42,,,0
3019,'1197618',1728,,10177,42,,,0
3019,'1197708',629,,10178,12,,,0
3019,'1197731',2027,,10179,42,,,0
3019,'1197748',1028,,10180,42,,,0
3019,'1197755',1058,,10181,42,,,0
3019,'1197810',1458,,10182,42,,,0
3019,'1197819',1927,,10183,42,,,0
3019,'1197850',1558,,10184,42,,,0
3019,'1197851',958,,10185,42,,,0
3019,'1197897',1128,,10186,42,,,0
3019,'1197923',1228,,10187,42,,,0
3019,'1197941',1528,,10188,42,,,0
3019,'1198025',1628,,10189,42,,,0
3019,'1198093',1857,,10190,42,,,0
3019,'1198098',1158,,10191,42,,,0
3019,'1198111',1027,,10192,42,,,0
3019,'1198119',1543,,10193,42,,,0
3019,'1198124',1428,,10194,42,,,0
3019,'1198153',1927,,10195,42,,,0
3019,'1198229',1528,,10196,42,,,0
3019,'1198237',1658,,10197,42,,,0
3019,'1198265',2127,,10198,42,,,0
3019,'1198278',1957,,10199,42,,,0
3019,'1198430',1643,,10200,42,,,0
3019,'1198432',1827,,10201,42,,,0
3019,'1198501',1728,,10202,42,,,0
3019,'1198514',658,,10203,42,,,0
3019,'1198654',1743,,10204,42,,,0
3019,'1198677',843,,10205,42,,,0
3019,'1198680',828,,10206,42,,,0
3019,'1198689',2417,,10207,42,,,0
3019,'1198691',1758,,10208,42,,,0
3019,'1198742',2227,,10209,42,,,0
3019,'1198777',1428,,10210,42,,,0
3019,'1198788',743,,10211,42,,,0
3019,'1198845',1043,,10212,42,,,0
3019,'1198989',2143,,10213,42,,,0
3019,'1198991',1843,,10214,42,,,0
3019,'1199009',1343,,10215,42,,,0
3019,'1199035',1228,,10216,42,,,0
3019,'1199052',2043,,10217,42,,,0
3019,'1199066',1143,,10218,42,,,0
3019,'1199133',1328,,10219,42,,,0
3019,'1199262',2327,,10220,42,,,0
3019,'1199277',758,,10221,42,,,0
3019,'1199346',1328,,10222,42,,,0
3019,'1199408',2057,,10223,42,,,0
3019,'1199412',1443,,10224,42,,,0
3019,'1199440',2327,,10225,42,,,0
3019,'1199509',827,,10226,42,,,0
3019,'1199597',629,,10227,12,,,0
3019,'1199600',1943,,10228,42,,,0
3019,'1199612',1128,,10229,42,,,0
4019,'1197123',722,,10299,24,,,0
4019,'1197392',1521,,10300,24,,,0
4019,'1197520',922,,10301,24,,,0
4019,'1197788',1551,,10302,24,,,0
4019,'1197874',1351,,10303,24,,,0
4019,'1198006',852,,10304,24,,,0
4019,'1198332',1751,,10305,24,,,0
4019,'1198394',1451,,10306,24,,,0
4019,'1198409',822,,10307,24,,,0
4019,'1198799',1421,,10308,24,,,0
4019,'1198924',1721,,10309,24,,,0
4019,'1199002',951,,10310,24,,,0
4019,'1199239',1621,,10311,24,,,0
4019,'1199517',753,,10312,24,,,0
4019,'1199645',1651,,10313,24,,,0
