29029,'1196899',1235,,11779,3,,,0
29029,'1197015',1550,,11780,3,,,0
29029,'1197158',835,,11781,3,,,0
29029,'1197161',2035,,11782,3,,,0
29029,'1197340',950,,11783,3,,,0
29029,'1197455',1035,,11784,3,,,0
29029,'1197503',1335,,11785,3,,,0
29029,'1197514',1450,,11786,3,,,0
29029,'1197579',2235,,11787,3,,,0
29029,'1197580',2335,,11788,3,,,0
29029,'1197733',1050,,11789,3,,,0
29029,'1197827',1735,,11790,3,,,0
29029,'1198085',1635,,11791,3,,,0
29029,'1198192',1250,,11792,3,,,0
29029,'1198245',1150,,11793,3,,,0
29029,'1198309',935,,11794,3,,,0
29029,'1198331',2135,,11795,3,,,0
29029,'1198551',1835,,11796,3,,,0
29029,'1198575',1350,,11797,3,,,0
29029,'1198844',1535,,11798,3,,,0
29029,'1199028',735,,11799,3,,,0
29029,'1199153',1435,,11800,3,,,0
29029,'1199188',1135,,11801,3,,,0
29029,'1199343',1935,,11802,3,,,0
190001029,'1196847',1110,,12633,14,,,0
190001029,'1196850',1323,,12634,14,,,0
190001029,'1196860',1755,,12635,14,,,0
190001029,'1196897',1642,,12636,14,,,0
190001029,'1196906',1740,,12637,14,,,0
190001029,'1196908',1355,,12638,14,,,0
190001029,'1196953',1210,,12639,14,,,0
190001029,'1196957',1240,,12640,14,,,0
190001029,'1196963',1625,,12641,14,,,0
190001029,'1197018',1357,,12642,14,,,0
190001029,'1197048',2400,,12643,14,,,0
190001029,'1197052',1740,,12644,14,,,0
190001029,'1197074',1312,,12645,14,,,0
190001029,'1197089',1825,,12646,14,,,0
190001029,'1197125',710,,12647,14,,,0
190001029,'1197135',1542,,12648,14,,,0
190001029,'1197148',1023,,12649,14,,,0
190001029,'1197153',1040,,12650,14,,,0
190001029,'1197176',1425,,12651,14,,,0
190001029,'1197177',2025,,12652,14,,,0
190001029,'1197199',1412,,12653,14,,,0
190001029,'1197224',1525,,12654,14,,,0
190001029,'1197245',1527,,12655,14,,,0
190001029,'1197247',2310,,12656,14,,,0
190001029,'1197252',1523,,12657,14,,,0
190001029,'1197260',1840,,12658,14,,,0
190001029,'1197284',1155,,12659,14,,,0
190001029,'1197289',655,,12660,14,,,0
190001029,'1197291',1257,,12661,14,,,0
190001029,'1197301',1325,,12662,14,,,0
190001029,'1197338',1657,,12663,14,,,0
190001029,'1197391',1825,,12664,14,,,0
190001029,'1197396',1112,,12665,14,,,0
190001029,'1197428',2010,,12666,14,,,0
190001029,'1197434',1455,,12667,14,,,0
190001029,'1197476',1125,,12668,14,,,0
190001029,'1197511',1510,,12669,14,,,0
190001029,'1197533',1410,,12670,14,,,0
190001029,'1197582',1627,,12671,14,,,0
190001029,'1197659',1612,,12672,14,,,0
190001029,'1197668',823,,12673,14,,,0
190001029,'1197682',1140,,12674,14,,,0
190001029,'1197683',2040,,12675,14,,,0
190001029,'1197684',1157,,12676,14,,,0
190001029,'1197778',1142,,12677,14,,,0
190001029,'1197833',1457,,12678,14,,,0
190001029,'1197836',1342,,12679,14,,,0
190001029,'1197848',2110,,12680,14,,,0
190001029,'1197886',1442,,12681,14,,,0
190001029,'1197890',755,,12682,14,,,0
190001029,'1197905',1012,,12683,14,,,0
190001029,'1197913',2210,,12684,14,,,0
190001029,'1197921',1255,,12685,14,,,0
190001029,'1197922',955,,12686,14,,,0
190001029,'1197992',1557,,12687,14,,,0
190001029,'1197993',910,,12688,14,,,0
190001029,'1198050',610,,12689,14,,,0
190001029,'1198051',1823,,12690,14,,,0
190001029,'1198052',840,,12691,14,,,0
190001029,'1198054',1423,,12692,14,,,0
190001029,'1198082',1655,,12693,14,,,0
190001029,'1198095',1925,,12694,14,,,0
190001029,'1198106',2240,,12695,14,,,0
190001029,'1198117',723,,12696,14,,,0
190001029,'1198128',1123,,12697,14,,,0
190001029,'1198174',940,,12698,14,,,0
190001029,'1198223',2323,,12699,14,,,0
190001029,'1198252',1427,,12700,14,,,0
190001029,'1198272',810,,12701,14,,,0
190001029,'1198293',1727,,12702,14,,,0
190001029,'1198306',855,,12703,14,,,0
190001029,'1198323',740,,12704,14,,,0
190001029,'1198373',1242,,12705,14,,,0
190001029,'1198398',2340,,12706,14,,,0
190001029,'1198415',923,,12707,14,,,0
190001029,'1198446',1810,,12708,14,,,0
190001029,'1198450',1755,,12709,14,,,0
190001029,'1198459',740,,12710,14,,,0
190001029,'1198491',2040,,12711,14,,,0
190001029,'1198504',840,,12712,14,,,0
190001029,'1198519',2340,,12713,14,,,0
190001029,'1198527',640,,12714,14,,,0
190001029,'1198576',2123,,12715,14,,,0
190001029,'1198589',2310,,12716,14,,,0
190001029,'1198594',810,,12717,14,,,0
190001029,'1198620',2223,,12718,14,,,0
190001029,'1198634',1440,,12719,14,,,0
190001029,'1198641',710,,12720,14,,,0
190001029,'1198687',1055,,12721,14,,,0
190001029,'1198747',925,,12722,14,,,0
190001029,'1198758',2055,,12723,14,,,0
190001029,'1198798',1710,,12724,14,,,0
190001029,'1198839',1840,,12725,14,,,0
190001029,'1198853',2140,,12726,14,,,0
190001029,'1198897',1555,,12727,14,,,0
190001029,'1198906',2110,,12728,14,,,0
190001029,'1198916',1712,,12729,14,,,0
190001029,'1198939',1810,,12730,14,,,0
190001029,'1198946',2240,,12731,14,,,0
190001029,'1198952',1923,,12732,14,,,0
190001029,'1198977',2125,,12733,14,,,0
190001029,'1198982',1723,,12734,14,,,0
190001029,'1199067',1940,,12735,14,,,0
190001029,'1199081',1127,,12736,14,,,0
190001029,'1199082',725,,12737,14,,,0
190001029,'1199103',1725,,12738,14,,,0
190001029,'1199165',1340,,12739,14,,,0
190001029,'1199204',1225,,12740,14,,,0
190001029,'1199210',1955,,12741,14,,,0
190001029,'1199221',1212,,12742,14,,,0
190001029,'1199226',1940,,12743,14,,,0
190001029,'1199256',1223,,12744,14,,,0
190001029,'1199270',1327,,12745,14,,,0
190001029,'1199289',1027,,12746,14,,,0
190001029,'1199303',640,,12747,14,,,0
190001029,'1199322',1057,,12748,14,,,0
190001029,'1199332',940,,12749,14,,,0
190001029,'1199345',1025,,12750,14,,,0
190001029,'1199364',1512,,12751,14,,,0
190001029,'1199390',1042,,12752,14,,,0
190001029,'1199391',1227,,12753,14,,,0
190001029,'1199399',1310,,12754,14,,,0
190001029,'1199406',1540,,12755,14,,,0
190001029,'1199432',1010,,12756,14,,,0
190001029,'1199451',955,,12757,14,,,0
190001029,'1199467',1910,,12758,14,,,0
190001029,'1199482',1640,,12759,14,,,0
190001029,'1199489',625,,12760,14,,,0
190001029,'1199514',1910,,12761,14,,,0
190001029,'1199524',2210,,12762,14,,,0
190001029,'1199526',2023,,12763,14,,,0
190001029,'1199555',825,,12764,14,,,0
190001029,'1199558',1623,,12765,14,,,0
190001029,'1199571',2010,,12766,14,,,0
190001029,'1199594',1610,,12767,14,,,0
190001029,'1199596',2140,,12768,14,,,0
190001029,'1199644',910,,12769,14,,,0
190001029,'1199650',1855,,12770,14,,,0
