11019,'1196876',1500,,10548,18,,,0
11019,'1196884',1300,,10549,22,,,0
11019,'1196914',1143,,10550,22,,,0
11019,'1196958',802,,10551,22,,,0
11019,'1197000',1300,,10552,18,,,0
11019,'1197070',1900,,10553,18,,,0
11019,'1197071',1842,,10554,22,,,0
11019,'1197114',928,,10555,22,,,0
11019,'1197185',2300,,10556,18,,,0
11019,'1197191',1500,,10557,22,,,0
11019,'1197229',1415,,10558,22,,,0
11019,'1197234',1714,,10559,22,,,0
11019,'1197264',1745,,10560,22,,,0
11019,'1197274',943,,10561,22,,,0
11019,'1197327',1344,,10562,22,,,0
11019,'1197343',743,,10563,22,,,0
11019,'1197351',1600,,10564,18,,,0
11019,'1197398',1830,,10565,22,,,0
11019,'1197412',2312,,10566,22,,,0
11019,'1197422',1645,,10567,22,,,0
11019,'1197446',2400,,10568,18,,,0
11019,'1197463',713,,10569,22,,,0
11019,'1197502',628,,10570,22,,,0
11019,'1197519',758,,10571,22,,,0
11019,'1197564',2302,,10572,22,,,0
11019,'1197573',1400,,10573,18,,,0
11019,'1197695',1113,,10574,22,,,0
11019,'1197696',813,,10575,22,,,0
11019,'1197753',900,,10576,18,,,0
11019,'1197763',1530,,10577,22,,,0
11019,'1197795',2042,,10578,22,,,0
11019,'1197832',1630,,10579,22,,,0
11019,'1197875',2429,,10580,22,,,0
11019,'1197917',2402,,10581,22,,,0
11019,'1197925',1128,,10582,22,,,0
11019,'1197934',1544,,10583,22,,,0
11019,'1197978',1912,,10584,22,,,0
11019,'1197990',1444,,10585,22,,,0
11019,'1198012',858,,10586,22,,,0
11019,'1198053',1002,,10587,22,,,0
11019,'1198076',2012,,10588,22,,,0
11019,'1198113',2112,,10589,22,,,0
11019,'1198146',2242,,10590,22,,,0
11019,'1198266',2002,,10591,22,,,0
11019,'1198296',1700,,10592,18,,,0
11019,'1198337',913,,10593,22,,,0
11019,'1198341',1202,,10594,22,,,0
11019,'1198362',2200,,10595,18,,,0
11019,'1198405',1902,,10596,22,,,0
11019,'1198419',1515,,10597,22,,,0
11019,'1198470',1315,,10598,22,,,0
11019,'1198493',1815,,10599,22,,,0
11019,'1198506',1102,,10600,22,,,0
11019,'1198543',1028,,10601,22,,,0
11019,'1198548',1615,,10602,22,,,0
11019,'1198573',1158,,10603,22,,,0
11019,'1198590',2000,,10604,18,,,0
11019,'1198610',1600,,10605,22,,,0
11019,'1198623',702,,10606,22,,,0
11019,'1198660',1314,,10607,22,,,0
11019,'1198662',1800,,10608,18,,,0
11019,'1198696',1445,,10609,22,,,0
11019,'1198771',1514,,10610,22,,,0
11019,'1198808',958,,10611,22,,,0
11019,'1198843',2100,,10612,18,,,0
11019,'1198927',1058,,10613,22,,,0
11019,'1198951',1730,,10614,22,,,0
11019,'1198978',1942,,10615,22,,,0
11019,'1199022',1242,,10616,22,,,0
11019,'1199024',2202,,10617,22,,,0
11019,'1199026',2212,,10618,22,,,0
11019,'1199059',1614,,10619,22,,,0
11019,'1199060',1400,,10620,22,,,0
11019,'1199064',1814,,10621,22,,,0
11019,'1199091',800,,10622,18,,,0
11019,'1199100',2142,,10623,22,,,0
11019,'1199118',1715,,10624,22,,,0
11019,'1199132',658,,10625,22,,,0
11019,'1199143',1744,,10626,22,,,0
11019,'1199154',1430,,10627,22,,,0
11019,'1199177',1700,,10628,22,,,0
11019,'1199180',2102,,10629,22,,,0
11019,'1199214',728,,10630,22,,,0
11019,'1199225',1545,,10631,22,,,0
11019,'1199227',1200,,10632,18,,,0
11019,'1199229',1414,,10633,22,,,0
11019,'1199253',1000,,10634,18,,,0
11019,'1199301',2339,,10635,22,,,0
11019,'1199306',1100,,10636,18,,,0
11019,'1199370',1800,,10637,22,,,0
11019,'1199376',843,,10638,22,,,0
11019,'1199394',902,,10639,22,,,0
11019,'1199403',828,,10640,22,,,0
11019,'1199410',1213,,10641,22,,,0
11019,'1199462',2409,,10642,22,,,0
11019,'1199476',1013,,10643,22,,,0
11019,'1199496',1330,,10644,22,,,0
11019,'1199508',1228,,10645,22,,,0
11019,'1199591',1644,,10646,22,,,0
11019,'1199603',1245,,10647,22,,,0
11019,'1199619',1043,,10648,22,,,0
11019,'1199623',1345,,10649,22,,,0
