105019,'1196946',848,,12117,10,,,0
105019,'1197049',1754,,12118,10,,,0
105019,'1197077',534,,12119,10,,,0
105019,'1197115',1139,,12120,10,,,0
105019,'1197131',648,,12121,10,,,0
105019,'1197173',1150,,12122,10,,,0
105019,'1197181',1007,,12123,10,,,0
105019,'1197192',2134,,12124,10,,,0
105019,'1197197',1439,,12125,10,,,0
105019,'1197292',1250,,12126,10,,,0
105019,'1197296',1539,,12127,10,,,0
105019,'1197531',1350,,12128,10,,,0
105019,'1197548',1904,,12129,10,,,0
105019,'1197557',1550,,12130,10,,,0
105019,'1197588',807,,12131,10,,,0
105019,'1197596',2034,,12132,10,,,0
105019,'1197617',1450,,12133,10,,,0
105019,'1197633',1207,,12134,10,,,0
105019,'1197710',736,,12135,10,,,0
105019,'1197779',1724,,12136,10,,,0
105019,'1197825',1354,,12137,10,,,0
105019,'1197971',1039,,12138,10,,,0
105019,'1198112',604,,12139,10,,,0
105019,'1198338',1050,,12140,10,,,0
105019,'1198380',2207,,12141,10,,,0
105019,'1198385',1654,,12142,10,,,0
105019,'1198553',1254,,12143,10,,,0
105019,'1198560',2007,,12144,10,,,0
105019,'1198571',1607,,12145,10,,,0
105019,'1198621',706,,12146,10,,,0
105019,'1198667',936,,12147,10,,,0
105019,'1198717',1509,,12148,10,,,0
105019,'1198741',836,,12149,10,,,0
105019,'1198746',1824,,12150,10,,,0
105019,'1198889',634,,12151,10,,,0
105019,'1199004',1407,,12152,10,,,0
105019,'1199054',1609,,12153,10,,,0
105019,'1199098',806,,12154,10,,,0
105019,'1199298',2334,,12155,10,,,0
105019,'1199347',2248,,12156,10,,,0
105019,'1199383',2234,,12157,10,,,0
105019,'1199400',1650,,12158,10,,,0
105019,'1199461',1807,,12159,10,,,0
105019,'1199511',1750,,12160,10,,,0
105019,'1199546',2048,,12161,10,,,0
105019,'1199574',1850,,12162,10,,,0
