28019,'1196931',2340,,11637,15,,,0
28019,'1196961',1000,,11638,15,,,0
28019,'1197034',1140,,11640,15,,,0
28019,'1197242',1540,,11643,15,,,0
28019,'1197295',1400,,11645,15,,,0
28019,'1197458',1940,,11648,15,,,0
28019,'1197551',900,,11651,15,,,0
28019,'1197718',2140,,11653,15,,,0
28019,'1197726',1800,,11654,15,,,0
28019,'1197861',1840,,11656,15,,,0
28019,'1197862',1240,,11657,15,,,0
28019,'1198022',700,,11658,15,,,0
28019,'1198061',2100,,11659,15,,,0
28019,'1198096',1440,,11660,15,,,0
28019,'1198110',1200,,11661,15,,,0
28019,'1198319',2000,,11662,15,,,0
28019,'1198329',1640,,11663,15,,,0
28019,'1198345',1500,,11665,15,,,0
28019,'1198414',1100,,11666,15,,,0
28019,'1198454',1040,,11667,15,,,0
28019,'1198522',1600,,11668,15,,,0
28019,'1198672',940,,11670,15,,,0
28019,'1198739',2200,,11671,15,,,0
28019,'1198919',740,,11676,15,,,0
28019,'1198968',1300,,11678,15,,,0
28019,'1199033',2400,,11679,15,,,0
28019,'1199206',2040,,11682,15,,,0
28019,'1199243',2300,,11683,15,,,0
28019,'1199296',1900,,11684,15,,,0
28019,'1199344',1740,,11686,15,,,0
28019,'1199417',1700,,11688,15,,,0
28019,'1199450',840,,11690,15,,,0
28019,'1199529',1340,,11691,15,,,0
28019,'1199584',800,,11694,15,,,0
28019,'1199602',2240,,11695,15,,,0
28019,'1199775',1745,,12871,15,,,0
28019,'1199776',1715,,12872,15,,,0
28019,'1199784',1815,,12873,15,,,0
28019,'1199803',715,,12874,15,,,0
28019,'1199807',2015,,12875,15,,,0
28019,'1199817',2215,,12876,15,,,0
28019,'1199832',2315,,12877,15,,,0
28019,'1199835',1515,,12878,15,,,0
28019,'1199837',1645,,12879,15,,,0
28019,'1199842',1845,,12880,15,,,0
28019,'1199845',915,,12881,15,,,0
28019,'1199851',815,,12882,15,,,0
28019,'1199859',1915,,12883,15,,,0
28019,'1199861',845,,12884,15,,,0
28019,'1199868',1419,,12885,15,,,0
28019,'1199872',645,,12886,15,,,0
28019,'1199880',1315,,12887,15,,,0
28019,'1199885',745,,12888,15,,,0
28019,'1199887',1215,,12889,15,,,0
28019,'1199894',1615,,12890,15,,,0
28019,'1199897',615,,12891,15,,,0
28019,'1199900',2115,,12892,15,,,0
28019,'1199908',1015,,12893,15,,,0
28019,'1199917',1115,,12894,15,,,0
