29019,'1196845',1229,,11755,12,,,0
29019,'1197023',944,,11756,12,,,0
29019,'1197248',1928,,11757,12,,,0
29019,'1197445',1144,,11758,12,,,0
29019,'1197468',1444,,11759,12,,,0
29019,'1197869',1129,,11760,12,,,0
29019,'1197959',928,,11761,12,,,0
29019,'1198305',1244,,11762,12,,,0
29019,'1198397',1544,,11763,12,,,0
29019,'1198428',828,,11764,12,,,0
29019,'1198456',2328,,11765,12,,,0
29019,'1198533',1529,,11766,12,,,0
29019,'1198557',2128,,11767,12,,,0
29019,'1198961',1629,,11768,12,,,0
29019,'1199000',1828,,11769,12,,,0
29019,'1199017',1429,,11770,12,,,0
29019,'1199038',728,,11771,12,,,0
29019,'1199080',1729,,11772,12,,,0
29019,'1199158',2028,,11773,12,,,0
29019,'1199278',1044,,11774,12,,,0
29019,'1199317',1344,,11775,12,,,0
29019,'1199409',1029,,11776,12,,,0
29019,'1199455',2228,,11777,12,,,0
29019,'1199486',1329,,11778,12,,,0
