12019,'1196839',2122,,10650,10,,,0
12019,'1196874',1123,,10651,10,,,0
12019,'1196885',1623,,10652,10,,,0
12019,'1196887',1553,,10653,10,,,0
12019,'1196940',1323,,10654,10,,,0
12019,'1196983',1922,,10655,10,,,0
12019,'1197026',2222,,10656,10,,,0
12019,'1197080',1822,,10657,10,,,0
12019,'1197104',1852,,10658,10,,,0
12019,'1197223',1753,,10659,10,,,0
12019,'1197306',1153,,10660,10,,,0
12019,'1197322',752,,10661,10,,,0
12019,'1197334',1623,,10662,10,,,0
12019,'1197339',1752,,10663,10,,,0
12019,'1197433',952,,10664,10,,,0
12019,'1197490',1653,,10665,10,,,0
12019,'1197525',1553,,10666,10,,,0
12019,'1197602',852,,10667,10,,,0
12019,'1197615',1223,,10668,10,,,0
12019,'1197664',1753,,10669,10,,,0
12019,'1197701',2352,,10670,10,,,0
12019,'1197765',2352,,10671,10,,,0
12019,'1197813',1053,,10672,10,,,0
12019,'1197824',1252,,10673,10,,,0
12019,'1197891',2052,,10674,10,,,0
12019,'1197911',1952,,10675,10,,,0
12019,'1197945',1852,,10676,10,,,0
12019,'1197989',1453,,10677,10,,,0
12019,'1197991',1152,,10678,10,,,0
12019,'1198031',652,,10679,10,,,0
12019,'1198072',1352,,10680,10,,,0
12019,'1198097',1552,,10681,10,,,0
12019,'1198121',1653,,10682,10,,,0
12019,'1198127',1053,,10683,10,,,0
12019,'1198171',2152,,10684,10,,,0
12019,'1198224',2252,,10685,10,,,0
12019,'1198250',1323,,10686,10,,,0
12019,'1198260',1423,,10687,10,,,0
12019,'1198263',922,,10688,10,,,0
12019,'1198283',1523,,10689,10,,,0
12019,'1198358',1452,,10690,10,,,0
12019,'1198421',852,,10691,10,,,0
12019,'1198427',1223,,10692,10,,,0
12019,'1198442',1723,,10693,10,,,0
12019,'1198497',2152,,10694,10,,,0
12019,'1198582',852,,10695,10,,,0
12019,'1198588',622,,10696,10,,,0
12019,'1198592',1723,,10697,10,,,0
12019,'1198618',1052,,10698,10,,,0
12019,'1198712',1153,,10699,10,,,0
12019,'1198727',1353,,10700,10,,,0
12019,'1198773',1353,,10701,10,,,0
12019,'1198774',1123,,10702,10,,,0
12019,'1198819',2322,,10703,10,,,0
12019,'1198842',952,,10704,10,,,0
12019,'1198884',1952,,10705,10,,,0
12019,'1198912',752,,10706,10,,,0
12019,'1198945',952,,10707,10,,,0
12019,'1199167',722,,10708,10,,,0
12019,'1199197',2052,,10709,10,,,0
12019,'1199223',1253,,10710,10,,,0
12019,'1199224',654,,10711,10,,,0
12019,'1199251',1022,,10712,10,,,0
12019,'1199291',1523,,10713,10,,,0
12019,'1199315',1253,,10714,10,,,0
12019,'1199416',2252,,10715,10,,,0
12019,'1199495',1423,,10716,10,,,0
12019,'1199513',822,,10717,10,,,0
12019,'1199578',1453,,10718,10,,,0
12019,'1199610',2022,,10719,10,,,0
12019,'1199616',752,,10720,10,,,0
12019,'1199625',1652,,10721,10,,,0
