105019,'1196946',902,,12117,35,,,0
105019,'1197049',1810,,12118,35,,,0
105019,'1197077',549,,12119,35,,,0
105019,'1197115',1155,,12120,35,,,0
105019,'1197131',702,,12121,35,,,0
105019,'1197173',1204,,12122,35,,,0
105019,'1197181',1021,,12123,35,,,0
105019,'1197192',2149,,12124,35,,,0
105019,'1197197',1455,,12125,35,,,0
105019,'1197292',1304,,12126,35,,,0
105019,'1197296',1555,,12127,35,,,0
105019,'1197531',1404,,12128,35,,,0
105019,'1197548',1919,,12129,35,,,0
105019,'1197557',1604,,12130,35,,,0
105019,'1197588',821,,12131,35,,,0
105019,'1197596',2049,,12132,35,,,0
105019,'1197617',1504,,12133,35,,,0
105019,'1197633',1221,,12134,35,,,0
105019,'1197710',752,,12135,35,,,0
105019,'1197779',1740,,12136,35,,,0
105019,'1197825',1410,,12137,35,,,0
105019,'1197971',1055,,12138,35,,,0
105019,'1198112',619,,12139,35,,,0
105019,'1198338',1104,,12140,35,,,0
105019,'1198380',2221,,12141,35,,,0
105019,'1198385',1710,,12142,35,,,0
105019,'1198553',1310,,12143,35,,,0
105019,'1198560',2021,,12144,35,,,0
105019,'1198571',1621,,12145,35,,,0
105019,'1198621',722,,12146,35,,,0
105019,'1198667',952,,12147,35,,,0
105019,'1198717',1525,,12148,35,,,0
105019,'1198741',852,,12149,35,,,0
105019,'1198746',1840,,12150,35,,,0
105019,'1198889',649,,12151,35,,,0
105019,'1199004',1421,,12152,35,,,0
105019,'1199054',1625,,12153,35,,,0
105019,'1199098',822,,12154,35,,,0
105019,'1199298',2349,,12155,35,,,0
105019,'1199347',2302,,12156,35,,,0
105019,'1199383',2249,,12157,35,,,0
105019,'1199400',1704,,12158,35,,,0
105019,'1199461',1821,,12159,35,,,0
105019,'1199511',1804,,12160,35,,,0
105019,'1199546',2102,,12161,35,,,0
105019,'1199574',1904,,12162,35,,,0
