12029,'1196881',1135,,10722,32,,,0
12029,'1196886',1705,,10723,32,,,0
12029,'1196921',834,,10724,32,,,0
12029,'1196925',1635,,10725,32,,,0
12029,'1197005',2410,,10726,32,,,0
12029,'1197009',2335,,10727,32,,,0
12029,'1197092',1805,,10728,32,,,0
12029,'1197112',905,,10729,32,,,0
12029,'1197136',2305,,10730,32,,,0
12029,'1197164',735,,10731,32,,,0
12029,'1197202',1535,,10732,32,,,0
12029,'1197246',1405,,10733,32,,,0
12029,'1197415',1105,,10734,32,,,0
12029,'1197416',1535,,10735,32,,,0
12029,'1197484',1934,,10736,32,,,0
12029,'1197496',2205,,10737,32,,,0
12029,'1197608',1205,,10738,32,,,0
12029,'1197678',1834,,10739,32,,,0
12029,'1197742',1335,,10740,32,,,0
12029,'1197777',2334,,10741,32,,,0
12029,'1197790',2235,,10742,32,,,0
12029,'1197947',1734,,10743,32,,,0
12029,'1198008',1405,,10744,32,,,0
12029,'1198017',1905,,10745,32,,,0
12029,'1198020',1735,,10746,32,,,0
12029,'1198024',935,,10747,32,,,0
12029,'1198092',1835,,10748,32,,,0
12029,'1198139',1605,,10749,32,,,0
12029,'1198185',1205,,10750,32,,,0
12029,'1198205',835,,10751,32,,,0
12029,'1198239',1005,,10752,32,,,0
12029,'1198318',734,,10753,32,,,0
12029,'1198336',1135,,10754,32,,,0
12029,'1198360',1034,,10755,32,,,0
12029,'1198400',735,,10756,32,,,0
12029,'1198511',2234,,10757,32,,,0
12029,'1198528',1534,,10758,32,,,0
12029,'1198538',1435,,10759,32,,,0
12029,'1198556',2105,,10760,32,,,0
12029,'1198681',1935,,10761,32,,,0
12029,'1198731',2035,,10762,32,,,0
12029,'1198732',1335,,10763,32,,,0
12029,'1198745',2134,,10764,32,,,0
12029,'1198748',934,,10765,32,,,0
12029,'1198775',1035,,10766,32,,,0
12029,'1198818',1735,,10767,32,,,0
12029,'1198856',1134,,10768,32,,,0
12029,'1198877',1305,,10769,32,,,0
12029,'1198898',835,,10770,32,,,0
12029,'1198947',635,,10771,32,,,0
12029,'1198959',1235,,10772,32,,,0
12029,'1198976',1705,,10773,32,,,0
12029,'1199093',1505,,10774,32,,,0
12029,'1199207',1505,,10775,32,,,0
12029,'1199281',1334,,10776,32,,,0
12029,'1199325',1635,,10777,32,,,0
12029,'1199340',1105,,10778,32,,,0
12029,'1199357',1435,,10779,32,,,0
12029,'1199382',805,,10780,32,,,0
12029,'1199384',935,,10781,32,,,0
12029,'1199423',2005,,10782,32,,,0
12029,'1199437',1434,,10783,32,,,0
12029,'1199445',2034,,10784,32,,,0
12029,'1199457',1634,,10785,32,,,0
12029,'1199487',1035,,10786,32,,,0
12029,'1199500',705,,10787,32,,,0
12029,'1199501',1605,,10788,32,,,0
12029,'1199531',1235,,10789,32,,,0
12029,'1199556',2135,,10790,32,,,0
12029,'1199590',1305,,10791,32,,,0
12029,'1199639',1234,,10792,32,,,0
23029,'1196989',1518,,11178,4,,,0
23029,'1197720',917,,11179,4,,,0
23029,'1197799',947,,11180,4,,,0
23029,'1197902',1319,,11181,4,,,0
23029,'1198145',1718,,11182,4,,,0
23029,'1198600',1118,,11183,4,,,0
23029,'1199027',1349,,11184,4,,,0
23029,'1199095',1550,,11185,4,,,0
23029,'1199388',1149,,11186,4,,,0
