13019,'1196852',1335,,10793,26,,,0
13019,'1196856',1733,,10794,26,,,0
13019,'1196999',934,,10796,26,,,0
13019,'1197035',633,,10797,26,,,0
13019,'1197132',1505,,10798,26,,,0
13019,'1197251',1605,,10799,26,,,0
13019,'1197279',733,,10800,26,,,0
13019,'1197353',2303,,10801,26,,,0
13019,'1197357',1833,,10802,26,,,0
13019,'1197451',2233,,10803,26,,,0
13019,'1197487',834,,10804,26,,,0
13019,'1197555',1635,,10805,26,,,0
13019,'1197570',933,,10806,26,,,0
13019,'1197575',1633,,10807,26,,,0
13019,'1197641',2033,,10808,26,,,0
13019,'1197645',1705,,10809,26,,,0
13019,'1197648',703,,10810,26,,,0
13019,'1197690',1633,,10811,26,,,0
13019,'1197692',1735,,10812,26,,,0
13019,'1197730',1435,,10813,26,,,0
13019,'1197762',2408,,10814,26,,,0
13019,'1197803',733,,10815,26,,,0
13019,'1197834',1233,,10816,26,,,0
13019,'1197854',2033,,10817,26,,,0
13019,'1197962',1333,,10818,26,,,0
13019,'1197975',1036,,10819,26,,,0
13019,'1198041',1133,,10820,26,,,0
13019,'1198094',1803,,10821,26,,,0
13019,'1198160',833,,10822,26,,,0
13019,'1198201',1233,,10823,26,,,0
13019,'1198243',1833,,10824,26,,,0
13019,'1198290',2203,,10825,26,,,0
13019,'1198352',733,,10826,26,,,0
13019,'1198355',1903,,10827,26,,,0
13019,'1198382',803,,10828,26,,,0
13019,'1198402',2233,,10829,26,,,0
13019,'1198552',2133,,10830,26,,,0
13019,'1198554',1933,,10831,26,,,0
13019,'1198602',1133,,10832,26,,,0
13019,'1198611',2003,,10833,26,,,0
13019,'1198630',1535,,10834,26,,,0
13019,'1198675',1235,,10835,26,,,0
13019,'1198716',1033,,10837,26,,,0
13019,'1198729',1003,,10838,26,,,0
13019,'1198761',1333,,10839,26,,,0
13019,'1198778',933,,10840,26,,,0
13019,'1198837',2333,,10841,26,,,0
13019,'1198874',1135,,10842,26,,,0
13019,'1198888',904,,10843,26,,,0
13019,'1199044',833,,10844,26,,,0
13019,'1199123',1033,,10845,26,,,0
13019,'1199151',1433,,10846,26,,,0
13019,'1199233',1433,,10847,26,,,0
13019,'1199276',1533,,10848,26,,,0
13019,'1199284',2103,,10849,26,,,0
13019,'1199418',1933,,10850,26,,,0
13019,'1199448',1733,,10851,26,,,0
13019,'1199536',2133,,10852,26,,,0
13019,'1199588',2333,,10853,26,,,0
13019,'1199631',1533,,10854,26,,,0
101029,'1196911',744,,11834,18,,,0
101029,'1197033',1827,,11835,18,,,0
101029,'1197060',844,,11836,18,,,0
101029,'1197096',1027,,11837,18,,,0
101029,'1197257',1044,,11838,18,,,0
101029,'1197272',1229,,11839,18,,,0
101029,'1197326',1546,,11840,18,,,0
101029,'1197581',2027,,11841,18,,,0
101029,'1197673',1429,,11842,18,,,0
101029,'1197747',2144,,11843,18,,,0
101029,'1197977',1629,,11844,18,,,0
101029,'1198059',629,,11845,18,,,0
101029,'1198116',1029,,11846,18,,,0
101029,'1198125',829,,11847,18,,,0
101029,'1198200',1227,,11848,18,,,0
101029,'1198251',944,,11849,18,,,0
101029,'1198346',827,,11850,18,,,0
101029,'1198498',2227,,11851,18,,,0
101029,'1198530',2229,,11852,18,,,0
101029,'1198631',1646,,11853,18,,,0
101029,'1198644',2404,,11854,18,,,0
101029,'1198710',1627,,11855,18,,,0
101029,'1198715',1744,,11856,18,,,0
101029,'1198953',2029,,11857,18,,,0
101029,'1198984',1346,,11858,18,,,0
101029,'1199108',1246,,11859,18,,,0
101029,'1199117',644,,11860,18,,,0
101029,'1199304',1829,,11861,18,,,0
101029,'1199366',1427,,11862,18,,,0
101029,'1199567',1944,,11863,18,,,0
101029,'1199585',1446,,11864,18,,,0
