13019,'1196852',1321,,10793,6,,,0
13019,'1196856',1720,,10794,6,,,0
13019,'1196999',920,,10796,6,,,0
13019,'1197035',620,,10797,6,,,0
13019,'1197132',1451,,10798,6,,,0
13019,'1197251',1551,,10799,6,,,0
13019,'1197279',721,,10800,6,,,0
13019,'1197353',2250,,10801,6,,,0
13019,'1197357',1821,,10802,6,,,0
13019,'1197451',2220,,10803,6,,,0
13019,'1197487',820,,10804,6,,,0
13019,'1197555',1621,,10805,6,,,0
13019,'1197570',921,,10806,6,,,0
13019,'1197575',1621,,10807,6,,,0
13019,'1197641',2021,,10808,6,,,0
13019,'1197645',1651,,10809,6,,,0
13019,'1197648',650,,10810,6,,,0
13019,'1197690',1620,,10811,6,,,0
13019,'1197692',1721,,10812,6,,,0
13019,'1197730',1421,,10813,6,,,0
13019,'1197762',2355,,10814,6,,,0
13019,'1197803',720,,10815,6,,,0
13019,'1197834',1220,,10816,6,,,0
13019,'1197854',2020,,10817,6,,,0
13019,'1197962',1320,,10818,6,,,0
13019,'1197975',1021,,10819,6,,,0
13019,'1198041',1120,,10820,6,,,0
13019,'1198094',1750,,10821,6,,,0
13019,'1198160',820,,10822,6,,,0
13019,'1198201',1221,,10823,6,,,0
13019,'1198243',1820,,10824,6,,,0
13019,'1198290',2150,,10825,6,,,0
13019,'1198352',720,,10826,6,,,0
13019,'1198355',1850,,10827,6,,,0
13019,'1198382',750,,10828,6,,,0
13019,'1198402',2221,,10829,6,,,0
13019,'1198552',2121,,10830,6,,,0
13019,'1198554',1920,,10831,6,,,0
13019,'1198602',1121,,10832,6,,,0
13019,'1198611',1950,,10833,6,,,0
13019,'1198630',1521,,10834,6,,,0
13019,'1198675',1221,,10835,6,,,0
13019,'1198716',1020,,10837,6,,,0
13019,'1198729',950,,10838,6,,,0
13019,'1198761',1321,,10839,6,,,0
13019,'1198778',920,,10840,6,,,0
13019,'1198837',2321,,10841,6,,,0
13019,'1198874',1121,,10842,6,,,0
13019,'1198888',850,,10843,6,,,0
13019,'1199044',821,,10844,6,,,0
13019,'1199123',1021,,10845,6,,,0
13019,'1199151',1421,,10846,6,,,0
13019,'1199233',1420,,10847,6,,,0
13019,'1199276',1520,,10848,6,,,0
13019,'1199284',2050,,10849,6,,,0
13019,'1199418',1921,,10850,6,,,0
13019,'1199448',1721,,10851,6,,,0
13019,'1199536',2120,,10852,6,,,0
13019,'1199588',2320,,10853,6,,,0
13019,'1199631',1521,,10854,6,,,0
101029,'1196911',735,,11834,6,,,0
101029,'1197033',1820,,11835,6,,,0
101029,'1197060',835,,11836,6,,,0
101029,'1197096',1020,,11837,6,,,0
101029,'1197257',1035,,11838,6,,,0
101029,'1197272',1220,,11839,6,,,0
101029,'1197326',1536,,11840,6,,,0
101029,'1197581',2020,,11841,6,,,0
101029,'1197673',1420,,11842,6,,,0
101029,'1197747',2135,,11843,6,,,0
101029,'1197977',1620,,11844,6,,,0
101029,'1198059',620,,11845,6,,,0
101029,'1198116',1020,,11846,6,,,0
101029,'1198125',820,,11847,6,,,0
101029,'1198200',1220,,11848,6,,,0
101029,'1198251',935,,11849,6,,,0
101029,'1198346',820,,11850,6,,,0
101029,'1198498',2220,,11851,6,,,0
101029,'1198530',2220,,11852,6,,,0
101029,'1198631',1636,,11853,6,,,0
101029,'1198644',2355,,11854,6,,,0
101029,'1198710',1620,,11855,6,,,0
101029,'1198715',1735,,11856,6,,,0
101029,'1198953',2020,,11857,6,,,0
101029,'1198984',1336,,11858,6,,,0
101029,'1199108',1236,,11859,6,,,0
101029,'1199117',635,,11860,6,,,0
101029,'1199304',1820,,11861,6,,,0
101029,'1199366',1420,,11862,6,,,0
101029,'1199567',1935,,11863,6,,,0
101029,'1199585',1436,,11864,6,,,0
