104019,'1196891',2328,,12027,10,,,0
104019,'1197169',2404,,12028,10,,,0
104019,'1197256',1332,,12029,10,,,0
104019,'1197286',2128,,12030,10,,,0
104019,'1197298',1202,,12031,10,,,0
104019,'1197387',2229,,12032,10,,,0
104019,'1197452',1959,,12033,10,,,0
104019,'1197544',914,,12034,10,,,0
104019,'1197547',1229,,12035,10,,,0
104019,'1197640',1528,,12036,10,,,0
104019,'1197714',1759,,12037,10,,,0
104019,'1197725',2059,,12038,10,,,0
104019,'1197761',728,,12039,10,,,0
104019,'1197801',959,,12040,10,,,0
104019,'1197820',759,,12042,10,,,0
104019,'1197873',614,,12043,10,,,0
104019,'1197937',1459,,12044,10,,,0
104019,'1198060',1728,,12045,10,,,0
104019,'1198073',2344,,12046,10,,,0
104019,'1198077',2229,,12047,10,,,0
104019,'1198194',1117,,12048,10,,,0
104019,'1198253',1128,,12049,10,,,0
104019,'1198313',1502,,12050,10,,,0
104019,'1198322',1614,,12051,10,,,0
104019,'1198353',1247,,12052,10,,,0
104019,'1198411',928,,12053,10,,,0
104019,'1198567',1729,,12055,10,,,0
104019,'1198664',844,,12056,10,,,0
104019,'1198683',1344,,12057,10,,,0
104019,'1198738',1929,,12058,10,,,0
104019,'1198750',1928,,12059,10,,,0
104019,'1198780',844,,12060,10,,,0
104019,'1198913',1417,,12061,10,,,0
104019,'1198958',644,,12062,10,,,0
104019,'1199185',729,,12064,10,,,0
104019,'1199190',1114,,12065,10,,,0
104019,'1199331',1328,,12066,10,,,0
104019,'1199407',1844,,12067,10,,,0
104019,'1199459',1714,,12068,10,,,0
104019,'1199490',1632,,12069,10,,,0
104019,'1199539',959,,12070,10,,,0
104019,'1199564',729,,12071,10,,,0
104019,'1199583',1547,,12072,10,,,0
104019,'1199617',2114,,12073,10,,,0
