105029,'1196840',2309,,12163,35,,,0
105029,'1196987',1024,,12164,35,,,0
105029,'1196996',1655,,12165,35,,,0
105029,'1197020',1540,,12166,35,,,0
105029,'1197097',1755,,12167,35,,,0
105029,'1197137',2022,,12168,35,,,0
105029,'1197220',2009,,12169,35,,,0
105029,'1197228',1510,,12170,35,,,0
105029,'1197231',739,,12171,35,,,0
105029,'1197439',1140,,12172,35,,,0
105029,'1197501',1940,,12173,35,,,0
105029,'1197522',2140,,12174,35,,,0
105029,'1197561',1010,,12175,35,,,0
105029,'1197638',940,,12176,35,,,0
105029,'1197840',2109,,12177,35,,,0
105029,'1197853',2209,,12178,35,,,0
105029,'1197918',1839,,12179,35,,,0
105029,'1197968',2340,,12180,35,,,0
105029,'1198013',1340,,12181,35,,,0
105029,'1198037',1110,,12182,35,,,0
105029,'1198064',1824,,12183,35,,,0
105029,'1198187',1224,,12184,35,,,0
105029,'1198214',1740,,12185,35,,,0
105029,'1198417',1324,,12186,35,,,0
105029,'1198447',1725,,12187,35,,,0
105029,'1198529',1524,,12188,35,,,0
105029,'1198616',709,,12189,35,,,0
105029,'1198625',1625,,12190,35,,,0
105029,'1198711',1325,,12191,35,,,0
105029,'1198718',1540,,12192,35,,,0
105029,'1198725',1724,,12193,35,,,0
105029,'1198779',822,,12194,35,,,0
105029,'1198918',1424,,12195,35,,,0
105029,'1198922',2414,,12196,35,,,0
105029,'1198923',639,,12197,35,,,0
105029,'1199012',622,,12198,35,,,0
105029,'1199037',1410,,12199,35,,,0
105029,'1199107',1440,,12200,35,,,0
105029,'1199124',2422,,12201,35,,,0
105029,'1199144',1225,,12202,35,,,0
105029,'1199148',740,,12203,35,,,0
105029,'1199220',1124,,12204,35,,,0
105029,'1199470',2222,,12205,35,,,0
105029,'1199473',909,,12206,35,,,0
105029,'1199604',809,,12207,35,,,0
105029,'1199607',1624,,12208,35,,,0
106019,'1196832',1001,,12209,39,,,0
106019,'1196841',731,,12210,39,,,0
106019,'1197348',846,,12211,39,,,0
106019,'1197389',1833,,12212,39,,,0
106019,'1197951',1603,,12213,39,,,0
106019,'1198120',1718,,12214,39,,,0
