20019,'1196861',1643,,11034,12,,,0
20019,'1196920',2213,,11035,12,,,0
20019,'1196950',743,,11036,12,,,0
20019,'1196955',643,,11037,12,,,0
20019,'1197117',2014,,11038,12,,,0
20019,'1197128',2113,,11039,12,,,0
20019,'1197129',1543,,11040,12,,,0
20019,'1197174',1514,,11041,12,,,0
20019,'1197187',1537,,11042,12,,,0
20019,'1197300',2237,,11043,12,,,0
20019,'1197337',1937,,11044,12,,,0
20019,'1197360',2137,,11045,12,,,0
20019,'1197373',1243,,11046,12,,,0
20019,'1197429',1737,,11047,12,,,0
20019,'1197469',937,,11048,12,,,0
20019,'1197560',1037,,11049,12,,,0
20019,'1197585',642,,11050,12,,,0
20019,'1197629',1414,,11051,12,,,0
20019,'1197637',2143,,11052,12,,,0
20019,'1197672',1337,,11053,12,,,0
20019,'1197681',1043,,11054,12,,,0
20019,'1197724',1437,,11055,12,,,0
20019,'1197914',1237,,11056,12,,,0
20019,'1197984',1744,,11057,12,,,0
20019,'1197986',1343,,11058,12,,,0
20019,'1198036',1814,,11059,12,,,0
20019,'1198083',2413,,11060,12,,,0
20019,'1198114',943,,11061,12,,,0
20019,'1198133',1114,,11062,12,,,0
20019,'1198141',2043,,11063,12,,,0
20019,'1198152',1314,,11064,12,,,0
20019,'1198178',743,,11065,12,,,0
20019,'1198183',2243,,11066,12,,,0
20019,'1198191',612,,11067,12,,,0
20019,'1198203',2337,,11068,12,,,0
20019,'1198236',737,,11069,12,,,0
20019,'1198244',1943,,11070,12,,,0
20019,'1198268',2037,,11071,12,,,0
20019,'1198364',2313,,11072,12,,,0
20019,'1198377',1614,,11073,12,,,0
20019,'1198420',1714,,11074,12,,,0
20019,'1198431',914,,11075,12,,,0
20019,'1198465',1843,,11076,12,,,0
20019,'1198477',1837,,11077,12,,,0
20019,'1198580',713,,11078,12,,,0
20019,'1198586',814,,11079,12,,,0
20019,'1198656',843,,11080,12,,,0
20019,'1198669',1014,,11081,12,,,0
20019,'1198702',1743,,11082,12,,,0
20019,'1198708',1443,,11083,12,,,0
20019,'1198826',1644,,11084,12,,,0
20019,'1198871',1137,,11085,12,,,0
20019,'1198943',1914,,11086,12,,,0
20019,'1199137',2342,,11087,12,,,0
20019,'1199386',837,,11088,12,,,0
20019,'1199428',1214,,11089,12,,,0
20019,'1199534',1637,,11090,12,,,0
20019,'1199553',1143,,11091,12,,,0
