28019,'1196931',2331,,11637,2,,,0
28019,'1196961',951,,11638,2,,,0
28019,'1197034',1131,,11640,2,,,0
28019,'1197242',1531,,11643,2,,,0
28019,'1197295',1351,,11645,2,,,0
28019,'1197458',1931,,11648,2,,,0
28019,'1197551',851,,11651,2,,,0
28019,'1197718',2131,,11653,2,,,0
28019,'1197726',1751,,11654,2,,,0
28019,'1197861',1831,,11656,2,,,0
28019,'1197862',1231,,11657,2,,,0
28019,'1198022',651,,11658,2,,,0
28019,'1198061',2051,,11659,2,,,0
28019,'1198096',1431,,11660,2,,,0
28019,'1198110',1151,,11661,2,,,0
28019,'1198319',1951,,11662,2,,,0
28019,'1198329',1631,,11663,2,,,0
28019,'1198345',1451,,11665,2,,,0
28019,'1198414',1051,,11666,2,,,0
28019,'1198454',1031,,11667,2,,,0
28019,'1198522',1551,,11668,2,,,0
28019,'1198672',931,,11670,2,,,0
28019,'1198739',2151,,11671,2,,,0
28019,'1198919',731,,11676,2,,,0
28019,'1198968',1251,,11678,2,,,0
28019,'1199033',2351,,11679,2,,,0
28019,'1199206',2031,,11682,2,,,0
28019,'1199243',2251,,11683,2,,,0
28019,'1199296',1851,,11684,2,,,0
28019,'1199344',1731,,11686,2,,,0
28019,'1199417',1651,,11688,2,,,0
28019,'1199450',831,,11690,2,,,0
28019,'1199529',1331,,11691,2,,,0
28019,'1199584',751,,11694,2,,,0
28019,'1199602',2231,,11695,2,,,0
28019,'1199775',1736,,12871,2,,,0
28019,'1199776',1706,,12872,2,,,0
28019,'1199784',1806,,12873,2,,,0
28019,'1199803',706,,12874,2,,,0
28019,'1199807',2006,,12875,2,,,0
28019,'1199817',2206,,12876,2,,,0
28019,'1199832',2306,,12877,2,,,0
28019,'1199835',1506,,12878,2,,,0
28019,'1199837',1636,,12879,2,,,0
28019,'1199842',1836,,12880,2,,,0
28019,'1199845',906,,12881,2,,,0
28019,'1199851',806,,12882,2,,,0
28019,'1199859',1906,,12883,2,,,0
28019,'1199861',836,,12884,2,,,0
28019,'1199868',1406,,12885,2,,,0
28019,'1199872',636,,12886,2,,,0
28019,'1199880',1306,,12887,2,,,0
28019,'1199885',736,,12888,2,,,0
28019,'1199887',1206,,12889,2,,,0
28019,'1199894',1606,,12890,2,,,0
28019,'1199897',606,,12891,2,,,0
28019,'1199900',2106,,12892,2,,,0
28019,'1199908',1006,,12893,2,,,0
28019,'1199917',1106,,12894,2,,,0
