28029,'1196904',1706,,11696,2,,,0
28029,'1196938',2106,,11697,2,,,0
28029,'1197017',1207,,11700,2,,,0
28029,'1197036',2206,,11701,2,,,0
28029,'1197051',1106,,11702,2,,,0
28029,'1197111',2406,,11703,2,,,0
28029,'1197374',1507,,11708,2,,,0
28029,'1197466',1407,,11709,2,,,0
28029,'1197529',1346,,11711,2,,,0
28029,'1197623',1246,,11713,2,,,0
28029,'1197715',2246,,11714,2,,,0
28029,'1197789',1806,,11715,2,,,0
28029,'1198258',1746,,11720,2,,,0
28029,'1198259',806,,11721,2,,,0
28029,'1198316',2046,,11723,2,,,0
28029,'1198478',1946,,11724,2,,,0
28029,'1198489',2006,,11725,2,,,0
28029,'1198555',1846,,11727,2,,,0
28029,'1198629',2146,,11729,2,,,0
28029,'1198861',1646,,11731,2,,,0
28029,'1198944',1546,,11734,2,,,0
28029,'1198995',846,,11735,2,,,0
28029,'1199105',1006,,11737,2,,,0
28029,'1199138',2306,,11738,2,,,0
28029,'1199194',1146,,11740,2,,,0
28029,'1199248',1046,,11741,2,,,0
28029,'1199271',1906,,11742,2,,,0
28029,'1199320',706,,11743,2,,,0
28029,'1199425',1307,,11744,2,,,0
28029,'1199562',746,,11747,2,,,0
28029,'1199587',2346,,11749,2,,,0
28029,'1199622',1446,,11751,2,,,0
28029,'1199627',906,,11752,2,,,0
28029,'1199647',1607,,11753,2,,,0
28029,'1199657',946,,11754,2,,,0
28029,'1199798',2321,,12895,2,,,0
28029,'1199801',851,,12896,2,,,0
28029,'1199802',1021,,12897,2,,,0
28029,'1199805',2121,,12898,2,,,0
28029,'1199806',921,,12899,2,,,0
28029,'1199822',1821,,12900,2,,,0
28029,'1199824',1321,,12901,2,,,0
28029,'1199827',1851,,12902,2,,,0
28029,'1199829',651,,12903,2,,,0
28029,'1199833',1651,,12904,2,,,0
28029,'1199840',1522,,12905,2,,,0
28029,'1199841',1621,,12906,2,,,0
28029,'1199857',1721,,12907,2,,,0
28029,'1199879',1425,,12908,2,,,0
28029,'1199888',1221,,12909,2,,,0
28029,'1199895',751,,12910,2,,,0
28029,'1199896',1751,,12911,2,,,0
28029,'1199901',2021,,12912,2,,,0
28029,'1199905',2221,,12913,2,,,0
28029,'1199909',1121,,12914,2,,,0
28029,'1199915',721,,12915,2,,,0
28029,'1199916',1921,,12916,2,,,0
28029,'1199918',821,,12917,2,,,0
28029,'1199921',621,,12918,2,,,0
