28029,'1196904',1707,,11696,4,,,0
28029,'1196938',2107,,11697,4,,,0
28029,'1196995',1022,,11698,4,,,0
28029,'1196997',822,,11699,4,,,0
28029,'1197017',1208,,11700,4,,,0
28029,'1197036',2207,,11701,4,,,0
28029,'1197051',1107,,11702,4,,,0
28029,'1197111',2407,,11703,4,,,0
28029,'1197182',2122,,11704,4,,,0
28029,'1197232',2322,,11705,4,,,0
28029,'1197236',1222,,11706,4,,,0
28029,'1197308',922,,11707,4,,,0
28029,'1197374',1508,,11708,4,,,0
28029,'1197466',1408,,11709,4,,,0
28029,'1197513',652,,11710,4,,,0
28029,'1197529',1347,,11711,4,,,0
28029,'1197584',1322,,11712,4,,,0
28029,'1197623',1247,,11713,4,,,0
28029,'1197715',2247,,11714,4,,,0
28029,'1197789',1807,,11715,4,,,0
28029,'1197906',1652,,11716,4,,,0
28029,'1197943',2022,,11717,4,,,0
28029,'1197949',2222,,11718,4,,,0
28029,'1197963',1122,,11719,4,,,0
28029,'1198258',1747,,11720,4,,,0
28029,'1198259',807,,11721,4,,,0
28029,'1198301',1622,,11722,4,,,0
28029,'1198316',2047,,11723,4,,,0
28029,'1198478',1947,,11724,4,,,0
28029,'1198489',2007,,11725,4,,,0
28029,'1198525',1822,,11726,4,,,0
28029,'1198555',1847,,11727,4,,,0
28029,'1198617',1426,,11728,4,,,0
28029,'1198629',2147,,11729,4,,,0
28029,'1198849',1852,,11730,4,,,0
28029,'1198861',1647,,11731,4,,,0
28029,'1198868',622,,11732,4,,,0
28029,'1198931',1523,,11733,4,,,0
28029,'1198944',1547,,11734,4,,,0
28029,'1198995',847,,11735,4,,,0
28029,'1199030',1922,,11736,4,,,0
28029,'1199105',1007,,11737,4,,,0
28029,'1199138',2307,,11738,4,,,0
28029,'1199152',852,,11739,4,,,0
28029,'1199194',1147,,11740,4,,,0
28029,'1199248',1047,,11741,4,,,0
28029,'1199271',1907,,11742,4,,,0
28029,'1199320',707,,11743,4,,,0
28029,'1199425',1308,,11744,4,,,0
28029,'1199491',1722,,11745,4,,,0
28029,'1199503',722,,11746,4,,,0
28029,'1199562',747,,11747,4,,,0
28029,'1199586',1752,,11748,4,,,0
28029,'1199587',2347,,11749,4,,,0
28029,'1199615',752,,11750,4,,,0
28029,'1199622',1447,,11751,4,,,0
28029,'1199627',907,,11752,4,,,0
28029,'1199647',1608,,11753,4,,,0
28029,'1199657',947,,11754,4,,,0
