28019,'1196931',2337,,11637,9,,,0
28019,'1196961',957,,11638,9,,,0
28019,'1197034',1137,,11640,9,,,0
28019,'1197242',1537,,11643,9,,,0
28019,'1197295',1357,,11645,9,,,0
28019,'1197458',1937,,11648,9,,,0
28019,'1197551',857,,11651,9,,,0
28019,'1197718',2137,,11653,9,,,0
28019,'1197726',1757,,11654,9,,,0
28019,'1197861',1837,,11656,9,,,0
28019,'1197862',1237,,11657,9,,,0
28019,'1198022',657,,11658,9,,,0
28019,'1198061',2057,,11659,9,,,0
28019,'1198096',1437,,11660,9,,,0
28019,'1198110',1157,,11661,9,,,0
28019,'1198319',1957,,11662,9,,,0
28019,'1198329',1637,,11663,9,,,0
28019,'1198345',1457,,11665,9,,,0
28019,'1198414',1057,,11666,9,,,0
28019,'1198454',1037,,11667,9,,,0
28019,'1198522',1557,,11668,9,,,0
28019,'1198672',937,,11670,9,,,0
28019,'1198739',2157,,11671,9,,,0
28019,'1198919',737,,11676,9,,,0
28019,'1198968',1257,,11678,9,,,0
28019,'1199033',2357,,11679,9,,,0
28019,'1199206',2037,,11682,9,,,0
28019,'1199243',2257,,11683,9,,,0
28019,'1199296',1857,,11684,9,,,0
28019,'1199344',1737,,11686,9,,,0
28019,'1199417',1657,,11688,9,,,0
28019,'1199450',837,,11690,9,,,0
28019,'1199529',1337,,11691,9,,,0
28019,'1199584',757,,11694,9,,,0
28019,'1199602',2237,,11695,9,,,0
28019,'1199775',1742,,12871,9,,,0
28019,'1199776',1712,,12872,9,,,0
28019,'1199784',1812,,12873,9,,,0
28019,'1199803',712,,12874,9,,,0
28019,'1199807',2012,,12875,9,,,0
28019,'1199817',2212,,12876,9,,,0
28019,'1199832',2312,,12877,9,,,0
28019,'1199835',1512,,12878,9,,,0
28019,'1199837',1642,,12879,9,,,0
28019,'1199842',1842,,12880,9,,,0
28019,'1199845',912,,12881,9,,,0
28019,'1199851',812,,12882,9,,,0
28019,'1199859',1912,,12883,9,,,0
28019,'1199861',842,,12884,9,,,0
28019,'1199868',1414,,12885,9,,,0
28019,'1199872',642,,12886,9,,,0
28019,'1199880',1312,,12887,9,,,0
28019,'1199885',742,,12888,9,,,0
28019,'1199887',1212,,12889,9,,,0
28019,'1199894',1612,,12890,9,,,0
28019,'1199897',612,,12891,9,,,0
28019,'1199900',2112,,12892,9,,,0
28019,'1199908',1012,,12893,9,,,0
28019,'1199917',1112,,12894,9,,,0
