105029,'1196840',2305,,12163,24,,,0
105029,'1196987',1020,,12164,24,,,0
105029,'1196996',1651,,12165,24,,,0
105029,'1197020',1535,,12166,24,,,0
105029,'1197097',1751,,12167,24,,,0
105029,'1197137',2018,,12168,24,,,0
105029,'1197220',2005,,12169,24,,,0
105029,'1197228',1506,,12170,24,,,0
105029,'1197231',735,,12171,24,,,0
105029,'1197439',1135,,12172,24,,,0
105029,'1197501',1935,,12173,24,,,0
105029,'1197522',2135,,12174,24,,,0
105029,'1197561',1006,,12175,24,,,0
105029,'1197638',935,,12176,24,,,0
105029,'1197840',2105,,12177,24,,,0
105029,'1197853',2205,,12178,24,,,0
105029,'1197918',1835,,12179,24,,,0
105029,'1197968',2335,,12180,24,,,0
105029,'1198013',1335,,12181,24,,,0
105029,'1198037',1106,,12182,24,,,0
105029,'1198064',1820,,12183,24,,,0
105029,'1198187',1220,,12184,24,,,0
105029,'1198214',1735,,12185,24,,,0
105029,'1198417',1320,,12186,24,,,0
105029,'1198447',1721,,12187,24,,,0
105029,'1198529',1520,,12188,24,,,0
105029,'1198616',705,,12189,24,,,0
105029,'1198625',1621,,12190,24,,,0
105029,'1198711',1321,,12191,24,,,0
105029,'1198718',1536,,12192,24,,,0
105029,'1198725',1720,,12193,24,,,0
105029,'1198779',818,,12194,24,,,0
105029,'1198918',1420,,12195,24,,,0
105029,'1198922',2410,,12196,24,,,0
105029,'1198923',635,,12197,24,,,0
105029,'1199012',618,,12198,24,,,0
105029,'1199037',1406,,12199,24,,,0
105029,'1199107',1436,,12200,24,,,0
105029,'1199124',2418,,12201,24,,,0
105029,'1199144',1221,,12202,24,,,0
105029,'1199148',735,,12203,24,,,0
105029,'1199220',1120,,12204,24,,,0
105029,'1199470',2218,,12205,24,,,0
105029,'1199473',905,,12206,24,,,0
105029,'1199604',805,,12207,24,,,0
105029,'1199607',1620,,12208,24,,,0
