105019,'1196946',900,,12117,29,,,0
105019,'1197049',1808,,12118,29,,,0
105019,'1197077',547,,12119,29,,,0
105019,'1197115',1153,,12120,29,,,0
105019,'1197131',700,,12121,29,,,0
105019,'1197173',1202,,12122,29,,,0
105019,'1197181',1019,,12123,29,,,0
105019,'1197192',2147,,12124,29,,,0
105019,'1197197',1453,,12125,29,,,0
105019,'1197292',1302,,12126,29,,,0
105019,'1197296',1553,,12127,29,,,0
105019,'1197531',1402,,12128,29,,,0
105019,'1197548',1917,,12129,29,,,0
105019,'1197557',1602,,12130,29,,,0
105019,'1197588',819,,12131,29,,,0
105019,'1197596',2047,,12132,29,,,0
105019,'1197617',1502,,12133,29,,,0
105019,'1197633',1219,,12134,29,,,0
105019,'1197710',750,,12135,29,,,0
105019,'1197779',1738,,12136,29,,,0
105019,'1197825',1408,,12137,29,,,0
105019,'1197971',1053,,12138,29,,,0
105019,'1198112',617,,12139,29,,,0
105019,'1198338',1102,,12140,29,,,0
105019,'1198380',2219,,12141,29,,,0
105019,'1198385',1708,,12142,29,,,0
105019,'1198553',1308,,12143,29,,,0
105019,'1198560',2019,,12144,29,,,0
105019,'1198571',1619,,12145,29,,,0
105019,'1198621',720,,12146,29,,,0
105019,'1198667',950,,12147,29,,,0
105019,'1198717',1523,,12148,29,,,0
105019,'1198741',850,,12149,29,,,0
105019,'1198746',1838,,12150,29,,,0
105019,'1198889',647,,12151,29,,,0
105019,'1199004',1419,,12152,29,,,0
105019,'1199054',1623,,12153,29,,,0
105019,'1199098',820,,12154,29,,,0
105019,'1199298',2347,,12155,29,,,0
105019,'1199347',2300,,12156,29,,,0
105019,'1199383',2247,,12157,29,,,0
105019,'1199400',1702,,12158,29,,,0
105019,'1199461',1819,,12159,29,,,0
105019,'1199511',1802,,12160,29,,,0
105019,'1199546',2100,,12161,29,,,0
105019,'1199574',1902,,12162,29,,,0
