10029,'1196869',1020,,10389,9,,,0
10029,'1196944',1850,,10390,9,,,0
10029,'1196948',1520,,10391,9,,,0
10029,'1197007',650,,10392,9,,,0
10029,'1197053',1320,,10393,9,,,0
10029,'1197093',1120,,10394,9,,,0
10029,'1197160',1720,,10395,9,,,0
10029,'1197269',1820,,10396,9,,,0
10029,'1197314',2150,,10397,9,,,0
10029,'1197362',2020,,10398,9,,,0
10029,'1197385',820,,10399,9,,,0
10029,'1197414',1420,,10400,9,,,0
10029,'1197492',1650,,10401,9,,,0
10029,'1197523',2220,,10402,9,,,0
10029,'1197565',620,,10403,9,,,0
10029,'1197669',820,,10404,9,,,0
10029,'1197675',2120,,10405,9,,,0
10029,'1197822',1720,,10406,9,,,0
10029,'1197831',1720,,10407,9,,,0
10029,'1197885',2020,,10408,9,,,0
10029,'1197887',1550,,10409,9,,,0
10029,'1197892',1220,,10410,9,,,0
10029,'1197908',2220,,10411,9,,,0
10029,'1197916',2250,,10412,9,,,0
10029,'1197980',2355,,10413,9,,,0
10029,'1198080',1620,,10414,9,,,0
10029,'1198150',1620,,10415,9,,,0
10029,'1198170',1120,,10416,9,,,0
10029,'1198181',1750,,10417,9,,,0
10029,'1198232',1520,,10418,9,,,0
10029,'1198314',1920,,10419,9,,,0
10029,'1198351',1220,,10420,9,,,0
10029,'1198466',2050,,10421,9,,,0
10029,'1198481',1420,,10422,9,,,0
10029,'1198536',1220,,10423,9,,,0
10029,'1198550',1620,,10424,9,,,0
10029,'1198565',2320,,10425,9,,,0
10029,'1198676',720,,10426,9,,,0
10029,'1198703',720,,10427,9,,,0
10029,'1198735',1020,,10428,9,,,0
10029,'1198754',1320,,10429,9,,,0
10029,'1198767',1120,,10430,9,,,0
10029,'1198887',850,,10431,9,,,0
10029,'1198905',1420,,10432,9,,,0
10029,'1198933',820,,10433,9,,,0
10029,'1199013',720,,10434,9,,,0
10029,'1199068',1020,,10435,9,,,0
10029,'1199078',1820,,10436,9,,,0
10029,'1199088',1950,,10437,9,,,0
10029,'1199134',1320,,10438,9,,,0
10029,'1199161',2320,,10439,9,,,0
10029,'1199245',1920,,10440,9,,,0
10029,'1199274',920,,10441,9,,,0
10029,'1199375',1450,,10442,9,,,0
10029,'1199396',750,,10443,9,,,0
10029,'1199411',2120,,10444,9,,,0
10029,'1199422',920,,10445,9,,,0
10029,'1199613',920,,10446,9,,,0
10029,'1199633',1520,,10447,9,,,0
