101029,'1196911',801,,11834,37,,,0
101029,'1197033',1844,,11835,37,,,0
101029,'1197060',901,,11836,37,,,0
101029,'1197096',1044,,11837,37,,,0
101029,'1197257',1101,,11838,37,,,0
101029,'1197272',1244,,11839,37,,,0
101029,'1197326',1603,,11840,37,,,0
101029,'1197581',2044,,11841,37,,,0
101029,'1197673',1444,,11842,37,,,0
101029,'1197747',2201,,11843,37,,,0
101029,'1197977',1644,,11844,37,,,0
101029,'1198059',644,,11845,37,,,0
101029,'1198116',1044,,11846,37,,,0
101029,'1198125',844,,11847,37,,,0
101029,'1198200',1244,,11848,37,,,0
101029,'1198251',1001,,11849,37,,,0
101029,'1198346',844,,11850,37,,,0
101029,'1198498',2244,,11851,37,,,0
101029,'1198530',2244,,11852,37,,,0
101029,'1198631',1703,,11853,37,,,0
101029,'1198644',2421,,11854,37,,,0
101029,'1198710',1644,,11855,37,,,0
101029,'1198715',1801,,11856,37,,,0
101029,'1198953',2044,,11857,37,,,0
101029,'1198984',1403,,11858,37,,,0
101029,'1199108',1303,,11859,37,,,0
101029,'1199117',701,,11860,37,,,0
101029,'1199304',1844,,11861,37,,,0
101029,'1199366',1444,,11862,37,,,0
101029,'1199567',2001,,11863,37,,,0
101029,'1199585',1503,,11864,37,,,0
