12019,'1196839',2131,,10650,25,,,0
12019,'1196874',1132,,10651,25,,,0
12019,'1196885',1632,,10652,25,,,0
12019,'1196887',1602,,10653,25,,,0
12019,'1196940',1332,,10654,25,,,0
12019,'1196983',1931,,10655,25,,,0
12019,'1197026',2231,,10656,25,,,0
12019,'1197080',1831,,10657,25,,,0
12019,'1197104',1901,,10658,25,,,0
12019,'1197223',1802,,10659,25,,,0
12019,'1197306',1202,,10660,25,,,0
12019,'1197322',801,,10661,25,,,0
12019,'1197334',1632,,10662,25,,,0
12019,'1197339',1801,,10663,25,,,0
12019,'1197433',1001,,10664,25,,,0
12019,'1197490',1702,,10665,25,,,0
12019,'1197525',1602,,10666,25,,,0
12019,'1197602',901,,10667,25,,,0
12019,'1197615',1232,,10668,25,,,0
12019,'1197664',1802,,10669,25,,,0
12019,'1197701',2401,,10670,25,,,0
12019,'1197765',2401,,10671,25,,,0
12019,'1197813',1102,,10672,25,,,0
12019,'1197824',1301,,10673,25,,,0
12019,'1197891',2101,,10674,25,,,0
12019,'1197911',2001,,10675,25,,,0
12019,'1197945',1901,,10676,25,,,0
12019,'1197989',1502,,10677,25,,,0
12019,'1197991',1201,,10678,25,,,0
12019,'1198031',701,,10679,25,,,0
12019,'1198072',1401,,10680,25,,,0
12019,'1198097',1601,,10681,25,,,0
12019,'1198121',1702,,10682,25,,,0
12019,'1198127',1102,,10683,25,,,0
12019,'1198171',2201,,10684,25,,,0
12019,'1198224',2301,,10685,25,,,0
12019,'1198250',1332,,10686,25,,,0
12019,'1198260',1432,,10687,25,,,0
12019,'1198263',931,,10688,25,,,0
12019,'1198283',1532,,10689,25,,,0
12019,'1198358',1501,,10690,25,,,0
12019,'1198421',901,,10691,25,,,0
12019,'1198427',1232,,10692,25,,,0
12019,'1198442',1732,,10693,25,,,0
12019,'1198497',2201,,10694,25,,,0
12019,'1198582',901,,10695,25,,,0
12019,'1198588',631,,10696,25,,,0
12019,'1198592',1732,,10697,25,,,0
12019,'1198618',1101,,10698,25,,,0
12019,'1198712',1202,,10699,25,,,0
12019,'1198727',1402,,10700,25,,,0
12019,'1198773',1402,,10701,25,,,0
12019,'1198774',1132,,10702,25,,,0
12019,'1198819',2331,,10703,25,,,0
12019,'1198842',1001,,10704,25,,,0
12019,'1198884',2001,,10705,25,,,0
12019,'1198912',801,,10706,25,,,0
12019,'1198945',1001,,10707,25,,,0
12019,'1199167',731,,10708,25,,,0
12019,'1199197',2101,,10709,25,,,0
12019,'1199223',1302,,10710,25,,,0
12019,'1199224',703,,10711,25,,,0
12019,'1199251',1031,,10712,25,,,0
12019,'1199291',1532,,10713,25,,,0
12019,'1199315',1302,,10714,25,,,0
12019,'1199416',2301,,10715,25,,,0
12019,'1199495',1432,,10716,25,,,0
12019,'1199513',831,,10717,25,,,0
12019,'1199578',1502,,10718,25,,,0
12019,'1199610',2031,,10719,25,,,0
12019,'1199616',801,,10720,25,,,0
12019,'1199625',1701,,10721,25,,,0
