10019,'1196894',2051,,10329,20,,,0
10019,'1196915',1651,,10330,20,,,0
10019,'1196923',1051,,10331,20,,,0
10019,'1197054',2221,,10332,20,,,0
10019,'1197091',1451,,10333,20,,,0
10019,'1197121',1051,,10334,20,,,0
10019,'1197207',951,,10335,20,,,0
10019,'1197335',821,,10336,20,,,0
10019,'1197345',2121,,10337,20,,,0
10019,'1197397',1451,,10338,20,,,0
10019,'1197418',2351,,10339,20,,,0
10019,'1197505',1551,,10340,20,,,0
10019,'1197587',921,,10341,20,,,0
10019,'1197595',1051,,10342,20,,,0
10019,'1197737',1351,,10343,20,,,0
10019,'1197756',1851,,10344,20,,,0
10019,'1197759',1521,,10345,20,,,0
10019,'1197766',2251,,10346,20,,,0
10019,'1197915',1951,,10347,20,,,0
10019,'1197927',751,,10348,20,,,0
10019,'1197935',651,,10349,20,,,0
10019,'1197985',951,,10350,20,,,0
10019,'1198010',1821,,10351,20,,,0
10019,'1198016',1951,,10352,20,,,0
10019,'1198164',651,,10353,20,,,0
10019,'1198167',1551,,10354,20,,,0
10019,'1198226',1351,,10355,20,,,0
10019,'1198257',1451,,10356,20,,,0
10019,'1198280',2321,,10357,20,,,0
10019,'1198300',1551,,10358,20,,,0
10019,'1198361',2151,,10359,20,,,0
10019,'1198366',851,,10360,20,,,0
10019,'1198390',1851,,10361,20,,,0
10019,'1198410',1751,,10362,20,,,0
10019,'1198440',751,,10363,20,,,0
10019,'1198475',1151,,10364,20,,,0
10019,'1198480',2151,,10365,20,,,0
10019,'1198509',622,,10366,20,,,0
10019,'1198520',1251,,10367,20,,,0
10019,'1198542',2351,,10368,20,,,0
10019,'1198583',2251,,10369,20,,,0
10019,'1198726',1921,,10370,20,,,0
10019,'1198809',851,,10371,20,,,0
10019,'1198815',1651,,10372,20,,,0
10019,'1198881',1621,,10373,20,,,0
10019,'1198903',851,,10374,20,,,0
10019,'1198955',1151,,10375,20,,,0
10019,'1198962',1651,,10376,20,,,0
10019,'1198993',1151,,10377,20,,,0
10019,'1199007',2051,,10378,20,,,0
10019,'1199032',1351,,10379,20,,,0
10019,'1199053',1751,,10380,20,,,0
10019,'1199056',1751,,10381,20,,,0
10019,'1199257',1721,,10382,20,,,0
10019,'1199300',1251,,10383,20,,,0
10019,'1199321',951,,10384,20,,,0
10019,'1199323',2021,,10385,20,,,0
10019,'1199353',1251,,10386,20,,,0
10019,'1199424',721,,10387,20,,,0
10019,'1199598',751,,10388,20,,,0
