10029,'1196869',1025,,10389,22,,,0
10029,'1196944',1855,,10390,22,,,0
10029,'1196948',1525,,10391,22,,,0
10029,'1197007',655,,10392,22,,,0
10029,'1197053',1325,,10393,22,,,0
10029,'1197093',1125,,10394,22,,,0
10029,'1197160',1725,,10395,22,,,0
10029,'1197269',1825,,10396,22,,,0
10029,'1197314',2155,,10397,22,,,0
10029,'1197362',2025,,10398,22,,,0
10029,'1197385',825,,10399,22,,,0
10029,'1197414',1425,,10400,22,,,0
10029,'1197492',1655,,10401,22,,,0
10029,'1197523',2225,,10402,22,,,0
10029,'1197565',625,,10403,22,,,0
10029,'1197669',825,,10404,22,,,0
10029,'1197675',2125,,10405,22,,,0
10029,'1197822',1725,,10406,22,,,0
10029,'1197831',1725,,10407,22,,,0
10029,'1197885',2025,,10408,22,,,0
10029,'1197887',1555,,10409,22,,,0
10029,'1197892',1225,,10410,22,,,0
10029,'1197908',2225,,10411,22,,,0
10029,'1197916',2255,,10412,22,,,0
10029,'1197980',2400,,10413,22,,,0
10029,'1198080',1625,,10414,22,,,0
10029,'1198150',1625,,10415,22,,,0
10029,'1198170',1125,,10416,22,,,0
10029,'1198181',1755,,10417,22,,,0
10029,'1198232',1525,,10418,22,,,0
10029,'1198314',1925,,10419,22,,,0
10029,'1198351',1225,,10420,22,,,0
10029,'1198466',2055,,10421,22,,,0
10029,'1198481',1425,,10422,22,,,0
10029,'1198536',1225,,10423,22,,,0
10029,'1198550',1625,,10424,22,,,0
10029,'1198565',2325,,10425,22,,,0
10029,'1198676',725,,10426,22,,,0
10029,'1198703',725,,10427,22,,,0
10029,'1198735',1025,,10428,22,,,0
10029,'1198754',1325,,10429,22,,,0
10029,'1198767',1125,,10430,22,,,0
10029,'1198887',855,,10431,22,,,0
10029,'1198905',1425,,10432,22,,,0
10029,'1198933',825,,10433,22,,,0
10029,'1199013',725,,10434,22,,,0
10029,'1199068',1025,,10435,22,,,0
10029,'1199078',1825,,10436,22,,,0
10029,'1199088',1955,,10437,22,,,0
10029,'1199134',1325,,10438,22,,,0
10029,'1199161',2325,,10439,22,,,0
10029,'1199245',1925,,10440,22,,,0
10029,'1199274',925,,10441,22,,,0
10029,'1199375',1455,,10442,22,,,0
10029,'1199396',755,,10443,22,,,0
10029,'1199411',2125,,10444,22,,,0
10029,'1199422',925,,10445,22,,,0
10029,'1199613',925,,10446,22,,,0
10029,'1199633',1525,,10447,22,,,0
12029,'1196881',1125,,10722,17,,,0
12029,'1196886',1655,,10723,17,,,0
12029,'1196921',826,,10724,17,,,0
12029,'1196925',1625,,10725,17,,,0
12029,'1197005',2400,,10726,17,,,0
12029,'1197009',2325,,10727,17,,,0
12029,'1197092',1755,,10728,17,,,0
12029,'1197112',855,,10729,17,,,0
12029,'1197136',2255,,10730,17,,,0
12029,'1197164',725,,10731,17,,,0
12029,'1197202',1525,,10732,17,,,0
12029,'1197246',1355,,10733,17,,,0
12029,'1197415',1055,,10734,17,,,0
12029,'1197416',1525,,10735,17,,,0
12029,'1197484',1926,,10736,17,,,0
12029,'1197496',2155,,10737,17,,,0
12029,'1197608',1155,,10738,17,,,0
12029,'1197678',1826,,10739,17,,,0
12029,'1197742',1325,,10740,17,,,0
12029,'1197777',2326,,10741,17,,,0
12029,'1197790',2225,,10742,17,,,0
12029,'1197947',1726,,10743,17,,,0
12029,'1198008',1355,,10744,17,,,0
12029,'1198017',1855,,10745,17,,,0
12029,'1198020',1725,,10746,17,,,0
12029,'1198024',925,,10747,17,,,0
12029,'1198092',1825,,10748,17,,,0
12029,'1198139',1555,,10749,17,,,0
12029,'1198185',1155,,10750,17,,,0
12029,'1198205',825,,10751,17,,,0
12029,'1198239',955,,10752,17,,,0
12029,'1198318',726,,10753,17,,,0
12029,'1198336',1125,,10754,17,,,0
12029,'1198360',1026,,10755,17,,,0
12029,'1198400',725,,10756,17,,,0
12029,'1198511',2226,,10757,17,,,0
12029,'1198528',1526,,10758,17,,,0
12029,'1198538',1425,,10759,17,,,0
12029,'1198556',2055,,10760,17,,,0
12029,'1198681',1925,,10761,17,,,0
12029,'1198731',2025,,10762,17,,,0
12029,'1198732',1325,,10763,17,,,0
12029,'1198745',2126,,10764,17,,,0
12029,'1198748',926,,10765,17,,,0
12029,'1198775',1025,,10766,17,,,0
12029,'1198818',1725,,10767,17,,,0
12029,'1198856',1126,,10768,17,,,0
12029,'1198877',1255,,10769,17,,,0
12029,'1198898',825,,10770,17,,,0
12029,'1198947',625,,10771,17,,,0
12029,'1198959',1225,,10772,17,,,0
12029,'1198976',1655,,10773,17,,,0
12029,'1199093',1455,,10774,17,,,0
12029,'1199207',1455,,10775,17,,,0
12029,'1199281',1326,,10776,17,,,0
12029,'1199325',1625,,10777,17,,,0
12029,'1199340',1055,,10778,17,,,0
12029,'1199357',1425,,10779,17,,,0
12029,'1199382',755,,10780,17,,,0
12029,'1199384',925,,10781,17,,,0
12029,'1199423',1955,,10782,17,,,0
12029,'1199437',1426,,10783,17,,,0
12029,'1199445',2026,,10784,17,,,0
12029,'1199457',1626,,10785,17,,,0
12029,'1199487',1025,,10786,17,,,0
12029,'1199500',655,,10787,17,,,0
12029,'1199501',1555,,10788,17,,,0
12029,'1199531',1225,,10789,17,,,0
12029,'1199556',2125,,10790,17,,,0
12029,'1199590',1255,,10791,17,,,0
12029,'1199639',1226,,10792,17,,,0
