11029,'1199774',1523,,12771,12,,,0
11029,'1199777',937,,12772,12,,,0
11029,'1199778',1323,,12773,12,,,0
11029,'1199779',2322,,12774,12,,,0
11029,'1199780',1222,,12775,12,,,0
11029,'1199781',1137,,12776,12,,,0
11029,'1199782',1638,,12777,12,,,0
11029,'1199783',2222,,12778,12,,,0
11029,'1199785',1322,,12779,12,,,0
11029,'1199786',807,,12780,12,,,0
11029,'1199787',1623,,12781,12,,,0
11029,'1199788',1553,,12782,12,,,0
11029,'1199789',1438,,12783,12,,,0
11029,'1199790',1452,,12784,12,,,0
11029,'1199791',1122,,12785,12,,,0
11029,'1199792',1538,,12786,12,,,0
11029,'1199793',2337,,12787,12,,,0
11029,'1199794',822,,12788,12,,,0
11029,'1199795',1453,,12789,12,,,0
11029,'1199796',1152,,12790,12,,,0
11029,'1199797',1753,,12791,12,,,0
11029,'1199799',737,,12792,12,,,0
11029,'1199800',1708,,12793,12,,,0
11029,'1199804',922,,12794,12,,,0
11029,'1199808',1022,,12795,12,,,0
11029,'1199809',1723,,12796,12,,,0
11029,'1199810',1052,,12797,12,,,0
11029,'1199811',1037,,12798,12,,,0
11029,'1199812',1552,,12799,12,,,0
11029,'1199813',2322,,12800,12,,,0
11029,'1199814',1223,,12801,12,,,0
11029,'1199815',1622,,12802,12,,,0
11029,'1199816',1152,,12803,12,,,0
11029,'1199818',722,,12804,12,,,0
11029,'1199819',1122,,12805,12,,,0
11029,'1199820',1738,,12806,12,,,0
11029,'1199821',1522,,12807,12,,,0
11029,'1199823',1252,,12808,12,,,0
11029,'1199825',2022,,12809,12,,,0
11029,'1199826',2357,,12810,12,,,0
11029,'1199828',1408,,12811,12,,,0
11029,'1199830',1308,,12812,12,,,0
11029,'1199831',2007,,12813,12,,,0
11029,'1199834',637,,12814,12,,,0
11029,'1199836',752,,12815,12,,,0
11029,'1199838',1508,,12816,12,,,0
11029,'1199839',722,,12817,12,,,0
11029,'1199843',1338,,12818,12,,,0
11029,'1199844',2022,,12819,12,,,0
11029,'1199846',1423,,12820,12,,,0
11029,'1199847',922,,12821,12,,,0
11029,'1199848',907,,12822,12,,,0
11029,'1199849',2122,,12823,12,,,0
11029,'1199850',1522,,12824,12,,,0
11029,'1199852',707,,12825,12,,,0
11029,'1199853',952,,12826,12,,,0
11029,'1199854',837,,12827,12,,,0
11029,'1199855',1622,,12828,12,,,0
11029,'1199856',2122,,12829,12,,,0
11029,'1199858',1608,,12830,12,,,0
11029,'1199860',1022,,12831,12,,,0
11029,'1199862',1937,,12832,12,,,0
11029,'1199863',822,,12833,12,,,0
11029,'1199864',1208,,12834,12,,,0
11029,'1199865',1722,,12835,12,,,0
11029,'1199866',1222,,12836,12,,,0
11029,'1199867',2037,,12837,12,,,0
11029,'1199869',1422,,12838,12,,,0
11029,'1199870',1322,,12839,12,,,0
11029,'1199871',1352,,12840,12,,,0
11029,'1199873',2207,,12841,12,,,0
11029,'1199874',1107,,12842,12,,,0
11029,'1199875',1007,,12843,12,,,0
11029,'1199876',652,,12844,12,,,0
11029,'1199877',1722,,12845,12,,,0
11029,'1199878',1653,,12846,12,,,0
11029,'1199881',1822,,12847,12,,,0
11029,'1199882',1907,,12848,12,,,0
11029,'1199883',1122,,12849,12,,,0
11029,'1199884',1922,,12850,12,,,0
11029,'1199886',1922,,12851,12,,,0
11029,'1199889',722,,12852,12,,,0
11029,'1199890',2107,,12853,12,,,0
11029,'1199891',2222,,12854,12,,,0
11029,'1199892',1822,,12855,12,,,0
11029,'1199893',1022,,12856,12,,,0
11029,'1199898',852,,12857,12,,,0
11029,'1199899',1837,,12858,12,,,0
11029,'1199902',1807,,12859,12,,,0
11029,'1199903',922,,12860,12,,,0
11029,'1199904',1652,,12861,12,,,0
11029,'1199906',622,,12862,12,,,0
11029,'1199907',2307,,12863,12,,,0
11029,'1199910',2237,,12864,12,,,0
11029,'1199911',2137,,12865,12,,,0
11029,'1199912',1353,,12866,12,,,0
11029,'1199913',1238,,12867,12,,,0
11029,'1199914',1253,,12868,12,,,0
11029,'1199919',822,,12869,12,,,0
11029,'1199920',1422,,12870,12,,,0
