28019,'1196931',2344,,11637,21,,,0
28019,'1196961',1004,,11638,21,,,0
28019,'1197032',1719,,11639,21,,,0
28019,'1197034',1144,,11640,21,,,0
28019,'1197095',2119,,11641,21,,,0
28019,'1197138',1619,,11642,21,,,0
28019,'1197242',1544,,11643,21,,,0
28019,'1197270',1119,,11644,21,,,0
28019,'1197295',1404,,11645,21,,,0
28019,'1197405',1919,,11646,21,,,0
28019,'1197436',1219,,11647,21,,,0
28019,'1197458',1944,,11648,21,,,0
28019,'1197480',2019,,11649,21,,,0
28019,'1197538',749,,11650,21,,,0
28019,'1197551',904,,11651,21,,,0
28019,'1197589',1019,,11652,21,,,0
28019,'1197718',2144,,11653,21,,,0
28019,'1197726',1804,,11654,21,,,0
28019,'1197829',1749,,11655,21,,,0
28019,'1197861',1844,,11656,21,,,0
28019,'1197862',1244,,11657,21,,,0
28019,'1198022',704,,11658,21,,,0
28019,'1198061',2104,,11659,21,,,0
28019,'1198096',1444,,11660,21,,,0
28019,'1198110',1204,,11661,21,,,0
28019,'1198319',2004,,11662,21,,,0
28019,'1198329',1644,,11663,21,,,0
28019,'1198340',1849,,11664,21,,,0
28019,'1198345',1504,,11665,21,,,0
28019,'1198414',1104,,11666,21,,,0
28019,'1198454',1044,,11667,21,,,0
28019,'1198522',1604,,11668,21,,,0
28019,'1198545',649,,11669,21,,,0
28019,'1198672',944,,11670,21,,,0
28019,'1198739',2204,,11671,21,,,0
28019,'1198783',1649,,11672,21,,,0
28019,'1198807',1819,,11673,21,,,0
28019,'1198829',849,,11674,21,,,0
28019,'1198876',719,,11675,21,,,0
28019,'1198919',744,,11676,21,,,0
28019,'1198950',919,,11677,21,,,0
28019,'1198968',1304,,11678,21,,,0
28019,'1199033',2404,,11679,21,,,0
28019,'1199129',2319,,11680,21,,,0
28019,'1199149',1319,,11681,21,,,0
28019,'1199206',2044,,11682,21,,,0
28019,'1199243',2304,,11683,21,,,0
28019,'1199296',1904,,11684,21,,,0
28019,'1199338',1519,,11685,21,,,0
28019,'1199344',1744,,11686,21,,,0
28019,'1199358',619,,11687,21,,,0
28019,'1199417',1704,,11688,21,,,0
28019,'1199426',1420,,11689,21,,,0
28019,'1199450',844,,11690,21,,,0
28019,'1199529',1344,,11691,21,,,0
28019,'1199557',819,,11692,21,,,0
28019,'1199561',2219,,11693,21,,,0
28019,'1199584',804,,11694,21,,,0
28019,'1199602',2244,,11695,21,,,0
