28019,'1196931',2340,,11637,16,,,0
28019,'1196961',1000,,11638,16,,,0
28019,'1197034',1140,,11640,16,,,0
28019,'1197242',1540,,11643,16,,,0
28019,'1197295',1400,,11645,16,,,0
28019,'1197458',1940,,11648,16,,,0
28019,'1197551',900,,11651,16,,,0
28019,'1197718',2140,,11653,16,,,0
28019,'1197726',1800,,11654,16,,,0
28019,'1197861',1840,,11656,16,,,0
28019,'1197862',1240,,11657,16,,,0
28019,'1198022',700,,11658,16,,,0
28019,'1198061',2100,,11659,16,,,0
28019,'1198096',1440,,11660,16,,,0
28019,'1198110',1200,,11661,16,,,0
28019,'1198319',2000,,11662,16,,,0
28019,'1198329',1640,,11663,16,,,0
28019,'1198345',1500,,11665,16,,,0
28019,'1198414',1100,,11666,16,,,0
28019,'1198454',1040,,11667,16,,,0
28019,'1198522',1600,,11668,16,,,0
28019,'1198672',940,,11670,16,,,0
28019,'1198739',2200,,11671,16,,,0
28019,'1198919',740,,11676,16,,,0
28019,'1198968',1300,,11678,16,,,0
28019,'1199033',2400,,11679,16,,,0
28019,'1199206',2040,,11682,16,,,0
28019,'1199243',2300,,11683,16,,,0
28019,'1199296',1900,,11684,16,,,0
28019,'1199344',1740,,11686,16,,,0
28019,'1199417',1700,,11688,16,,,0
28019,'1199450',840,,11690,16,,,0
28019,'1199529',1340,,11691,16,,,0
28019,'1199584',800,,11694,16,,,0
28019,'1199602',2240,,11695,16,,,0
28019,'1199775',1745,,12871,16,,,0
28019,'1199776',1715,,12872,16,,,0
28019,'1199784',1815,,12873,16,,,0
28019,'1199803',715,,12874,16,,,0
28019,'1199807',2015,,12875,16,,,0
28019,'1199817',2215,,12876,16,,,0
28019,'1199832',2315,,12877,16,,,0
28019,'1199835',1515,,12878,16,,,0
28019,'1199837',1645,,12879,16,,,0
28019,'1199842',1845,,12880,16,,,0
28019,'1199845',915,,12881,16,,,0
28019,'1199851',815,,12882,16,,,0
28019,'1199859',1915,,12883,16,,,0
28019,'1199861',845,,12884,16,,,0
28019,'1199868',1419,,12885,16,,,0
28019,'1199872',645,,12886,16,,,0
28019,'1199880',1315,,12887,16,,,0
28019,'1199885',745,,12888,16,,,0
28019,'1199887',1215,,12889,16,,,0
28019,'1199894',1615,,12890,16,,,0
28019,'1199897',615,,12891,16,,,0
28019,'1199900',2115,,12892,16,,,0
28019,'1199908',1015,,12893,16,,,0
28019,'1199917',1115,,12894,16,,,0
