11019,'1196876',1503,,10548,24,,,0
11019,'1196884',1303,,10549,28,,,0
11019,'1196914',1146,,10550,28,,,0
11019,'1196958',805,,10551,28,,,0
11019,'1197000',1303,,10552,24,,,0
11019,'1197070',1903,,10553,24,,,0
11019,'1197071',1845,,10554,28,,,0
11019,'1197114',931,,10555,28,,,0
11019,'1197185',2303,,10556,24,,,0
11019,'1197191',1503,,10557,28,,,0
11019,'1197229',1418,,10558,28,,,0
11019,'1197234',1717,,10559,28,,,0
11019,'1197264',1748,,10560,28,,,0
11019,'1197274',946,,10561,28,,,0
11019,'1197327',1347,,10562,28,,,0
11019,'1197343',746,,10563,28,,,0
11019,'1197351',1603,,10564,24,,,0
11019,'1197398',1833,,10565,28,,,0
11019,'1197412',2315,,10566,28,,,0
11019,'1197422',1648,,10567,28,,,0
11019,'1197446',2403,,10568,24,,,0
11019,'1197463',716,,10569,28,,,0
11019,'1197502',631,,10570,28,,,0
11019,'1197519',801,,10571,28,,,0
11019,'1197564',2305,,10572,28,,,0
11019,'1197573',1403,,10573,24,,,0
11019,'1197695',1116,,10574,28,,,0
11019,'1197696',816,,10575,28,,,0
11019,'1197753',903,,10576,24,,,0
11019,'1197763',1533,,10577,28,,,0
11019,'1197795',2045,,10578,28,,,0
11019,'1197832',1633,,10579,28,,,0
11019,'1197875',2432,,10580,28,,,0
11019,'1197917',2405,,10581,28,,,0
11019,'1197925',1131,,10582,28,,,0
11019,'1197934',1547,,10583,28,,,0
11019,'1197978',1915,,10584,28,,,0
11019,'1197990',1447,,10585,28,,,0
11019,'1198012',901,,10586,28,,,0
11019,'1198053',1005,,10587,28,,,0
11019,'1198076',2015,,10588,28,,,0
11019,'1198113',2115,,10589,28,,,0
11019,'1198146',2245,,10590,28,,,0
11019,'1198266',2005,,10591,28,,,0
11019,'1198296',1703,,10592,24,,,0
11019,'1198337',916,,10593,28,,,0
11019,'1198341',1205,,10594,28,,,0
11019,'1198362',2203,,10595,24,,,0
11019,'1198405',1905,,10596,28,,,0
11019,'1198419',1518,,10597,28,,,0
11019,'1198470',1318,,10598,28,,,0
11019,'1198493',1818,,10599,28,,,0
11019,'1198506',1105,,10600,28,,,0
11019,'1198543',1031,,10601,28,,,0
11019,'1198548',1618,,10602,28,,,0
11019,'1198573',1201,,10603,28,,,0
11019,'1198590',2003,,10604,24,,,0
11019,'1198610',1603,,10605,28,,,0
11019,'1198623',705,,10606,28,,,0
11019,'1198660',1317,,10607,28,,,0
11019,'1198662',1803,,10608,24,,,0
11019,'1198696',1448,,10609,28,,,0
11019,'1198771',1517,,10610,28,,,0
11019,'1198808',1001,,10611,28,,,0
11019,'1198843',2103,,10612,24,,,0
11019,'1198927',1101,,10613,28,,,0
11019,'1198951',1733,,10614,28,,,0
11019,'1198978',1945,,10615,28,,,0
11019,'1199022',1245,,10616,28,,,0
11019,'1199024',2205,,10617,28,,,0
11019,'1199026',2215,,10618,28,,,0
11019,'1199059',1617,,10619,28,,,0
11019,'1199060',1403,,10620,28,,,0
11019,'1199064',1817,,10621,28,,,0
11019,'1199091',803,,10622,24,,,0
11019,'1199100',2145,,10623,28,,,0
11019,'1199118',1718,,10624,28,,,0
11019,'1199132',701,,10625,28,,,0
11019,'1199143',1747,,10626,28,,,0
11019,'1199154',1433,,10627,28,,,0
11019,'1199177',1703,,10628,28,,,0
11019,'1199180',2105,,10629,28,,,0
11019,'1199214',731,,10630,28,,,0
11019,'1199225',1548,,10631,28,,,0
11019,'1199227',1203,,10632,24,,,0
11019,'1199229',1417,,10633,28,,,0
11019,'1199253',1003,,10634,24,,,0
11019,'1199301',2342,,10635,28,,,0
11019,'1199306',1103,,10636,24,,,0
11019,'1199370',1803,,10637,28,,,0
11019,'1199376',846,,10638,28,,,0
11019,'1199394',905,,10639,28,,,0
11019,'1199403',831,,10640,28,,,0
11019,'1199410',1216,,10641,28,,,0
11019,'1199462',2412,,10642,28,,,0
11019,'1199476',1016,,10643,28,,,0
11019,'1199496',1333,,10644,28,,,0
11019,'1199508',1231,,10645,28,,,0
11019,'1199591',1647,,10646,28,,,0
11019,'1199603',1248,,10647,28,,,0
11019,'1199619',1046,,10648,28,,,0
11019,'1199623',1348,,10649,28,,,0
