28019,'1196931',2341,,11637,17,,,0
28019,'1196961',1001,,11638,17,,,0
28019,'1197034',1141,,11640,17,,,0
28019,'1197242',1541,,11643,17,,,0
28019,'1197295',1401,,11645,17,,,0
28019,'1197458',1941,,11648,17,,,0
28019,'1197551',901,,11651,17,,,0
28019,'1197718',2141,,11653,17,,,0
28019,'1197726',1801,,11654,17,,,0
28019,'1197861',1841,,11656,17,,,0
28019,'1197862',1241,,11657,17,,,0
28019,'1198022',701,,11658,17,,,0
28019,'1198061',2101,,11659,17,,,0
28019,'1198096',1441,,11660,17,,,0
28019,'1198110',1201,,11661,17,,,0
28019,'1198319',2001,,11662,17,,,0
28019,'1198329',1641,,11663,17,,,0
28019,'1198345',1501,,11665,17,,,0
28019,'1198414',1101,,11666,17,,,0
28019,'1198454',1041,,11667,17,,,0
28019,'1198522',1601,,11668,17,,,0
28019,'1198672',941,,11670,17,,,0
28019,'1198739',2201,,11671,17,,,0
28019,'1198919',741,,11676,17,,,0
28019,'1198968',1301,,11678,17,,,0
28019,'1199033',2401,,11679,17,,,0
28019,'1199206',2041,,11682,17,,,0
28019,'1199243',2301,,11683,17,,,0
28019,'1199296',1901,,11684,17,,,0
28019,'1199344',1741,,11686,17,,,0
28019,'1199417',1701,,11688,17,,,0
28019,'1199450',841,,11690,17,,,0
28019,'1199529',1341,,11691,17,,,0
28019,'1199584',801,,11694,17,,,0
28019,'1199602',2241,,11695,17,,,0
28019,'1199775',1746,,12871,17,,,0
28019,'1199776',1716,,12872,17,,,0
28019,'1199784',1816,,12873,17,,,0
28019,'1199803',716,,12874,17,,,0
28019,'1199807',2016,,12875,17,,,0
28019,'1199817',2216,,12876,17,,,0
28019,'1199832',2316,,12877,17,,,0
28019,'1199835',1516,,12878,17,,,0
28019,'1199837',1646,,12879,17,,,0
28019,'1199842',1846,,12880,17,,,0
28019,'1199845',916,,12881,17,,,0
28019,'1199851',816,,12882,17,,,0
28019,'1199859',1916,,12883,17,,,0
28019,'1199861',846,,12884,17,,,0
28019,'1199868',1420,,12885,17,,,0
28019,'1199872',646,,12886,17,,,0
28019,'1199880',1316,,12887,17,,,0
28019,'1199885',746,,12888,17,,,0
28019,'1199887',1216,,12889,17,,,0
28019,'1199894',1616,,12890,17,,,0
28019,'1199897',616,,12891,17,,,0
28019,'1199900',2116,,12892,17,,,0
28019,'1199908',1016,,12893,17,,,0
28019,'1199917',1116,,12894,17,,,0
