102029,'1196895',1650,,11907,3,,,0
102029,'1196982',1338,,11908,3,,,0
102029,'1197029',2108,,11909,3,,,0
102029,'1197083',1520,,11910,3,,,0
102029,'1197178',1050,,11911,3,,,0
102029,'1197226',653,,11912,3,,,0
102029,'1197263',738,,11913,3,,,0
102029,'1197297',1437,,11914,3,,,0
102029,'1197309',1820,,11915,3,,,0
102029,'1197330',1723,,11916,3,,,0
102029,'1197420',1508,,11917,3,,,0
102029,'1197536',2250,,11918,3,,,0
102029,'1197603',1038,,11919,3,,,0
102029,'1197704',1007,,11920,3,,,0
102029,'1197770',2408,,11921,3,,,0
102029,'1197839',823,,11922,3,,,0
102029,'1198134',1307,,11923,3,,,0
102029,'1198173',920,,11924,3,,,0
102029,'1198220',1220,,11925,3,,,0
102029,'1198227',1737,,11926,3,,,0
102029,'1198249',1808,,11927,3,,,0
102029,'1198376',1553,,11928,3,,,0
102029,'1198502',1638,,11929,3,,,0
102029,'1198531',750,,11930,3,,,0
102029,'1198599',1607,,11931,3,,,0
102029,'1198638',2238,,11932,3,,,0
102029,'1198688',1137,,11933,3,,,0
102029,'1198705',2037,,11934,3,,,0
102029,'1198769',1950,,11935,3,,,0
102029,'1198816',2120,,11936,3,,,0
102029,'1198930',2207,,11937,3,,,0
102029,'1198996',608,,11938,3,,,0
102029,'1199090',837,,11939,3,,,0
102029,'1199168',908,,11940,3,,,0
102029,'1199202',1938,,11941,3,,,0
102029,'1199211',1907,,11942,3,,,0
102029,'1199244',953,,11943,3,,,0
102029,'1199434',1208,,11944,3,,,0
102029,'1199477',2337,,11945,3,,,0
102029,'1199479',1423,,11946,3,,,0
102029,'1199488',626,,11947,3,,,0
102029,'1199537',1350,,11948,3,,,0
102029,'1199651',707,,11949,3,,,0
