103019,'1196838',2034,,11950,19,,,0
103019,'1196888',954,,11951,19,,,0
103019,'1196969',1656,,11952,19,,,0
103019,'1196981',1225,,11953,19,,,0
103019,'1197294',2125,,11954,19,,,0
103019,'1197441',1054,,11955,19,,,0
103019,'1197545',1725,,11956,19,,,0
103019,'1197721',1356,,11957,19,,,0
103019,'1197732',909,,11958,19,,,0
103019,'1197772',1510,,11959,19,,,0
103019,'1197847',1555,,11960,19,,,0
103019,'1197900',2324,,11961,19,,,0
103019,'1197976',2154,,11962,19,,,0
103019,'1198084',754,,11963,19,,,0
103019,'1198108',1434,,11964,19,,,0
103019,'1198169',739,,11965,19,,,0
103019,'1198206',924,,11966,19,,,0
103019,'1198228',1125,,11967,19,,,0
103019,'1198242',1904,,11968,19,,,0
103019,'1198304',1425,,11969,19,,,0
103019,'1198348',2204,,11970,19,,,0
103019,'1198369',2255,,11971,19,,,0
103019,'1198383',1255,,11972,19,,,0
103019,'1198393',654,,11973,19,,,0
103019,'1198585',624,,11974,6,,,0
103019,'1198760',824,,11975,19,,,0
103019,'1198790',2334,,11976,19,,,0
103019,'1198820',1304,,11977,19,,,0
103019,'1198832',1734,,11978,19,,,0
103019,'1198901',2024,,11979,19,,,0
103019,'1198908',1004,,11980,19,,,0
103019,'1198992',1604,,11981,19,,,0
103019,'1199041',1134,,11982,19,,,0
103019,'1199057',1526,,11983,19,,,0
103019,'1199120',1854,,11984,19,,,0
103019,'1199157',1825,,11985,19,,,0
103019,'1199198',834,,11986,19,,,0
103019,'1199232',1640,,11987,19,,,0
103019,'1199535',1955,,11988,19,,,0
