20019,'1196861',1651,,11034,26,4,,0
20019,'1196920',2222,,11035,26,4,,0
20019,'1196950',752,,11036,26,4,,0
20019,'1196955',651,,11037,26,4,,0
20019,'1197117',2023,,11038,26,4,,0
20019,'1197128',2122,,11039,26,4,,0
20019,'1197129',1551,,11040,26,4,,0
20019,'1197174',1524,,11041,26,4,,0
20019,'1197187',1542,,11042,26,4,,0
20019,'1197300',2242,,11043,26,4,,0
20019,'1197337',1942,,11044,26,4,,0
20019,'1197360',2142,,11045,26,4,,0
20019,'1197373',1251,,11046,26,4,,0
20019,'1197429',1742,,11047,26,4,,0
20019,'1197469',942,,11048,26,4,,0
20019,'1197560',1042,,11049,26,4,,0
20019,'1197585',651,,11050,26,4,,0
20019,'1197629',1423,,11051,26,4,,0
20019,'1197637',2152,,11052,26,4,,0
20019,'1197672',1342,,11053,26,4,,0
20019,'1197681',1051,,11054,26,4,,0
20019,'1197724',1442,,11055,26,4,,0
20019,'1197914',1242,,11056,26,4,,0
20019,'1197984',1753,,11057,26,4,,0
20019,'1197986',1351,,11058,26,4,,0
20019,'1198036',1823,,11059,26,4,,0
20019,'1198083',2422,,11060,26,4,,0
20019,'1198114',951,,11061,26,4,,0
20019,'1198133',1123,,11062,26,4,,0
20019,'1198141',2052,,11063,26,4,,0
20019,'1198152',1323,,11064,26,4,,0
20019,'1198178',751,,11065,26,4,,0
20019,'1198183',2252,,11066,26,4,,0
20019,'1198191',621,,11067,26,4,,0
20019,'1198203',2342,,11068,26,4,,0
20019,'1198236',742,,11069,26,4,,0
20019,'1198244',1952,,11070,26,4,,0
20019,'1198268',2042,,11071,26,4,,0
20019,'1198364',2322,,11072,26,4,,0
20019,'1198377',1623,,11073,26,4,,0
20019,'1198420',1723,,11074,26,4,,0
20019,'1198431',923,,11075,26,4,,0
20019,'1198465',1852,,11076,26,4,,0
20019,'1198477',1842,,11077,26,4,,0
20019,'1198580',722,,11078,26,4,,0
20019,'1198586',823,,11079,26,4,,0
20019,'1198656',851,,11080,26,4,,0
20019,'1198669',1023,,11081,26,4,,0
20019,'1198702',1751,,11082,26,4,,0
20019,'1198708',1451,,11083,26,4,,0
20019,'1198826',1653,,11084,26,4,,0
20019,'1198871',1142,,11085,26,4,,0
20019,'1198943',1923,,11086,26,4,,0
20019,'1199137',2351,,11087,26,4,,0
20019,'1199386',842,,11088,26,4,,0
20019,'1199428',1223,,11089,26,4,,0
20019,'1199534',1642,,11090,26,4,,0
20019,'1199553',1151,,11091,26,4,,0
20029,'1196868',1642,,11092,1,,,0
20029,'1196909',1323,,11093,1,,,0
20029,'1196951',1251,,11094,1,,,0
20029,'1196962',2152,,11095,1,,,0
20029,'1196978',1223,,11096,1,,,0
20029,'1197172',621,,11097,1,,,0
20029,'1197213',942,,11098,1,,,0
20029,'1197307',1451,,11099,1,,,0
20029,'1197312',1742,,11100,1,,,0
20029,'1197355',651,,11101,1,,,0
20029,'1197361',842,,11102,1,,,0
20029,'1197366',742,,11103,1,,,0
20029,'1197368',1753,,11104,1,,,0
20029,'1197403',1623,,11105,1,,,0
20029,'1197421',1423,,11106,1,,,0
20029,'1197464',722,,11107,1,,,0
20029,'1197479',1123,,11108,1,,,0
20029,'1197554',2052,,11109,1,,,0
20029,'1197566',1042,,11110,1,,,0
20029,'1197569',1142,,11111,1,,,0
20029,'1197577',1542,,11112,1,,,0
20029,'1197610',851,,11113,1,,,0
20029,'1197632',2042,,11114,1,,,0
20029,'1197792',2342,,11115,1,,,0
20029,'1198090',2242,,11116,1,,,0
20029,'1198196',2122,,11117,1,,,0
20029,'1198208',1852,,11118,1,,,0
20029,'1198218',751,,11119,1,,,0
20029,'1198241',1524,,11120,1,,,0
20029,'1198256',1942,,11121,1,,,0
20029,'1198342',1442,,11122,1,,,0
20029,'1198375',823,,11123,1,,,0
20029,'1198439',1723,,11124,1,,,0
20029,'1198464',2252,,11125,1,,,0
20029,'1198524',2023,,11126,1,,,0
20029,'1198526',1923,,11127,1,,,0
20029,'1198650',1751,,11128,1,,,0
20029,'1198663',1551,,11129,1,,,0
20029,'1198795',2222,,11130,1,,,0
20029,'1198866',1151,,11131,1,,,0
20029,'1198883',1342,,11132,1,,,0
20029,'1198891',1653,,11133,1,,,0
20029,'1198917',651,,11134,1,,,0
20029,'1198942',2142,,11135,1,,,0
20029,'1199003',951,,11136,1,,,0
20029,'1199050',1351,,11137,1,,,0
20029,'1199089',1952,,11138,1,,,0
20029,'1199092',923,,11139,1,,,0
20029,'1199111',1023,,11140,1,,,0
20029,'1199119',1651,,11141,1,,,0
20029,'1199171',2351,,11142,1,,,0
20029,'1199252',1823,,11143,1,,,0
20029,'1199308',752,,11144,1,,,0
20029,'1199404',1051,,11145,1,,,0
20029,'1199499',2322,,11146,1,,,0
20029,'1199544',1242,,11147,1,,,0
20029,'1199641',1842,,11148,1,,,0
