26019,'1196833',2210,,11427,13,,,0
26019,'1196844',2255,,11428,13,,,0
26019,'1196949',710,,11429,13,,,0
26019,'1197013',1955,,11430,13,,,0
26019,'1197027',1811,,11431,13,,,0
26019,'1197186',1111,,11432,13,,,0
26019,'1197303',1755,,11433,13,,,0
26019,'1197313',1911,,11434,13,,,0
26019,'1197393',1311,,11435,13,,,0
26019,'1197399',1011,,11436,13,,,0
26019,'1197400',1041,,11437,13,,,0
26019,'1197410',1155,,11438,13,,,0
26019,'1197475',1555,,11439,13,,,0
26019,'1197528',2011,,11440,13,,,0
26019,'1197539',855,,11441,13,,,0
26019,'1197549',2111,,11442,13,,,0
26019,'1197586',1711,,11443,13,,,0
26019,'1197594',1441,,11444,13,,,0
26019,'1197600',1355,,11445,13,,,0
26019,'1197749',755,,11446,13,,,0
26019,'1197787',1241,,11447,13,,,0
26019,'1197806',910,,11448,13,,,0
26019,'1197817',1411,,11449,13,,,0
26019,'1197995',1611,,11450,13,,,0
26019,'1198158',1255,,11451,13,,,0
26019,'1198274',1141,,11452,13,,,0
26019,'1198317',1455,,11453,13,,,0
26019,'1198334',1511,,11454,13,,,0
26019,'1198448',610,,11455,13,,,0
26019,'1198587',2310,,11456,13,,,0
26019,'1198626',810,,11457,13,,,0
26019,'1198633',911,,11458,13,,,0
26019,'1198635',711,,11459,13,,,0
26019,'1198640',2111,,11460,13,,,0
26019,'1198642',955,,11461,13,,,0
26019,'1198658',1055,,11462,13,,,0
26019,'1198670',1811,,11463,13,,,0
26019,'1198825',1511,,11464,13,,,0
26019,'1198834',1612,,11465,13,,,0
26019,'1198899',2011,,11466,13,,,0
26019,'1198969',1211,,11467,13,,,0
26019,'1199019',1655,,11468,13,,,0
26019,'1199155',811,,11469,13,,,0
26019,'1199246',1011,,11470,13,,,0
26019,'1199249',1341,,11471,13,,,0
26019,'1199290',611,,11472,13,,,0
26019,'1199307',2155,,11473,13,,,0
26019,'1199310',1711,,11474,13,,,0
26019,'1199313',2311,,11475,13,,,0
26019,'1199493',1911,,11476,13,,,0
26019,'1199515',1855,,11477,13,,,0
26019,'1199654',2211,,11478,13,,,0
26019,'1199656',2055,,11479,13,,,0
