105019,'1196946',905,,12117,39,,,0
105019,'1197049',1814,,12118,39,,,0
105019,'1197077',552,,12119,39,,,0
105019,'1197115',1159,,12120,39,,,0
105019,'1197131',705,,12121,39,,,0
105019,'1197173',1207,,12122,39,,,0
105019,'1197181',1024,,12123,39,,,0
105019,'1197192',2152,,12124,39,,,0
105019,'1197197',1459,,12125,39,,,0
105019,'1197292',1307,,12126,39,,,0
105019,'1197296',1559,,12127,39,,,0
105019,'1197531',1407,,12128,39,,,0
105019,'1197548',1922,,12129,39,,,0
105019,'1197557',1607,,12130,39,,,0
105019,'1197588',824,,12131,39,,,0
105019,'1197596',2052,,12132,39,,,0
105019,'1197617',1507,,12133,39,,,0
105019,'1197633',1224,,12134,39,,,0
105019,'1197710',756,,12135,39,,,0
105019,'1197779',1744,,12136,39,,,0
105019,'1197825',1414,,12137,39,,,0
105019,'1197971',1059,,12138,39,,,0
105019,'1198112',622,,12139,39,,,0
105019,'1198338',1107,,12140,39,,,0
105019,'1198380',2224,,12141,39,,,0
105019,'1198385',1714,,12142,39,,,0
105019,'1198553',1314,,12143,39,,,0
105019,'1198560',2024,,12144,39,,,0
105019,'1198571',1624,,12145,39,,,0
105019,'1198621',726,,12146,39,,,0
105019,'1198667',956,,12147,39,,,0
105019,'1198717',1529,,12148,39,,,0
105019,'1198741',856,,12149,39,,,0
105019,'1198746',1844,,12150,39,,,0
105019,'1198889',652,,12151,39,,,0
105019,'1199004',1424,,12152,39,,,0
105019,'1199054',1629,,12153,39,,,0
105019,'1199098',826,,12154,39,,,0
105019,'1199298',2352,,12155,39,,,0
105019,'1199347',2305,,12156,39,,,0
105019,'1199383',2252,,12157,39,,,0
105019,'1199400',1707,,12158,39,,,0
105019,'1199461',1824,,12159,39,,,0
105019,'1199511',1807,,12160,39,,,0
105019,'1199546',2105,,12161,39,,,0
105019,'1199574',1907,,12162,39,,,0
