2019,'1196937',930,,9945,20,,,0
2019,'1196952',1930,,9946,20,,,0
2019,'1196959',730,,9947,20,,,0
2019,'1196966',1015,,9948,20,,,0
2019,'1196990',930,,9949,20,,,0
2019,'1196992',1702,,9950,20,,,0
2019,'1196993',2100,,9951,20,,,0
2019,'1197022',1330,,9952,20,,,0
2019,'1197046',2400,,9953,20,,,0
2019,'1197068',1216,,9954,20,,,0
2019,'1197140',831,,9955,20,,,0
2019,'1197142',2230,,9956,20,,,0
2019,'1197156',701,,9957,20,,,0
2019,'1197159',1247,,9958,20,,,0
2019,'1197165',1316,,9959,20,,,0
2019,'1197200',2045,,9960,20,,,0
2019,'1197205',2330,,9961,20,,,0
2019,'1197230',1602,,9962,20,,,0
2019,'1197258',1532,,9963,20,,,0
2019,'1197273',1830,,9964,20,,,0
2019,'1197277',1016,,9965,20,,,0
2019,'1197304',2030,,9966,20,,,0
2019,'1197311',1802,,9967,20,,,0
2019,'1197384',846,,9968,20,,,0
2019,'1197388',1516,,9969,20,,,0
2019,'1197409',1402,,9970,20,,,0
2019,'1197517',1547,,9971,20,,,0
2019,'1197526',1146,,9972,20,,,0
2019,'1197532',1230,,9973,20,,,0
2019,'1197541',1815,,9974,20,,,0
2019,'1197604',1945,,9975,20,,,0
2019,'1197630',1232,,9976,20,,,0
2019,'1197631',1746,,9977,20,,,0
2019,'1197670',946,,9978,20,,,0
2019,'1197671',1347,,9979,20,,,0
2019,'1197694',1915,,9980,20,,,0
2019,'1197780',1031,,9981,20,,,0
2019,'1197798',1845,,9982,20,,,0
2019,'1197818',1430,,9983,20,,,0
2019,'1197842',1302,,9984,20,,,0
2019,'1197864',2130,,9985,20,,,0
2019,'1197879',1416,,9986,20,,,0
2019,'1197881',1030,,9987,20,,,0
2019,'1197904',901,,9988,20,,,0
2019,'1197931',1201,,9989,20,,,0
2019,'1197939',1517,,9990,20,,,0
2019,'1197952',2405,,9991,20,,,0
2019,'1197970',931,,9992,20,,,0
2019,'1197994',1131,,9993,20,,,0
2019,'1198000',716,,9994,20,,,0
2019,'1198018',731,,9995,20,,,0
2019,'1198034',816,,9996,20,,,0
2019,'1198058',1617,,9997,20,,,0
2019,'1198063',1647,,9998,20,,,0
2019,'1198138',1646,,9999,20,,,0
2019,'1198180',1046,,10000,20,,,0
2019,'1198182',1217,,10001,20,,,0
2019,'1198197',2230,,10002,20,,,0
2019,'1198230',2115,,10003,20,,,0
2019,'1198247',1502,,10004,20,,,0
2019,'1198270',1930,,10005,20,,,0
2019,'1198273',746,,10006,20,,,0
2019,'1198286',800,,10007,20,,,0
2019,'1198328',1732,,10008,20,,,0
2019,'1198379',1747,,10010,20,,,0
2019,'1198387',1546,,10011,20,,,0
2019,'1198392',1146,,10012,20,,,0
2019,'1198443',2015,,10013,20,,,0
2019,'1198453',2145,,10014,20,,,0
2019,'1198468',1246,,10015,20,,,0
2019,'1198483',1730,,10016,20,,,0
2019,'1198564',1116,,10017,20,,,0
2019,'1198584',2315,,10018,20,,,0
2019,'1198637',1632,,10019,20,,,0
2019,'1198722',1530,,10020,20,,,0
2019,'1198740',916,,10021,20,,,0
2019,'1198744',1845,,10022,20,,,0
2019,'1198846',845,,10023,20,,,0
2019,'1198873',646,,10024,20,,,0
2019,'1198904',1346,,10025,20,,,0
2019,'1198940',2215,,10026,20,,,0
2019,'1199047',1317,,10027,20,,,0
2019,'1199073',1716,,10028,20,,,0
2019,'1199085',2145,,10029,20,,,0
2019,'1199096',1446,,10030,20,,,0
2019,'1199176',1045,,10031,20,,,0
2019,'1199234',2015,,10032,20,,,0
2019,'1199238',715,,10033,20,,,0
2019,'1199242',1130,,10034,20,,,0
2019,'1199272',1001,,10035,20,,,0
2019,'1199326',2315,,10036,20,,,0
2019,'1199327',1417,,10037,20,,,0
2019,'1199334',1630,,10038,20,,,0
2019,'1199352',1717,,10039,20,,,0
2019,'1199368',1447,,10040,20,,,0
2019,'1199372',1815,,10041,20,,,0
2019,'1199378',1432,,10042,20,,,0
2019,'1199438',1101,,10043,20,,,0
2019,'1199439',801,,10044,20,,,0
2019,'1199485',1332,,10045,20,,,0
2019,'1199505',830,,10046,20,,,0
2019,'1199525',2245,,10047,20,,,0
2019,'1199540',1116,,10048,20,,,0
2019,'1199630',2345,,10049,20,,,0
2019,'1199652',1616,,10050,20,,,0
11029,'1199774',1542,,12771,32,,,0
11029,'1199777',956,,12772,32,,,0
11029,'1199778',1342,,12773,32,,,0
11029,'1199779',2339,,12774,32,,,0
11029,'1199781',1156,,12776,32,,,0
11029,'1199782',1657,,12777,32,,,0
11029,'1199785',1339,,12779,32,,,0
11029,'1199786',826,,12780,32,,,0
11029,'1199787',1642,,12781,32,,,0
11029,'1199788',1612,,12782,32,,,0
11029,'1199789',1457,,12783,32,,,0
11029,'1199790',1509,,12784,32,,,0
11029,'1199791',1139,,12785,32,,,0
11029,'1199792',1557,,12786,32,,,0
11029,'1199793',2356,,12787,32,,,0
11029,'1199794',841,,12788,32,,,0
11029,'1199795',1512,,12789,32,,,0
11029,'1199796',1211,,12790,32,,,0
11029,'1199797',1812,,12791,32,,,0
11029,'1199799',756,,12792,32,,,0
11029,'1199800',1727,,12793,32,,,0
11029,'1199804',941,,12794,32,,,0
11029,'1199809',1742,,12796,32,,,0
11029,'1199810',1111,,12797,32,,,0
11029,'1199811',1056,,12798,32,,,0
11029,'1199812',1609,,12799,32,,,0
11029,'1199814',1242,,12801,32,,,0
11029,'1199815',1639,,12802,32,,,0
11029,'1199816',1209,,12803,32,,,0
11029,'1199818',741,,12804,32,,,0
11029,'1199819',1141,,12805,32,,,0
11029,'1199820',1757,,12806,32,,,0
11029,'1199821',1539,,12807,32,,,0
11029,'1199823',1309,,12808,32,,,0
11029,'1199825',2039,,12809,32,,,0
11029,'1199826',2416,,12810,32,,,0
11029,'1199828',1427,,12811,32,,,0
11029,'1199830',1327,,12812,32,,,0
11029,'1199831',2026,,12813,32,,,0
11029,'1199834',656,,12814,32,,,0
11029,'1199836',811,,12815,32,,,0
11029,'1199838',1527,,12816,32,,,0
11029,'1199843',1357,,12818,32,,,0
11029,'1199846',1442,,12820,32,,,0
11029,'1199848',926,,12822,32,,,0
11029,'1199852',726,,12825,32,,,0
11029,'1199853',1011,,12826,32,,,0
11029,'1199854',856,,12827,32,,,0
11029,'1199856',2139,,12829,32,,,0
11029,'1199858',1627,,12830,32,,,0
11029,'1199860',1041,,12831,32,,,0
11029,'1199862',1956,,12832,32,,,0
11029,'1199863',839,,12833,32,,,0
11029,'1199864',1227,,12834,32,,,0
11029,'1199865',1739,,12835,32,,,0
11029,'1199866',1239,,12836,32,,,0
11029,'1199867',2056,,12837,32,,,0
11029,'1199869',1439,,12838,32,,,0
11029,'1199871',1409,,12840,32,,,0
11029,'1199873',2226,,12841,32,,,0
11029,'1199874',1126,,12842,32,,,0
11029,'1199875',1026,,12843,32,,,0
11029,'1199876',711,,12844,32,,,0
11029,'1199878',1712,,12846,32,,,0
11029,'1199881',1839,,12847,32,,,0
11029,'1199882',1926,,12848,32,,,0
11029,'1199886',1939,,12851,32,,,0
11029,'1199889',739,,12852,32,,,0
11029,'1199890',2126,,12853,32,,,0
11029,'1199891',2239,,12854,32,,,0
11029,'1199893',1039,,12856,32,,,0
11029,'1199898',911,,12857,32,,,0
11029,'1199899',1856,,12858,32,,,0
11029,'1199902',1826,,12859,32,,,0
11029,'1199903',939,,12860,32,,,0
11029,'1199904',1709,,12861,32,,,0
11029,'1199906',641,,12862,32,,,0
11029,'1199907',2326,,12863,32,,,0
11029,'1199910',2256,,12864,32,,,0
11029,'1199911',2156,,12865,32,,,0
11029,'1199912',1412,,12866,32,,,0
11029,'1199913',1257,,12867,32,,,0
11029,'1199914',1312,,12868,32,,,0
