20019,'1196861',1649,,11034,22,,,0
20019,'1196920',2219,,11035,22,,,0
20019,'1196950',749,,11036,22,,,0
20019,'1196955',649,,11037,22,,,0
20019,'1197117',2020,,11038,22,,,0
20019,'1197128',2119,,11039,22,,,0
20019,'1197129',1549,,11040,22,,,0
20019,'1197174',1521,,11041,22,,,0
20019,'1197187',1540,,11042,22,,,0
20019,'1197300',2240,,11043,22,,,0
20019,'1197337',1940,,11044,22,,,0
20019,'1197360',2140,,11045,22,,,0
20019,'1197373',1249,,11046,22,,,0
20019,'1197429',1740,,11047,22,,,0
20019,'1197469',940,,11048,22,,,0
20019,'1197560',1040,,11049,22,,,0
20019,'1197585',648,,11050,22,,,0
20019,'1197629',1420,,11051,22,,,0
20019,'1197637',2149,,11052,22,,,0
20019,'1197672',1340,,11053,22,,,0
20019,'1197681',1049,,11054,22,,,0
20019,'1197724',1440,,11055,22,,,0
20019,'1197914',1240,,11056,22,,,0
20019,'1197984',1750,,11057,22,,,0
20019,'1197986',1349,,11058,22,,,0
20019,'1198036',1820,,11059,22,,,0
20019,'1198083',2419,,11060,22,,,0
20019,'1198114',949,,11061,22,,,0
20019,'1198133',1120,,11062,22,,,0
20019,'1198141',2049,,11063,22,,,0
20019,'1198152',1320,,11064,22,,,0
20019,'1198178',749,,11065,22,,,0
20019,'1198183',2249,,11066,22,,,0
20019,'1198191',618,,11067,22,,,0
20019,'1198203',2340,,11068,22,,,0
20019,'1198236',740,,11069,22,,,0
20019,'1198244',1949,,11070,22,,,0
20019,'1198268',2040,,11071,22,,,0
20019,'1198364',2319,,11072,22,,,0
20019,'1198377',1620,,11073,22,,,0
20019,'1198420',1720,,11074,22,,,0
20019,'1198431',920,,11075,22,,,0
20019,'1198465',1849,,11076,22,,,0
20019,'1198477',1840,,11077,22,,,0
20019,'1198580',719,,11078,22,,,0
20019,'1198586',820,,11079,22,,,0
20019,'1198656',849,,11080,22,,,0
20019,'1198669',1020,,11081,22,,,0
20019,'1198702',1749,,11082,22,,,0
20019,'1198708',1449,,11083,22,,,0
20019,'1198826',1650,,11084,22,,,0
20019,'1198871',1140,,11085,22,,,0
20019,'1198943',1920,,11086,22,,,0
20019,'1199137',2348,,11087,22,,,0
20019,'1199386',840,,11088,22,,,0
20019,'1199428',1220,,11089,22,,,0
20019,'1199534',1640,,11090,22,,,0
20019,'1199553',1149,,11091,22,,,0
