22019,'1197225',1822,,11149,24,4,,0
22019,'1197486',1022,,11150,24,4,,0
22019,'1197592',822,,11151,24,4,,0
22019,'1198193',1422,,11152,24,4,,0
22019,'1198485',1452,,11153,24,4,,0
22019,'1198782',852,,11154,24,4,,0
22019,'1198892',1622,,11155,24,4,,0
22019,'1199196',1222,,11156,24,4,,0
22019,'1199264',1252,,11157,24,4,,0
22019,'1199413',1052,,11158,24,4,,0
22029,'1196872',1452,,11159,1,,,0
22029,'1197509',1052,,11160,1,,,0
22029,'1197841',1252,,11161,1,,,0
22029,'1198320',1422,,11162,1,,,0
22029,'1198325',1822,,11163,1,,,0
22029,'1198632',1022,,11164,1,,,0
22029,'1198895',1622,,11165,1,,,0
22029,'1199147',852,,11166,1,,,0
22029,'1199241',1222,,11167,1,,,0
22029,'1199309',822,,11168,1,,,0
