20019,'1196861',1640,,11034,8,,,0
20019,'1196920',2210,,11035,8,,,0
20019,'1196950',740,,11036,8,,,0
20019,'1196955',640,,11037,8,,,0
20019,'1197117',2010,,11038,8,,,0
20019,'1197128',2110,,11039,8,,,0
20019,'1197129',1540,,11040,8,,,0
20019,'1197174',1510,,11041,8,,,0
20019,'1197187',1534,,11042,8,,,0
20019,'1197300',2234,,11043,8,,,0
20019,'1197337',1934,,11044,8,,,0
20019,'1197360',2134,,11045,8,,,0
20019,'1197373',1240,,11046,8,,,0
20019,'1197429',1734,,11047,8,,,0
20019,'1197469',934,,11048,8,,,0
20019,'1197560',1034,,11049,8,,,0
20019,'1197585',639,,11050,8,,,0
20019,'1197629',1410,,11051,8,,,0
20019,'1197637',2140,,11052,8,,,0
20019,'1197672',1334,,11053,8,,,0
20019,'1197681',1040,,11054,8,,,0
20019,'1197724',1434,,11055,8,,,0
20019,'1197914',1234,,11056,8,,,0
20019,'1197984',1740,,11057,8,,,0
20019,'1197986',1340,,11058,8,,,0
20019,'1198036',1810,,11059,8,,,0
20019,'1198083',2410,,11060,8,,,0
20019,'1198114',940,,11061,8,,,0
20019,'1198133',1110,,11062,8,,,0
20019,'1198141',2040,,11063,8,,,0
20019,'1198152',1310,,11064,8,,,0
20019,'1198178',740,,11065,8,,,0
20019,'1198183',2240,,11066,8,,,0
20019,'1198191',609,,11067,8,,,0
20019,'1198203',2334,,11068,8,,,0
20019,'1198236',734,,11069,8,,,0
20019,'1198244',1940,,11070,8,,,0
20019,'1198268',2034,,11071,8,,,0
20019,'1198364',2310,,11072,8,,,0
20019,'1198377',1610,,11073,8,,,0
20019,'1198420',1710,,11074,8,,,0
20019,'1198431',910,,11075,8,,,0
20019,'1198465',1840,,11076,8,,,0
20019,'1198477',1834,,11077,8,,,0
20019,'1198580',710,,11078,8,,,0
20019,'1198586',810,,11079,8,,,0
20019,'1198656',840,,11080,8,,,0
20019,'1198669',1010,,11081,8,,,0
20019,'1198702',1740,,11082,8,,,0
20019,'1198708',1440,,11083,8,,,0
20019,'1198826',1640,,11084,8,,,0
20019,'1198871',1134,,11085,8,,,0
20019,'1198943',1910,,11086,8,,,0
20019,'1199137',2339,,11087,8,,,0
20019,'1199386',834,,11088,8,,,0
20019,'1199428',1210,,11089,8,,,0
20019,'1199534',1634,,11090,8,,,0
20019,'1199553',1140,,11091,8,,,0
102019,'1197016',2155,,11865,8,,,0
102019,'1197206',1809,,11866,8,,,0
102019,'1197235',855,,11867,8,,,0
102019,'1197240',725,,11868,8,,,0
102019,'1197255',1325,,11869,8,,,0
102019,'1197609',909,,11870,8,,,0
102019,'1197643',1455,,11871,8,,,0
102019,'1197656',1855,,11872,8,,,0
102019,'1197775',1555,,11873,8,,,0
102019,'1197973',640,,11874,8,,,0
102019,'1197982',1755,,11875,8,,,0
102019,'1198067',655,,11876,8,,,0
102019,'1198088',2239,,11877,8,,,0
102019,'1198122',1925,,11878,8,,,0
102019,'1198163',1025,,11879,8,,,0
102019,'1198211',810,,11880,8,,,0
102019,'1198279',1125,,11881,8,,,0
102019,'1198403',1039,,11882,8,,,0
102019,'1198424',1425,,11883,8,,,0
102019,'1198486',955,,11884,8,,,0
102019,'1198508',1509,,11885,8,,,0
102019,'1198523',1255,,11886,8,,,0
102019,'1198532',1209,,11887,8,,,0
102019,'1198591',2225,,11888,8,,,0
102019,'1198661',1625,,11889,8,,,0
102019,'1198730',2055,,11890,8,,,0
102019,'1198749',2025,,11891,8,,,0
102019,'1198805',1939,,11892,8,,,0
102019,'1198848',1639,,11893,8,,,0
102019,'1198865',2325,,11894,8,,,0
102019,'1199016',2109,,11895,8,,,0
102019,'1199130',2355,,11896,8,,,0
102019,'1199199',940,,11897,8,,,0
102019,'1199205',1155,,11898,8,,,0
102019,'1199328',1339,,11899,8,,,0
102019,'1199348',1725,,11900,8,,,0
102019,'1199363',1710,,11901,8,,,0
102019,'1199433',1540,,11902,8,,,0
102019,'1199474',555,,11903,8,,,0
102019,'1199507',825,,11904,8,,,0
102019,'1199572',1410,,11905,8,,,0
102019,'1199618',739,,11906,8,,,0
