10029,'1196869',1019,,10389,7,,,0
10029,'1196944',1849,,10390,7,,,0
10029,'1196948',1519,,10391,7,,,0
10029,'1197007',649,,10392,7,,,0
10029,'1197053',1319,,10393,7,,,0
10029,'1197093',1119,,10394,7,,,0
10029,'1197160',1719,,10395,7,,,0
10029,'1197269',1819,,10396,7,,,0
10029,'1197314',2149,,10397,7,,,0
10029,'1197362',2019,,10398,7,,,0
10029,'1197385',819,,10399,7,,,0
10029,'1197414',1419,,10400,7,,,0
10029,'1197492',1649,,10401,7,,,0
10029,'1197523',2219,,10402,7,,,0
10029,'1197565',619,,10403,7,,,0
10029,'1197669',819,,10404,7,,,0
10029,'1197675',2119,,10405,7,,,0
10029,'1197822',1719,,10406,7,,,0
10029,'1197831',1719,,10407,7,,,0
10029,'1197885',2019,,10408,7,,,0
10029,'1197887',1549,,10409,7,,,0
10029,'1197892',1219,,10410,7,,,0
10029,'1197908',2219,,10411,7,,,0
10029,'1197916',2249,,10412,7,,,0
10029,'1197980',2354,,10413,7,,,0
10029,'1198080',1619,,10414,7,,,0
10029,'1198150',1619,,10415,7,,,0
10029,'1198170',1119,,10416,7,,,0
10029,'1198181',1749,,10417,7,,,0
10029,'1198232',1519,,10418,7,,,0
10029,'1198314',1919,,10419,7,,,0
10029,'1198351',1219,,10420,7,,,0
10029,'1198466',2049,,10421,7,,,0
10029,'1198481',1419,,10422,7,,,0
10029,'1198536',1219,,10423,7,,,0
10029,'1198550',1619,,10424,7,,,0
10029,'1198565',2319,,10425,7,,,0
10029,'1198676',719,,10426,7,,,0
10029,'1198703',719,,10427,7,,,0
10029,'1198735',1019,,10428,7,,,0
10029,'1198754',1319,,10429,7,,,0
10029,'1198767',1119,,10430,7,,,0
10029,'1198887',849,,10431,7,,,0
10029,'1198905',1419,,10432,7,,,0
10029,'1198933',819,,10433,7,,,0
10029,'1199013',719,,10434,7,,,0
10029,'1199068',1019,,10435,7,,,0
10029,'1199078',1819,,10436,7,,,0
10029,'1199088',1949,,10437,7,,,0
10029,'1199134',1319,,10438,7,,,0
10029,'1199161',2319,,10439,7,,,0
10029,'1199245',1919,,10440,7,,,0
10029,'1199274',919,,10441,7,,,0
10029,'1199375',1449,,10442,7,,,0
10029,'1199396',749,,10443,7,,,0
10029,'1199411',2119,,10444,7,,,0
10029,'1199422',919,,10445,7,,,0
10029,'1199613',919,,10446,7,,,0
10029,'1199633',1519,,10447,7,,,0
