14029,'1196849',1736,,10975,40,,,0
14029,'1196912',806,,10976,40,,,0
14029,'1197024',1536,,10977,40,,,0
14029,'1197041',2336,,10978,40,,,0
14029,'1197050',1634,,10979,40,,,0
14029,'1197119',1737,,10980,40,,,0
14029,'1197130',2234,,10981,40,,,0
14029,'1197219',1534,,10982,40,,,0
14029,'1197237',1334,,10983,40,,,0
14029,'1197250',636,,10984,40,,,0
14029,'1197265',1806,,10985,40,,,0
14029,'1197310',2236,,10986,40,,,0
14029,'1197323',1336,,10987,40,,,0
14029,'1197440',2134,,10988,40,,,0
14029,'1197456',1537,,10989,40,,,0
14029,'1197472',1134,,10990,40,,,0
14029,'1197493',1906,,10991,40,,,0
14029,'1197512',1637,,10992,40,,,0
14029,'1197515',1436,,10993,40,,,0
14029,'1197597',736,,10994,40,,,0
14029,'1197605',2306,,10995,40,,,0
14029,'1197639',1234,,10996,40,,,0
14029,'1197699',2006,,10997,40,,,0
14029,'1197717',1734,,10998,40,,,0
14029,'1197738',1034,,10999,40,,,0
14029,'1197809',1636,,11000,40,,,0
14029,'1197863',2411,,11001,40,,,0
14029,'1197882',1434,,11002,40,,,0
14029,'1197961',1236,,11003,40,,,0
14029,'1198040',1036,,11004,40,,,0
14029,'1198078',1136,,11005,40,,,0
14029,'1198100',906,,11006,40,,,0
14029,'1198198',2206,,11007,40,,,0
14029,'1198204',2106,,11008,40,,,0
14029,'1198269',706,,11009,40,,,0
14029,'1198326',934,,11010,40,,,0
14029,'1198404',736,,11011,40,,,0
14029,'1198426',2136,,11012,40,,,0
14029,'1198570',836,,11013,40,,,0
14029,'1198612',2334,,11014,40,,,0
14029,'1198728',834,,11015,40,,,0
14029,'1198772',1836,,11016,40,,,0
14029,'1198830',936,,11017,40,,,0
14029,'1198941',1137,,11018,40,,,0
14029,'1198956',1437,,11019,40,,,0
14029,'1199040',2036,,11020,40,,,0
14029,'1199065',1237,,11021,40,,,0
14029,'1199076',1834,,11022,40,,,0
14029,'1199083',1707,,11023,40,,,0
14029,'1199184',936,,11024,40,,,0
14029,'1199200',836,,11025,40,,,0
14029,'1199222',1607,,11026,40,,,0
14029,'1199266',1337,,11027,40,,,0
14029,'1199447',1936,,11028,40,,,0
14029,'1199472',2034,,11029,40,,,0
14029,'1199520',1037,,11030,40,,,0
14029,'1199554',734,,11031,40,,,0
14029,'1199573',1934,,11032,40,,,0
14029,'1199643',1507,,11033,40,,,0
