3019,'1196834',1809,,10159,16,,,0
3019,'1196848',2109,,10160,16,,,0
3019,'1196854',709,,10161,16,,,0
3019,'1196968',1225,,10162,16,,,0
3019,'1196971',2009,,10163,16,,,0
3019,'1197069',710,,10164,16,,,0
3019,'1197076',2139,,10165,16,,,0
3019,'1197107',1240,,10166,16,,,0
3019,'1197120',2409,,10167,16,,,0
3019,'1197318',2209,,10168,16,,,0
3019,'1197369',2325,,10169,16,,,0
3019,'1197372',2225,,10170,16,,,0
3019,'1197378',909,,10171,16,,,0
3019,'1197462',910,,10172,16,,,0
3019,'1197478',1610,,10173,16,,,0
3019,'1197537',925,,10174,16,,,0
3019,'1197572',1340,,10175,16,,,0
3019,'1197590',840,,10176,16,,,0
3019,'1197618',1710,,10177,16,,,0
3019,'1197731',2009,,10179,16,,,0
3019,'1197748',1010,,10180,16,,,0
3019,'1197755',1040,,10181,16,,,0
3019,'1197810',1440,,10182,16,,,0
3019,'1197819',1909,,10183,16,,,0
3019,'1197850',1540,,10184,16,,,0
3019,'1197851',940,,10185,16,,,0
3019,'1197897',1110,,10186,16,,,0
3019,'1197923',1210,,10187,16,,,0
3019,'1197941',1510,,10188,16,,,0
3019,'1198025',1610,,10189,16,,,0
3019,'1198093',1839,,10190,16,,,0
3019,'1198098',1140,,10191,16,,,0
3019,'1198111',1009,,10192,16,,,0
3019,'1198119',1525,,10193,16,,,0
3019,'1198124',1410,,10194,16,,,0
3019,'1198153',1909,,10195,16,,,0
3019,'1198229',1510,,10196,16,,,0
3019,'1198237',1640,,10197,16,,,0
3019,'1198265',2109,,10198,16,,,0
3019,'1198278',1939,,10199,16,,,0
3019,'1198430',1625,,10200,16,,,0
3019,'1198432',1809,,10201,16,,,0
3019,'1198501',1710,,10202,16,,,0
3019,'1198514',640,,10203,16,,,0
3019,'1198654',1725,,10204,16,,,0
3019,'1198677',825,,10205,16,,,0
3019,'1198680',810,,10206,16,,,0
3019,'1198689',2359,,10207,16,,,0
3019,'1198691',1740,,10208,16,,,0
3019,'1198742',2209,,10209,16,,,0
3019,'1198777',1410,,10210,16,,,0
3019,'1198788',725,,10211,16,,,0
3019,'1198845',1025,,10212,16,,,0
3019,'1198989',2125,,10213,16,,,0
3019,'1198991',1825,,10214,16,,,0
3019,'1199009',1325,,10215,16,,,0
3019,'1199035',1210,,10216,16,,,0
3019,'1199052',2025,,10217,16,,,0
3019,'1199066',1125,,10218,16,,,0
3019,'1199133',1310,,10219,16,,,0
3019,'1199262',2309,,10220,16,,,0
3019,'1199277',740,,10221,16,,,0
3019,'1199346',1310,,10222,16,,,0
3019,'1199408',2039,,10223,16,,,0
3019,'1199412',1425,,10224,16,,,0
3019,'1199440',2309,,10225,16,,,0
3019,'1199509',809,,10226,16,,,0
3019,'1199600',1925,,10228,16,,,0
3019,'1199612',1110,,10229,16,,,0
