105019,'1196946',913,,12117,53,,,0
105019,'1197049',1823,,12118,53,,,0
105019,'1197077',601,,12119,53,,,0
105019,'1197115',1208,,12120,53,,,0
105019,'1197131',713,,12121,53,,,0
105019,'1197173',1215,,12122,53,,,0
105019,'1197181',1031,,12123,53,,,0
105019,'1197192',2200,,12124,53,,,0
105019,'1197197',1508,,12125,53,,,0
105019,'1197292',1315,,12126,53,,,0
105019,'1197296',1608,,12127,53,,,0
105019,'1197531',1415,,12128,53,,,0
105019,'1197548',1930,,12129,53,,,0
105019,'1197557',1615,,12130,53,,,0
105019,'1197588',831,,12131,53,,,0
105019,'1197596',2100,,12132,53,,,0
105019,'1197617',1515,,12133,53,,,0
105019,'1197633',1231,,12134,53,,,0
105019,'1197710',805,,12135,53,,,0
105019,'1197779',1753,,12136,53,,,0
105019,'1197825',1423,,12137,53,,,0
105019,'1197971',1108,,12138,53,,,0
105019,'1198112',631,,12139,53,,,0
105019,'1198338',1115,,12140,53,,,0
105019,'1198380',2231,,12141,53,,,0
105019,'1198385',1723,,12142,53,,,0
105019,'1198553',1323,,12143,53,,,0
105019,'1198560',2031,,12144,53,,,0
105019,'1198571',1631,,12145,53,,,0
105019,'1198621',735,,12146,53,,,0
105019,'1198667',1005,,12147,53,,,0
105019,'1198717',1538,,12148,53,,,0
105019,'1198741',905,,12149,53,,,0
105019,'1198746',1853,,12150,53,,,0
105019,'1198889',701,,12151,53,,,0
105019,'1199004',1431,,12152,53,,,0
105019,'1199054',1638,,12153,53,,,0
105019,'1199098',835,,12154,53,,,0
105019,'1199298',2400,,12155,53,,,0
105019,'1199347',2313,,12156,53,,,0
105019,'1199383',2300,,12157,53,,,0
105019,'1199400',1715,,12158,53,,,0
105019,'1199461',1831,,12159,53,,,0
105019,'1199511',1815,,12160,53,,,0
105019,'1199546',2113,,12161,53,,,0
105019,'1199574',1915,,12162,53,,,0
106029,'1196836',1611,,12215,4,,,0
106029,'1196851',1726,,12216,4,,,0
106029,'1197042',1009,,12217,4,,,0
106029,'1197408',1841,,12218,4,,,0
106029,'1198086',739,,12219,4,,,0
106029,'1198615',854,,12220,4,,,0
