104019,'1197815',2344,,12041,2,,,0
104019,'1198490',2420,,12054,2,,,0
104019,'1199025',2400,,12063,2,,,0
104029,'1196835',1945,,12074,2,,,0
104029,'1196857',745,,12075,2,,,0
104029,'1196889',744,,12076,2,,,0
104029,'1196928',1730,,12077,2,,,0
104029,'1197002',630,,12078,2,,,0
104029,'1197045',1523,,12079,2,,,0
104029,'1197133',815,,12080,2,,,0
104029,'1197341',1223,,12081,2,,,0
104029,'1197454',1744,,12082,2,,,0
104029,'1197461',700,,12083,2,,,0
104029,'1197467',2144,,12084,2,,,0
104029,'1197481',545,,12085,2,,,0
104029,'1197553',2115,,12086,2,,,0
104029,'1197574',900,,12087,2,,,0
104029,'1197583',2130,,12088,2,,,0
104029,'1197794',1745,,12089,2,,,0
104029,'1197965',1344,,12090,2,,,0
104029,'1197979',1515,,12091,2,,,0
104029,'1198234',1015,,12092,2,,,0
104029,'1198287',1608,,12093,2,,,0
104029,'1198288',1138,,12094,2,,,0
104029,'1198449',1245,,12095,2,,,0
104029,'1198458',1900,,12096,2,,,0
104029,'1198510',930,,12097,2,,,0
104029,'1198521',745,,12098,2,,,0
104029,'1198558',1630,,12099,2,,,0
104029,'1198578',1653,,12100,2,,,0
104029,'1198686',1353,,12101,2,,,0
104029,'1198694',1438,,12102,2,,,0
104029,'1198755',944,,12103,2,,,0
104029,'1198909',1144,,12104,2,,,0
104029,'1198979',1130,,12105,2,,,0
104029,'1199045',2245,,12106,2,,,0
104029,'1199127',2245,,12107,2,,,0
104029,'1199159',1308,,12108,2,,,0
104029,'1199181',900,,12109,2,,,0
104029,'1199193',1544,,12110,2,,,0
104029,'1199356',1400,,12111,2,,,0
104029,'1199360',2015,,12112,2,,,0
104029,'1199374',630,,12113,2,,,0
104029,'1199380',1015,,12114,2,,,0
104029,'1199442',1815,,12115,2,,,0
104029,'1199577',1944,,12116,2,,,0
