24029,'1196855',2150,,11247,9,,,0
24029,'1196863',1621,,11248,9,,,0
24029,'1196903',1652,,11249,9,,,0
24029,'1196935',1536,,11250,9,,,0
24029,'1196998',950,,11251,9,,,0
24029,'1197011',620,,11252,9,,,0
24029,'1197043',2020,,11253,9,,,0
24029,'1197098',1022,,11254,9,,,0
24029,'1197100',1552,,11255,9,,,0
24029,'1197147',820,,11256,9,,,0
24029,'1197194',1722,,11257,9,,,0
24029,'1197347',1222,,11258,9,,,0
24029,'1197395',2336,,11259,9,,,0
24029,'1197401',1236,,11260,9,,,0
24029,'1197449',1522,,11261,9,,,0
24029,'1197535',1436,,11262,9,,,0
24029,'1197571',1950,,11263,9,,,0
24029,'1197636',836,,11264,9,,,0
24029,'1197711',1422,,11265,9,,,0
24029,'1197716',1422,,11266,9,,,0
24029,'1197740',1622,,11267,9,,,0
24029,'1197752',2250,,11268,9,,,0
24029,'1197838',920,,11269,9,,,0
24029,'1197859',922,,11270,9,,,0
24029,'1197868',2050,,11271,9,,,0
24029,'1198001',1322,,11272,9,,,0
24029,'1198033',720,,11273,9,,,0
24029,'1198069',1836,,11274,9,,,0
24029,'1198091',750,,11275,9,,,0
24029,'1198103',2036,,11276,9,,,0
24029,'1198109',736,,11277,9,,,0
24029,'1198307',2120,,11278,9,,,0
24029,'1198333',1036,,11279,9,,,0
24029,'1198357',1020,,11280,9,,,0
24029,'1198422',1736,,11281,9,,,0
24029,'1198495',1322,,11282,9,,,0
24029,'1198628',1936,,11283,9,,,0
24029,'1198699',1336,,11284,9,,,0
24029,'1198752',1122,,11285,9,,,0
24029,'1198764',1452,,11286,9,,,0
24029,'1198765',1721,,11287,9,,,0
24029,'1198785',2220,,11288,9,,,0
24029,'1198801',1222,,11289,9,,,0
24029,'1198831',1752,,11290,9,,,0
24029,'1198847',1636,,11291,9,,,0
24029,'1198886',720,,11292,9,,,0
24029,'1198954',1136,,11293,9,,,0
24029,'1198966',1522,,11294,9,,,0
24029,'1198971',2236,,11295,9,,,0
24029,'1199014',1920,,11296,9,,,0
24029,'1199150',2320,,11297,9,,,0
24029,'1199169',2410,,11298,9,,,0
24029,'1199217',1122,,11299,9,,,0
24029,'1199230',821,,11300,9,,,0
24029,'1199287',650,,11301,9,,,0
24029,'1199365',2136,,11302,9,,,0
24029,'1199397',850,,11303,9,,,0
24029,'1199530',936,,11304,9,,,0
24029,'1199545',1850,,11305,9,,,0
24029,'1199636',1820,,11306,9,,,0
105019,'1196946',949,,12117,111,,,0
105019,'1197049',1903,,12118,111,,,0
105019,'1197077',637,,12119,111,,,0
105019,'1197115',1248,,12120,111,,,0
105019,'1197131',749,,12121,111,,,0
105019,'1197173',1251,,12122,111,,,0
105019,'1197181',1104,,12123,111,,,0
105019,'1197192',2237,,12124,111,,,0
105019,'1197197',1548,,12125,111,,,0
105019,'1197292',1351,,12126,111,,,0
105019,'1197296',1648,,12127,111,,,0
105019,'1197531',1451,,12128,111,,,0
105019,'1197548',2007,,12129,111,,,0
105019,'1197557',1651,,12130,111,,,0
105019,'1197588',904,,12131,111,,,0
105019,'1197596',2137,,12132,111,,,0
105019,'1197617',1551,,12133,111,,,0
105019,'1197633',1304,,12134,111,,,0
105019,'1197710',845,,12135,111,,,0
105019,'1197779',1833,,12136,111,,,0
105019,'1197825',1503,,12137,111,,,0
105019,'1197971',1148,,12138,111,,,0
105019,'1198112',707,,12139,111,,,0
105019,'1198338',1151,,12140,111,,,0
105019,'1198380',2304,,12141,111,,,0
105019,'1198385',1803,,12142,111,,,0
105019,'1198553',1403,,12143,111,,,0
105019,'1198560',2104,,12144,111,,,0
105019,'1198571',1704,,12145,111,,,0
105019,'1198621',815,,12146,111,,,0
105019,'1198667',1045,,12147,111,,,0
105019,'1198717',1618,,12148,111,,,0
105019,'1198741',945,,12149,111,,,0
105019,'1198746',1933,,12150,111,,,0
105019,'1198889',737,,12151,111,,,0
105019,'1199004',1504,,12152,111,,,0
105019,'1199054',1718,,12153,111,,,0
105019,'1199098',915,,12154,111,,,0
105019,'1199298',2437,,12155,111,,,0
105019,'1199347',2349,,12156,111,,,0
105019,'1199383',2337,,12157,111,,,0
105019,'1199400',1751,,12158,111,,,0
105019,'1199461',1904,,12159,111,,,0
105019,'1199511',1851,,12160,111,,,0
105019,'1199546',2149,,12161,111,,,0
105019,'1199574',1951,,12162,111,,,0
106029,'1196836',1635,,12215,42,,,0
106029,'1196851',1750,,12216,42,,,0
106029,'1197042',1033,,12217,42,,,0
106029,'1197408',1905,,12218,42,,,0
106029,'1198086',803,,12219,42,,,0
106029,'1198615',918,,12220,42,,,0
140001019,'1196866',820,,12221,21,,,0
140001019,'1196880',2218,,12222,21,,,0
140001019,'1196896',1035,,12223,21,,,0
140001019,'1196898',2150,,12224,21,,,0
140001019,'1196900',1935,,12225,21,,,0
140001019,'1196905',1907,,12226,21,,,0
140001019,'1196939',2320,,12227,21,,,0
140001019,'1196943',1336,,12228,21,,,0
140001019,'1196945',2345,,12229,21,,,0
140001019,'1196967',650,,12230,21,,,0
140001019,'1197008',1407,,12231,21,,,0
140001019,'1197072',1429,,12232,21,,,0
140001019,'1197075',1551,,12233,21,,,0
140001019,'1197086',1850,,12234,21,,,0
140001019,'1197088',2050,,12235,21,,,0
140001019,'1197102',705,,12236,21,,,0
140001019,'1197146',1606,,12237,21,,,0
140001019,'1197212',1321,,12238,21,,,0
140001019,'1197216',935,,12239,21,,,0
140001019,'1197238',1206,,12240,21,,,0
140001019,'1197266',1506,,12241,21,,,0
140001019,'1197267',1636,,12242,21,,,0
140001019,'1197281',1644,,12243,21,,,0
140001019,'1197287',950,,12244,21,,,0
140001019,'1197324',1614,,12245,21,,,0
140001019,'1197328',1020,,12246,21,,,0
140001019,'1197350',1050,,12247,21,,,0
140001019,'1197407',1421,,12248,21,,,0
140001019,'1197438',1736,,12249,21,,,0
140001019,'1197459',1005,,12250,21,,,0
140001019,'1197465',1136,,12251,21,,,0
140001019,'1197470',1751,,12252,21,,,0
140001019,'1197474',1020,,12253,21,,,0
140001019,'1197516',1444,,12254,21,,,0
140001019,'1197563',1835,,12255,21,,,0
140001019,'1197567',1950,,12256,21,,,0
140001019,'1197593',1236,,12257,21,,,0
140001019,'1197607',1659,,12258,21,,,0
140001019,'1197613',1759,,12259,21,,,0
140001019,'1197621',1806,,12260,21,,,0
140001019,'1197622',2035,,12261,21,,,0
140001019,'1197646',1221,,12262,21,,,0
140001019,'1197676',1151,,12263,21,,,0
140001019,'1197685',1036,,12264,21,,,0
140001019,'1197688',1321,,12265,21,,,0
140001019,'1197689',1436,,12266,21,,,0
140001019,'1197693',1744,,12267,21,,,0
140001019,'1197729',2005,,12268,21,,,0
140001019,'1197734',1607,,12269,21,,,0
140001019,'1197741',1336,,12270,21,,,0
140001019,'1197745',1221,,12271,21,,,0
140001019,'1197767',1121,,12272,21,,,0
140001019,'1197797',2020,,12273,21,,,0
140001019,'1197802',905,,12274,21,,,0
140001019,'1197830',920,,12275,21,,,0
140001019,'1197894',1821,,12276,21,,,0
140001019,'1197944',1107,,12277,21,,,0
140001019,'1197964',1306,,12278,21,,,0
140001019,'1197966',1051,,12279,21,,,0
140001019,'1197987',1629,,12280,21,,,0
140001019,'1197988',750,,12281,21,,,0
140001019,'1198009',2105,,12282,21,,,0
140001019,'1198027',2307,,12283,21,,,0
140001019,'1198035',835,,12284,21,,,0
140001019,'1198147',2107,,12285,21,,,0
140001019,'1198155',1206,,12286,21,,,0
140001019,'1198177',2050,,12287,21,,,0
140001019,'1198195',1306,,12288,21,,,0
140001019,'1198235',1706,,12289,21,,,0
140001019,'1198264',1307,,12290,21,,,0
140001019,'1198294',1406,,12291,21,,,0
140001019,'1198302',2020,,12292,21,,,0
140001019,'1198324',1806,,12293,21,,,0
140001019,'1198349',735,,12294,21,,,0
140001019,'1198356',1721,,12295,21,,,0
140001019,'1198378',720,,12296,21,,,0
140001019,'1198384',1136,,12297,21,,,0
140001019,'1198418',1920,,12298,21,,,0
140001019,'1198429',1905,,12299,21,,,0
140001019,'1198452',1807,,12300,21,,,0
140001019,'1198461',850,,12301,21,,,0
140001019,'1198463',1835,,12302,21,,,0
140001019,'1198487',1850,,12303,21,,,0
140001019,'1198515',1236,,12304,21,,,0
140001019,'1198535',1714,,12305,21,,,0
140001019,'1198541',1105,,12306,21,,,0
140001019,'1198549',650,,12307,21,,,0
140001019,'1198579',1651,,12308,21,,,0
140001019,'1198595',2120,,12309,21,,,0
140001019,'1198601',1621,,12310,21,,,0
140001019,'1198665',2318,,12311,21,,,0
140001019,'1198666',807,,12312,21,,,0
140001019,'1198714',1459,,12313,21,,,0
140001019,'1198763',2420,,12314,21,,,0
140001019,'1198766',1007,,12315,21,,,0
140001019,'1198781',1820,,12316,21,,,0
140001019,'1198791',1521,,12317,21,,,0
140001019,'1198797',820,,12318,21,,,0
140001019,'1198813',1507,,12319,21,,,0
140001019,'1198814',2407,,12320,21,,,0
140001019,'1198835',1351,,12321,21,,,0
140001019,'1198872',850,,12322,21,,,0
140001019,'1198878',1251,,12323,21,,,0
140001019,'1198900',1514,,12324,21,,,0
140001019,'1198920',2120,,12325,21,,,0
140001019,'1198925',1120,,12326,21,,,0
140001019,'1198926',920,,12327,21,,,0
140001019,'1198932',1005,,12328,21,,,0
140001019,'1198964',1729,,12329,21,,,0
140001019,'1198965',1406,,12330,21,,,0
140001019,'1198980',1544,,12331,21,,,0
140001019,'1199018',2418,,12332,21,,,0
140001019,'1199069',2207,,12333,21,,,0
140001019,'1199136',1251,,12334,21,,,0
140001019,'1199170',750,,12335,21,,,0
140001019,'1199213',2348,,12336,21,,,0
140001019,'1199235',907,,12337,21,,,0
140001019,'1199268',805,,12338,21,,,0
140001019,'1199282',1106,,12339,21,,,0
140001019,'1199297',1529,,12340,21,,,0
140001019,'1199319',950,,12341,21,,,0
140001019,'1199330',1905,,12342,21,,,0
140001019,'1199354',1950,,12343,21,,,0
140001019,'1199367',2148,,12344,21,,,0
140001019,'1199377',1207,,12345,21,,,0
140001019,'1199402',1707,,12346,21,,,0
140001019,'1199414',1451,,12347,21,,,0
140001019,'1199449',1151,,12348,21,,,0
140001019,'1199458',1351,,12349,21,,,0
140001019,'1199468',2248,,12350,21,,,0
140001019,'1199492',1559,,12351,21,,,0
140001019,'1199516',2220,,12352,21,,,0
140001019,'1199563',2250,,12353,21,,,0
140001019,'1199606',1536,,12354,21,,,0
140001019,'1199624',1920,,12355,21,,,0
140001019,'1199632',720,,12356,21,,,0
140001019,'1199638',2007,,12357,21,,,0
