2019,'1196937',926,,9945,16,,,0
2019,'1196952',1926,,9946,16,,,0
2019,'1196959',726,,9947,16,,,0
2019,'1196966',1011,,9948,16,,,0
2019,'1196990',926,,9949,16,,,0
2019,'1196992',1658,,9950,16,,,0
2019,'1196993',2056,,9951,16,,,0
2019,'1197022',1326,,9952,16,,,0
2019,'1197046',2356,,9953,16,,,0
2019,'1197068',1212,,9954,16,,,0
2019,'1197140',827,,9955,16,,,0
2019,'1197142',2226,,9956,16,,,0
2019,'1197156',657,,9957,16,,,0
2019,'1197159',1243,,9958,16,,,0
2019,'1197165',1312,,9959,16,,,0
2019,'1197200',2041,,9960,16,,,0
2019,'1197205',2326,,9961,16,,,0
2019,'1197230',1558,,9962,16,,,0
2019,'1197258',1528,,9963,16,,,0
2019,'1197273',1826,,9964,16,,,0
2019,'1197277',1012,,9965,16,,,0
2019,'1197304',2026,,9966,16,,,0
2019,'1197311',1758,,9967,16,,,0
2019,'1197384',842,,9968,16,,,0
2019,'1197388',1512,,9969,16,,,0
2019,'1197409',1358,,9970,16,,,0
2019,'1197517',1543,,9971,16,,,0
2019,'1197526',1142,,9972,16,,,0
2019,'1197532',1226,,9973,16,,,0
2019,'1197541',1811,,9974,16,,,0
2019,'1197604',1941,,9975,16,,,0
2019,'1197630',1228,,9976,16,,,0
2019,'1197631',1742,,9977,16,,,0
2019,'1197670',942,,9978,16,,,0
2019,'1197671',1343,,9979,16,,,0
2019,'1197694',1911,,9980,16,,,0
2019,'1197780',1027,,9981,16,,,0
2019,'1197798',1841,,9982,16,,,0
2019,'1197818',1426,,9983,16,,,0
2019,'1197842',1258,,9984,16,,,0
2019,'1197864',2126,,9985,16,,,0
2019,'1197879',1412,,9986,16,,,0
2019,'1197881',1026,,9987,16,,,0
2019,'1197904',857,,9988,16,,,0
2019,'1197931',1157,,9989,16,,,0
2019,'1197939',1513,,9990,16,,,0
2019,'1197952',2401,,9991,16,,,0
2019,'1197970',927,,9992,16,,,0
2019,'1197994',1127,,9993,16,,,0
2019,'1198000',712,,9994,16,,,0
2019,'1198018',727,,9995,16,,,0
2019,'1198034',812,,9996,16,,,0
2019,'1198058',1613,,9997,16,,,0
2019,'1198063',1643,,9998,16,,,0
2019,'1198138',1642,,9999,16,,,0
2019,'1198180',1042,,10000,16,,,0
2019,'1198182',1213,,10001,16,,,0
2019,'1198197',2226,,10002,16,,,0
2019,'1198230',2111,,10003,16,,,0
2019,'1198247',1458,,10004,16,,,0
2019,'1198270',1926,,10005,16,,,0
2019,'1198273',742,,10006,16,,,0
2019,'1198286',756,,10007,16,,,0
2019,'1198328',1728,,10008,16,,,0
2019,'1198379',1743,,10010,16,,,0
2019,'1198387',1542,,10011,16,,,0
2019,'1198392',1142,,10012,16,,,0
2019,'1198443',2011,,10013,16,,,0
2019,'1198453',2141,,10014,16,,,0
2019,'1198468',1242,,10015,16,,,0
2019,'1198483',1726,,10016,16,,,0
2019,'1198564',1112,,10017,16,,,0
2019,'1198584',2311,,10018,16,,,0
2019,'1198637',1628,,10019,16,,,0
2019,'1198722',1526,,10020,16,,,0
2019,'1198740',912,,10021,16,,,0
2019,'1198744',1841,,10022,16,,,0
2019,'1198846',841,,10023,16,,,0
2019,'1198873',642,,10024,16,,,0
2019,'1198904',1342,,10025,16,,,0
2019,'1198940',2211,,10026,16,,,0
2019,'1199047',1313,,10027,16,,,0
2019,'1199073',1712,,10028,16,,,0
2019,'1199085',2141,,10029,16,,,0
2019,'1199096',1442,,10030,16,,,0
2019,'1199176',1041,,10031,16,,,0
2019,'1199234',2011,,10032,16,,,0
2019,'1199238',711,,10033,16,,,0
2019,'1199242',1126,,10034,16,,,0
2019,'1199272',957,,10035,16,,,0
2019,'1199326',2311,,10036,16,,,0
2019,'1199327',1413,,10037,16,,,0
2019,'1199334',1626,,10038,16,,,0
2019,'1199352',1713,,10039,16,,,0
2019,'1199368',1443,,10040,16,,,0
2019,'1199372',1811,,10041,16,,,0
2019,'1199378',1428,,10042,16,,,0
2019,'1199438',1057,,10043,16,,,0
2019,'1199439',757,,10044,16,,,0
2019,'1199485',1328,,10045,16,,,0
2019,'1199505',826,,10046,16,,,0
2019,'1199525',2241,,10047,16,,,0
2019,'1199540',1112,,10048,16,,,0
2019,'1199630',2341,,10049,16,,,0
2019,'1199652',1612,,10050,16,,,0
103029,'1196853',1452,,11989,29,,,0
103029,'1196867',1322,,11990,29,,,0
103029,'1196892',1752,,11991,29,,,0
103029,'1196973',1744,,11992,29,,,0
103029,'1197031',1415,,11993,29,,,0
103029,'1197085',2052,,11994,29,,,0
103029,'1197108',1922,,11995,29,,,0
103029,'1197233',1012,,11996,29,,,0
103029,'1197315',1245,,11997,29,,,0
103029,'1197321',1115,,11998,29,,,0
103029,'1197346',1444,,11999,29,,,0
103029,'1197499',1844,,12000,29,,,0
103029,'1197743',814,,12001,29,,,0
103029,'1197784',944,,12002,29,,,0
103029,'1197852',1314,,12003,29,,,0
103029,'1198282',1144,,12004,29,,,0
103029,'1198444',1545,,12005,29,,,0
103029,'1198568',712,,12006,29,,,0
103029,'1198723',2014,,12007,29,,,0
103029,'1198855',842,,12008,29,,,0
103029,'1198880',1529,,12009,29,,,0
103029,'1198882',644,,12010,29,,,0
103029,'1198911',2143,,12011,29,,,0
103029,'1198914',1659,,12012,29,,,0
103029,'1198921',852,,12013,29,,,0
103029,'1198928',757,,12014,29,,,0
103029,'1198990',927,,12015,29,,,0
103029,'1199021',1622,,12016,29,,,0
103029,'1199109',2313,,12017,29,,,0
103029,'1199145',2222,,12018,29,,,0
103029,'1199146',1152,,12019,29,,,0
103029,'1199172',2212,,12020,29,,,0
103029,'1199215',2342,,12021,29,,,0
103029,'1199475',1912,,12022,29,,,0
103029,'1199565',1022,,12023,29,,,0
103029,'1199579',1614,,12024,29,,,0
103029,'1199581',2042,,12025,29,,,0
103029,'1199593',1715,,12026,29,,,0
