13029,'1196882',1522,,10855,2,,,0
13029,'1196907',1251,,10856,2,,,0
13029,'1196917',1252,,10857,2,,,0
13029,'1196936',1752,,10858,2,,,0
13029,'1196965',750,,10859,2,,,0
13029,'1196972',1622,,10860,2,,,0
13029,'1197006',1451,,10861,2,,,0
13029,'1197082',1151,,10862,2,,,0
13029,'1197122',1051,,10863,2,,,0
13029,'1197184',1451,,10864,2,,,0
13029,'1197188',1920,,10865,2,,,0
13029,'1197193',751,,10866,2,,,0
13029,'1197215',2051,,10867,2,,,0
13029,'1197262',1651,,10868,2,,,0
13029,'1197363',921,,10869,2,,,0
13029,'1197365',2150,,10870,2,,,0
13029,'1197371',951,,10871,2,,,0
13029,'1197444',2250,,10872,2,,,0
13029,'1197556',2251,,10873,2,,,0
13029,'1197773',2020,,10874,2,,,0
13029,'1197812',1452,,10875,2,,,0
13029,'1197866',1351,,10876,2,,,0
13029,'1197909',851,,10877,2,,,0
13029,'1197997',1950,,10878,2,,,0
13029,'1198028',2050,,10879,2,,,0
13029,'1198074',2350,,10880,2,,,0
13029,'1198199',1551,,10881,2,,,0
13029,'1198248',2220,,10882,2,,,0
13029,'1198289',820,,10883,2,,,0
13029,'1198381',1722,,10884,2,,,0
13029,'1198389',1751,,10885,2,,,0
13029,'1198416',1551,,10886,2,,,0
13029,'1198437',1020,,10887,2,,,0
13029,'1198474',1053,,10888,2,,,0
13029,'1198488',1850,,10889,2,,,0
13029,'1198563',720,,10890,2,,,0
13029,'1198648',1050,,10891,2,,,0
13029,'1198673',1251,,10892,2,,,0
13029,'1198704',1851,,10893,2,,,0
13029,'1198733',750,,10894,2,,,0
13029,'1198756',851,,10895,2,,,0
13029,'1198793',950,,10896,2,,,0
13029,'1198811',1351,,10897,2,,,0
13029,'1198812',2351,,10898,2,,,0
13029,'1198828',1151,,10899,2,,,0
13029,'1198858',1552,,10900,2,,,0
13029,'1198910',620,,10901,2,,,0
13029,'1198998',850,,10902,2,,,0
13029,'1199115',650,,10903,2,,,0
13029,'1199250',2151,,10904,2,,,0
13029,'1199324',650,,10905,2,,,0
13029,'1199337',951,,10906,2,,,0
13029,'1199349',2120,,10907,2,,,0
13029,'1199379',2320,,10908,2,,,0
13029,'1199405',1751,,10909,2,,,0
13029,'1199419',1152,,10910,2,,,0
13029,'1199548',1352,,10911,2,,,0
13029,'1199559',1651,,10912,2,,,0
13029,'1199614',1820,,10913,2,,,0
13029,'1199653',1951,,10914,2,,,0
13029,'1199655',1652,,10915,2,,,0
101019,'1197003',608,,11803,44,,,0
101019,'1197056',2146,,11804,44,,,0
101019,'1197144',2345,,11805,44,,,0
101019,'1197150',1545,,11806,44,,,0
101019,'1197356',1345,,11807,44,,,0
101019,'1197394',1546,,11808,44,,,0
101019,'1197485',746,,11809,44,,,0
101019,'1197542',1346,,11810,44,,,0
101019,'1197666',1108,,11811,44,,,0
101019,'1197703',2145,,11812,44,,,0
101019,'1197735',1208,,11813,44,,,0
101019,'1197816',1146,,11814,44,,,0
101019,'1197893',808,,11815,44,,,0
101019,'1198002',1745,,11816,44,,,0
101019,'1198014',745,,11817,44,,,0
101019,'1198130',1008,,11818,44,,,0
101019,'1198162',1410,,11819,44,,,0
101019,'1198212',1945,,11820,44,,,0
101019,'1198408',2107,,11821,44,,,0
101019,'1198684',946,,11822,44,,,0
101019,'1198907',1946,,11823,44,,,0
101019,'1199079',2308,,11824,44,,,0
101019,'1199178',1810,,11825,44,,,0
101019,'1199186',1610,,11826,44,,,0
101019,'1199279',1746,,11827,44,,,0
101019,'1199401',945,,11828,44,,,0
101019,'1199471',1908,,11829,44,,,0
101019,'1199497',1145,,11830,44,,,0
101019,'1199519',908,,11831,44,,,0
101019,'1199566',1510,,11832,44,,,0
101019,'1199626',1710,,11833,44,,,0
