103019,'1196838',2033,,11950,15,,,0
103019,'1196888',952,,11951,15,,,0
103019,'1196969',1653,,11952,15,,,0
103019,'1196981',1222,,11953,15,,,0
103019,'1197294',2122,,11954,15,,,0
103019,'1197441',1051,,11955,15,,,0
103019,'1197545',1723,,11956,15,,,0
103019,'1197721',1353,,11957,15,,,0
103019,'1197732',907,,11958,15,,,0
103019,'1197772',1508,,11959,15,,,0
103019,'1197847',1553,,11960,15,,,0
103019,'1197900',2322,,11961,15,,,0
103019,'1197976',2152,,11962,15,,,0
103019,'1198084',751,,11963,15,,,0
103019,'1198108',1433,,11964,15,,,0
103019,'1198169',737,,11965,15,,,0
103019,'1198206',921,,11966,15,,,0
103019,'1198228',1123,,11967,15,,,0
103019,'1198242',1903,,11968,15,,,0
103019,'1198304',1423,,11969,15,,,0
103019,'1198348',2203,,11970,15,,,0
103019,'1198369',2252,,11971,15,,,0
103019,'1198383',1253,,11972,15,,,0
103019,'1198393',652,,11973,15,,,0
103019,'1198585',620,,11974,2,,,0
103019,'1198760',822,,11975,15,,,0
103019,'1198790',2333,,11976,15,,,0
103019,'1198820',1303,,11977,15,,,0
103019,'1198832',1733,,11978,15,,,0
103019,'1198901',2022,,11979,15,,,0
103019,'1198908',1003,,11980,15,,,0
103019,'1198992',1603,,11981,15,,,0
103019,'1199041',1133,,11982,15,,,0
103019,'1199057',1523,,11983,15,,,0
103019,'1199120',1852,,11984,15,,,0
103019,'1199157',1822,,11985,15,,,0
103019,'1199198',833,,11986,15,,,0
103019,'1199232',1638,,11987,15,,,0
103019,'1199535',1952,,11988,15,,,0
