11019,'1196979',1325,,10448,15,,,0
11019,'1197040',1654,,10449,15,,,0
11019,'1197065',1510,,10450,15,,,0
11019,'1197103',1909,,10451,15,,,0
11019,'1197109',1324,,10452,15,,,0
11019,'1197110',724,,10453,15,,,0
11019,'1197145',2024,,10454,15,,,0
11019,'1197180',1225,,10455,15,,,0
11019,'1197201',939,,10456,15,,,0
11019,'1197211',724,,10457,15,0,5 6,0
11019,'1197221',1625,,10458,15,,,0
11019,'1197227',1210,,10459,15,,,0
11019,'1197254',1540,,10460,15,,,0
11019,'1197259',2324,,10461,15,,,0
11019,'1197278',2339,,10462,15,,,0
11019,'1197283',909,,10463,15,,,0
11019,'1197316',2024,,10464,15,0,5 6,0
11019,'1197320',1824,,10465,15,,,0
11019,'1197325',2239,,10466,15,,,0
11019,'1197329',1024,,10467,15,,,0
11019,'1197333',954,,10468,15,,,0
11019,'1197344',1939,,10469,15,,,0
11019,'1197354',1109,,10470,15,,,0
11019,'1197406',2224,,10471,15,0,5 6,0
11019,'1197447',2009,,10472,15,,,0
11019,'1197477',2109,,10473,15,,,0
11019,'1197495',1524,,10474,15,,,0
11019,'1197504',2039,,10475,15,,,0
11019,'1197634',824,,10476,15,,,0
11019,'1197652',1139,,10477,15,,,0
11019,'1197663',1310,,10478,15,,,0
11019,'1197722',1710,,10479,15,,,0
11019,'1197727',1809,,10480,15,,,0
11019,'1197728',1624,,10481,15,0,5 6,0
11019,'1197785',924,,10482,15,,,0
11019,'1197855',1839,,10483,15,,,0
11019,'1197865',1640,,10484,15,,,0
11019,'1197880',1454,,10485,15,,,0
11019,'1197889',709,,10486,15,,,0
11019,'1197896',924,,10487,15,,,0
11019,'1197926',1224,,10488,15,0,5 6,0
11019,'1197981',1254,,10489,15,,,0
11019,'1198019',1255,,10490,15,,,0
11019,'1198026',1410,,10491,15,,,0
11019,'1198029',1824,,10492,15,0,5 6,0
11019,'1198038',1724,,10493,15,,,0
11019,'1198149',1124,,10494,15,,,0
11019,'1198166',1524,,10495,15,0,5 6,0
11019,'1198188',1424,,10496,15,0,5 6,0
11019,'1198219',1455,,10497,15,,,0
11019,'1198297',1240,,10498,15,,,0
11019,'1198308',1324,,10499,15,0,5 6,0
11019,'1198327',1725,,10500,15,,,0
11019,'1198365',1024,,10501,15,0,5 6,0
11019,'1198374',724,,10502,15,,,0
11019,'1198401',1924,,10503,15,0,5 6,0
11019,'1198413',2209,,10504,15,,,0
11019,'1198423',1154,,10505,15,,,0
11019,'1198472',839,,10506,15,,,0
11019,'1198605',1124,,10507,15,0,5 6,0
11019,'1198624',1154,,10508,15,,,0
11019,'1198627',2139,,10509,15,,,0
11019,'1198668',854,,10510,15,,,0
11019,'1198671',1425,,10511,15,,,0
11019,'1198695',1610,,10512,15,,,0
11019,'1198698',824,,10513,15,0,5 6,0
11019,'1198701',809,,10514,15,,,0
11019,'1198713',624,,10515,15,,,0
11019,'1198737',1624,,10516,15,,,0
11019,'1198753',2359,,10517,15,,,0
11019,'1198806',1555,,10518,15,,,0
11019,'1198894',739,,10519,15,,,0
11019,'1198896',1355,,10520,15,,,0
11019,'1198957',1655,,10521,15,,,0
11019,'1198963',1224,,10522,15,,,0
11019,'1199015',2324,,10523,15,0,5 6,0
11019,'1199020',1009,,10524,15,,,0
11019,'1199072',1440,,10525,15,,,0
11019,'1199077',754,,10526,15,,,0
11019,'1199162',1525,,10527,15,,,0
11019,'1199164',639,,10528,15,,,0
11019,'1199175',1354,,10529,15,,,0
11019,'1199179',2224,,10530,15,,,0
11019,'1199209',1340,,10531,15,,,0
11019,'1199218',2309,,10532,15,,,0
11019,'1199260',1724,,10533,15,0,5 6,0
11019,'1199285',654,,10534,15,,,0
11019,'1199336',1424,,10535,15,,,0
11019,'1199342',1924,,10536,15,,,0
11019,'1199350',924,,10537,15,0,5 6,0
11019,'1199361',1124,,10538,15,,,0
11019,'1199369',1039,,10539,15,,,0
11019,'1199392',1740,,10540,15,,,0
11019,'1199420',824,,10541,15,,,0
11019,'1199430',2124,,10542,15,,,0
11019,'1199452',1554,,10543,15,,,0
11019,'1199483',1755,,10544,15,,,0
11019,'1199518',1054,,10545,15,,,0
11019,'1199575',2124,,10546,15,0,5 6,0
11019,'1199637',1024,,10547,15,,,0
