105029,'1196840',2319,,12163,58,,,0
105029,'1196987',1034,,12164,58,,,0
105029,'1196996',1707,,12165,58,,,0
105029,'1197020',1549,,12166,58,,,0
105029,'1197097',1807,,12167,58,,,0
105029,'1197137',2032,,12168,58,,,0
105029,'1197220',2019,,12169,58,,,0
105029,'1197228',1522,,12170,58,,,0
105029,'1197231',749,,12171,58,,,0
105029,'1197439',1149,,12172,58,,,0
105029,'1197501',1949,,12173,58,,,0
105029,'1197522',2149,,12174,58,,,0
105029,'1197561',1022,,12175,58,,,0
105029,'1197638',949,,12176,58,,,0
105029,'1197840',2119,,12177,58,,,0
105029,'1197853',2219,,12178,58,,,0
105029,'1197918',1849,,12179,58,,,0
105029,'1197968',2349,,12180,58,,,0
105029,'1198013',1349,,12181,58,,,0
105029,'1198037',1122,,12182,58,,,0
105029,'1198064',1834,,12183,58,,,0
105029,'1198187',1234,,12184,58,,,0
105029,'1198214',1749,,12185,58,,,0
105029,'1198417',1334,,12186,58,,,0
105029,'1198447',1737,,12187,58,,,0
105029,'1198529',1534,,12188,58,,,0
105029,'1198616',719,,12189,58,,,0
105029,'1198625',1637,,12190,58,,,0
105029,'1198711',1337,,12191,58,,,0
105029,'1198718',1552,,12192,58,,,0
105029,'1198725',1734,,12193,58,,,0
105029,'1198779',832,,12194,58,,,0
105029,'1198918',1434,,12195,58,,,0
105029,'1198922',2424,,12196,58,,,0
105029,'1198923',649,,12197,58,,,0
105029,'1199012',632,,12198,58,,,0
105029,'1199037',1422,,12199,58,,,0
105029,'1199107',1452,,12200,58,,,0
105029,'1199124',2432,,12201,58,,,0
105029,'1199144',1237,,12202,58,,,0
105029,'1199148',749,,12203,58,,,0
105029,'1199220',1134,,12204,58,,,0
105029,'1199470',2232,,12205,58,,,0
105029,'1199473',919,,12206,58,,,0
105029,'1199604',819,,12207,58,,,0
105029,'1199607',1634,,12208,58,,,0
