13019,'1196852',1319,,10793,4,,,0
13019,'1196856',1718,,10794,4,,,0
13019,'1196999',918,,10796,4,,,0
13019,'1197035',618,,10797,4,,,0
13019,'1197132',1449,,10798,4,,,0
13019,'1197251',1549,,10799,4,,,0
13019,'1197279',719,,10800,4,,,0
13019,'1197353',2248,,10801,4,,,0
13019,'1197357',1819,,10802,4,,,0
13019,'1197451',2218,,10803,4,,,0
13019,'1197487',818,,10804,4,,,0
13019,'1197555',1619,,10805,4,,,0
13019,'1197570',919,,10806,4,,,0
13019,'1197575',1619,,10807,4,,,0
13019,'1197641',2019,,10808,4,,,0
13019,'1197645',1649,,10809,4,,,0
13019,'1197648',648,,10810,4,,,0
13019,'1197690',1618,,10811,4,,,0
13019,'1197692',1719,,10812,4,,,0
13019,'1197730',1419,,10813,4,,,0
13019,'1197762',2353,,10814,4,,,0
13019,'1197803',718,,10815,4,,,0
13019,'1197834',1218,,10816,4,,,0
13019,'1197854',2018,,10817,4,,,0
13019,'1197962',1318,,10818,4,,,0
13019,'1197975',1019,,10819,4,,,0
13019,'1198041',1118,,10820,4,,,0
13019,'1198094',1748,,10821,4,,,0
13019,'1198160',818,,10822,4,,,0
13019,'1198201',1219,,10823,4,,,0
13019,'1198243',1818,,10824,4,,,0
13019,'1198290',2148,,10825,4,,,0
13019,'1198352',718,,10826,4,,,0
13019,'1198355',1848,,10827,4,,,0
13019,'1198382',748,,10828,4,,,0
13019,'1198402',2219,,10829,4,,,0
13019,'1198552',2119,,10830,4,,,0
13019,'1198554',1918,,10831,4,,,0
13019,'1198602',1119,,10832,4,,,0
13019,'1198611',1948,,10833,4,,,0
13019,'1198630',1519,,10834,4,,,0
13019,'1198675',1219,,10835,4,,,0
13019,'1198716',1018,,10837,4,,,0
13019,'1198729',948,,10838,4,,,0
13019,'1198761',1319,,10839,4,,,0
13019,'1198778',918,,10840,4,,,0
13019,'1198837',2319,,10841,4,,,0
13019,'1198874',1119,,10842,4,,,0
13019,'1198888',848,,10843,4,,,0
13019,'1199044',819,,10844,4,,,0
13019,'1199123',1019,,10845,4,,,0
13019,'1199151',1419,,10846,4,,,0
13019,'1199233',1418,,10847,4,,,0
13019,'1199276',1518,,10848,4,,,0
13019,'1199284',2048,,10849,4,,,0
13019,'1199418',1919,,10850,4,,,0
13019,'1199448',1719,,10851,4,,,0
13019,'1199536',2118,,10852,4,,,0
13019,'1199588',2318,,10853,4,,,0
13019,'1199631',1519,,10854,4,,,0
101029,'1196911',733,,11834,4,,,0
101029,'1197033',1818,,11835,4,,,0
101029,'1197060',833,,11836,4,,,0
101029,'1197096',1018,,11837,4,,,0
101029,'1197257',1033,,11838,4,,,0
101029,'1197272',1218,,11839,4,,,0
101029,'1197326',1534,,11840,4,,,0
101029,'1197581',2018,,11841,4,,,0
101029,'1197673',1418,,11842,4,,,0
101029,'1197747',2133,,11843,4,,,0
101029,'1197977',1618,,11844,4,,,0
101029,'1198059',618,,11845,4,,,0
101029,'1198116',1018,,11846,4,,,0
101029,'1198125',818,,11847,4,,,0
101029,'1198200',1218,,11848,4,,,0
101029,'1198251',933,,11849,4,,,0
101029,'1198346',818,,11850,4,,,0
101029,'1198498',2218,,11851,4,,,0
101029,'1198530',2218,,11852,4,,,0
101029,'1198631',1634,,11853,4,,,0
101029,'1198644',2353,,11854,4,,,0
101029,'1198710',1618,,11855,4,,,0
101029,'1198715',1733,,11856,4,,,0
101029,'1198953',2018,,11857,4,,,0
101029,'1198984',1334,,11858,4,,,0
101029,'1199108',1234,,11859,4,,,0
101029,'1199117',633,,11860,4,,,0
101029,'1199304',1818,,11861,4,,,0
101029,'1199366',1418,,11862,4,,,0
101029,'1199567',1933,,11863,4,,,0
101029,'1199585',1434,,11864,4,,,0
