20019,'1196861',1644,,11034,13,,,0
20019,'1196920',2214,,11035,13,,,0
20019,'1196950',744,,11036,13,,,0
20019,'1196955',644,,11037,13,,,0
20019,'1197117',2014,,11038,13,,,0
20019,'1197128',2114,,11039,13,,,0
20019,'1197129',1544,,11040,13,,,0
20019,'1197174',1514,,11041,13,,,0
20019,'1197187',1537,,11042,13,,,0
20019,'1197300',2237,,11043,13,,,0
20019,'1197337',1937,,11044,13,,,0
20019,'1197360',2137,,11045,13,,,0
20019,'1197373',1244,,11046,13,,,0
20019,'1197429',1737,,11047,13,,,0
20019,'1197469',937,,11048,13,,,0
20019,'1197560',1037,,11049,13,,,0
20019,'1197585',643,,11050,13,,,0
20019,'1197629',1414,,11051,13,,,0
20019,'1197637',2144,,11052,13,,,0
20019,'1197672',1337,,11053,13,,,0
20019,'1197681',1044,,11054,13,,,0
20019,'1197724',1437,,11055,13,,,0
20019,'1197914',1237,,11056,13,,,0
20019,'1197984',1744,,11057,13,,,0
20019,'1197986',1344,,11058,13,,,0
20019,'1198036',1814,,11059,13,,,0
20019,'1198083',2414,,11060,13,,,0
20019,'1198114',944,,11061,13,,,0
20019,'1198133',1114,,11062,13,,,0
20019,'1198141',2044,,11063,13,,,0
20019,'1198152',1314,,11064,13,,,0
20019,'1198178',744,,11065,13,,,0
20019,'1198183',2244,,11066,13,,,0
20019,'1198191',613,,11067,13,,,0
20019,'1198203',2337,,11068,13,,,0
20019,'1198236',737,,11069,13,,,0
20019,'1198244',1944,,11070,13,,,0
20019,'1198268',2037,,11071,13,,,0
20019,'1198364',2314,,11072,13,,,0
20019,'1198377',1614,,11073,13,,,0
20019,'1198420',1714,,11074,13,,,0
20019,'1198431',914,,11075,13,,,0
20019,'1198465',1844,,11076,13,,,0
20019,'1198477',1837,,11077,13,,,0
20019,'1198580',714,,11078,13,,,0
20019,'1198586',814,,11079,13,,,0
20019,'1198656',844,,11080,13,,,0
20019,'1198669',1014,,11081,13,,,0
20019,'1198702',1744,,11082,13,,,0
20019,'1198708',1444,,11083,13,,,0
20019,'1198826',1644,,11084,13,,,0
20019,'1198871',1137,,11085,13,,,0
20019,'1198943',1914,,11086,13,,,0
20019,'1199137',2343,,11087,13,,,0
20019,'1199386',837,,11088,13,,,0
20019,'1199428',1214,,11089,13,,,0
20019,'1199534',1637,,11090,13,,,0
20019,'1199553',1144,,11091,13,,,0
