105019,'1196946',856,,12117,25,,,0
105019,'1197049',1804,,12118,25,,,0
105019,'1197077',543,,12119,25,,,0
105019,'1197115',1149,,12120,25,,,0
105019,'1197131',656,,12121,25,,,0
105019,'1197173',1158,,12122,25,,,0
105019,'1197181',1016,,12123,25,,,0
105019,'1197192',2143,,12124,25,,,0
105019,'1197197',1449,,12125,25,,,0
105019,'1197292',1258,,12126,25,,,0
105019,'1197296',1549,,12127,25,,,0
105019,'1197531',1358,,12128,25,,,0
105019,'1197548',1913,,12129,25,,,0
105019,'1197557',1558,,12130,25,,,0
105019,'1197588',816,,12131,25,,,0
105019,'1197596',2043,,12132,25,,,0
105019,'1197617',1458,,12133,25,,,0
105019,'1197633',1216,,12134,25,,,0
105019,'1197710',746,,12135,25,,,0
105019,'1197779',1734,,12136,25,,,0
105019,'1197825',1404,,12137,25,,,0
105019,'1197971',1049,,12138,25,,,0
105019,'1198112',613,,12139,25,,,0
105019,'1198338',1058,,12140,25,,,0
105019,'1198380',2216,,12141,25,,,0
105019,'1198385',1704,,12142,25,,,0
105019,'1198553',1304,,12143,25,,,0
105019,'1198560',2016,,12144,25,,,0
105019,'1198571',1616,,12145,25,,,0
105019,'1198621',716,,12146,25,,,0
105019,'1198667',946,,12147,25,,,0
105019,'1198717',1519,,12148,25,,,0
105019,'1198741',846,,12149,25,,,0
105019,'1198746',1834,,12150,25,,,0
105019,'1198889',643,,12151,25,,,0
105019,'1199004',1416,,12152,25,,,0
105019,'1199054',1619,,12153,25,,,0
105019,'1199098',816,,12154,25,,,0
105019,'1199298',2343,,12155,25,,,0
105019,'1199347',2256,,12156,25,,,0
105019,'1199383',2243,,12157,25,,,0
105019,'1199400',1658,,12158,25,,,0
105019,'1199461',1816,,12159,25,,,0
105019,'1199511',1758,,12160,25,,,0
105019,'1199546',2056,,12161,25,,,0
105019,'1199574',1858,,12162,25,,,0
