11029,'1196876',1500,,10548,17,,,0
11029,'1196884',1259,,10549,21,,,0
11029,'1196914',1142,,10550,21,,,0
11029,'1196958',801,,10551,21,,,0
11029,'1197000',1300,,10552,17,,,0
11029,'1197070',1900,,10553,17,,,0
11029,'1197071',1841,,10554,21,,,0
11029,'1197114',927,,10555,21,,,0
11029,'1197185',2300,,10556,17,,,0
11029,'1197191',1459,,10557,21,,,0
11029,'1197229',1414,,10558,21,,,0
11029,'1197234',1713,,10559,21,,,0
11029,'1197264',1744,,10560,21,,,0
11029,'1197274',942,,10561,21,,,0
11029,'1197327',1343,,10562,21,,,0
11029,'1197343',742,,10563,21,,,0
11029,'1197351',1600,,10564,17,,,0
11029,'1197398',1829,,10565,21,,,0
11029,'1197412',2311,,10566,21,,,0
11029,'1197422',1644,,10567,21,,,0
11029,'1197446',2400,,10568,17,,,0
11029,'1197463',712,,10569,21,,,0
11029,'1197502',627,,10570,21,,,0
11029,'1197519',757,,10571,21,,,0
11029,'1197564',2301,,10572,21,,,0
11029,'1197573',1400,,10573,17,,,0
11029,'1197695',1112,,10574,21,,,0
11029,'1197696',812,,10575,21,,,0
11029,'1197753',900,,10576,17,,,0
11029,'1197763',1529,,10577,21,,,0
11029,'1197795',2041,,10578,21,,,0
11029,'1197832',1629,,10579,21,,,0
11029,'1197875',2428,,10580,21,,,0
11029,'1197917',2401,,10581,21,,,0
11029,'1197925',1127,,10582,21,,,0
11029,'1197934',1543,,10583,21,,,0
11029,'1197978',1911,,10584,21,,,0
11029,'1197990',1443,,10585,21,,,0
11029,'1198012',857,,10586,21,,,0
11029,'1198053',1001,,10587,21,,,0
11029,'1198076',2011,,10588,21,,,0
11029,'1198113',2111,,10589,21,,,0
11029,'1198146',2241,,10590,21,,,0
11029,'1198266',2001,,10591,21,,,0
11029,'1198296',1700,,10592,17,,,0
11029,'1198337',912,,10593,21,,,0
11029,'1198341',1201,,10594,21,,,0
11029,'1198362',2200,,10595,17,,,0
11029,'1198405',1901,,10596,21,,,0
11029,'1198419',1514,,10597,21,,,0
11029,'1198470',1314,,10598,21,,,0
11029,'1198493',1814,,10599,21,,,0
11029,'1198506',1101,,10600,21,,,0
11029,'1198543',1027,,10601,21,,,0
11029,'1198548',1614,,10602,21,,,0
11029,'1198573',1157,,10603,21,,,0
11029,'1198590',2000,,10604,17,,,0
11029,'1198610',1559,,10605,21,,,0
11029,'1198623',701,,10606,21,,,0
11029,'1198660',1313,,10607,21,,,0
11029,'1198662',1800,,10608,17,,,0
11029,'1198696',1444,,10609,21,,,0
11029,'1198771',1513,,10610,21,,,0
11029,'1198808',957,,10611,21,,,0
11029,'1198843',2100,,10612,17,,,0
11029,'1198927',1057,,10613,21,,,0
11029,'1198951',1729,,10614,21,,,0
11029,'1198978',1941,,10615,21,,,0
11029,'1199022',1241,,10616,21,,,0
11029,'1199024',2201,,10617,21,,,0
11029,'1199026',2211,,10618,21,,,0
11029,'1199059',1613,,10619,21,,,0
11029,'1199060',1359,,10620,21,,,0
11029,'1199064',1813,,10621,21,,,0
11029,'1199091',800,,10622,17,,,0
11029,'1199100',2141,,10623,21,,,0
11029,'1199118',1714,,10624,21,,,0
11029,'1199132',657,,10625,21,,,0
11029,'1199143',1743,,10626,21,,,0
11029,'1199154',1429,,10627,21,,,0
11029,'1199177',1659,,10628,21,,,0
11029,'1199180',2101,,10629,21,,,0
11029,'1199214',727,,10630,21,,,0
11029,'1199225',1544,,10631,21,,,0
11029,'1199227',1200,,10632,17,,,0
11029,'1199229',1413,,10633,21,,,0
11029,'1199253',1000,,10634,17,,,0
11029,'1199301',2338,,10635,21,,,0
11029,'1199306',1100,,10636,17,,,0
11029,'1199370',1759,,10637,21,,,0
11029,'1199376',842,,10638,21,,,0
11029,'1199394',901,,10639,21,,,0
11029,'1199403',827,,10640,21,,,0
11029,'1199410',1212,,10641,21,,,0
11029,'1199462',2408,,10642,21,,,0
11029,'1199476',1012,,10643,21,,,0
11029,'1199496',1329,,10644,21,,,0
11029,'1199508',1227,,10645,21,,,0
11029,'1199591',1643,,10646,21,,,0
11029,'1199603',1244,,10647,21,,,0
11029,'1199619',1042,,10648,21,,,0
11029,'1199623',1344,,10649,21,,,0
