2019,'1196937',919,,9945,6,,,0
2019,'1196952',1919,,9946,6,,,0
2019,'1196959',719,,9947,6,,,0
2019,'1196966',1004,,9948,6,,,0
2019,'1196990',919,,9949,6,,,0
2019,'1196992',1649,,9950,6,,,0
2019,'1196993',2049,,9951,6,,,0
2019,'1197022',1319,,9952,6,,,0
2019,'1197046',2349,,9953,6,,,0
2019,'1197068',1204,,9954,6,,,0
2019,'1197140',819,,9955,6,,,0
2019,'1197142',2219,,9956,6,,,0
2019,'1197156',649,,9957,6,,,0
2019,'1197159',1234,,9958,6,,,0
2019,'1197165',1304,,9959,6,,,0
2019,'1197200',2034,,9960,6,,,0
2019,'1197205',2319,,9961,6,,,0
2019,'1197230',1549,,9962,6,,,0
2019,'1197258',1519,,9963,6,,,0
2019,'1197273',1819,,9964,6,,,0
2019,'1197277',1004,,9965,6,,,0
2019,'1197304',2019,,9966,6,,,0
2019,'1197311',1749,,9967,6,,,0
2019,'1197384',834,,9968,6,,,0
2019,'1197388',1504,,9969,6,,,0
2019,'1197409',1349,,9970,6,,,0
2019,'1197517',1534,,9971,6,,,0
2019,'1197526',1134,,9972,6,,,0
2019,'1197532',1219,,9973,6,,,0
2019,'1197541',1804,,9974,6,,,0
2019,'1197604',1934,,9975,6,,,0
2019,'1197630',1219,,9976,6,,,0
2019,'1197631',1734,,9977,6,,,0
2019,'1197670',934,,9978,6,,,0
2019,'1197671',1334,,9979,6,,,0
2019,'1197694',1904,,9980,6,,,0
2019,'1197780',1019,,9981,6,,,0
2019,'1197798',1834,,9982,6,,,0
2019,'1197818',1419,,9983,6,,,0
2019,'1197842',1249,,9984,6,,,0
2019,'1197864',2119,,9985,6,,,0
2019,'1197879',1404,,9986,6,,,0
2019,'1197881',1019,,9987,6,,,0
2019,'1197904',849,,9988,6,,,0
2019,'1197931',1149,,9989,6,,,0
2019,'1197939',1504,,9990,6,,,0
2019,'1197952',2354,,9991,6,,,0
2019,'1197970',919,,9992,6,,,0
2019,'1197994',1119,,9993,6,,,0
2019,'1198000',704,,9994,6,,,0
2019,'1198018',719,,9995,6,,,0
2019,'1198034',804,,9996,6,,,0
2019,'1198058',1604,,9997,6,,,0
2019,'1198063',1634,,9998,6,,,0
2019,'1198138',1634,,9999,6,,,0
2019,'1198180',1034,,10000,6,,,0
2019,'1198182',1204,,10001,6,,,0
2019,'1198197',2219,,10002,6,,,0
2019,'1198230',2104,,10003,6,,,0
2019,'1198247',1449,,10004,6,,,0
2019,'1198270',1919,,10005,6,,,0
2019,'1198273',734,,10006,6,,,0
2019,'1198286',749,,10007,6,,,0
2019,'1198328',1719,,10008,6,,,0
2019,'1198379',1734,,10010,6,,,0
2019,'1198387',1534,,10011,6,,,0
2019,'1198392',1134,,10012,6,,,0
2019,'1198443',2004,,10013,6,,,0
2019,'1198453',2134,,10014,6,,,0
2019,'1198468',1234,,10015,6,,,0
2019,'1198483',1719,,10016,6,,,0
2019,'1198564',1104,,10017,6,,,0
2019,'1198584',2304,,10018,6,,,0
2019,'1198637',1619,,10019,6,,,0
2019,'1198722',1519,,10020,6,,,0
2019,'1198740',904,,10021,6,,,0
2019,'1198744',1834,,10022,6,,,0
2019,'1198846',834,,10023,6,,,0
2019,'1198873',634,,10024,6,,,0
2019,'1198904',1334,,10025,6,,,0
2019,'1198940',2204,,10026,6,,,0
2019,'1199047',1304,,10027,6,,,0
2019,'1199073',1704,,10028,6,,,0
2019,'1199085',2134,,10029,6,,,0
2019,'1199096',1434,,10030,6,,,0
2019,'1199176',1034,,10031,6,,,0
2019,'1199234',2004,,10032,6,,,0
2019,'1199238',704,,10033,6,,,0
2019,'1199242',1119,,10034,6,,,0
2019,'1199272',949,,10035,6,,,0
2019,'1199326',2304,,10036,6,,,0
2019,'1199327',1404,,10037,6,,,0
2019,'1199334',1619,,10038,6,,,0
2019,'1199352',1704,,10039,6,,,0
2019,'1199368',1434,,10040,6,,,0
2019,'1199372',1804,,10041,6,,,0
2019,'1199378',1419,,10042,6,,,0
2019,'1199438',1049,,10043,6,,,0
2019,'1199439',749,,10044,6,,,0
2019,'1199485',1319,,10045,6,,,0
2019,'1199505',819,,10046,6,,,0
2019,'1199525',2234,,10047,6,,,0
2019,'1199540',1104,,10048,6,,,0
2019,'1199630',2334,,10049,6,,,0
2019,'1199652',1604,,10050,6,,,0
12029,'1196881',1119,,10722,6,,,0
12029,'1196886',1649,,10723,6,,,0
12029,'1196921',820,,10724,6,,,0
12029,'1196925',1619,,10725,6,,,0
12029,'1197005',2354,,10726,6,,,0
12029,'1197009',2319,,10727,6,,,0
12029,'1197092',1749,,10728,6,,,0
12029,'1197112',849,,10729,6,,,0
12029,'1197136',2249,,10730,6,,,0
12029,'1197164',719,,10731,6,,,0
12029,'1197202',1519,,10732,6,,,0
12029,'1197246',1349,,10733,6,,,0
12029,'1197415',1049,,10734,6,,,0
12029,'1197416',1519,,10735,6,,,0
12029,'1197484',1920,,10736,6,,,0
12029,'1197496',2149,,10737,6,,,0
12029,'1197608',1149,,10738,6,,,0
12029,'1197678',1820,,10739,6,,,0
12029,'1197742',1319,,10740,6,,,0
12029,'1197777',2320,,10741,6,,,0
12029,'1197790',2219,,10742,6,,,0
12029,'1197947',1720,,10743,6,,,0
12029,'1198008',1349,,10744,6,,,0
12029,'1198017',1849,,10745,6,,,0
12029,'1198020',1719,,10746,6,,,0
12029,'1198024',919,,10747,6,,,0
12029,'1198092',1819,,10748,6,,,0
12029,'1198139',1549,,10749,6,,,0
12029,'1198185',1149,,10750,6,,,0
12029,'1198205',819,,10751,6,,,0
12029,'1198239',949,,10752,6,,,0
12029,'1198318',720,,10753,6,,,0
12029,'1198336',1119,,10754,6,,,0
12029,'1198360',1020,,10755,6,,,0
12029,'1198400',719,,10756,6,,,0
12029,'1198511',2220,,10757,6,,,0
12029,'1198528',1520,,10758,6,,,0
12029,'1198538',1419,,10759,6,,,0
12029,'1198556',2049,,10760,6,,,0
12029,'1198681',1919,,10761,6,,,0
12029,'1198731',2019,,10762,6,,,0
12029,'1198732',1319,,10763,6,,,0
12029,'1198745',2120,,10764,6,,,0
12029,'1198748',920,,10765,6,,,0
12029,'1198775',1019,,10766,6,,,0
12029,'1198818',1719,,10767,6,,,0
12029,'1198856',1120,,10768,6,,,0
12029,'1198877',1249,,10769,6,,,0
12029,'1198898',819,,10770,6,,,0
12029,'1198947',619,,10771,6,,,0
12029,'1198959',1219,,10772,6,,,0
12029,'1198976',1649,,10773,6,,,0
12029,'1199093',1449,,10774,6,,,0
12029,'1199207',1449,,10775,6,,,0
12029,'1199281',1320,,10776,6,,,0
12029,'1199325',1619,,10777,6,,,0
12029,'1199340',1049,,10778,6,,,0
12029,'1199357',1419,,10779,6,,,0
12029,'1199382',749,,10780,6,,,0
12029,'1199384',919,,10781,6,,,0
12029,'1199423',1949,,10782,6,,,0
12029,'1199437',1420,,10783,6,,,0
12029,'1199445',2020,,10784,6,,,0
12029,'1199457',1620,,10785,6,,,0
12029,'1199487',1019,,10786,6,,,0
12029,'1199500',649,,10787,6,,,0
12029,'1199501',1549,,10788,6,,,0
12029,'1199531',1219,,10789,6,,,0
12029,'1199556',2119,,10790,6,,,0
12029,'1199590',1249,,10791,6,,,0
12029,'1199639',1220,,10792,6,,,0
