28019,'1196931',2339,,11637,13,,,0
28019,'1196961',959,,11638,13,,,0
28019,'1197032',1714,,11639,13,,,0
28019,'1197034',1139,,11640,13,,,0
28019,'1197095',2114,,11641,13,,,0
28019,'1197138',1614,,11642,13,,,0
28019,'1197242',1539,,11643,13,,,0
28019,'1197270',1114,,11644,13,,,0
28019,'1197295',1359,,11645,13,,,0
28019,'1197405',1914,,11646,13,,,0
28019,'1197436',1214,,11647,13,,,0
28019,'1197458',1939,,11648,13,,,0
28019,'1197480',2014,,11649,13,,,0
28019,'1197538',744,,11650,13,,,0
28019,'1197551',859,,11651,13,,,0
28019,'1197589',1014,,11652,13,,,0
28019,'1197718',2139,,11653,13,,,0
28019,'1197726',1759,,11654,13,,,0
28019,'1197829',1744,,11655,13,,,0
28019,'1197861',1839,,11656,13,,,0
28019,'1197862',1239,,11657,13,,,0
28019,'1198022',659,,11658,13,,,0
28019,'1198061',2059,,11659,13,,,0
28019,'1198096',1439,,11660,13,,,0
28019,'1198110',1159,,11661,13,,,0
28019,'1198319',1959,,11662,13,,,0
28019,'1198329',1639,,11663,13,,,0
28019,'1198340',1844,,11664,13,,,0
28019,'1198345',1459,,11665,13,,,0
28019,'1198414',1059,,11666,13,,,0
28019,'1198454',1039,,11667,13,,,0
28019,'1198522',1559,,11668,13,,,0
28019,'1198545',644,,11669,13,,,0
28019,'1198672',939,,11670,13,,,0
28019,'1198739',2159,,11671,13,,,0
28019,'1198783',1644,,11672,13,,,0
28019,'1198807',1814,,11673,13,,,0
28019,'1198829',844,,11674,13,,,0
28019,'1198876',714,,11675,13,,,0
28019,'1198919',739,,11676,13,,,0
28019,'1198950',914,,11677,13,,,0
28019,'1198968',1259,,11678,13,,,0
28019,'1199033',2359,,11679,13,,,0
28019,'1199129',2314,,11680,13,,,0
28019,'1199149',1314,,11681,13,,,0
28019,'1199206',2039,,11682,13,,,0
28019,'1199243',2259,,11683,13,,,0
28019,'1199296',1859,,11684,13,,,0
28019,'1199338',1514,,11685,13,,,0
28019,'1199344',1739,,11686,13,,,0
28019,'1199358',614,,11687,13,,,0
28019,'1199417',1659,,11688,13,,,0
28019,'1199426',1414,,11689,13,,,0
28019,'1199450',839,,11690,13,,,0
28019,'1199529',1339,,11691,13,,,0
28019,'1199557',814,,11692,13,,,0
28019,'1199561',2214,,11693,13,,,0
28019,'1199584',759,,11694,13,,,0
28019,'1199602',2239,,11695,13,,,0
