102019,'1197016',2202,,11865,15,,,0
102019,'1197206',1816,,11866,15,,,0
102019,'1197235',902,,11867,15,,,0
102019,'1197240',732,,11868,15,,,0
102019,'1197255',1332,,11869,15,,,0
102019,'1197609',916,,11870,15,,,0
102019,'1197643',1502,,11871,15,,,0
102019,'1197656',1902,,11872,15,,,0
102019,'1197775',1602,,11873,15,,,0
102019,'1197973',647,,11874,15,,,0
102019,'1197982',1802,,11875,15,,,0
102019,'1198067',702,,11876,15,,,0
102019,'1198088',2246,,11877,15,,,0
102019,'1198122',1932,,11878,15,,,0
102019,'1198163',1032,,11879,15,,,0
102019,'1198211',817,,11880,15,,,0
102019,'1198279',1132,,11881,15,,,0
102019,'1198403',1046,,11882,15,,,0
102019,'1198424',1432,,11883,15,,,0
102019,'1198486',1002,,11884,15,,,0
102019,'1198508',1516,,11885,15,,,0
102019,'1198523',1302,,11886,15,,,0
102019,'1198532',1216,,11887,15,,,0
102019,'1198591',2232,,11888,15,,,0
102019,'1198661',1632,,11889,15,,,0
102019,'1198730',2102,,11890,15,,,0
102019,'1198749',2032,,11891,15,,,0
102019,'1198805',1946,,11892,15,,,0
102019,'1198848',1646,,11893,15,,,0
102019,'1198865',2332,,11894,15,,,0
102019,'1199016',2116,,11895,15,,,0
102019,'1199130',2402,,11896,15,,,0
102019,'1199199',947,,11897,15,,,0
102019,'1199205',1202,,11898,15,,,0
102019,'1199328',1346,,11899,15,,,0
102019,'1199348',1732,,11900,15,,,0
102019,'1199363',1717,,11901,15,,,0
102019,'1199433',1547,,11902,15,,,0
102019,'1199474',602,,11903,15,,,0
102019,'1199507',832,,11904,15,,,0
102019,'1199572',1417,,11905,15,,,0
102019,'1199618',746,,11906,15,,,0
