3019,'1196834',1823,,10159,32,,,0
3019,'1196848',2123,,10160,32,,,0
3019,'1196854',723,,10161,32,,,0
3019,'1196968',1238,,10162,32,,,0
3019,'1196971',2023,,10163,32,,,0
3019,'1197069',724,,10164,32,,,0
3019,'1197076',2153,,10165,32,,,0
3019,'1197107',1254,,10166,32,,,0
3019,'1197120',2423,,10167,32,,,0
3019,'1197318',2223,,10168,32,,,0
3019,'1197369',2338,,10169,32,,,0
3019,'1197372',2238,,10170,32,,,0
3019,'1197378',923,,10171,32,,,0
3019,'1197462',924,,10172,32,,,0
3019,'1197478',1624,,10173,32,,,0
3019,'1197537',938,,10174,32,,,0
3019,'1197572',1354,,10175,32,,,0
3019,'1197590',854,,10176,32,,,0
3019,'1197618',1724,,10177,32,,,0
3019,'1197708',626,,10178,2,,,0
3019,'1197731',2023,,10179,32,,,0
3019,'1197748',1024,,10180,32,,,0
3019,'1197755',1054,,10181,32,,,0
3019,'1197810',1454,,10182,32,,,0
3019,'1197819',1923,,10183,32,,,0
3019,'1197850',1554,,10184,32,,,0
3019,'1197851',954,,10185,32,,,0
3019,'1197897',1124,,10186,32,,,0
3019,'1197923',1224,,10187,32,,,0
3019,'1197941',1524,,10188,32,,,0
3019,'1198025',1624,,10189,32,,,0
3019,'1198093',1853,,10190,32,,,0
3019,'1198098',1154,,10191,32,,,0
3019,'1198111',1023,,10192,32,,,0
3019,'1198119',1538,,10193,32,,,0
3019,'1198124',1424,,10194,32,,,0
3019,'1198153',1923,,10195,32,,,0
3019,'1198229',1524,,10196,32,,,0
3019,'1198237',1654,,10197,32,,,0
3019,'1198265',2123,,10198,32,,,0
3019,'1198278',1953,,10199,32,,,0
3019,'1198430',1638,,10200,32,,,0
3019,'1198432',1823,,10201,32,,,0
3019,'1198501',1724,,10202,32,,,0
3019,'1198514',654,,10203,32,,,0
3019,'1198654',1738,,10204,32,,,0
3019,'1198677',838,,10205,32,,,0
3019,'1198680',824,,10206,32,,,0
3019,'1198689',2413,,10207,32,,,0
3019,'1198691',1754,,10208,32,,,0
3019,'1198742',2223,,10209,32,,,0
3019,'1198777',1424,,10210,32,,,0
3019,'1198788',738,,10211,32,,,0
3019,'1198845',1038,,10212,32,,,0
3019,'1198989',2138,,10213,32,,,0
3019,'1198991',1838,,10214,32,,,0
3019,'1199009',1338,,10215,32,,,0
3019,'1199035',1224,,10216,32,,,0
3019,'1199052',2038,,10217,32,,,0
3019,'1199066',1138,,10218,32,,,0
3019,'1199133',1324,,10219,32,,,0
3019,'1199262',2323,,10220,32,,,0
3019,'1199277',754,,10221,32,,,0
3019,'1199346',1324,,10222,32,,,0
3019,'1199408',2053,,10223,32,,,0
3019,'1199412',1438,,10224,32,,,0
3019,'1199440',2323,,10225,32,,,0
3019,'1199509',823,,10226,32,,,0
3019,'1199597',626,,10227,2,,,0
3019,'1199600',1938,,10228,32,,,0
3019,'1199612',1124,,10229,32,,,0
