24029,'1196855',2148,,11247,6,,,0
24029,'1196863',1618,,11248,6,,,0
24029,'1196903',1650,,11249,6,,,0
24029,'1196935',1534,,11250,6,,,0
24029,'1196998',948,,11251,6,,,0
24029,'1197011',617,,11252,6,,,0
24029,'1197043',2018,,11253,6,,,0
24029,'1197098',1019,,11254,6,,,0
24029,'1197100',1550,,11255,6,,,0
24029,'1197147',818,,11256,6,,,0
24029,'1197194',1720,,11257,6,,,0
24029,'1197347',1219,,11258,6,,,0
24029,'1197395',2334,,11259,6,,,0
24029,'1197401',1234,,11260,6,,,0
24029,'1197449',1519,,11261,6,,,0
24029,'1197535',1434,,11262,6,,,0
24029,'1197571',1948,,11263,6,,,0
24029,'1197636',834,,11264,6,,,0
24029,'1197711',1420,,11265,6,,,0
24029,'1197716',1419,,11266,6,,,0
24029,'1197740',1620,,11267,6,,,0
24029,'1197752',2248,,11268,6,,,0
24029,'1197838',918,,11269,6,,,0
24029,'1197859',919,,11270,6,,,0
24029,'1197868',2048,,11271,6,,,0
24029,'1198001',1320,,11272,6,,,0
24029,'1198033',717,,11273,6,,,0
24029,'1198069',1834,,11274,6,,,0
24029,'1198091',748,,11275,6,,,0
24029,'1198103',2034,,11276,6,,,0
24029,'1198109',734,,11277,6,,,0
24029,'1198307',2118,,11278,6,,,0
24029,'1198333',1034,,11279,6,,,0
24029,'1198357',1018,,11280,6,,,0
24029,'1198422',1734,,11281,6,,,0
24029,'1198495',1319,,11282,6,,,0
24029,'1198628',1934,,11283,6,,,0
24029,'1198699',1334,,11284,6,,,0
24029,'1198752',1120,,11285,6,,,0
24029,'1198764',1450,,11286,6,,,0
24029,'1198765',1718,,11287,6,,,0
24029,'1198785',2218,,11288,6,,,0
24029,'1198801',1220,,11289,6,,,0
24029,'1198831',1750,,11290,6,,,0
24029,'1198847',1634,,11291,6,,,0
24029,'1198886',718,,11292,6,,,0
24029,'1198954',1134,,11293,6,,,0
24029,'1198966',1520,,11294,6,,,0
24029,'1198971',2234,,11295,6,,,0
24029,'1199014',1918,,11296,6,,,0
24029,'1199150',2318,,11297,6,,,0
24029,'1199169',2408,,11298,6,,,0
24029,'1199217',1119,,11299,6,,,0
24029,'1199230',818,,11300,6,,,0
24029,'1199287',648,,11301,6,,,0
24029,'1199365',2134,,11302,6,,,0
24029,'1199397',848,,11303,6,,,0
24029,'1199530',934,,11304,6,,,0
24029,'1199545',1848,,11305,6,,,0
24029,'1199636',1818,,11306,6,,,0
105019,'1196946',947,,12117,108,,,0
105019,'1197049',1901,,12118,108,,,0
105019,'1197077',635,,12119,108,,,0
105019,'1197115',1246,,12120,108,,,0
105019,'1197131',747,,12121,108,,,0
105019,'1197173',1249,,12122,108,,,0
105019,'1197181',1102,,12123,108,,,0
105019,'1197192',2235,,12124,108,,,0
105019,'1197197',1546,,12125,108,,,0
105019,'1197292',1349,,12126,108,,,0
105019,'1197296',1646,,12127,108,,,0
105019,'1197531',1449,,12128,108,,,0
105019,'1197548',2005,,12129,108,,,0
105019,'1197557',1649,,12130,108,,,0
105019,'1197588',902,,12131,108,,,0
105019,'1197596',2135,,12132,108,,,0
105019,'1197617',1549,,12133,108,,,0
105019,'1197633',1302,,12134,108,,,0
105019,'1197710',843,,12135,108,,,0
105019,'1197779',1831,,12136,108,,,0
105019,'1197825',1501,,12137,108,,,0
105019,'1197971',1146,,12138,108,,,0
105019,'1198112',705,,12139,108,,,0
105019,'1198338',1149,,12140,108,,,0
105019,'1198380',2302,,12141,108,,,0
105019,'1198385',1801,,12142,108,,,0
105019,'1198553',1401,,12143,108,,,0
105019,'1198560',2102,,12144,108,,,0
105019,'1198571',1702,,12145,108,,,0
105019,'1198621',813,,12146,108,,,0
105019,'1198667',1043,,12147,108,,,0
105019,'1198717',1616,,12148,108,,,0
105019,'1198741',943,,12149,108,,,0
105019,'1198746',1931,,12150,108,,,0
105019,'1198889',735,,12151,108,,,0
105019,'1199004',1502,,12152,108,,,0
105019,'1199054',1716,,12153,108,,,0
105019,'1199098',913,,12154,108,,,0
105019,'1199298',2435,,12155,108,,,0
105019,'1199347',2347,,12156,108,,,0
105019,'1199383',2335,,12157,108,,,0
105019,'1199400',1749,,12158,108,,,0
105019,'1199461',1902,,12159,108,,,0
105019,'1199511',1849,,12160,108,,,0
105019,'1199546',2147,,12161,108,,,0
105019,'1199574',1949,,12162,108,,,0
106029,'1196836',1633,,12215,39,,,0
106029,'1196851',1748,,12216,39,,,0
106029,'1197042',1031,,12217,39,,,0
106029,'1197408',1903,,12218,39,,,0
106029,'1198086',801,,12219,39,,,0
106029,'1198615',916,,12220,39,,,0
140001019,'1196866',818,,12221,18,,,0
140001019,'1196880',2216,,12222,18,,,0
140001019,'1196896',1033,,12223,18,,,0
140001019,'1196898',2148,,12224,18,,,0
140001019,'1196900',1933,,12225,18,,,0
140001019,'1196905',1905,,12226,18,,,0
140001019,'1196939',2318,,12227,18,,,0
140001019,'1196943',1334,,12228,18,,,0
140001019,'1196945',2343,,12229,18,,,0
140001019,'1196967',648,,12230,18,,,0
140001019,'1197008',1405,,12231,18,,,0
140001019,'1197072',1426,,12232,18,,,0
140001019,'1197075',1549,,12233,18,,,0
140001019,'1197086',1848,,12234,18,,,0
140001019,'1197088',2048,,12235,18,,,0
140001019,'1197102',703,,12236,18,,,0
140001019,'1197146',1604,,12237,18,,,0
140001019,'1197212',1319,,12238,18,,,0
140001019,'1197216',933,,12239,18,,,0
140001019,'1197238',1204,,12240,18,,,0
140001019,'1197266',1504,,12241,18,,,0
140001019,'1197267',1634,,12242,18,,,0
140001019,'1197281',1641,,12243,18,,,0
140001019,'1197287',948,,12244,18,,,0
140001019,'1197324',1611,,12245,18,,,0
140001019,'1197328',1018,,12246,18,,,0
140001019,'1197350',1048,,12247,18,,,0
140001019,'1197407',1419,,12248,18,,,0
140001019,'1197438',1734,,12249,18,,,0
140001019,'1197459',1003,,12250,18,,,0
140001019,'1197465',1134,,12251,18,,,0
140001019,'1197470',1749,,12252,18,,,0
140001019,'1197474',1018,,12253,18,,,0
140001019,'1197516',1441,,12254,18,,,0
140001019,'1197563',1833,,12255,18,,,0
140001019,'1197567',1948,,12256,18,,,0
140001019,'1197593',1234,,12257,18,,,0
140001019,'1197607',1656,,12258,18,,,0
140001019,'1197613',1756,,12259,18,,,0
140001019,'1197621',1804,,12260,18,,,0
140001019,'1197622',2033,,12261,18,,,0
140001019,'1197646',1219,,12262,18,,,0
140001019,'1197676',1149,,12263,18,,,0
140001019,'1197685',1034,,12264,18,,,0
140001019,'1197688',1319,,12265,18,,,0
140001019,'1197689',1434,,12266,18,,,0
140001019,'1197693',1741,,12267,18,,,0
140001019,'1197729',2003,,12268,18,,,0
140001019,'1197734',1605,,12269,18,,,0
140001019,'1197741',1334,,12270,18,,,0
140001019,'1197745',1219,,12271,18,,,0
140001019,'1197767',1119,,12272,18,,,0
140001019,'1197797',2018,,12273,18,,,0
140001019,'1197802',903,,12274,18,,,0
140001019,'1197830',918,,12275,18,,,0
140001019,'1197894',1819,,12276,18,,,0
140001019,'1197944',1105,,12277,18,,,0
140001019,'1197964',1304,,12278,18,,,0
140001019,'1197966',1049,,12279,18,,,0
140001019,'1197987',1626,,12280,18,,,0
140001019,'1197988',748,,12281,18,,,0
140001019,'1198009',2103,,12282,18,,,0
140001019,'1198027',2305,,12283,18,,,0
140001019,'1198035',833,,12284,18,,,0
140001019,'1198147',2105,,12285,18,,,0
140001019,'1198155',1204,,12286,18,,,0
140001019,'1198177',2048,,12287,18,,,0
140001019,'1198195',1304,,12288,18,,,0
140001019,'1198235',1704,,12289,18,,,0
140001019,'1198264',1305,,12290,18,,,0
140001019,'1198294',1404,,12291,18,,,0
140001019,'1198302',2018,,12292,18,,,0
140001019,'1198324',1804,,12293,18,,,0
140001019,'1198349',733,,12294,18,,,0
140001019,'1198356',1719,,12295,18,,,0
140001019,'1198378',718,,12296,18,,,0
140001019,'1198384',1134,,12297,18,,,0
140001019,'1198418',1918,,12298,18,,,0
140001019,'1198429',1903,,12299,18,,,0
140001019,'1198452',1805,,12300,18,,,0
140001019,'1198461',848,,12301,18,,,0
140001019,'1198463',1833,,12302,18,,,0
140001019,'1198487',1848,,12303,18,,,0
140001019,'1198515',1234,,12304,18,,,0
140001019,'1198535',1711,,12305,18,,,0
140001019,'1198541',1103,,12306,18,,,0
140001019,'1198549',648,,12307,18,,,0
140001019,'1198579',1649,,12308,18,,,0
140001019,'1198595',2118,,12309,18,,,0
140001019,'1198601',1619,,12310,18,,,0
140001019,'1198665',2316,,12311,18,,,0
140001019,'1198666',805,,12312,18,,,0
140001019,'1198714',1456,,12313,18,,,0
140001019,'1198763',2418,,12314,18,,,0
140001019,'1198766',1005,,12315,18,,,0
140001019,'1198781',1818,,12316,18,,,0
140001019,'1198791',1519,,12317,18,,,0
140001019,'1198797',818,,12318,18,,,0
140001019,'1198813',1505,,12319,18,,,0
140001019,'1198814',2405,,12320,18,,,0
140001019,'1198835',1349,,12321,18,,,0
140001019,'1198872',848,,12322,18,,,0
140001019,'1198878',1249,,12323,18,,,0
140001019,'1198900',1511,,12324,18,,,0
140001019,'1198920',2118,,12325,18,,,0
140001019,'1198925',1118,,12326,18,,,0
140001019,'1198926',918,,12327,18,,,0
140001019,'1198932',1003,,12328,18,,,0
140001019,'1198964',1726,,12329,18,,,0
140001019,'1198965',1404,,12330,18,,,0
140001019,'1198980',1541,,12331,18,,,0
140001019,'1199018',2416,,12332,18,,,0
140001019,'1199069',2205,,12333,18,,,0
140001019,'1199136',1249,,12334,18,,,0
140001019,'1199170',748,,12335,18,,,0
140001019,'1199213',2346,,12336,18,,,0
140001019,'1199235',905,,12337,18,,,0
140001019,'1199268',803,,12338,18,,,0
140001019,'1199282',1104,,12339,18,,,0
140001019,'1199297',1526,,12340,18,,,0
140001019,'1199319',948,,12341,18,,,0
140001019,'1199330',1903,,12342,18,,,0
140001019,'1199354',1948,,12343,18,,,0
140001019,'1199367',2146,,12344,18,,,0
140001019,'1199377',1205,,12345,18,,,0
140001019,'1199402',1705,,12346,18,,,0
140001019,'1199414',1449,,12347,18,,,0
140001019,'1199449',1149,,12348,18,,,0
140001019,'1199458',1349,,12349,18,,,0
140001019,'1199468',2246,,12350,18,,,0
140001019,'1199492',1556,,12351,18,,,0
140001019,'1199516',2218,,12352,18,,,0
140001019,'1199563',2248,,12353,18,,,0
140001019,'1199606',1534,,12354,18,,,0
140001019,'1199624',1918,,12355,18,,,0
140001019,'1199632',718,,12356,18,,,0
140001019,'1199638',2005,,12357,18,,,0
