103029,'1196853',1436,,11989,4,,,0
103029,'1196867',1306,,11990,4,,,0
103029,'1196892',1736,,11991,4,,,0
103029,'1196973',1727,,11992,4,,,0
103029,'1197031',1359,,11993,4,,,0
103029,'1197085',2036,,11994,4,,,0
103029,'1197108',1906,,11995,4,,,0
103029,'1197233',956,,11996,4,,,0
103029,'1197315',1229,,11997,4,,,0
103029,'1197321',1059,,11998,4,,,0
103029,'1197346',1427,,11999,4,,,0
103029,'1197499',1828,,12000,4,,,0
103029,'1197743',759,,12001,4,,,0
103029,'1197784',929,,12002,4,,,0
103029,'1197852',1257,,12003,4,,,0
103029,'1198282',1127,,12004,4,,,0
103029,'1198444',1529,,12005,4,,,0
103029,'1198568',656,,12006,4,,,0
103029,'1198723',1958,,12007,4,,,0
103029,'1198855',826,,12008,4,,,0
103029,'1198880',1512,,12009,4,,,0
103029,'1198882',629,,12010,4,,,0
103029,'1198911',2128,,12011,4,,,0
103029,'1198914',1642,,12012,4,,,0
103029,'1198921',836,,12013,4,,,0
103029,'1198928',741,,12014,4,,,0
103029,'1198990',911,,12015,4,,,0
103029,'1199021',1606,,12016,4,,,0
103029,'1199109',2258,,12017,4,,,0
103029,'1199145',2206,,12018,4,,,0
103029,'1199146',1136,,12019,4,,,0
103029,'1199172',2156,,12020,4,,,0
103029,'1199215',2326,,12021,4,,,0
103029,'1199475',1856,,12022,4,,,0
103029,'1199565',1006,,12023,4,,,0
103029,'1199579',1557,,12024,4,,,0
103029,'1199581',2026,,12025,4,,,0
103029,'1199593',1659,,12026,4,,,0
