2019,'1196937',930,,9945,21,,,0
2019,'1196952',1930,,9946,21,,,0
2019,'1196959',730,,9947,21,,,0
2019,'1196966',1015,,9948,21,,,0
2019,'1196990',930,,9949,21,,,0
2019,'1196992',1703,,9950,21,,,0
2019,'1196993',2100,,9951,21,,,0
2019,'1197022',1330,,9952,21,,,0
2019,'1197046',2400,,9953,21,,,0
2019,'1197068',1216,,9954,21,,,0
2019,'1197140',832,,9955,21,,,0
2019,'1197142',2230,,9956,21,,,0
2019,'1197156',702,,9957,21,,,0
2019,'1197159',1248,,9958,21,,,0
2019,'1197165',1316,,9959,21,,,0
2019,'1197200',2046,,9960,21,,,0
2019,'1197205',2330,,9961,21,,,0
2019,'1197230',1603,,9962,21,,,0
2019,'1197258',1533,,9963,21,,,0
2019,'1197273',1830,,9964,21,,,0
2019,'1197277',1017,,9965,21,,,0
2019,'1197304',2030,,9966,21,,,0
2019,'1197311',1803,,9967,21,,,0
2019,'1197384',847,,9968,21,,,0
2019,'1197388',1516,,9969,21,,,0
2019,'1197409',1403,,9970,21,,,0
2019,'1197517',1548,,9971,21,,,0
2019,'1197526',1146,,9972,21,,,0
2019,'1197532',1230,,9973,21,,,0
2019,'1197541',1816,,9974,21,,,0
2019,'1197604',1946,,9975,21,,,0
2019,'1197630',1233,,9976,21,,,0
2019,'1197631',1746,,9977,21,,,0
2019,'1197670',947,,9978,21,,,0
2019,'1197671',1348,,9979,21,,,0
2019,'1197694',1916,,9980,21,,,0
2019,'1197780',1032,,9981,21,,,0
2019,'1197798',1846,,9982,21,,,0
2019,'1197818',1430,,9983,21,,,0
2019,'1197842',1303,,9984,21,,,0
2019,'1197864',2130,,9985,21,,,0
2019,'1197879',1416,,9986,21,,,0
2019,'1197881',1030,,9987,21,,,0
2019,'1197904',902,,9988,21,,,0
2019,'1197931',1202,,9989,21,,,0
2019,'1197939',1518,,9990,21,,,0
2019,'1197952',2406,,9991,21,,,0
2019,'1197970',932,,9992,21,,,0
2019,'1197994',1132,,9993,21,,,0
2019,'1198000',717,,9994,21,,,0
2019,'1198018',732,,9995,21,,,0
2019,'1198034',817,,9996,21,,,0
2019,'1198058',1618,,9997,21,,,0
2019,'1198063',1648,,9998,21,,,0
2019,'1198138',1646,,9999,21,,,0
2019,'1198180',1047,,10000,21,,,0
2019,'1198182',1218,,10001,21,,,0
2019,'1198197',2230,,10002,21,,,0
2019,'1198230',2116,,10003,21,,,0
2019,'1198247',1503,,10004,21,,,0
2019,'1198270',1930,,10005,21,,,0
2019,'1198273',747,,10006,21,,,0
2019,'1198286',800,,10007,21,,,0
2019,'1198328',1733,,10008,21,,,0
2019,'1198379',1748,,10010,21,,,0
2019,'1198387',1546,,10011,21,,,0
2019,'1198392',1147,,10012,21,,,0
2019,'1198443',2015,,10013,21,,,0
2019,'1198453',2145,,10014,21,,,0
2019,'1198468',1246,,10015,21,,,0
2019,'1198483',1730,,10016,21,,,0
2019,'1198564',1117,,10017,21,,,0
2019,'1198584',2315,,10018,21,,,0
2019,'1198637',1633,,10019,21,,,0
2019,'1198722',1530,,10020,21,,,0
2019,'1198740',917,,10021,21,,,0
2019,'1198744',1845,,10022,21,,,0
2019,'1198846',845,,10023,21,,,0
2019,'1198873',647,,10024,21,,,0
2019,'1198904',1346,,10025,21,,,0
2019,'1198940',2216,,10026,21,,,0
2019,'1199047',1318,,10027,21,,,0
2019,'1199073',1716,,10028,21,,,0
2019,'1199085',2146,,10029,21,,,0
2019,'1199096',1446,,10030,21,,,0
2019,'1199176',1045,,10031,21,,,0
2019,'1199234',2016,,10032,21,,,0
2019,'1199238',715,,10033,21,,,0
2019,'1199242',1130,,10034,21,,,0
2019,'1199272',1002,,10035,21,,,0
2019,'1199326',2316,,10036,21,,,0
2019,'1199327',1418,,10037,21,,,0
2019,'1199334',1630,,10038,21,,,0
2019,'1199352',1718,,10039,21,,,0
2019,'1199368',1448,,10040,21,,,0
2019,'1199372',1815,,10041,21,,,0
2019,'1199378',1433,,10042,21,,,0
2019,'1199438',1102,,10043,21,,,0
2019,'1199439',802,,10044,21,,,0
2019,'1199485',1333,,10045,21,,,0
2019,'1199505',830,,10046,21,,,0
2019,'1199525',2246,,10047,21,,,0
2019,'1199540',1116,,10048,21,,,0
2019,'1199630',2346,,10049,21,,,0
2019,'1199652',1616,,10050,21,,,0
11019,'1196979',1343,,10448,32,,,0
11019,'1197040',1709,,10449,32,,,0
11019,'1197065',1528,,10450,32,,,0
11019,'1197103',1927,,10451,32,,,0
11019,'1197109',1339,,10452,32,,,0
11019,'1197110',742,,10453,32,,,0
11019,'1197145',2039,,10454,32,,,0
11019,'1197180',1243,,10455,32,,,0
11019,'1197201',957,,10456,32,,,0
11019,'1197221',1643,,10458,32,,,0
11019,'1197227',1228,,10459,32,,,0
11019,'1197254',1558,,10460,32,,,0
11019,'1197259',2339,,10461,32,,,0
11019,'1197278',2357,,10462,32,,,0
11019,'1197283',927,,10463,32,,,0
11019,'1197320',1839,,10465,32,,,0
11019,'1197325',2257,,10466,32,,,0
11019,'1197329',1039,,10467,32,,,0
11019,'1197333',1012,,10468,32,,,0
11019,'1197344',1957,,10469,32,,,0
11019,'1197354',1127,,10470,32,,,0
11019,'1197447',2027,,10472,32,,,0
11019,'1197477',2127,,10473,32,,,0
11019,'1197495',1539,,10474,32,,,0
11019,'1197504',2057,,10475,32,,,0
11019,'1197634',839,,10476,32,,,0
11019,'1197652',1157,,10477,32,,,0
11019,'1197663',1328,,10478,32,,,0
11019,'1197722',1728,,10479,32,,,0
11019,'1197727',1827,,10480,32,,,0
11019,'1197785',939,,10482,32,,,0
11019,'1197855',1857,,10483,32,,,0
11019,'1197865',1658,,10484,32,,,0
11019,'1197880',1509,,10485,32,,,0
11019,'1197889',727,,10486,32,,,0
11019,'1197896',942,,10487,32,,,0
11019,'1197981',1309,,10489,32,,,0
11019,'1198019',1313,,10490,32,,,0
11019,'1198026',1428,,10491,32,,,0
11019,'1198038',1739,,10493,32,,,0
11019,'1198149',1139,,10494,32,,,0
11019,'1198219',1513,,10497,32,,,0
11019,'1198297',1258,,10498,32,,,0
11019,'1198327',1743,,10500,32,,,0
11019,'1198374',739,,10502,32,,,0
11019,'1198413',2227,,10504,32,,,0
11019,'1198423',1212,,10505,32,,,0
11019,'1198472',857,,10506,32,,,0
11019,'1198624',1209,,10508,32,,,0
11019,'1198627',2157,,10509,32,,,0
11019,'1198668',912,,10510,32,,,0
11019,'1198671',1443,,10511,32,,,0
11019,'1198695',1628,,10512,32,,,0
11019,'1198701',827,,10514,32,,,0
11019,'1198713',642,,10515,32,,,0
11019,'1198737',1639,,10516,32,,,0
11019,'1198753',2417,,10517,32,,,0
11019,'1198806',1613,,10518,32,,,0
11019,'1198894',757,,10519,32,,,0
11019,'1198896',1413,,10520,32,,,0
11019,'1198957',1713,,10521,32,,,0
11019,'1198963',1239,,10522,32,,,0
11019,'1199020',1027,,10524,32,,,0
11019,'1199072',1458,,10525,32,,,0
11019,'1199077',812,,10526,32,,,0
11019,'1199162',1543,,10527,32,,,0
11019,'1199164',657,,10528,32,,,0
11019,'1199175',1409,,10529,32,,,0
11019,'1199179',2239,,10530,32,,,0
11019,'1199209',1358,,10531,32,,,0
11019,'1199218',2327,,10532,32,,,0
11019,'1199285',712,,10534,32,,,0
11019,'1199336',1439,,10535,32,,,0
11019,'1199342',1939,,10536,32,,,0
11019,'1199361',1142,,10538,32,,,0
11019,'1199369',1057,,10539,32,,,0
11019,'1199392',1758,,10540,32,,,0
11019,'1199420',842,,10541,32,,,0
11019,'1199430',2139,,10542,32,,,0
11019,'1199452',1609,,10543,32,,,0
11019,'1199483',1813,,10544,32,,,0
11019,'1199518',1112,,10545,32,,,0
11019,'1199637',1042,,10547,32,,,0
