20029,'1196868',1643,,11092,3,,,0
20029,'1196909',1324,,11093,3,,,0
20029,'1196951',1252,,11094,3,,,0
20029,'1196962',2153,,11095,3,,,0
20029,'1196978',1224,,11096,3,,,0
20029,'1197172',622,,11097,3,,,0
20029,'1197213',943,,11098,3,,,0
20029,'1197307',1452,,11099,3,,,0
20029,'1197312',1743,,11100,3,,,0
20029,'1197355',652,,11101,3,,,0
20029,'1197361',843,,11102,3,,,0
20029,'1197366',743,,11103,3,,,0
20029,'1197368',1754,,11104,3,,,0
20029,'1197403',1624,,11105,3,,,0
20029,'1197421',1424,,11106,3,,,0
20029,'1197464',723,,11107,3,,,0
20029,'1197479',1124,,11108,3,,,0
20029,'1197554',2053,,11109,3,,,0
20029,'1197566',1043,,11110,3,,,0
20029,'1197569',1143,,11111,3,,,0
20029,'1197577',1543,,11112,3,,,0
20029,'1197610',852,,11113,3,,,0
20029,'1197632',2043,,11114,3,,,0
20029,'1197792',2343,,11115,3,,,0
20029,'1198090',2243,,11116,3,,,0
20029,'1198196',2123,,11117,3,,,0
20029,'1198208',1853,,11118,3,,,0
20029,'1198218',752,,11119,3,,,0
20029,'1198241',1525,,11120,3,,,0
20029,'1198256',1943,,11121,3,,,0
20029,'1198342',1443,,11122,3,,,0
20029,'1198375',824,,11123,3,,,0
20029,'1198439',1724,,11124,3,,,0
20029,'1198464',2253,,11125,3,,,0
20029,'1198524',2024,,11126,3,,,0
20029,'1198526',1924,,11127,3,,,0
20029,'1198650',1752,,11128,3,,,0
20029,'1198663',1552,,11129,3,,,0
20029,'1198795',2223,,11130,3,,,0
20029,'1198866',1152,,11131,3,,,0
20029,'1198883',1343,,11132,3,,,0
20029,'1198891',1654,,11133,3,,,0
20029,'1198917',652,,11134,3,,,0
20029,'1198942',2143,,11135,3,,,0
20029,'1199003',952,,11136,3,,,0
20029,'1199050',1352,,11137,3,,,0
20029,'1199089',1953,,11138,3,,,0
20029,'1199092',924,,11139,3,,,0
20029,'1199111',1024,,11140,3,,,0
20029,'1199119',1652,,11141,3,,,0
20029,'1199171',2352,,11142,3,,,0
20029,'1199252',1824,,11143,3,,,0
20029,'1199308',753,,11144,3,,,0
20029,'1199404',1052,,11145,3,,,0
20029,'1199499',2323,,11146,3,,,0
20029,'1199544',1243,,11147,3,,,0
20029,'1199641',1843,,11148,3,,,0
