104029,'1196835',2013,,12074,38,,,0
104029,'1196857',813,,12075,38,,,0
104029,'1196889',814,,12076,38,,,0
104029,'1196928',1758,,12077,38,,,0
104029,'1197002',658,,12078,38,,,0
104029,'1197045',1555,,12079,38,,,0
104029,'1197133',843,,12080,38,,,0
104029,'1197341',1255,,12081,38,,,0
104029,'1197454',1814,,12082,38,,,0
104029,'1197461',728,,12083,38,,,0
104029,'1197467',2214,,12084,38,,,0
104029,'1197481',613,,12085,38,,,0
104029,'1197553',2143,,12086,38,,,0
104029,'1197574',928,,12087,38,,,0
104029,'1197583',2158,,12088,38,,,0
104029,'1197794',1813,,12089,38,,,0
104029,'1197965',1414,,12090,38,,,0
104029,'1197979',1543,,12091,38,,,0
104029,'1198234',1043,,12092,38,,,0
104029,'1198287',1640,,12093,38,,,0
104029,'1198288',1210,,12094,38,,,0
104029,'1198449',1313,,12095,38,,,0
104029,'1198458',1928,,12096,38,,,0
104029,'1198510',958,,12097,38,,,0
104029,'1198521',813,,12098,38,,,0
104029,'1198558',1658,,12099,38,,,0
104029,'1198578',1725,,12100,38,,,0
104029,'1198686',1425,,12101,38,,,0
104029,'1198694',1510,,12102,38,,,0
104029,'1198755',1014,,12103,38,,,0
104029,'1198909',1214,,12104,38,,,0
104029,'1198979',1158,,12105,38,,,0
104029,'1199045',2313,,12106,38,,,0
104029,'1199127',2313,,12107,38,,,0
104029,'1199159',1340,,12108,38,,,0
104029,'1199181',928,,12109,38,,,0
104029,'1199193',1614,,12110,38,,,0
104029,'1199356',1428,,12111,38,,,0
104029,'1199360',2043,,12112,38,,,0
104029,'1199374',658,,12113,38,,,0
104029,'1199380',1043,,12114,38,,,0
104029,'1199442',1843,,12115,38,,,0
104029,'1199577',2014,,12116,38,,,0
