105019,'1196946',846,,12117,2,,,0
105019,'1197049',1752,,12118,2,,,0
105019,'1197077',532,,12119,2,,,0
105019,'1197115',1137,,12120,2,,,0
105019,'1197131',646,,12121,2,,,0
105019,'1197173',1148,,12122,2,,,0
105019,'1197181',1005,,12123,2,,,0
105019,'1197192',2132,,12124,2,,,0
105019,'1197197',1437,,12125,2,,,0
105019,'1197292',1248,,12126,2,,,0
105019,'1197296',1537,,12127,2,,,0
105019,'1197531',1348,,12128,2,,,0
105019,'1197548',1902,,12129,2,,,0
105019,'1197557',1548,,12130,2,,,0
105019,'1197588',805,,12131,2,,,0
105019,'1197596',2032,,12132,2,,,0
105019,'1197617',1448,,12133,2,,,0
105019,'1197633',1205,,12134,2,,,0
105019,'1197710',734,,12135,2,,,0
105019,'1197779',1722,,12136,2,,,0
105019,'1197825',1352,,12137,2,,,0
105019,'1197971',1037,,12138,2,,,0
105019,'1198112',602,,12139,2,,,0
105019,'1198338',1048,,12140,2,,,0
105019,'1198380',2205,,12141,2,,,0
105019,'1198385',1652,,12142,2,,,0
105019,'1198553',1252,,12143,2,,,0
105019,'1198560',2005,,12144,2,,,0
105019,'1198571',1605,,12145,2,,,0
105019,'1198621',704,,12146,2,,,0
105019,'1198667',934,,12147,2,,,0
105019,'1198717',1507,,12148,2,,,0
105019,'1198741',834,,12149,2,,,0
105019,'1198746',1822,,12150,2,,,0
105019,'1198889',632,,12151,2,,,0
105019,'1199004',1405,,12152,2,,,0
105019,'1199054',1607,,12153,2,,,0
105019,'1199098',804,,12154,2,,,0
105019,'1199298',2332,,12155,2,,,0
105019,'1199347',2246,,12156,2,,,0
105019,'1199383',2232,,12157,2,,,0
105019,'1199400',1648,,12158,2,,,0
105019,'1199461',1805,,12159,2,,,0
105019,'1199511',1748,,12160,2,,,0
105019,'1199546',2046,,12161,2,,,0
105019,'1199574',1848,,12162,2,,,0
