105029,'1196840',2327,,12163,71,,,0
105029,'1196987',1042,,12164,71,,,0
105029,'1196996',1715,,12165,71,,,0
105029,'1197020',1558,,12166,71,,,0
105029,'1197097',1815,,12167,71,,,0
105029,'1197137',2040,,12168,71,,,0
105029,'1197220',2027,,12169,71,,,0
105029,'1197228',1530,,12170,71,,,0
105029,'1197231',757,,12171,71,,,0
105029,'1197439',1158,,12172,71,,,0
105029,'1197501',1958,,12173,71,,,0
105029,'1197522',2158,,12174,71,,,0
105029,'1197561',1030,,12175,71,,,0
105029,'1197638',958,,12176,71,,,0
105029,'1197840',2127,,12177,71,,,0
105029,'1197853',2227,,12178,71,,,0
105029,'1197918',1857,,12179,71,,,0
105029,'1197968',2358,,12180,71,,,0
105029,'1198013',1358,,12181,71,,,0
105029,'1198037',1130,,12182,71,,,0
105029,'1198064',1842,,12183,71,,,0
105029,'1198187',1242,,12184,71,,,0
105029,'1198214',1758,,12185,71,,,0
105029,'1198417',1342,,12186,71,,,0
105029,'1198447',1745,,12187,71,,,0
105029,'1198529',1542,,12188,71,,,0
105029,'1198616',727,,12189,71,,,0
105029,'1198625',1645,,12190,71,,,0
105029,'1198711',1345,,12191,71,,,0
105029,'1198718',1600,,12192,71,,,0
105029,'1198725',1742,,12193,71,,,0
105029,'1198779',840,,12194,71,,,0
105029,'1198918',1442,,12195,71,,,0
105029,'1198922',2432,,12196,71,,,0
105029,'1198923',657,,12197,71,,,0
105029,'1199012',640,,12198,71,,,0
105029,'1199037',1430,,12199,71,,,0
105029,'1199107',1500,,12200,71,,,0
105029,'1199124',2440,,12201,71,,,0
105029,'1199144',1245,,12202,71,,,0
105029,'1199148',758,,12203,71,,,0
105029,'1199220',1142,,12204,71,,,0
105029,'1199470',2240,,12205,71,,,0
105029,'1199473',927,,12206,71,,,0
105029,'1199604',827,,12207,71,,,0
105029,'1199607',1642,,12208,71,,,0
