11019,'1196876',1502,,10548,22,,,0
11019,'1196884',1302,,10549,26,,,0
11019,'1196914',1145,,10550,26,,,0
11019,'1196958',804,,10551,26,,,0
11019,'1197000',1302,,10552,22,,,0
11019,'1197070',1902,,10553,22,,,0
11019,'1197071',1844,,10554,26,,,0
11019,'1197114',930,,10555,26,,,0
11019,'1197185',2302,,10556,22,,,0
11019,'1197191',1502,,10557,26,,,0
11019,'1197229',1417,,10558,26,,,0
11019,'1197234',1716,,10559,26,,,0
11019,'1197264',1747,,10560,26,,,0
11019,'1197274',945,,10561,26,,,0
11019,'1197327',1346,,10562,26,,,0
11019,'1197343',745,,10563,26,,,0
11019,'1197351',1602,,10564,22,,,0
11019,'1197398',1832,,10565,26,,,0
11019,'1197412',2314,,10566,26,,,0
11019,'1197422',1647,,10567,26,,,0
11019,'1197446',2402,,10568,22,,,0
11019,'1197463',715,,10569,26,,,0
11019,'1197502',630,,10570,26,,,0
11019,'1197519',800,,10571,26,,,0
11019,'1197564',2304,,10572,26,,,0
11019,'1197573',1402,,10573,22,,,0
11019,'1197695',1115,,10574,26,,,0
11019,'1197696',815,,10575,26,,,0
11019,'1197753',902,,10576,22,,,0
11019,'1197763',1532,,10577,26,,,0
11019,'1197795',2044,,10578,26,,,0
11019,'1197832',1632,,10579,26,,,0
11019,'1197875',2431,,10580,26,,,0
11019,'1197917',2404,,10581,26,,,0
11019,'1197925',1130,,10582,26,,,0
11019,'1197934',1546,,10583,26,,,0
11019,'1197978',1914,,10584,26,,,0
11019,'1197990',1446,,10585,26,,,0
11019,'1198012',900,,10586,26,,,0
11019,'1198053',1004,,10587,26,,,0
11019,'1198076',2014,,10588,26,,,0
11019,'1198113',2114,,10589,26,,,0
11019,'1198146',2244,,10590,26,,,0
11019,'1198266',2004,,10591,26,,,0
11019,'1198296',1702,,10592,22,,,0
11019,'1198337',915,,10593,26,,,0
11019,'1198341',1204,,10594,26,,,0
11019,'1198362',2202,,10595,22,,,0
11019,'1198405',1904,,10596,26,,,0
11019,'1198419',1517,,10597,26,,,0
11019,'1198470',1317,,10598,26,,,0
11019,'1198493',1817,,10599,26,,,0
11019,'1198506',1104,,10600,26,,,0
11019,'1198543',1030,,10601,26,,,0
11019,'1198548',1617,,10602,26,,,0
11019,'1198573',1200,,10603,26,,,0
11019,'1198590',2002,,10604,22,,,0
11019,'1198610',1602,,10605,26,,,0
11019,'1198623',704,,10606,26,,,0
11019,'1198660',1316,,10607,26,,,0
11019,'1198662',1802,,10608,22,,,0
11019,'1198696',1447,,10609,26,,,0
11019,'1198771',1516,,10610,26,,,0
11019,'1198808',1000,,10611,26,,,0
11019,'1198843',2102,,10612,22,,,0
11019,'1198927',1100,,10613,26,,,0
11019,'1198951',1732,,10614,26,,,0
11019,'1198978',1944,,10615,26,,,0
11019,'1199022',1244,,10616,26,,,0
11019,'1199024',2204,,10617,26,,,0
11019,'1199026',2214,,10618,26,,,0
11019,'1199059',1616,,10619,26,,,0
11019,'1199060',1402,,10620,26,,,0
11019,'1199064',1816,,10621,26,,,0
11019,'1199091',802,,10622,22,,,0
11019,'1199100',2144,,10623,26,,,0
11019,'1199118',1717,,10624,26,,,0
11019,'1199132',700,,10625,26,,,0
11019,'1199143',1746,,10626,26,,,0
11019,'1199154',1432,,10627,26,,,0
11019,'1199177',1702,,10628,26,,,0
11019,'1199180',2104,,10629,26,,,0
11019,'1199214',730,,10630,26,,,0
11019,'1199225',1547,,10631,26,,,0
11019,'1199227',1202,,10632,22,,,0
11019,'1199229',1416,,10633,26,,,0
11019,'1199253',1002,,10634,22,,,0
11019,'1199301',2341,,10635,26,,,0
11019,'1199306',1102,,10636,22,,,0
11019,'1199370',1802,,10637,26,,,0
11019,'1199376',845,,10638,26,,,0
11019,'1199394',904,,10639,26,,,0
11019,'1199403',830,,10640,26,,,0
11019,'1199410',1215,,10641,26,,,0
11019,'1199462',2411,,10642,26,,,0
11019,'1199476',1015,,10643,26,,,0
11019,'1199496',1332,,10644,26,,,0
11019,'1199508',1230,,10645,26,,,0
11019,'1199591',1646,,10646,26,,,0
11019,'1199603',1247,,10647,26,,,0
11019,'1199619',1045,,10648,26,,,0
11019,'1199623',1347,,10649,26,,,0
