103019,'1196838',2023,,11950,9,,,0
103019,'1196888',942,,11951,9,,,0
103019,'1196969',1643,,11952,9,,,0
103019,'1196981',1213,,11953,9,,,0
103019,'1197294',2112,,11954,9,,,0
103019,'1197441',1042,,11955,9,,,0
103019,'1197545',1713,,11956,9,,,0
103019,'1197721',1343,,11957,9,,,0
103019,'1197732',857,,11958,9,,,0
103019,'1197772',1458,,11959,9,,,0
103019,'1197847',1543,,11960,9,,,0
103019,'1197900',2312,,11961,9,,,0
103019,'1197976',2142,,11962,9,,,0
103019,'1198084',742,,11963,9,,,0
103019,'1198108',1423,,11964,9,,,0
103019,'1198169',727,,11965,9,,,0
103019,'1198206',912,,11966,9,,,0
103019,'1198228',1113,,11967,9,,,0
103019,'1198242',1853,,11968,9,,,0
103019,'1198304',1413,,11969,9,,,0
103019,'1198348',2153,,11970,9,,,0
103019,'1198369',2242,,11971,9,,,0
103019,'1198383',1243,,11972,9,,,0
103019,'1198393',642,,11973,9,,,0
103019,'1198760',812,,11975,9,,,0
103019,'1198790',2323,,11976,9,,,0
103019,'1198820',1253,,11977,9,,,0
103019,'1198832',1723,,11978,9,,,0
103019,'1198901',2012,,11979,9,,,0
103019,'1198908',953,,11980,9,,,0
103019,'1198992',1553,,11981,9,,,0
103019,'1199041',1123,,11982,9,,,0
103019,'1199057',1513,,11983,9,,,0
103019,'1199120',1842,,11984,9,,,0
103019,'1199157',1812,,11985,9,,,0
103019,'1199198',823,,11986,9,,,0
103019,'1199232',1628,,11987,9,,,0
103019,'1199535',1942,,11988,9,,,0
