105029,'1196840',2315,,12163,49,,,0
105029,'1196987',1030,,12164,49,,,0
105029,'1196996',1703,,12165,49,,,0
105029,'1197020',1546,,12166,49,,,0
105029,'1197097',1803,,12167,49,,,0
105029,'1197137',2028,,12168,49,,,0
105029,'1197220',2015,,12169,49,,,0
105029,'1197228',1518,,12170,49,,,0
105029,'1197231',745,,12171,49,,,0
105029,'1197439',1146,,12172,49,,,0
105029,'1197501',1946,,12173,49,,,0
105029,'1197522',2146,,12174,49,,,0
105029,'1197561',1018,,12175,49,,,0
105029,'1197638',946,,12176,49,,,0
105029,'1197840',2115,,12177,49,,,0
105029,'1197853',2215,,12178,49,,,0
105029,'1197918',1845,,12179,49,,,0
105029,'1197968',2346,,12180,49,,,0
105029,'1198013',1346,,12181,49,,,0
105029,'1198037',1118,,12182,49,,,0
105029,'1198064',1830,,12183,49,,,0
105029,'1198187',1230,,12184,49,,,0
105029,'1198214',1746,,12185,49,,,0
105029,'1198417',1330,,12186,49,,,0
105029,'1198447',1733,,12187,49,,,0
105029,'1198529',1530,,12188,49,,,0
105029,'1198616',715,,12189,49,,,0
105029,'1198625',1633,,12190,49,,,0
105029,'1198711',1333,,12191,49,,,0
105029,'1198718',1548,,12192,49,,,0
105029,'1198725',1730,,12193,49,,,0
105029,'1198779',828,,12194,49,,,0
105029,'1198918',1430,,12195,49,,,0
105029,'1198922',2420,,12196,49,,,0
105029,'1198923',645,,12197,49,,,0
105029,'1199012',628,,12198,49,,,0
105029,'1199037',1418,,12199,49,,,0
105029,'1199107',1448,,12200,49,,,0
105029,'1199124',2428,,12201,49,,,0
105029,'1199144',1233,,12202,49,,,0
105029,'1199148',746,,12203,49,,,0
105029,'1199220',1130,,12204,49,,,0
105029,'1199470',2228,,12205,49,,,0
105029,'1199473',915,,12206,49,,,0
105029,'1199604',815,,12207,49,,,0
105029,'1199607',1630,,12208,49,,,0
