28019,'1196931',2339,,11637,14,,,0
28019,'1196961',959,,11638,14,,,0
28019,'1197034',1139,,11640,14,,,0
28019,'1197242',1539,,11643,14,,,0
28019,'1197295',1359,,11645,14,,,0
28019,'1197458',1939,,11648,14,,,0
28019,'1197551',859,,11651,14,,,0
28019,'1197718',2139,,11653,14,,,0
28019,'1197726',1759,,11654,14,,,0
28019,'1197861',1839,,11656,14,,,0
28019,'1197862',1239,,11657,14,,,0
28019,'1198022',659,,11658,14,,,0
28019,'1198061',2059,,11659,14,,,0
28019,'1198096',1439,,11660,14,,,0
28019,'1198110',1159,,11661,14,,,0
28019,'1198319',1959,,11662,14,,,0
28019,'1198329',1639,,11663,14,,,0
28019,'1198345',1459,,11665,14,,,0
28019,'1198414',1059,,11666,14,,,0
28019,'1198454',1039,,11667,14,,,0
28019,'1198522',1559,,11668,14,,,0
28019,'1198672',939,,11670,14,,,0
28019,'1198739',2159,,11671,14,,,0
28019,'1198919',739,,11676,14,,,0
28019,'1198968',1259,,11678,14,,,0
28019,'1199033',2359,,11679,14,,,0
28019,'1199206',2039,,11682,14,,,0
28019,'1199243',2259,,11683,14,,,0
28019,'1199296',1859,,11684,14,,,0
28019,'1199344',1739,,11686,14,,,0
28019,'1199417',1659,,11688,14,,,0
28019,'1199450',839,,11690,14,,,0
28019,'1199529',1339,,11691,14,,,0
28019,'1199584',759,,11694,14,,,0
28019,'1199602',2239,,11695,14,,,0
28019,'1199775',1744,,12871,14,,,0
28019,'1199776',1714,,12872,14,,,0
28019,'1199784',1814,,12873,14,,,0
28019,'1199803',714,,12874,14,,,0
28019,'1199807',2014,,12875,14,,,0
28019,'1199817',2214,,12876,14,,,0
28019,'1199832',2314,,12877,14,,,0
28019,'1199835',1514,,12878,14,,,0
28019,'1199837',1644,,12879,14,,,0
28019,'1199842',1844,,12880,14,,,0
28019,'1199845',914,,12881,14,,,0
28019,'1199851',814,,12882,14,,,0
28019,'1199859',1914,,12883,14,,,0
28019,'1199861',844,,12884,14,,,0
28019,'1199868',1418,,12885,14,,,0
28019,'1199872',644,,12886,14,,,0
28019,'1199880',1314,,12887,14,,,0
28019,'1199885',744,,12888,14,,,0
28019,'1199887',1214,,12889,14,,,0
28019,'1199894',1614,,12890,14,,,0
28019,'1199897',614,,12891,14,,,0
28019,'1199900',2114,,12892,14,,,0
28019,'1199908',1014,,12893,14,,,0
28019,'1199917',1114,,12894,14,,,0
