28029,'1196904',1711,,11696,10,,,0
28029,'1196938',2111,,11697,10,,,0
28029,'1196995',1026,,11698,10,,,0
28029,'1196997',826,,11699,10,,,0
28029,'1197017',1212,,11700,10,,,0
28029,'1197036',2211,,11701,10,,,0
28029,'1197051',1111,,11702,10,,,0
28029,'1197111',2411,,11703,10,,,0
28029,'1197182',2126,,11704,10,,,0
28029,'1197232',2326,,11705,10,,,0
28029,'1197236',1226,,11706,10,,,0
28029,'1197308',926,,11707,10,,,0
28029,'1197374',1512,,11708,10,,,0
28029,'1197466',1412,,11709,10,,,0
28029,'1197513',656,,11710,10,,,0
28029,'1197529',1351,,11711,10,,,0
28029,'1197584',1326,,11712,10,,,0
28029,'1197623',1251,,11713,10,,,0
28029,'1197715',2251,,11714,10,,,0
28029,'1197789',1811,,11715,10,,,0
28029,'1197906',1656,,11716,10,,,0
28029,'1197943',2026,,11717,10,,,0
28029,'1197949',2226,,11718,10,,,0
28029,'1197963',1126,,11719,10,,,0
28029,'1198258',1751,,11720,10,,,0
28029,'1198259',811,,11721,10,,,0
28029,'1198301',1626,,11722,10,,,0
28029,'1198316',2051,,11723,10,,,0
28029,'1198478',1951,,11724,10,,,0
28029,'1198489',2011,,11725,10,,,0
28029,'1198525',1826,,11726,10,,,0
28029,'1198555',1851,,11727,10,,,0
28029,'1198617',1430,,11728,10,,,0
28029,'1198629',2151,,11729,10,,,0
28029,'1198849',1856,,11730,10,,,0
28029,'1198861',1651,,11731,10,,,0
28029,'1198868',626,,11732,10,,,0
28029,'1198931',1527,,11733,10,,,0
28029,'1198944',1551,,11734,10,,,0
28029,'1198995',851,,11735,10,,,0
28029,'1199030',1926,,11736,10,,,0
28029,'1199105',1011,,11737,10,,,0
28029,'1199138',2311,,11738,10,,,0
28029,'1199152',856,,11739,10,,,0
28029,'1199194',1151,,11740,10,,,0
28029,'1199248',1051,,11741,10,,,0
28029,'1199271',1911,,11742,10,,,0
28029,'1199320',711,,11743,10,,,0
28029,'1199425',1312,,11744,10,,,0
28029,'1199491',1726,,11745,10,,,0
28029,'1199503',726,,11746,10,,,0
28029,'1199562',751,,11747,10,,,0
28029,'1199586',1756,,11748,10,,,0
28029,'1199587',2351,,11749,10,,,0
28029,'1199615',756,,11750,10,,,0
28029,'1199622',1451,,11751,10,,,0
28029,'1199627',911,,11752,10,,,0
28029,'1199647',1612,,11753,10,,,0
28029,'1199657',951,,11754,10,,,0
