105029,'1196840',2319,,12163,57,,,0
105029,'1196987',1034,,12164,57,,,0
105029,'1196996',1706,,12165,57,,,0
105029,'1197020',1549,,12166,57,,,0
105029,'1197097',1806,,12167,57,,,0
105029,'1197137',2032,,12168,57,,,0
105029,'1197220',2019,,12169,57,,,0
105029,'1197228',1521,,12170,57,,,0
105029,'1197231',749,,12171,57,,,0
105029,'1197439',1149,,12172,57,,,0
105029,'1197501',1949,,12173,57,,,0
105029,'1197522',2149,,12174,57,,,0
105029,'1197561',1021,,12175,57,,,0
105029,'1197638',949,,12176,57,,,0
105029,'1197840',2119,,12177,57,,,0
105029,'1197853',2219,,12178,57,,,0
105029,'1197918',1849,,12179,57,,,0
105029,'1197968',2349,,12180,57,,,0
105029,'1198013',1349,,12181,57,,,0
105029,'1198037',1121,,12182,57,,,0
105029,'1198064',1834,,12183,57,,,0
105029,'1198187',1234,,12184,57,,,0
105029,'1198214',1749,,12185,57,,,0
105029,'1198417',1334,,12186,57,,,0
105029,'1198447',1736,,12187,57,,,0
105029,'1198529',1534,,12188,57,,,0
105029,'1198616',719,,12189,57,,,0
105029,'1198625',1636,,12190,57,,,0
105029,'1198711',1336,,12191,57,,,0
105029,'1198718',1551,,12192,57,,,0
105029,'1198725',1734,,12193,57,,,0
105029,'1198779',832,,12194,57,,,0
105029,'1198918',1434,,12195,57,,,0
105029,'1198922',2424,,12196,57,,,0
105029,'1198923',649,,12197,57,,,0
105029,'1199012',632,,12198,57,,,0
105029,'1199037',1421,,12199,57,,,0
105029,'1199107',1451,,12200,57,,,0
105029,'1199124',2432,,12201,57,,,0
105029,'1199144',1236,,12202,57,,,0
105029,'1199148',749,,12203,57,,,0
105029,'1199220',1134,,12204,57,,,0
105029,'1199470',2232,,12205,57,,,0
105029,'1199473',919,,12206,57,,,0
105029,'1199604',819,,12207,57,,,0
105029,'1199607',1634,,12208,57,,,0
