103029,'1196853',1445,,11989,22,,,0
103029,'1196867',1315,,11990,22,,,0
103029,'1196892',1745,,11991,22,,,0
103029,'1196973',1737,,11992,22,,,0
103029,'1197031',1409,,11993,22,,,0
103029,'1197085',2045,,11994,22,,,0
103029,'1197108',1915,,11995,22,,,0
103029,'1197233',1006,,11996,22,,,0
103029,'1197315',1239,,11997,22,,,0
103029,'1197321',1109,,11998,22,,,0
103029,'1197346',1437,,11999,22,,,0
103029,'1197499',1838,,12000,22,,,0
103029,'1197743',809,,12001,22,,,0
103029,'1197784',939,,12002,22,,,0
103029,'1197852',1307,,12003,22,,,0
103029,'1198282',1137,,12004,22,,,0
103029,'1198444',1539,,12005,22,,,0
103029,'1198568',706,,12006,22,,,0
103029,'1198723',2008,,12007,22,,,0
103029,'1198855',836,,12008,22,,,0
103029,'1198880',1522,,12009,22,,,0
103029,'1198882',639,,12010,22,,,0
103029,'1198911',2138,,12011,22,,,0
103029,'1198914',1652,,12012,22,,,0
103029,'1198921',845,,12013,22,,,0
103029,'1198928',751,,12014,22,,,0
103029,'1198990',921,,12015,22,,,0
103029,'1199021',1615,,12016,22,,,0
103029,'1199109',2308,,12017,22,,,0
103029,'1199145',2215,,12018,22,,,0
103029,'1199146',1145,,12019,22,,,0
103029,'1199172',2206,,12020,22,,,0
103029,'1199215',2336,,12021,22,,,0
103029,'1199475',1906,,12022,22,,,0
103029,'1199565',1015,,12023,22,,,0
103029,'1199579',1607,,12024,22,,,0
103029,'1199581',2036,,12025,22,,,0
103029,'1199593',1709,,12026,22,,,0
