190001019,'1196837',1342,,12495,9,,,0
190001019,'1196862',1633,,12496,9,,,0
190001019,'1196877',1856,,12497,9,,,0
190001019,'1196883',1227,,12498,9,,,0
190001019,'1196901',626,,12499,9,,,0
190001019,'1196926',812,,12500,9,,,0
190001019,'1196927',1926,,12501,9,,,0
190001019,'1196941',2000,,12502,9,,,0
190001019,'1196956',1257,,12503,9,,,0
190001019,'1196974',1242,,12504,9,,,0
190001019,'1197019',1418,,12505,9,,,0
190001019,'1197037',1733,,12506,9,,,0
190001019,'1197055',1911,,12507,9,,,0
190001019,'1197061',1400,,12508,9,,,0
190001019,'1197062',1513,,12509,9,,,0
190001019,'1197067',1748,,12510,9,,,0
190001019,'1197087',1058,,12511,9,,,0
190001019,'1197116',726,,12512,9,,,0
190001019,'1197124',2326,,12513,9,,,0
190001019,'1197149',1212,,12514,9,,,0
190001019,'1197157',942,,12515,9,,,0
190001019,'1197183',2156,,12516,9,,,0
190001019,'1197196',1628,,12517,9,,,0
190001019,'1197239',1358,,12518,9,,,0
190001019,'1197241',927,,12519,9,,,0
190001019,'1197275',900,,12520,9,,,0
190001019,'1197336',1813,,12521,9,,,0
190001019,'1197358',1100,,12522,9,,,0
190001019,'1197359',827,,12523,9,,,0
190001019,'1197381',1713,,12524,9,,,0
190001019,'1197382',1700,,12525,9,,,0
190001019,'1197450',1756,,12526,9,,,0
190001019,'1197483',1113,,12527,9,,,0
190001019,'1197488',1428,,12528,9,,,0
190001019,'1197500',857,,12529,9,,,0
190001019,'1197524',926,,12530,9,,,0
190001019,'1197530',1613,,12531,9,,,0
190001019,'1197543',1600,,12532,9,,,0
190001019,'1197562',1956,,12533,9,,,0
190001019,'1197598',1448,,12534,9,,,0
190001019,'1197653',1027,,12535,9,,,0
190001019,'1197698',1011,,12536,9,,,0
190001019,'1197706',1000,,12537,9,,,0
190001019,'1197709',1112,,12538,9,,,0
190001019,'1197713',1758,,12539,9,,,0
190001019,'1197736',1343,,12540,9,,,0
190001019,'1197746',912,,12541,9,,,0
190001019,'1197811',1841,,12542,9,,,0
190001019,'1197845',1357,,12543,9,,,0
190001019,'1197867',2226,,12544,9,,,0
190001019,'1197877',1057,,12545,9,,,0
190001019,'1197919',1043,,12546,9,,,0
190001019,'1197924',1941,,12547,9,,,0
190001019,'1197933',1743,,12548,9,,,0
190001019,'1197942',1826,,12549,9,,,0
190001019,'1197950',1433,,12550,9,,,0
190001019,'1197953',1028,,12551,9,,,0
190001019,'1197956',1312,,12552,9,,,0
190001019,'1198005',1728,,12553,9,,,0
190001019,'1198015',2400,,12554,9,,,0
190001019,'1198030',2100,,12555,9,,,0
190001019,'1198047',1500,,12556,9,,,0
190001019,'1198065',2056,,12557,9,,,0
190001019,'1198066',657,,12558,9,,,0
190001019,'1198075',2156,,12559,9,,,0
190001019,'1198104',956,,12560,9,,,0
190001019,'1198135',2011,,12561,9,,,0
190001019,'1198157',2256,,12562,9,,,0
190001019,'1198172',1800,,12563,9,,,0
190001019,'1198202',1143,,12564,9,,,0
190001019,'1198216',1228,,12565,9,,,0
190001019,'1198221',2141,,12566,9,,,0
190001019,'1198238',757,,12567,9,,,0
190001019,'1198255',642,,12568,9,,,0
190001019,'1198261',1841,,12569,9,,,0
190001019,'1198292',1142,,12570,9,,,0
190001019,'1198298',1658,,12571,9,,,0
190001019,'1198311',1603,,12572,9,,,0
190001019,'1198339',1926,,12573,9,,,0
190001019,'1198343',1503,,12574,9,,,0
190001019,'1198372',800,,12575,9,,,0
190001019,'1198396',1718,,12576,9,,,0
190001019,'1198407',1157,,12577,9,,,0
190001019,'1198441',1618,,12578,9,,,0
190001019,'1198467',1826,,12579,9,,,0
190001019,'1198471',1543,,12580,9,,,0
190001019,'1198476',1300,,12581,9,,,0
190001019,'1198499',2300,,12582,9,,,0
190001019,'1198534',2356,,12583,9,,,0
190001019,'1198547',1012,,12584,9,,,0
190001019,'1198574',1528,,12585,9,,,0
190001019,'1198598',826,,12586,9,,,0
190001019,'1198607',856,,12587,9,,,0
190001019,'1198613',2226,,12588,9,,,0
190001019,'1198622',1956,,12589,9,,,0
190001019,'1198646',2111,,12590,9,,,0
190001019,'1198647',656,,12591,9,,,0
190001019,'1198653',2056,,12592,9,,,0
190001019,'1198674',1158,,12593,9,,,0
190001019,'1198678',2041,,12594,9,,,0
190001019,'1198685',2026,,12595,9,,,0
190001019,'1198700',1128,,12596,9,,,0
190001019,'1198707',1413,,12597,9,,,0
190001019,'1198721',1042,,12598,9,,,0
190001019,'1198724',1533,,12599,9,,,0
190001019,'1198784',1213,,12600,9,,,0
190001019,'1198792',1856,,12601,9,,,0
190001019,'1198804',1200,,12602,9,,,0
190001019,'1198821',712,,12603,9,,,0
190001019,'1198827',2126,,12604,9,,,0
190001019,'1198852',2200,,12605,9,,,0
190001019,'1198857',1643,,12606,9,,,0
190001019,'1198864',1811,,12607,9,,,0
190001019,'1198929',1558,,12608,9,,,0
190001019,'1198949',1243,,12609,9,,,0
190001019,'1198960',1900,,12610,9,,,0
190001019,'1198974',1258,,12611,9,,,0
190001019,'1198988',1328,,12612,9,,,0
190001019,'1198997',1443,,12613,9,,,0
190001019,'1199029',2256,,12614,9,,,0
190001019,'1199121',1648,,12615,9,,,0
190001019,'1199126',1327,,12616,9,,,0
190001019,'1199140',2416,,12617,9,,,0
190001019,'1199142',1127,,12618,9,,,0
190001019,'1199166',756,,12619,9,,,0
190001019,'1199192',2026,,12620,9,,,0
190001019,'1199228',742,,12621,9,,,0
190001019,'1199318',1518,,12622,9,,,0
190001019,'1199339',1703,,12623,9,,,0
190001019,'1199371',727,,12624,9,,,0
190001019,'1199373',842,,12625,9,,,0
190001019,'1199385',1313,,12626,9,,,0
190001019,'1199427',1458,,12627,9,,,0
190001019,'1199436',1548,,12628,9,,,0
190001019,'1199510',2326,,12629,9,,,0
190001019,'1199550',2356,,12630,9,,,0
190001019,'1199551',2126,,12631,9,,,0
190001019,'1199648',957,,12632,9,,,0
