102019,'1197016',2201,,11865,14,,,0
102019,'1197206',1815,,11866,14,,,0
102019,'1197235',901,,11867,14,,,0
102019,'1197240',731,,11868,14,,,0
102019,'1197255',1331,,11869,14,,,0
102019,'1197609',915,,11870,14,,,0
102019,'1197643',1501,,11871,14,,,0
102019,'1197656',1901,,11872,14,,,0
102019,'1197775',1601,,11873,14,,,0
102019,'1197973',646,,11874,14,,,0
102019,'1197982',1801,,11875,14,,,0
102019,'1198067',701,,11876,14,,,0
102019,'1198088',2245,,11877,14,,,0
102019,'1198122',1931,,11878,14,,,0
102019,'1198163',1031,,11879,14,,,0
102019,'1198211',816,,11880,14,,,0
102019,'1198279',1131,,11881,14,,,0
102019,'1198403',1045,,11882,14,,,0
102019,'1198424',1431,,11883,14,,,0
102019,'1198486',1001,,11884,14,,,0
102019,'1198508',1515,,11885,14,,,0
102019,'1198523',1301,,11886,14,,,0
102019,'1198532',1215,,11887,14,,,0
102019,'1198591',2231,,11888,14,,,0
102019,'1198661',1631,,11889,14,,,0
102019,'1198730',2101,,11890,14,,,0
102019,'1198749',2031,,11891,14,,,0
102019,'1198805',1945,,11892,14,,,0
102019,'1198848',1645,,11893,14,,,0
102019,'1198865',2331,,11894,14,,,0
102019,'1199016',2115,,11895,14,,,0
102019,'1199130',2401,,11896,14,,,0
102019,'1199199',946,,11897,14,,,0
102019,'1199205',1201,,11898,14,,,0
102019,'1199328',1345,,11899,14,,,0
102019,'1199348',1731,,11900,14,,,0
102019,'1199363',1716,,11901,14,,,0
102019,'1199433',1546,,11902,14,,,0
102019,'1199474',601,,11903,14,,,0
102019,'1199507',831,,11904,14,,,0
102019,'1199572',1416,,11905,14,,,0
102019,'1199618',745,,11906,14,,,0
