11029,'1199774',1536,,12771,24,,,0
11029,'1199777',950,,12772,24,,,0
11029,'1199778',1336,,12773,24,,,0
11029,'1199779',2334,,12774,24,,,0
11029,'1199780',1235,,12775,24,,,0
11029,'1199781',1150,,12776,24,,,0
11029,'1199782',1651,,12777,24,,,0
11029,'1199783',2235,,12778,24,,,0
11029,'1199785',1334,,12779,24,,,0
11029,'1199786',820,,12780,24,,,0
11029,'1199787',1636,,12781,24,,,0
11029,'1199788',1606,,12782,24,,,0
11029,'1199789',1451,,12783,24,,,0
11029,'1199790',1504,,12784,24,,,0
11029,'1199791',1134,,12785,24,,,0
11029,'1199792',1551,,12786,24,,,0
11029,'1199793',2350,,12787,24,,,0
11029,'1199794',835,,12788,24,,,0
11029,'1199795',1506,,12789,24,,,0
11029,'1199796',1205,,12790,24,,,0
11029,'1199797',1806,,12791,24,,,0
11029,'1199799',750,,12792,24,,,0
11029,'1199800',1721,,12793,24,,,0
11029,'1199804',935,,12794,24,,,0
11029,'1199808',1035,,12795,24,,,0
11029,'1199809',1736,,12796,24,,,0
11029,'1199810',1105,,12797,24,,,0
11029,'1199811',1050,,12798,24,,,0
11029,'1199812',1604,,12799,24,,,0
11029,'1199813',2335,,12800,24,,,0
11029,'1199814',1236,,12801,24,,,0
11029,'1199815',1634,,12802,24,,,0
11029,'1199816',1204,,12803,24,,,0
11029,'1199818',735,,12804,24,,,0
11029,'1199819',1135,,12805,24,,,0
11029,'1199820',1751,,12806,24,,,0
11029,'1199821',1534,,12807,24,,,0
11029,'1199823',1304,,12808,24,,,0
11029,'1199825',2034,,12809,24,,,0
11029,'1199826',2410,,12810,24,,,0
11029,'1199828',1421,,12811,24,,,0
11029,'1199830',1321,,12812,24,,,0
11029,'1199831',2020,,12813,24,,,0
11029,'1199834',650,,12814,24,,,0
11029,'1199836',805,,12815,24,,,0
11029,'1199838',1521,,12816,24,,,0
11029,'1199839',735,,12817,24,,,0
11029,'1199843',1351,,12818,24,,,0
11029,'1199844',2035,,12819,24,,,0
11029,'1199846',1436,,12820,24,,,0
11029,'1199847',935,,12821,24,,,0
11029,'1199848',920,,12822,24,,,0
11029,'1199849',2135,,12823,24,,,0
11029,'1199850',1535,,12824,24,,,0
11029,'1199852',720,,12825,24,,,0
11029,'1199853',1005,,12826,24,,,0
11029,'1199854',850,,12827,24,,,0
11029,'1199855',1635,,12828,24,,,0
11029,'1199856',2134,,12829,24,,,0
11029,'1199858',1621,,12830,24,,,0
11029,'1199860',1035,,12831,24,,,0
11029,'1199862',1950,,12832,24,,,0
11029,'1199863',834,,12833,24,,,0
11029,'1199864',1221,,12834,24,,,0
11029,'1199865',1734,,12835,24,,,0
11029,'1199866',1234,,12836,24,,,0
11029,'1199867',2050,,12837,24,,,0
11029,'1199869',1434,,12838,24,,,0
11029,'1199870',1335,,12839,24,,,0
11029,'1199871',1404,,12840,24,,,0
11029,'1199873',2220,,12841,24,,,0
11029,'1199874',1120,,12842,24,,,0
11029,'1199875',1020,,12843,24,,,0
11029,'1199876',705,,12844,24,,,0
11029,'1199877',1735,,12845,24,,,0
11029,'1199878',1706,,12846,24,,,0
11029,'1199881',1834,,12847,24,,,0
11029,'1199882',1920,,12848,24,,,0
11029,'1199883',1135,,12849,24,,,0
11029,'1199884',1935,,12850,24,,,0
11029,'1199886',1934,,12851,24,,,0
11029,'1199889',734,,12852,24,,,0
11029,'1199890',2120,,12853,24,,,0
11029,'1199891',2234,,12854,24,,,0
11029,'1199892',1835,,12855,24,,,0
11029,'1199893',1034,,12856,24,,,0
11029,'1199898',905,,12857,24,,,0
11029,'1199899',1850,,12858,24,,,0
11029,'1199902',1820,,12859,24,,,0
11029,'1199903',934,,12860,24,,,0
11029,'1199904',1704,,12861,24,,,0
11029,'1199906',635,,12862,24,,,0
11029,'1199907',2320,,12863,24,,,0
11029,'1199910',2250,,12864,24,,,0
11029,'1199911',2150,,12865,24,,,0
11029,'1199912',1406,,12866,24,,,0
11029,'1199913',1251,,12867,24,,,0
11029,'1199914',1306,,12868,24,,,0
11029,'1199919',835,,12869,24,,,0
11029,'1199920',1435,,12870,24,,,0
22029,'1196872',1452,,11159,2,,,0
22029,'1197509',1052,,11160,2,,,0
22029,'1197841',1252,,11161,2,,,0
22029,'1198320',1422,,11162,2,,,0
22029,'1198325',1822,,11163,2,,,0
22029,'1198632',1022,,11164,2,,,0
22029,'1198895',1622,,11165,2,,,0
22029,'1199147',852,,11166,2,,,0
22029,'1199241',1222,,11167,2,,,0
22029,'1199309',822,,11168,2,,,0
140001029,'1196879',625,,12358,16,,,0
140001029,'1196954',956,,12359,16,,,0
140001029,'1196975',1028,,12360,16,,,0
140001029,'1196976',2325,,12361,16,,,0
140001029,'1197010',1343,,12362,16,,,0
140001029,'1197038',1113,,12363,16,,,0
140001029,'1197058',1840,,12364,16,,,0
140001029,'1197078',1126,,12365,16,,,0
140001029,'1197099',2255,,12366,16,,,0
140001029,'1197105',2326,,12367,16,,,0
140001029,'1197113',855,,12368,16,,,0
140001029,'1197141',1444,,12369,16,,,0
140001029,'1197155',1741,,12370,16,,,0
140001029,'1197162',940,,12371,16,,,0
140001029,'1197190',1559,,12372,16,,,0
140001029,'1197195',1659,,12373,16,,,0
140001029,'1197198',1359,,12374,16,,,0
140001029,'1197204',926,,12375,16,,,0
140001029,'1197222',1228,,12376,16,,,0
140001029,'1197249',1226,,12377,16,,,0
140001029,'1197271',1942,,12378,16,,,0
140001029,'1197276',1056,,12379,16,,,0
140001029,'1197293',1514,,12380,16,,,0
140001029,'1197305',1526,,12381,16,,,0
140001029,'1197370',1213,,12382,16,,,0
140001029,'1197377',2225,,12383,16,,,0
140001029,'1197379',755,,12384,16,,,0
140001029,'1197386',1826,,12385,16,,,0
140001029,'1197424',2055,,12386,16,,,0
140001029,'1197426',1011,,12387,16,,,0
140001029,'1197432',955,,12388,16,,,0
140001029,'1197460',2225,,12389,16,,,0
140001029,'1197482',626,,12390,16,,,0
140001029,'1197494',2400,,12391,16,,,0
140001029,'1197497',1656,,12392,16,,,0
140001029,'1197568',1326,,12393,16,,,0
140001029,'1197611',2255,,12394,16,,,0
140001029,'1197612',1544,,12395,16,,,0
140001029,'1197619',1825,,12396,16,,,0
140001029,'1197627',840,,12397,16,,,0
140001029,'1197635',2226,,12398,16,,,0
140001029,'1197649',1328,,12399,16,,,0
140001029,'1197658',1926,,12400,16,,,0
140001029,'1197662',1058,,12401,16,,,0
140001029,'1197723',926,,12402,16,,,0
140001029,'1197758',1243,,12403,16,,,0
140001029,'1197776',2027,,12404,16,,,0
140001029,'1197849',2155,,12405,16,,,0
140001029,'1197888',1955,,12406,16,,,0
140001029,'1197928',1426,,12407,16,,,0
140001029,'1197938',1414,,12408,16,,,0
140001029,'1197948',1459,,12409,16,,,0
140001029,'1197957',1611,,12410,16,,,0
140001029,'1197967',1714,,12411,16,,,0
140001029,'1197972',1556,,12412,16,,,0
140001029,'1197983',725,,12413,16,,,0
140001029,'1198007',2125,,12414,16,,,0
140001029,'1198048',740,,12415,16,,,0
140001029,'1198049',710,,12416,16,,,0
140001029,'1198081',1256,,12417,16,,,0
140001029,'1198099',941,,12418,16,,,0
140001029,'1198101',1128,,12419,16,,,0
140001029,'1198102',826,,12420,16,,,0
140001029,'1198131',2026,,12421,16,,,0
140001029,'1198132',1026,,12422,16,,,0
140001029,'1198186',1756,,12423,16,,,0
140001029,'1198207',655,,12424,16,,,0
140001029,'1198209',910,,12425,16,,,0
140001029,'1198299',1156,,12426,16,,,0
140001029,'1198347',640,,12427,16,,,0
140001029,'1198350',1912,,12428,16,,,0
140001029,'1198371',1429,,12429,16,,,0
140001029,'1198391',2042,,12430,16,,,0
140001029,'1198425',2025,,12431,16,,,0
140001029,'1198451',2355,,12432,16,,,0
140001029,'1198469',1626,,12433,16,,,0
140001029,'1198505',1426,,12434,16,,,0
140001029,'1198517',1158,,12435,16,,,0
140001029,'1198540',726,,12436,16,,,0
140001029,'1198546',1026,,12437,16,,,0
140001029,'1198572',1541,,12438,16,,,0
140001029,'1198636',810,,12439,16,,,0
140001029,'1198643',1226,,12440,16,,,0
140001029,'1198645',1726,,12441,16,,,0
140001029,'1198655',756,,12442,16,,,0
140001029,'1198697',856,,12443,16,,,0
140001029,'1198757',1626,,12444,16,,,0
140001029,'1198770',1957,,12445,16,,,0
140001029,'1198787',1614,,12446,16,,,0
140001029,'1198789',1927,,12447,16,,,0
140001029,'1198794',1043,,12448,16,,,0
140001029,'1198796',2155,,12449,16,,,0
140001029,'1198802',1111,,12450,16,,,0
140001029,'1198817',1511,,12451,16,,,0
140001029,'1198824',1143,,12452,16,,,0
140001029,'1198860',1810,,12453,16,,,0
140001029,'1198934',1711,,12454,16,,,0
140001029,'1198970',1744,,12455,16,,,0
140001029,'1198973',925,,12456,16,,,0
140001029,'1198981',1827,,12457,16,,,0
140001029,'1198986',2325,,12458,16,,,0
140001029,'1198999',1341,,12459,16,,,0
140001029,'1199001',726,,12460,16,,,0
140001029,'1199006',825,,12461,16,,,0
140001029,'1199010',1757,,12462,16,,,0
140001029,'1199031',1211,,12463,16,,,0
140001029,'1199086',1013,,12464,16,,,0
140001029,'1199101',656,,12465,16,,,0
140001029,'1199110',1141,,12466,16,,,0
140001029,'1199113',1641,,12467,16,,,0
140001029,'1199128',1041,,12468,16,,,0
140001029,'1199156',1925,,12469,16,,,0
140001029,'1199174',1313,,12470,16,,,0
140001029,'1199189',826,,12471,16,,,0
140001029,'1199191',1812,,12472,16,,,0
140001029,'1199203',2057,,12473,16,,,0
140001029,'1199247',1644,,12474,16,,,0
140001029,'1199259',1842,,12475,16,,,0
140001029,'1199261',1411,,12476,16,,,0
140001029,'1199275',1529,,12477,16,,,0
140001029,'1199283',1326,,12478,16,,,0
140001029,'1199312',1241,,12479,16,,,0
140001029,'1199341',2012,,12480,16,,,0
140001029,'1199351',1311,,12481,16,,,0
140001029,'1199395',1729,,12482,16,,,0
140001029,'1199415',1855,,12483,16,,,0
140001029,'1199446',1857,,12484,16,,,0
140001029,'1199456',1526,,12485,16,,,0
140001029,'1199465',1726,,12486,16,,,0
140001029,'1199469',2125,,12487,16,,,0
140001029,'1199481',1629,,12488,16,,,0
140001029,'1199494',1456,,12489,16,,,0
140001029,'1199502',1356,,12490,16,,,0
140001029,'1199522',1441,,12491,16,,,0
140001029,'1199528',2126,,12492,16,,,0
140001029,'1199569',1126,,12493,16,,,0
140001029,'1199608',1258,,12494,16,,,0
