2029,'1196924',1512,,10051,8,,,0
2029,'1196985',1157,,10052,8,,,0
2029,'1196991',2240,,10053,8,,,0
2029,'1197028',2040,,10054,8,,,0
2029,'1197134',1827,,10055,8,,,0
2029,'1197139',926,,10056,8,,,0
2029,'1197143',2327,,10057,8,,,0
2029,'1197168',1612,,10058,8,,,0
2029,'1197170',642,,10059,8,,,0
2029,'1197175',1457,,10060,8,,,0
2029,'1197208',1442,,10061,8,,,0
2029,'1197209',857,,10062,8,,,0
2029,'1197218',711,,10063,8,,,0
2029,'1197261',1627,,10064,8,,,0
2029,'1197268',1657,,10065,8,,,0
2029,'1197282',641,,10066,8,,,0
2029,'1197288',2140,,10067,8,,,0
2029,'1197331',1623,,10068,8,,,0
2029,'1197332',2210,,10069,8,,,0
2029,'1197367',1423,,10070,8,,,0
2029,'1197375',856,,10071,8,,,0
2029,'1197411',1041,,10072,8,,,0
2029,'1197419',1327,,10073,8,,,0
2029,'1197430',656,,10074,8,,,0
2029,'1197437',956,,10075,8,,,0
2029,'1197491',1353,,10076,8,,,0
2029,'1197508',756,,10077,8,,,0
2029,'1197527',1242,,10078,8,,,0
2029,'1197534',1042,,10079,8,,,0
2029,'1197599',1642,,10080,8,,,0
2029,'1197642',741,,10081,8,,,0
2029,'1197644',1812,,10082,8,,,0
2029,'1197647',941,,10083,8,,,0
2029,'1197651',2337,,10084,8,,,0
2029,'1197655',2407,,10085,8,,,0
2029,'1197665',1027,,10086,8,,,0
2029,'1197667',1942,,10087,8,,,0
2029,'1197739',1712,,10088,8,,,0
2029,'1197769',1142,,10089,8,,,0
2029,'1197800',1011,,10090,8,,,0
2029,'1197808',2010,,10091,8,,,0
2029,'1197821',742,,10092,8,,,0
2029,'1197871',811,,10093,8,,,0
2029,'1197901',841,,10094,8,,,0
2029,'1197910',1742,,10095,8,,,0
2029,'1198003',1057,,10096,8,,,0
2029,'1198023',1226,,10097,8,,,0
2029,'1198042',842,,10098,8,,,0
2029,'1198045',2242,,10099,8,,,0
2029,'1198089',911,,10100,8,,,0
2029,'1198144',1026,,10101,8,,,0
2029,'1198156',2310,,10102,8,,,0
2029,'1198168',2027,,10103,8,,,0
2029,'1198184',942,,10104,8,,,0
2029,'1198213',1412,,10105,8,,,0
2029,'1198215',1827,,10106,8,,,0
2029,'1198275',1141,,10107,8,,,0
2029,'1198291',1056,,10108,8,,,0
2029,'1198335',1940,,10109,8,,,0
2029,'1198359',1323,,10110,8,,,0
2029,'1198433',1342,,10111,8,,,0
2029,'1198455',1223,,10112,8,,,0
2029,'1198473',1753,,10113,8,,,0
2029,'1198494',1723,,10114,8,,,0
2029,'1198537',1742,,10115,8,,,0
2029,'1198581',1127,,10116,8,,,0
2029,'1198603',1542,,10117,8,,,0
2029,'1198608',942,,10118,8,,,0
2029,'1198619',2412,,10119,8,,,0
2029,'1198682',1427,,10120,8,,,0
2029,'1198743',2242,,10121,8,,,0
2029,'1198838',1342,,10122,8,,,0
2029,'1198840',1453,,10123,8,,,0
2029,'1198841',726,,10124,8,,,0
2029,'1198851',2110,,10125,8,,,0
2029,'1198854',1156,,10126,8,,,0
2029,'1198870',727,,10127,8,,,0
2029,'1198967',2342,,10128,8,,,0
2029,'1199005',1557,,10129,8,,,0
2029,'1199023',1523,,10130,8,,,0
2029,'1199042',1942,,10131,8,,,0
2029,'1199046',1840,,10132,8,,,0
2029,'1199049',1111,,10133,8,,,0
2029,'1199063',1312,,10134,8,,,0
2029,'1199099',1257,,10135,8,,,0
2029,'1199116',1727,,10136,8,,,0
2029,'1199173',1553,,10137,8,,,0
2029,'1199237',2142,,10138,8,,,0
2029,'1199240',826,,10139,8,,,0
2029,'1199269',1242,,10140,8,,,0
2029,'1199288',1542,,10141,8,,,0
2029,'1199299',2157,,10142,8,,,0
2029,'1199305',1211,,10143,8,,,0
2029,'1199316',1757,,10144,8,,,0
2029,'1199329',1642,,10145,8,,,0
2029,'1199333',812,,10146,8,,,0
2029,'1199335',1253,,10147,8,,,0
2029,'1199398',2042,,10148,8,,,0
2029,'1199466',1910,,10149,8,,,0
2029,'1199478',1842,,10150,8,,,0
2029,'1199484',1527,,10151,8,,,0
2029,'1199542',2427,,10152,8,,,0
2029,'1199552',1357,,10153,8,,,0
2029,'1199560',1857,,10154,8,,,0
2029,'1199580',2112,,10155,8,,,0
2029,'1199620',1442,,10156,8,,,0
2029,'1199621',1126,,10157,8,,,0
2029,'1199635',1653,,10158,8,,,0
103019,'1196838',2017,,11950,3,,,0
103019,'1196888',937,,11951,3,,,0
103019,'1196969',1637,,11952,3,,,0
103019,'1196981',1207,,11953,3,,,0
103019,'1197294',2107,,11954,3,,,0
103019,'1197441',1037,,11955,3,,,0
103019,'1197545',1707,,11956,3,,,0
103019,'1197721',1337,,11957,3,,,0
103019,'1197732',852,,11958,3,,,0
103019,'1197772',1452,,11959,3,,,0
103019,'1197847',1537,,11960,3,,,0
103019,'1197900',2307,,11961,3,,,0
103019,'1197976',2137,,11962,3,,,0
103019,'1198084',737,,11963,3,,,0
103019,'1198108',1417,,11964,3,,,0
103019,'1198169',722,,11965,3,,,0
103019,'1198206',907,,11966,3,,,0
103019,'1198228',1107,,11967,3,,,0
103019,'1198242',1847,,11968,3,,,0
103019,'1198304',1407,,11969,3,,,0
103019,'1198348',2147,,11970,3,,,0
103019,'1198369',2237,,11971,3,,,0
103019,'1198383',1237,,11972,3,,,0
103019,'1198393',637,,11973,3,,,0
103019,'1198760',807,,11975,3,,,0
103019,'1198790',2317,,11976,3,,,0
103019,'1198820',1247,,11977,3,,,0
103019,'1198832',1717,,11978,3,,,0
103019,'1198901',2007,,11979,3,,,0
103019,'1198908',947,,11980,3,,,0
103019,'1198992',1547,,11981,3,,,0
103019,'1199041',1117,,11982,3,,,0
103019,'1199057',1507,,11983,3,,,0
103019,'1199120',1837,,11984,3,,,0
103019,'1199157',1807,,11985,3,,,0
103019,'1199198',817,,11986,3,,,0
103019,'1199232',1622,,11987,3,,,0
103019,'1199535',1937,,11988,3,,,0
