105019,'1196946',913,,12117,52,,,0
105019,'1197049',1822,,12118,52,,,0
105019,'1197077',600,,12119,52,,,0
105019,'1197115',1207,,12120,52,,,0
105019,'1197131',713,,12121,52,,,0
105019,'1197173',1215,,12122,52,,,0
105019,'1197181',1031,,12123,52,,,0
105019,'1197192',2200,,12124,52,,,0
105019,'1197197',1507,,12125,52,,,0
105019,'1197292',1315,,12126,52,,,0
105019,'1197296',1607,,12127,52,,,0
105019,'1197531',1415,,12128,52,,,0
105019,'1197548',1930,,12129,52,,,0
105019,'1197557',1615,,12130,52,,,0
105019,'1197588',831,,12131,52,,,0
105019,'1197596',2100,,12132,52,,,0
105019,'1197617',1515,,12133,52,,,0
105019,'1197633',1231,,12134,52,,,0
105019,'1197710',804,,12135,52,,,0
105019,'1197779',1752,,12136,52,,,0
105019,'1197825',1422,,12137,52,,,0
105019,'1197971',1107,,12138,52,,,0
105019,'1198112',630,,12139,52,,,0
105019,'1198338',1115,,12140,52,,,0
105019,'1198380',2231,,12141,52,,,0
105019,'1198385',1722,,12142,52,,,0
105019,'1198553',1322,,12143,52,,,0
105019,'1198560',2031,,12144,52,,,0
105019,'1198571',1631,,12145,52,,,0
105019,'1198621',734,,12146,52,,,0
105019,'1198667',1004,,12147,52,,,0
105019,'1198717',1537,,12148,52,,,0
105019,'1198741',904,,12149,52,,,0
105019,'1198746',1852,,12150,52,,,0
105019,'1198889',700,,12151,52,,,0
105019,'1199004',1431,,12152,52,,,0
105019,'1199054',1637,,12153,52,,,0
105019,'1199098',834,,12154,52,,,0
105019,'1199298',2400,,12155,52,,,0
105019,'1199347',2313,,12156,52,,,0
105019,'1199383',2300,,12157,52,,,0
105019,'1199400',1715,,12158,52,,,0
105019,'1199461',1831,,12159,52,,,0
105019,'1199511',1815,,12160,52,,,0
105019,'1199546',2113,,12161,52,,,0
105019,'1199574',1915,,12162,52,,,0
106029,'1196836',1610,,12215,3,,,0
106029,'1196851',1725,,12216,3,,,0
106029,'1197042',1008,,12217,3,,,0
106029,'1197408',1840,,12218,3,,,0
106029,'1198086',738,,12219,3,,,0
106029,'1198615',853,,12220,3,,,0
