2019,'1196937',927,,9945,17,,,0
2019,'1196952',1927,,9946,17,,,0
2019,'1196959',727,,9947,17,,,0
2019,'1196966',1012,,9948,17,,,0
2019,'1196990',927,,9949,17,,,0
2019,'1196992',1659,,9950,17,,,0
2019,'1196993',2057,,9951,17,,,0
2019,'1197022',1327,,9952,17,,,0
2019,'1197046',2357,,9953,17,,,0
2019,'1197068',1213,,9954,17,,,0
2019,'1197140',828,,9955,17,,,0
2019,'1197142',2227,,9956,17,,,0
2019,'1197156',658,,9957,17,,,0
2019,'1197159',1244,,9958,17,,,0
2019,'1197165',1313,,9959,17,,,0
2019,'1197200',2042,,9960,17,,,0
2019,'1197205',2327,,9961,17,,,0
2019,'1197230',1559,,9962,17,,,0
2019,'1197258',1529,,9963,17,,,0
2019,'1197273',1827,,9964,17,,,0
2019,'1197277',1013,,9965,17,,,0
2019,'1197304',2027,,9966,17,,,0
2019,'1197311',1759,,9967,17,,,0
2019,'1197384',843,,9968,17,,,0
2019,'1197388',1513,,9969,17,,,0
2019,'1197409',1359,,9970,17,,,0
2019,'1197517',1544,,9971,17,,,0
2019,'1197526',1143,,9972,17,,,0
2019,'1197532',1227,,9973,17,,,0
2019,'1197541',1812,,9974,17,,,0
2019,'1197604',1942,,9975,17,,,0
2019,'1197630',1229,,9976,17,,,0
2019,'1197631',1743,,9977,17,,,0
2019,'1197670',943,,9978,17,,,0
2019,'1197671',1344,,9979,17,,,0
2019,'1197694',1912,,9980,17,,,0
2019,'1197780',1028,,9981,17,,,0
2019,'1197798',1842,,9982,17,,,0
2019,'1197818',1427,,9983,17,,,0
2019,'1197842',1259,,9984,17,,,0
2019,'1197864',2127,,9985,17,,,0
2019,'1197879',1413,,9986,17,,,0
2019,'1197881',1027,,9987,17,,,0
2019,'1197904',858,,9988,17,,,0
2019,'1197931',1158,,9989,17,,,0
2019,'1197939',1514,,9990,17,,,0
2019,'1197952',2402,,9991,17,,,0
2019,'1197970',928,,9992,17,,,0
2019,'1197994',1128,,9993,17,,,0
2019,'1198000',713,,9994,17,,,0
2019,'1198018',728,,9995,17,,,0
2019,'1198034',813,,9996,17,,,0
2019,'1198058',1614,,9997,17,,,0
2019,'1198063',1644,,9998,17,,,0
2019,'1198138',1643,,9999,17,,,0
2019,'1198180',1043,,10000,17,,,0
2019,'1198182',1214,,10001,17,,,0
2019,'1198197',2227,,10002,17,,,0
2019,'1198230',2112,,10003,17,,,0
2019,'1198247',1459,,10004,17,,,0
2019,'1198270',1927,,10005,17,,,0
2019,'1198273',743,,10006,17,,,0
2019,'1198286',757,,10007,17,,,0
2019,'1198328',1729,,10008,17,,,0
2019,'1198379',1744,,10010,17,,,0
2019,'1198387',1543,,10011,17,,,0
2019,'1198392',1143,,10012,17,,,0
2019,'1198443',2012,,10013,17,,,0
2019,'1198453',2142,,10014,17,,,0
2019,'1198468',1243,,10015,17,,,0
2019,'1198483',1727,,10016,17,,,0
2019,'1198564',1113,,10017,17,,,0
2019,'1198584',2312,,10018,17,,,0
2019,'1198637',1629,,10019,17,,,0
2019,'1198722',1527,,10020,17,,,0
2019,'1198740',913,,10021,17,,,0
2019,'1198744',1842,,10022,17,,,0
2019,'1198846',842,,10023,17,,,0
2019,'1198873',643,,10024,17,,,0
2019,'1198904',1343,,10025,17,,,0
2019,'1198940',2212,,10026,17,,,0
2019,'1199047',1314,,10027,17,,,0
2019,'1199073',1713,,10028,17,,,0
2019,'1199085',2142,,10029,17,,,0
2019,'1199096',1443,,10030,17,,,0
2019,'1199176',1042,,10031,17,,,0
2019,'1199234',2012,,10032,17,,,0
2019,'1199238',712,,10033,17,,,0
2019,'1199242',1127,,10034,17,,,0
2019,'1199272',958,,10035,17,,,0
2019,'1199326',2312,,10036,17,,,0
2019,'1199327',1414,,10037,17,,,0
2019,'1199334',1627,,10038,17,,,0
2019,'1199352',1714,,10039,17,,,0
2019,'1199368',1444,,10040,17,,,0
2019,'1199372',1812,,10041,17,,,0
2019,'1199378',1429,,10042,17,,,0
2019,'1199438',1058,,10043,17,,,0
2019,'1199439',758,,10044,17,,,0
2019,'1199485',1329,,10045,17,,,0
2019,'1199505',827,,10046,17,,,0
2019,'1199525',2242,,10047,17,,,0
2019,'1199540',1113,,10048,17,,,0
2019,'1199630',2342,,10049,17,,,0
2019,'1199652',1613,,10050,17,,,0
103029,'1196853',1452,,11989,30,,,0
103029,'1196867',1322,,11990,30,,,0
103029,'1196892',1752,,11991,30,,,0
103029,'1196973',1744,,11992,30,,,0
103029,'1197031',1416,,11993,30,,,0
103029,'1197085',2052,,11994,30,,,0
103029,'1197108',1922,,11995,30,,,0
103029,'1197233',1013,,11996,30,,,0
103029,'1197315',1246,,11997,30,,,0
103029,'1197321',1116,,11998,30,,,0
103029,'1197346',1444,,11999,30,,,0
103029,'1197499',1845,,12000,30,,,0
103029,'1197743',814,,12001,30,,,0
103029,'1197784',945,,12002,30,,,0
103029,'1197852',1314,,12003,30,,,0
103029,'1198282',1144,,12004,30,,,0
103029,'1198444',1546,,12005,30,,,0
103029,'1198568',713,,12006,30,,,0
103029,'1198723',2015,,12007,30,,,0
103029,'1198855',843,,12008,30,,,0
103029,'1198880',1529,,12009,30,,,0
103029,'1198882',644,,12010,30,,,0
103029,'1198911',2144,,12011,30,,,0
103029,'1198914',1659,,12012,30,,,0
103029,'1198921',852,,12013,30,,,0
103029,'1198928',758,,12014,30,,,0
103029,'1198990',928,,12015,30,,,0
103029,'1199021',1622,,12016,30,,,0
103029,'1199109',2313,,12017,30,,,0
103029,'1199145',2222,,12018,30,,,0
103029,'1199146',1152,,12019,30,,,0
103029,'1199172',2213,,12020,30,,,0
103029,'1199215',2343,,12021,30,,,0
103029,'1199475',1913,,12022,30,,,0
103029,'1199565',1022,,12023,30,,,0
103029,'1199579',1614,,12024,30,,,0
103029,'1199581',2043,,12025,30,,,0
103029,'1199593',1716,,12026,30,,,0
