11029,'1196876',1451,,10548,13,,,0
11029,'1196884',1251,,10549,17,,,0
11029,'1196914',1134,,10550,17,,,0
11029,'1196958',754,,10551,17,,,0
11029,'1197000',1251,,10552,13,,,0
11029,'1197070',1851,,10553,13,,,0
11029,'1197071',1833,,10554,17,,,0
11029,'1197114',919,,10555,17,,,0
11029,'1197185',2251,,10556,13,,,0
11029,'1197191',1451,,10557,17,,,0
11029,'1197229',1406,,10558,17,,,0
11029,'1197234',1705,,10559,17,,,0
11029,'1197264',1736,,10560,17,,,0
11029,'1197274',934,,10561,17,,,0
11029,'1197327',1335,,10562,17,,,0
11029,'1197343',734,,10563,17,,,0
11029,'1197351',1551,,10564,13,,,0
11029,'1197398',1821,,10565,17,,,0
11029,'1197412',2303,,10566,17,,,0
11029,'1197422',1636,,10567,17,,,0
11029,'1197446',2351,,10568,13,,,0
11029,'1197463',704,,10569,17,,,0
11029,'1197502',619,,10570,17,,,0
11029,'1197519',749,,10571,17,,,0
11029,'1197564',2254,,10572,17,,,0
11029,'1197573',1351,,10573,13,,,0
11029,'1197695',1104,,10574,17,,,0
11029,'1197696',804,,10575,17,,,0
11029,'1197753',851,,10576,13,,,0
11029,'1197763',1521,,10577,17,,,0
11029,'1197795',2033,,10578,17,,,0
11029,'1197832',1621,,10579,17,,,0
11029,'1197875',2420,,10580,17,,,0
11029,'1197917',2354,,10581,17,,,0
11029,'1197925',1119,,10582,17,,,0
11029,'1197934',1535,,10583,17,,,0
11029,'1197978',1903,,10584,17,,,0
11029,'1197990',1435,,10585,17,,,0
11029,'1198012',849,,10586,17,,,0
11029,'1198053',954,,10587,17,,,0
11029,'1198076',2003,,10588,17,,,0
11029,'1198113',2103,,10589,17,,,0
11029,'1198146',2233,,10590,17,,,0
11029,'1198266',1954,,10591,17,,,0
11029,'1198296',1651,,10592,13,,,0
11029,'1198337',904,,10593,17,,,0
11029,'1198341',1154,,10594,17,,,0
11029,'1198362',2151,,10595,13,,,0
11029,'1198405',1854,,10596,17,,,0
11029,'1198419',1506,,10597,17,,,0
11029,'1198470',1306,,10598,17,,,0
11029,'1198493',1806,,10599,17,,,0
11029,'1198506',1054,,10600,17,,,0
11029,'1198543',1019,,10601,17,,,0
11029,'1198548',1606,,10602,17,,,0
11029,'1198573',1149,,10603,17,,,0
11029,'1198590',1951,,10604,13,,,0
11029,'1198610',1551,,10605,17,,,0
11029,'1198623',654,,10606,17,,,0
11029,'1198660',1305,,10607,17,,,0
11029,'1198662',1751,,10608,13,,,0
11029,'1198696',1436,,10609,17,,,0
11029,'1198771',1505,,10610,17,,,0
11029,'1198808',949,,10611,17,,,0
11029,'1198843',2051,,10612,13,,,0
11029,'1198927',1049,,10613,17,,,0
11029,'1198951',1721,,10614,17,,,0
11029,'1198978',1933,,10615,17,,,0
11029,'1199022',1234,,10616,17,,,0
11029,'1199024',2154,,10617,17,,,0
11029,'1199026',2203,,10618,17,,,0
11029,'1199059',1605,,10619,17,,,0
11029,'1199060',1351,,10620,17,,,0
11029,'1199064',1805,,10621,17,,,0
11029,'1199091',751,,10622,13,,,0
11029,'1199100',2133,,10623,17,,,0
11029,'1199118',1706,,10624,17,,,0
11029,'1199132',649,,10625,17,,,0
11029,'1199143',1735,,10626,17,,,0
11029,'1199154',1421,,10627,17,,,0
11029,'1199177',1651,,10628,17,,,0
11029,'1199180',2054,,10629,17,,,0
11029,'1199214',719,,10630,17,,,0
11029,'1199225',1536,,10631,17,,,0
11029,'1199227',1151,,10632,13,,,0
11029,'1199229',1405,,10633,17,,,0
11029,'1199253',951,,10634,13,,,0
11029,'1199301',2330,,10635,17,,,0
11029,'1199306',1051,,10636,13,,,0
11029,'1199370',1751,,10637,17,,,0
11029,'1199376',834,,10638,17,,,0
11029,'1199394',854,,10639,17,,,0
11029,'1199403',819,,10640,17,,,0
11029,'1199410',1204,,10641,17,,,0
11029,'1199462',2400,,10642,17,,,0
11029,'1199476',1004,,10643,17,,,0
11029,'1199496',1321,,10644,17,,,0
11029,'1199508',1219,,10645,17,,,0
11029,'1199591',1635,,10646,17,,,0
11029,'1199603',1236,,10647,17,,,0
11029,'1199619',1034,,10648,17,,,0
11029,'1199623',1336,,10649,17,,,0
