102029,'1196895',1653,,11907,8,,,0
102029,'1196982',1341,,11908,8,,,0
102029,'1197029',2111,,11909,8,,,0
102029,'1197083',1523,,11910,8,,,0
102029,'1197178',1053,,11911,8,,,0
102029,'1197226',656,,11912,8,,,0
102029,'1197263',741,,11913,8,,,0
102029,'1197297',1440,,11914,8,,,0
102029,'1197309',1823,,11915,8,,,0
102029,'1197330',1726,,11916,8,,,0
102029,'1197420',1511,,11917,8,,,0
102029,'1197536',2253,,11918,8,,,0
102029,'1197603',1041,,11919,8,,,0
102029,'1197704',1010,,11920,8,,,0
102029,'1197770',2411,,11921,8,,,0
102029,'1197839',826,,11922,8,,,0
102029,'1198134',1310,,11923,8,,,0
102029,'1198173',923,,11924,8,,,0
102029,'1198220',1223,,11925,8,,,0
102029,'1198227',1740,,11926,8,,,0
102029,'1198249',1811,,11927,8,,,0
102029,'1198376',1556,,11928,8,,,0
102029,'1198502',1641,,11929,8,,,0
102029,'1198531',753,,11930,8,,,0
102029,'1198599',1610,,11931,8,,,0
102029,'1198638',2241,,11932,8,,,0
102029,'1198688',1140,,11933,8,,,0
102029,'1198705',2040,,11934,8,,,0
102029,'1198769',1953,,11935,8,,,0
102029,'1198816',2123,,11936,8,,,0
102029,'1198930',2210,,11937,8,,,0
102029,'1198996',611,,11938,8,,,0
102029,'1199090',840,,11939,8,,,0
102029,'1199168',911,,11940,8,,,0
102029,'1199202',1941,,11941,8,,,0
102029,'1199211',1910,,11942,8,,,0
102029,'1199244',956,,11943,8,,,0
102029,'1199434',1211,,11944,8,,,0
102029,'1199477',2340,,11945,8,,,0
102029,'1199479',1426,,11946,8,,,0
102029,'1199488',629,,11947,8,,,0
102029,'1199537',1353,,11948,8,,,0
102029,'1199651',710,,11949,8,,,0
