2029,'1196924',1519,,10051,16,,,0
2029,'1196985',1203,,10052,16,,,0
2029,'1196991',2247,,10053,16,,,0
2029,'1197028',2047,,10054,16,,,0
2029,'1197134',1833,,10055,16,,,0
2029,'1197139',933,,10056,16,,,0
2029,'1197143',2333,,10057,16,,,0
2029,'1197168',1619,,10058,16,,,0
2029,'1197170',648,,10059,16,,,0
2029,'1197175',1504,,10060,16,,,0
2029,'1197208',1449,,10061,16,,,0
2029,'1197209',903,,10062,16,,,0
2029,'1197218',718,,10063,16,,,0
2029,'1197261',1634,,10064,16,,,0
2029,'1197268',1704,,10065,16,,,0
2029,'1197282',648,,10066,16,,,0
2029,'1197288',2147,,10067,16,,,0
2029,'1197331',1630,,10068,16,,,0
2029,'1197332',2217,,10069,16,,,0
2029,'1197367',1430,,10070,16,,,0
2029,'1197375',903,,10071,16,,,0
2029,'1197411',1048,,10072,16,,,0
2029,'1197419',1334,,10073,16,,,0
2029,'1197430',703,,10074,16,,,0
2029,'1197437',1003,,10075,16,,,0
2029,'1197491',1400,,10076,16,,,0
2029,'1197508',803,,10077,16,,,0
2029,'1197527',1249,,10078,16,,,0
2029,'1197534',1049,,10079,16,,,0
2029,'1197599',1649,,10080,16,,,0
2029,'1197642',748,,10081,16,,,0
2029,'1197644',1819,,10082,16,,,0
2029,'1197647',948,,10083,16,,,0
2029,'1197651',2342,,10084,16,,,0
2029,'1197655',2412,,10085,16,,,0
2029,'1197665',1033,,10086,16,,,0
2029,'1197667',1949,,10087,16,,,0
2029,'1197739',1719,,10088,16,,,0
2029,'1197769',1149,,10089,16,,,0
2029,'1197800',1018,,10090,16,,,0
2029,'1197808',2017,,10091,16,,,0
2029,'1197821',749,,10092,16,,,0
2029,'1197871',818,,10093,16,,,0
2029,'1197901',848,,10094,16,,,0
2029,'1197910',1749,,10095,16,,,0
2029,'1198003',1103,,10096,16,,,0
2029,'1198023',1233,,10097,16,,,0
2029,'1198042',849,,10098,16,,,0
2029,'1198045',2249,,10099,16,,,0
2029,'1198089',918,,10100,16,,,0
2029,'1198144',1033,,10101,16,,,0
2029,'1198156',2317,,10102,16,,,0
2029,'1198168',2033,,10103,16,,,0
2029,'1198184',949,,10104,16,,,0
2029,'1198213',1419,,10105,16,,,0
2029,'1198215',1834,,10106,16,,,0
2029,'1198275',1148,,10107,16,,,0
2029,'1198291',1103,,10108,16,,,0
2029,'1198335',1947,,10109,16,,,0
2029,'1198359',1330,,10110,16,,,0
2029,'1198433',1349,,10111,16,,,0
2029,'1198455',1230,,10112,16,,,0
2029,'1198473',1800,,10113,16,,,0
2029,'1198494',1730,,10114,16,,,0
2029,'1198537',1749,,10115,16,,,0
2029,'1198581',1133,,10116,16,,,0
2029,'1198603',1549,,10117,16,,,0
2029,'1198608',948,,10118,16,,,0
2029,'1198619',2418,,10119,16,,,0
2029,'1198682',1434,,10120,16,,,0
2029,'1198743',2248,,10121,16,,,0
2029,'1198838',1349,,10122,16,,,0
2029,'1198840',1500,,10123,16,,,0
2029,'1198841',733,,10124,16,,,0
2029,'1198851',2117,,10125,16,,,0
2029,'1198854',1203,,10126,16,,,0
2029,'1198870',733,,10127,16,,,0
2029,'1198967',2349,,10128,16,,,0
2029,'1199005',1604,,10129,16,,,0
2029,'1199023',1530,,10130,16,,,0
2029,'1199042',1948,,10131,16,,,0
2029,'1199046',1847,,10132,16,,,0
2029,'1199049',1118,,10133,16,,,0
2029,'1199063',1319,,10134,16,,,0
2029,'1199099',1304,,10135,16,,,0
2029,'1199116',1734,,10136,16,,,0
2029,'1199173',1600,,10137,16,,,0
2029,'1199237',2149,,10138,16,,,0
2029,'1199240',833,,10139,16,,,0
2029,'1199269',1249,,10140,16,,,0
2029,'1199288',1549,,10141,16,,,0
2029,'1199299',2203,,10142,16,,,0
2029,'1199305',1218,,10143,16,,,0
2029,'1199316',1804,,10144,16,,,0
2029,'1199329',1649,,10145,16,,,0
2029,'1199333',818,,10146,16,,,0
2029,'1199335',1300,,10147,16,,,0
2029,'1199398',2049,,10148,16,,,0
2029,'1199466',1917,,10149,16,,,0
2029,'1199478',1849,,10150,16,,,0
2029,'1199484',1534,,10151,16,,,0
2029,'1199542',2432,,10152,16,,,0
2029,'1199552',1404,,10153,16,,,0
2029,'1199560',1903,,10154,16,,,0
2029,'1199580',2118,,10155,16,,,0
2029,'1199620',1449,,10156,16,,,0
2029,'1199621',1133,,10157,16,,,0
2029,'1199635',1700,,10158,16,,,0
