102029,'1196895',1651,,11907,5,,,0
102029,'1196982',1339,,11908,5,,,0
102029,'1197029',2109,,11909,5,,,0
102029,'1197083',1521,,11910,5,,,0
102029,'1197178',1051,,11911,5,,,0
102029,'1197226',654,,11912,5,,,0
102029,'1197263',739,,11913,5,,,0
102029,'1197297',1438,,11914,5,,,0
102029,'1197309',1821,,11915,5,,,0
102029,'1197330',1724,,11916,5,,,0
102029,'1197420',1509,,11917,5,,,0
102029,'1197536',2251,,11918,5,,,0
102029,'1197603',1039,,11919,5,,,0
102029,'1197704',1008,,11920,5,,,0
102029,'1197770',2409,,11921,5,,,0
102029,'1197839',824,,11922,5,,,0
102029,'1198134',1308,,11923,5,,,0
102029,'1198173',921,,11924,5,,,0
102029,'1198220',1221,,11925,5,,,0
102029,'1198227',1738,,11926,5,,,0
102029,'1198249',1809,,11927,5,,,0
102029,'1198376',1554,,11928,5,,,0
102029,'1198502',1639,,11929,5,,,0
102029,'1198531',751,,11930,5,,,0
102029,'1198599',1608,,11931,5,,,0
102029,'1198638',2239,,11932,5,,,0
102029,'1198688',1138,,11933,5,,,0
102029,'1198705',2038,,11934,5,,,0
102029,'1198769',1951,,11935,5,,,0
102029,'1198816',2121,,11936,5,,,0
102029,'1198930',2208,,11937,5,,,0
102029,'1198996',609,,11938,5,,,0
102029,'1199090',838,,11939,5,,,0
102029,'1199168',909,,11940,5,,,0
102029,'1199202',1939,,11941,5,,,0
102029,'1199211',1908,,11942,5,,,0
102029,'1199244',954,,11943,5,,,0
102029,'1199434',1209,,11944,5,,,0
102029,'1199477',2338,,11945,5,,,0
102029,'1199479',1424,,11946,5,,,0
102029,'1199488',627,,11947,5,,,0
102029,'1199537',1351,,11948,5,,,0
102029,'1199651',708,,11949,5,,,0
