4019,'1197123',705,,10299,9,,,0
4019,'1197392',1505,,10300,9,,,0
4019,'1197520',905,,10301,9,,,0
4019,'1197788',1535,,10302,9,,,0
4019,'1197874',1335,,10303,9,,,0
4019,'1198006',835,,10304,9,,,0
4019,'1198332',1735,,10305,9,,,0
4019,'1198394',1435,,10306,9,,,0
4019,'1198409',805,,10307,9,,,0
4019,'1198799',1405,,10308,9,,,0
4019,'1198924',1705,,10309,9,,,0
4019,'1199002',935,,10310,9,,,0
4019,'1199239',1605,,10311,9,,,0
4019,'1199517',735,,10312,9,,,0
4019,'1199645',1635,,10313,9,,,0
190001029,'1196847',1104,,12633,5,,,0
190001029,'1196850',1318,,12634,5,,,0
190001029,'1196860',1749,,12635,5,,,0
190001029,'1196897',1634,,12636,5,,,0
190001029,'1196906',1734,,12637,5,,,0
190001029,'1196908',1349,,12638,5,,,0
190001029,'1196953',1204,,12639,5,,,0
190001029,'1196957',1234,,12640,5,,,0
190001029,'1196963',1619,,12641,5,,,0
190001029,'1197018',1349,,12642,5,,,0
190001029,'1197048',2354,,12643,5,,,0
190001029,'1197052',1734,,12644,5,,,0
190001029,'1197074',1304,,12645,5,,,0
190001029,'1197089',1819,,12646,5,,,0
190001029,'1197125',704,,12647,5,,,0
190001029,'1197135',1534,,12648,5,,,0
190001029,'1197148',1018,,12649,5,,,0
190001029,'1197153',1034,,12650,5,,,0
190001029,'1197176',1419,,12651,5,,,0
190001029,'1197177',2019,,12652,5,,,0
190001029,'1197199',1404,,12653,5,,,0
190001029,'1197224',1519,,12654,5,,,0
190001029,'1197245',1519,,12655,5,,,0
190001029,'1197247',2304,,12656,5,,,0
190001029,'1197252',1518,,12657,5,,,0
190001029,'1197260',1834,,12658,5,,,0
190001029,'1197284',1149,,12659,5,,,0
190001029,'1197289',649,,12660,5,,,0
190001029,'1197291',1249,,12661,5,,,0
190001029,'1197301',1319,,12662,5,,,0
190001029,'1197338',1649,,12663,5,,,0
190001029,'1197391',1819,,12664,5,,,0
190001029,'1197396',1104,,12665,5,,,0
190001029,'1197428',2004,,12666,5,,,0
190001029,'1197434',1449,,12667,5,,,0
190001029,'1197476',1119,,12668,5,,,0
190001029,'1197511',1504,,12669,5,,,0
190001029,'1197533',1404,,12670,5,,,0
190001029,'1197582',1619,,12671,5,,,0
190001029,'1197659',1604,,12672,5,,,0
190001029,'1197668',818,,12673,5,,,0
190001029,'1197682',1134,,12674,5,,,0
190001029,'1197683',2034,,12675,5,,,0
190001029,'1197684',1149,,12676,5,,,0
190001029,'1197778',1134,,12677,5,,,0
190001029,'1197833',1449,,12678,5,,,0
190001029,'1197836',1334,,12679,5,,,0
190001029,'1197848',2104,,12680,5,,,0
190001029,'1197886',1434,,12681,5,,,0
190001029,'1197890',749,,12682,5,,,0
190001029,'1197905',1004,,12683,5,,,0
190001029,'1197913',2204,,12684,5,,,0
190001029,'1197921',1249,,12685,5,,,0
190001029,'1197922',949,,12686,5,,,0
190001029,'1197992',1549,,12687,5,,,0
190001029,'1197993',904,,12688,5,,,0
190001029,'1198050',604,,12689,5,,,0
190001029,'1198051',1818,,12690,5,,,0
190001029,'1198052',834,,12691,5,,,0
190001029,'1198054',1418,,12692,5,,,0
190001029,'1198082',1649,,12693,5,,,0
190001029,'1198095',1919,,12694,5,,,0
190001029,'1198106',2234,,12695,5,,,0
190001029,'1198117',718,,12696,5,,,0
190001029,'1198128',1118,,12697,5,,,0
190001029,'1198174',934,,12698,5,,,0
190001029,'1198223',2318,,12699,5,,,0
190001029,'1198252',1419,,12700,5,,,0
190001029,'1198272',804,,12701,5,,,0
190001029,'1198293',1719,,12702,5,,,0
190001029,'1198306',849,,12703,5,,,0
190001029,'1198323',734,,12704,5,,,0
190001029,'1198373',1234,,12705,5,,,0
190001029,'1198398',2334,,12706,5,,,0
190001029,'1198415',918,,12707,5,,,0
190001029,'1198446',1804,,12708,5,,,0
190001029,'1198450',1749,,12709,5,,,0
190001029,'1198459',734,,12710,5,,,0
190001029,'1198491',2034,,12711,5,,,0
190001029,'1198504',834,,12712,5,,,0
190001029,'1198519',2334,,12713,5,,,0
190001029,'1198527',634,,12714,5,,,0
190001029,'1198576',2118,,12715,5,,,0
190001029,'1198589',2304,,12716,5,,,0
190001029,'1198594',804,,12717,5,,,0
190001029,'1198620',2218,,12718,5,,,0
190001029,'1198634',1434,,12719,5,,,0
190001029,'1198641',704,,12720,5,,,0
190001029,'1198687',1049,,12721,5,,,0
190001029,'1198747',919,,12722,5,,,0
190001029,'1198758',2049,,12723,5,,,0
190001029,'1198798',1704,,12724,5,,,0
190001029,'1198839',1834,,12725,5,,,0
190001029,'1198853',2134,,12726,5,,,0
190001029,'1198897',1549,,12727,5,,,0
190001029,'1198906',2104,,12728,5,,,0
190001029,'1198916',1704,,12729,5,,,0
190001029,'1198939',1804,,12730,5,,,0
190001029,'1198946',2234,,12731,5,,,0
190001029,'1198952',1918,,12732,5,,,0
190001029,'1198977',2119,,12733,5,,,0
190001029,'1198982',1718,,12734,5,,,0
190001029,'1199067',1934,,12735,5,,,0
190001029,'1199081',1119,,12736,5,,,0
190001029,'1199082',719,,12737,5,,,0
190001029,'1199103',1719,,12738,5,,,0
190001029,'1199165',1334,,12739,5,,,0
190001029,'1199204',1219,,12740,5,,,0
190001029,'1199210',1949,,12741,5,,,0
190001029,'1199221',1204,,12742,5,,,0
190001029,'1199226',1934,,12743,5,,,0
190001029,'1199256',1218,,12744,5,,,0
190001029,'1199270',1319,,12745,5,,,0
190001029,'1199289',1019,,12746,5,,,0
190001029,'1199303',634,,12747,5,,,0
190001029,'1199322',1049,,12748,5,,,0
190001029,'1199332',934,,12749,5,,,0
190001029,'1199345',1019,,12750,5,,,0
190001029,'1199364',1504,,12751,5,,,0
190001029,'1199390',1034,,12752,5,,,0
190001029,'1199391',1219,,12753,5,,,0
190001029,'1199399',1304,,12754,5,,,0
190001029,'1199406',1534,,12755,5,,,0
190001029,'1199432',1004,,12756,5,,,0
190001029,'1199451',949,,12757,5,,,0
190001029,'1199467',1904,,12758,5,,,0
190001029,'1199482',1634,,12759,5,,,0
190001029,'1199489',619,,12760,5,,,0
190001029,'1199514',1904,,12761,5,,,0
190001029,'1199524',2204,,12762,5,,,0
190001029,'1199526',2018,,12763,5,,,0
190001029,'1199555',819,,12764,5,,,0
190001029,'1199558',1618,,12765,5,,,0
190001029,'1199571',2004,,12766,5,,,0
190001029,'1199594',1604,,12767,5,,,0
190001029,'1199596',2134,,12768,5,,,0
190001029,'1199644',904,,12769,5,,,0
190001029,'1199650',1849,,12770,5,,,0
