11019,'1196979',1322,,10448,10,,,0
11019,'1197040',1651,,10449,10,,,0
11019,'1197065',1507,,10450,10,,,0
11019,'1197103',1906,,10451,10,,,0
11019,'1197109',1321,,10452,10,,,0
11019,'1197110',721,,10453,10,,,0
11019,'1197145',2021,,10454,10,,,0
11019,'1197180',1222,,10455,10,,,0
11019,'1197201',936,,10456,10,,,0
11019,'1197211',721,,10457,10,0,5 6,0
11019,'1197221',1622,,10458,10,,,0
11019,'1197227',1207,,10459,10,,,0
11019,'1197254',1537,,10460,10,,,0
11019,'1197259',2321,,10461,10,,,0
11019,'1197278',2336,,10462,10,,,0
11019,'1197283',906,,10463,10,,,0
11019,'1197316',2021,,10464,10,0,5 6,0
11019,'1197320',1821,,10465,10,,,0
11019,'1197325',2236,,10466,10,,,0
11019,'1197329',1021,,10467,10,,,0
11019,'1197333',951,,10468,10,,,0
11019,'1197344',1936,,10469,10,,,0
11019,'1197354',1106,,10470,10,,,0
11019,'1197406',2221,,10471,10,0,5 6,0
11019,'1197447',2006,,10472,10,,,0
11019,'1197477',2106,,10473,10,,,0
11019,'1197495',1521,,10474,10,,,0
11019,'1197504',2036,,10475,10,,,0
11019,'1197634',821,,10476,10,,,0
11019,'1197652',1136,,10477,10,,,0
11019,'1197663',1307,,10478,10,,,0
11019,'1197722',1707,,10479,10,,,0
11019,'1197727',1806,,10480,10,,,0
11019,'1197728',1621,,10481,10,0,5 6,0
11019,'1197785',921,,10482,10,,,0
11019,'1197855',1836,,10483,10,,,0
11019,'1197865',1637,,10484,10,,,0
11019,'1197880',1451,,10485,10,,,0
11019,'1197889',706,,10486,10,,,0
11019,'1197896',921,,10487,10,,,0
11019,'1197926',1221,,10488,10,0,5 6,0
11019,'1197981',1251,,10489,10,,,0
11019,'1198019',1252,,10490,10,,,0
11019,'1198026',1407,,10491,10,,,0
11019,'1198029',1821,,10492,10,0,5 6,0
11019,'1198038',1721,,10493,10,,,0
11019,'1198149',1121,,10494,10,,,0
11019,'1198166',1521,,10495,10,0,5 6,0
11019,'1198188',1421,,10496,10,0,5 6,0
11019,'1198219',1452,,10497,10,,,0
11019,'1198297',1237,,10498,10,,,0
11019,'1198308',1321,,10499,10,0,5 6,0
11019,'1198327',1722,,10500,10,,,0
11019,'1198365',1021,,10501,10,0,5 6,0
11019,'1198374',721,,10502,10,,,0
11019,'1198401',1921,,10503,10,0,5 6,0
11019,'1198413',2206,,10504,10,,,0
11019,'1198423',1151,,10505,10,,,0
11019,'1198472',836,,10506,10,,,0
11019,'1198605',1121,,10507,10,0,5 6,0
11019,'1198624',1151,,10508,10,,,0
11019,'1198627',2136,,10509,10,,,0
11019,'1198668',851,,10510,10,,,0
11019,'1198671',1422,,10511,10,,,0
11019,'1198695',1607,,10512,10,,,0
11019,'1198698',821,,10513,10,0,5 6,0
11019,'1198701',806,,10514,10,,,0
11019,'1198713',621,,10515,10,,,0
11019,'1198737',1621,,10516,10,,,0
11019,'1198753',2356,,10517,10,,,0
11019,'1198806',1552,,10518,10,,,0
11019,'1198894',736,,10519,10,,,0
11019,'1198896',1352,,10520,10,,,0
11019,'1198957',1652,,10521,10,,,0
11019,'1198963',1221,,10522,10,,,0
11019,'1199015',2321,,10523,10,0,5 6,0
11019,'1199020',1006,,10524,10,,,0
11019,'1199072',1437,,10525,10,,,0
11019,'1199077',751,,10526,10,,,0
11019,'1199162',1522,,10527,10,,,0
11019,'1199164',636,,10528,10,,,0
11019,'1199175',1351,,10529,10,,,0
11019,'1199179',2221,,10530,10,,,0
11019,'1199209',1337,,10531,10,,,0
11019,'1199218',2306,,10532,10,,,0
11019,'1199260',1721,,10533,10,0,5 6,0
11019,'1199285',651,,10534,10,,,0
11019,'1199336',1421,,10535,10,,,0
11019,'1199342',1921,,10536,10,,,0
11019,'1199350',921,,10537,10,0,5 6,0
11019,'1199361',1121,,10538,10,,,0
11019,'1199369',1036,,10539,10,,,0
11019,'1199392',1737,,10540,10,,,0
11019,'1199420',821,,10541,10,,,0
11019,'1199430',2121,,10542,10,,,0
11019,'1199452',1551,,10543,10,,,0
11019,'1199483',1752,,10544,10,,,0
11019,'1199518',1051,,10545,10,,,0
11019,'1199575',2121,,10546,10,0,5 6,0
11019,'1199637',1021,,10547,10,,,0
26019,'1196833',2204,,11427,5,,,0
26019,'1196844',2249,,11428,5,,,0
26019,'1196949',704,,11429,5,,,0
26019,'1197013',1949,,11430,5,,,0
26019,'1197027',1804,,11431,5,,,0
26019,'1197186',1104,,11432,5,,,0
26019,'1197303',1749,,11433,5,,,0
26019,'1197313',1904,,11434,5,,,0
26019,'1197393',1304,,11435,5,,,0
26019,'1197399',1004,,11436,5,,,0
26019,'1197400',1034,,11437,5,,,0
26019,'1197410',1149,,11438,5,,,0
26019,'1197475',1549,,11439,5,,,0
26019,'1197528',2004,,11440,5,,,0
26019,'1197539',849,,11441,5,,,0
26019,'1197549',2104,,11442,5,,,0
26019,'1197586',1704,,11443,5,,,0
26019,'1197594',1434,,11444,5,,,0
26019,'1197600',1349,,11445,5,,,0
26019,'1197749',749,,11446,5,,,0
26019,'1197787',1234,,11447,5,,,0
26019,'1197806',904,,11448,5,,,0
26019,'1197817',1404,,11449,5,,,0
26019,'1197995',1604,,11450,5,,,0
26019,'1198158',1249,,11451,5,,,0
26019,'1198274',1134,,11452,5,,,0
26019,'1198317',1449,,11453,5,,,0
26019,'1198334',1504,,11454,5,,,0
26019,'1198448',604,,11455,5,,,0
26019,'1198587',2304,,11456,5,,,0
26019,'1198626',804,,11457,5,,,0
26019,'1198633',904,,11458,5,,,0
26019,'1198635',704,,11459,5,,,0
26019,'1198640',2104,,11460,5,,,0
26019,'1198642',949,,11461,5,,,0
26019,'1198658',1049,,11462,5,,,0
26019,'1198670',1804,,11463,5,,,0
26019,'1198825',1504,,11464,5,,,0
26019,'1198834',1604,,11465,5,,,0
26019,'1198899',2004,,11466,5,,,0
26019,'1198969',1204,,11467,5,,,0
26019,'1199019',1649,,11468,5,,,0
26019,'1199155',804,,11469,5,,,0
26019,'1199246',1004,,11470,5,,,0
26019,'1199249',1334,,11471,5,,,0
26019,'1199290',604,,11472,5,,,0
26019,'1199307',2149,,11473,5,,,0
26019,'1199310',1704,,11474,5,,,0
26019,'1199313',2304,,11475,5,,,0
26019,'1199493',1904,,11476,5,,,0
26019,'1199515',1849,,11477,5,,,0
26019,'1199654',2204,,11478,5,,,0
26019,'1199656',2049,,11479,5,,,0
