101029,'1196911',817,,11834,60,,,0
101029,'1197033',1900,,11835,60,,,0
101029,'1197060',917,,11836,60,,,0
101029,'1197096',1100,,11837,60,,,0
101029,'1197257',1117,,11838,60,,,0
101029,'1197272',1300,,11839,60,,,0
101029,'1197326',1620,,11840,60,,,0
101029,'1197581',2100,,11841,60,,,0
101029,'1197673',1500,,11842,60,,,0
101029,'1197747',2217,,11843,60,,,0
101029,'1197977',1700,,11844,60,,,0
101029,'1198059',700,,11845,60,,,0
101029,'1198116',1100,,11846,60,,,0
101029,'1198125',900,,11847,60,,,0
101029,'1198200',1300,,11848,60,,,0
101029,'1198251',1017,,11849,60,,,0
101029,'1198346',900,,11850,60,,,0
101029,'1198498',2300,,11851,60,,,0
101029,'1198530',2300,,11852,60,,,0
101029,'1198631',1720,,11853,60,,,0
101029,'1198644',2437,,11854,60,,,0
101029,'1198710',1700,,11855,60,,,0
101029,'1198715',1817,,11856,60,,,0
101029,'1198953',2100,,11857,60,,,0
101029,'1198984',1420,,11858,60,,,0
101029,'1199108',1320,,11859,60,,,0
101029,'1199117',717,,11860,60,,,0
101029,'1199304',1900,,11861,60,,,0
101029,'1199366',1500,,11862,60,,,0
101029,'1199567',2017,,11863,60,,,0
101029,'1199585',1520,,11864,60,,,0
