11029,'1199774',1523,,12771,11,,,0
11029,'1199777',937,,12772,11,,,0
11029,'1199778',1323,,12773,11,,,0
11029,'1199779',2322,,12774,11,,,0
11029,'1199780',1221,,12775,11,,,0
11029,'1199781',1137,,12776,11,,,0
11029,'1199782',1638,,12777,11,,,0
11029,'1199783',2221,,12778,11,,,0
11029,'1199785',1322,,12779,11,,,0
11029,'1199786',807,,12780,11,,,0
11029,'1199787',1623,,12781,11,,,0
11029,'1199788',1553,,12782,11,,,0
11029,'1199789',1438,,12783,11,,,0
11029,'1199790',1452,,12784,11,,,0
11029,'1199791',1122,,12785,11,,,0
11029,'1199792',1538,,12786,11,,,0
11029,'1199793',2337,,12787,11,,,0
11029,'1199794',822,,12788,11,,,0
11029,'1199795',1453,,12789,11,,,0
11029,'1199796',1152,,12790,11,,,0
11029,'1199797',1753,,12791,11,,,0
11029,'1199799',737,,12792,11,,,0
11029,'1199800',1708,,12793,11,,,0
11029,'1199804',922,,12794,11,,,0
11029,'1199808',1021,,12795,11,,,0
11029,'1199809',1723,,12796,11,,,0
11029,'1199810',1052,,12797,11,,,0
11029,'1199811',1037,,12798,11,,,0
11029,'1199812',1552,,12799,11,,,0
11029,'1199813',2321,,12800,11,,,0
11029,'1199814',1223,,12801,11,,,0
11029,'1199815',1622,,12802,11,,,0
11029,'1199816',1152,,12803,11,,,0
11029,'1199818',722,,12804,11,,,0
11029,'1199819',1122,,12805,11,,,0
11029,'1199820',1738,,12806,11,,,0
11029,'1199821',1522,,12807,11,,,0
11029,'1199823',1252,,12808,11,,,0
11029,'1199825',2022,,12809,11,,,0
11029,'1199826',2357,,12810,11,,,0
11029,'1199828',1408,,12811,11,,,0
11029,'1199830',1308,,12812,11,,,0
11029,'1199831',2007,,12813,11,,,0
11029,'1199834',637,,12814,11,,,0
11029,'1199836',752,,12815,11,,,0
11029,'1199838',1508,,12816,11,,,0
11029,'1199839',721,,12817,11,,,0
11029,'1199843',1338,,12818,11,,,0
11029,'1199844',2021,,12819,11,,,0
11029,'1199846',1423,,12820,11,,,0
11029,'1199847',921,,12821,11,,,0
11029,'1199848',907,,12822,11,,,0
11029,'1199849',2121,,12823,11,,,0
11029,'1199850',1521,,12824,11,,,0
11029,'1199852',707,,12825,11,,,0
11029,'1199853',952,,12826,11,,,0
11029,'1199854',837,,12827,11,,,0
11029,'1199855',1621,,12828,11,,,0
11029,'1199856',2122,,12829,11,,,0
11029,'1199858',1608,,12830,11,,,0
11029,'1199860',1022,,12831,11,,,0
11029,'1199862',1937,,12832,11,,,0
11029,'1199863',822,,12833,11,,,0
11029,'1199864',1208,,12834,11,,,0
11029,'1199865',1722,,12835,11,,,0
11029,'1199866',1222,,12836,11,,,0
11029,'1199867',2037,,12837,11,,,0
11029,'1199869',1422,,12838,11,,,0
11029,'1199870',1321,,12839,11,,,0
11029,'1199871',1352,,12840,11,,,0
11029,'1199873',2207,,12841,11,,,0
11029,'1199874',1107,,12842,11,,,0
11029,'1199875',1007,,12843,11,,,0
11029,'1199876',652,,12844,11,,,0
11029,'1199877',1721,,12845,11,,,0
11029,'1199878',1653,,12846,11,,,0
11029,'1199881',1822,,12847,11,,,0
11029,'1199882',1907,,12848,11,,,0
11029,'1199883',1121,,12849,11,,,0
11029,'1199884',1921,,12850,11,,,0
11029,'1199886',1922,,12851,11,,,0
11029,'1199889',722,,12852,11,,,0
11029,'1199890',2107,,12853,11,,,0
11029,'1199891',2222,,12854,11,,,0
11029,'1199892',1821,,12855,11,,,0
11029,'1199893',1022,,12856,11,,,0
11029,'1199898',852,,12857,11,,,0
11029,'1199899',1837,,12858,11,,,0
11029,'1199902',1807,,12859,11,,,0
11029,'1199903',922,,12860,11,,,0
11029,'1199904',1652,,12861,11,,,0
11029,'1199906',622,,12862,11,,,0
11029,'1199907',2307,,12863,11,,,0
11029,'1199910',2237,,12864,11,,,0
11029,'1199911',2137,,12865,11,,,0
11029,'1199912',1353,,12866,11,,,0
11029,'1199913',1238,,12867,11,,,0
11029,'1199914',1253,,12868,11,,,0
11029,'1199919',821,,12869,11,,,0
11029,'1199920',1421,,12870,11,,,0
