25019,'1196864',1234,,11307,6,,,0
25019,'1196932',1734,,11308,6,,,0
25019,'1196994',1935,,11309,6,,,0
25019,'1197064',719,,11310,6,,,0
25019,'1197079',2355,,11311,6,,,0
25019,'1197084',2319,,11312,6,,,0
25019,'1197151',734,,11313,6,,,0
25019,'1197299',2135,,11314,6,,,0
25019,'1197317',1334,,11315,6,,,0
25019,'1197342',1735,,11316,6,,,0
25019,'1197442',1519,,11317,6,,,0
25019,'1197448',1605,,11318,6,,,0
25019,'1197471',1034,,11319,6,,,0
25019,'1197624',1835,,11320,6,,,0
25019,'1197657',2119,,11321,6,,,0
25019,'1197660',835,,11322,6,,,0
25019,'1197687',2334,,11323,6,,,0
25019,'1197702',1205,,11324,6,,,0
25019,'1197757',735,,11325,6,,,0
25019,'1197760',1535,,11326,6,,,0
25019,'1197771',2019,,11327,6,,,0
25019,'1198004',2219,,11328,6,,,0
25019,'1198021',705,,11329,6,,,0
25019,'1198071',1934,,11330,6,,,0
25019,'1198079',635,,11331,6,,,0
25019,'1198190',2035,,11332,6,,,0
25019,'1198267',2235,,11333,6,,,0
25019,'1198315',905,,11334,6,,,0
25019,'1198388',1405,,11335,6,,,0
25019,'1198435',2234,,11336,6,,,0
25019,'1198457',634,,11337,6,,,0
25019,'1198479',935,,11338,6,,,0
25019,'1198492',1434,,11339,6,,,0
25019,'1198496',1834,,11340,6,,,0
25019,'1198512',1719,,11341,6,,,0
25019,'1198566',1134,,11342,6,,,0
25019,'1198604',1419,,11343,6,,,0
25019,'1198759',1319,,11344,6,,,0
25019,'1198776',2134,,11345,6,,,0
25019,'1198803',1505,,11346,6,,,0
25019,'1198823',2034,,11347,6,,,0
25019,'1198862',1919,,11348,6,,,0
25019,'1198902',1435,,11349,6,,,0
25019,'1198938',834,,11350,6,,,0
25019,'1199011',1105,,11351,6,,,0
25019,'1199070',1005,,11352,6,,,0
25019,'1199074',819,,11353,6,,,0
25019,'1199097',805,,11354,6,,,0
25019,'1199125',919,,11355,6,,,0
25019,'1199183',1305,,11356,6,,,0
25019,'1199208',1219,,11357,6,,,0
25019,'1199212',1819,,11358,6,,,0
25019,'1199258',1635,,11359,6,,,0
25019,'1199359',1019,,11360,6,,,0
25019,'1199389',934,,11361,6,,,0
25019,'1199464',1634,,11362,6,,,0
25019,'1199480',1705,,11363,6,,,0
25019,'1199589',1119,,11364,6,,,0
25019,'1199634',1534,,11365,6,,,0
25019,'1199649',1619,,11366,6,,,0
