101019,'1197003',538,,11803,12,,,0
101019,'1197056',2116,,11804,12,,,0
101019,'1197144',2316,,11805,12,,,0
101019,'1197150',1516,,11806,12,,,0
101019,'1197356',1316,,11807,12,,,0
101019,'1197394',1516,,11808,12,,,0
101019,'1197485',716,,11809,12,,,0
101019,'1197542',1316,,11810,12,,,0
101019,'1197666',1038,,11811,12,,,0
101019,'1197703',2116,,11812,12,,,0
101019,'1197735',1138,,11813,12,,,0
101019,'1197816',1116,,11814,12,,,0
101019,'1197893',738,,11815,12,,,0
101019,'1198002',1716,,11816,12,,,0
101019,'1198014',716,,11817,12,,,0
101019,'1198130',938,,11818,12,,,0
101019,'1198162',1340,,11819,12,,,0
101019,'1198212',1916,,11820,12,,,0
101019,'1198408',2037,,11821,12,,,0
101019,'1198684',916,,11822,12,,,0
101019,'1198907',1916,,11823,12,,,0
101019,'1199079',2238,,11824,12,,,0
101019,'1199178',1740,,11825,12,,,0
101019,'1199186',1540,,11826,12,,,0
101019,'1199279',1716,,11827,12,,,0
101019,'1199401',916,,11828,12,,,0
101019,'1199471',1838,,11829,12,,,0
101019,'1199497',1116,,11830,12,,,0
101019,'1199519',838,,11831,12,,,0
101019,'1199566',1440,,11832,12,,,0
101019,'1199626',1640,,11833,12,,,0
101029,'1196911',804,,11834,42,,,0
101029,'1197033',1847,,11835,42,,,0
101029,'1197060',904,,11836,42,,,0
101029,'1197096',1047,,11837,42,,,0
101029,'1197257',1104,,11838,42,,,0
101029,'1197272',1247,,11839,42,,,0
101029,'1197326',1606,,11840,42,,,0
101029,'1197581',2047,,11841,42,,,0
101029,'1197673',1447,,11842,42,,,0
101029,'1197747',2204,,11843,42,,,0
101029,'1197977',1647,,11844,42,,,0
101029,'1198059',647,,11845,42,,,0
101029,'1198116',1047,,11846,42,,,0
101029,'1198125',847,,11847,42,,,0
101029,'1198200',1247,,11848,42,,,0
101029,'1198251',1004,,11849,42,,,0
101029,'1198346',847,,11850,42,,,0
101029,'1198498',2247,,11851,42,,,0
101029,'1198530',2247,,11852,42,,,0
101029,'1198631',1706,,11853,42,,,0
101029,'1198644',2424,,11854,42,,,0
101029,'1198710',1647,,11855,42,,,0
101029,'1198715',1804,,11856,42,,,0
101029,'1198953',2047,,11857,42,,,0
101029,'1198984',1406,,11858,42,,,0
101029,'1199108',1306,,11859,42,,,0
101029,'1199117',704,,11860,42,,,0
101029,'1199304',1847,,11861,42,,,0
101029,'1199366',1447,,11862,42,,,0
101029,'1199567',2004,,11863,42,,,0
101029,'1199585',1506,,11864,42,,,0
