105029,'1196840',2248,,12163,4,,,0
105029,'1196987',1003,,12164,4,,,0
105029,'1196996',1633,,12165,4,,,0
105029,'1197020',1517,,12166,4,,,0
105029,'1197097',1733,,12167,4,,,0
105029,'1197137',2002,,12168,4,,,0
105029,'1197220',1948,,12169,4,,,0
105029,'1197228',1448,,12170,4,,,0
105029,'1197231',718,,12171,4,,,0
105029,'1197439',1117,,12172,4,,,0
105029,'1197501',1917,,12173,4,,,0
105029,'1197522',2117,,12174,4,,,0
105029,'1197561',948,,12175,4,,,0
105029,'1197638',917,,12176,4,,,0
105029,'1197840',2048,,12177,4,,,0
105029,'1197853',2148,,12178,4,,,0
105029,'1197918',1818,,12179,4,,,0
105029,'1197968',2317,,12180,4,,,0
105029,'1198013',1317,,12181,4,,,0
105029,'1198037',1048,,12182,4,,,0
105029,'1198064',1803,,12183,4,,,0
105029,'1198187',1203,,12184,4,,,0
105029,'1198214',1717,,12185,4,,,0
105029,'1198417',1303,,12186,4,,,0
105029,'1198447',1703,,12187,4,,,0
105029,'1198529',1503,,12188,4,,,0
105029,'1198616',648,,12189,4,,,0
105029,'1198625',1603,,12190,4,,,0
105029,'1198711',1303,,12191,4,,,0
105029,'1198718',1518,,12192,4,,,0
105029,'1198725',1703,,12193,4,,,0
105029,'1198779',802,,12194,4,,,0
105029,'1198918',1403,,12195,4,,,0
105029,'1198922',2353,,12196,4,,,0
105029,'1198923',618,,12197,4,,,0
105029,'1199012',602,,12198,4,,,0
105029,'1199037',1348,,12199,4,,,0
105029,'1199107',1418,,12200,4,,,0
105029,'1199124',2402,,12201,4,,,0
105029,'1199144',1203,,12202,4,,,0
105029,'1199148',717,,12203,4,,,0
105029,'1199220',1103,,12204,4,,,0
105029,'1199470',2202,,12205,4,,,0
105029,'1199473',848,,12206,4,,,0
105029,'1199604',748,,12207,4,,,0
105029,'1199607',1603,,12208,4,,,0
106019,'1196832',933,,12209,4,,,0
106019,'1196841',703,,12210,4,,,0
106019,'1197348',818,,12211,4,,,0
106019,'1197389',1803,,12212,4,,,0
106019,'1197951',1533,,12213,4,,,0
106019,'1198120',1648,,12214,4,,,0
140001029,'1196879',617,,12358,4,,,0
140001029,'1196954',948,,12359,4,,,0
140001029,'1196975',1018,,12360,4,,,0
140001029,'1196976',2317,,12361,4,,,0
140001029,'1197010',1333,,12362,4,,,0
140001029,'1197038',1103,,12363,4,,,0
140001029,'1197058',1832,,12364,4,,,0
140001029,'1197078',1118,,12365,4,,,0
140001029,'1197099',2247,,12366,4,,,0
140001029,'1197105',2318,,12367,4,,,0
140001029,'1197113',847,,12368,4,,,0
140001029,'1197141',1434,,12369,4,,,0
140001029,'1197155',1733,,12370,4,,,0
140001029,'1197162',932,,12371,4,,,0
140001029,'1197190',1549,,12372,4,,,0
140001029,'1197195',1649,,12373,4,,,0
140001029,'1197198',1349,,12374,4,,,0
140001029,'1197204',918,,12375,4,,,0
140001029,'1197222',1218,,12376,4,,,0
140001029,'1197249',1218,,12377,4,,,0
140001029,'1197271',1933,,12378,4,,,0
140001029,'1197276',1048,,12379,4,,,0
140001029,'1197293',1504,,12380,4,,,0
140001029,'1197305',1518,,12381,4,,,0
140001029,'1197370',1203,,12382,4,,,0
140001029,'1197377',2217,,12383,4,,,0
140001029,'1197379',747,,12384,4,,,0
140001029,'1197386',1818,,12385,4,,,0
140001029,'1197424',2047,,12386,4,,,0
140001029,'1197426',1003,,12387,4,,,0
140001029,'1197432',947,,12388,4,,,0
140001029,'1197460',2217,,12389,4,,,0
140001029,'1197482',618,,12390,4,,,0
140001029,'1197494',2352,,12391,4,,,0
140001029,'1197497',1648,,12392,4,,,0
140001029,'1197568',1318,,12393,4,,,0
140001029,'1197611',2247,,12394,4,,,0
140001029,'1197612',1534,,12395,4,,,0
140001029,'1197619',1817,,12396,4,,,0
140001029,'1197627',832,,12397,4,,,0
140001029,'1197635',2218,,12398,4,,,0
140001029,'1197649',1318,,12399,4,,,0
140001029,'1197658',1918,,12400,4,,,0
140001029,'1197662',1048,,12401,4,,,0
140001029,'1197723',918,,12402,4,,,0
140001029,'1197758',1233,,12403,4,,,0
140001029,'1197776',2018,,12404,4,,,0
140001029,'1197849',2147,,12405,4,,,0
140001029,'1197888',1947,,12406,4,,,0
140001029,'1197928',1418,,12407,4,,,0
140001029,'1197938',1404,,12408,4,,,0
140001029,'1197948',1449,,12409,4,,,0
140001029,'1197957',1603,,12410,4,,,0
140001029,'1197967',1704,,12411,4,,,0
140001029,'1197972',1548,,12412,4,,,0
140001029,'1197983',717,,12413,4,,,0
140001029,'1198007',2117,,12414,4,,,0
140001029,'1198048',732,,12415,4,,,0
140001029,'1198049',702,,12416,4,,,0
140001029,'1198081',1248,,12417,4,,,0
140001029,'1198099',933,,12418,4,,,0
140001029,'1198101',1118,,12419,4,,,0
140001029,'1198102',818,,12420,4,,,0
140001029,'1198131',2018,,12421,4,,,0
140001029,'1198132',1018,,12422,4,,,0
140001029,'1198186',1748,,12423,4,,,0
140001029,'1198207',647,,12424,4,,,0
140001029,'1198209',902,,12425,4,,,0
140001029,'1198299',1148,,12426,4,,,0
140001029,'1198347',632,,12427,4,,,0
140001029,'1198350',1903,,12428,4,,,0
140001029,'1198371',1419,,12429,4,,,0
140001029,'1198391',2033,,12430,4,,,0
140001029,'1198425',2017,,12431,4,,,0
140001029,'1198451',2347,,12432,4,,,0
140001029,'1198469',1618,,12433,4,,,0
140001029,'1198505',1418,,12434,4,,,0
140001029,'1198517',1148,,12435,4,,,0
140001029,'1198540',718,,12436,4,,,0
140001029,'1198546',1018,,12437,4,,,0
140001029,'1198572',1533,,12438,4,,,0
140001029,'1198636',802,,12439,4,,,0
140001029,'1198643',1218,,12440,4,,,0
140001029,'1198645',1718,,12441,4,,,0
140001029,'1198655',748,,12442,4,,,0
140001029,'1198697',848,,12443,4,,,0
140001029,'1198757',1618,,12444,4,,,0
140001029,'1198770',1948,,12445,4,,,0
140001029,'1198787',1604,,12446,4,,,0
140001029,'1198789',1918,,12447,4,,,0
140001029,'1198794',1033,,12448,4,,,0
140001029,'1198796',2147,,12449,4,,,0
140001029,'1198802',1103,,12450,4,,,0
140001029,'1198817',1503,,12451,4,,,0
140001029,'1198824',1133,,12452,4,,,0
140001029,'1198860',1802,,12453,4,,,0
140001029,'1198934',1703,,12454,4,,,0
140001029,'1198970',1734,,12455,4,,,0
140001029,'1198973',917,,12456,4,,,0
140001029,'1198981',1818,,12457,4,,,0
140001029,'1198986',2317,,12458,4,,,0
140001029,'1198999',1333,,12459,4,,,0
140001029,'1199001',718,,12460,4,,,0
140001029,'1199006',817,,12461,4,,,0
140001029,'1199010',1748,,12462,4,,,0
140001029,'1199031',1203,,12463,4,,,0
140001029,'1199086',1003,,12464,4,,,0
140001029,'1199101',648,,12465,4,,,0
140001029,'1199110',1133,,12466,4,,,0
140001029,'1199113',1633,,12467,4,,,0
140001029,'1199128',1033,,12468,4,,,0
140001029,'1199156',1917,,12469,4,,,0
140001029,'1199174',1303,,12470,4,,,0
140001029,'1199189',818,,12471,4,,,0
140001029,'1199191',1803,,12472,4,,,0
140001029,'1199203',2048,,12473,4,,,0
140001029,'1199247',1634,,12474,4,,,0
140001029,'1199259',1833,,12475,4,,,0
140001029,'1199261',1403,,12476,4,,,0
140001029,'1199275',1519,,12477,4,,,0
140001029,'1199283',1318,,12478,4,,,0
140001029,'1199312',1233,,12479,4,,,0
140001029,'1199341',2003,,12480,4,,,0
140001029,'1199351',1303,,12481,4,,,0
140001029,'1199395',1719,,12482,4,,,0
140001029,'1199415',1847,,12483,4,,,0
140001029,'1199446',1848,,12484,4,,,0
140001029,'1199456',1518,,12485,4,,,0
140001029,'1199465',1718,,12486,4,,,0
140001029,'1199469',2117,,12487,4,,,0
140001029,'1199481',1619,,12488,4,,,0
140001029,'1199494',1448,,12489,4,,,0
140001029,'1199502',1348,,12490,4,,,0
140001029,'1199522',1433,,12491,4,,,0
140001029,'1199528',2118,,12492,4,,,0
140001029,'1199569',1118,,12493,4,,,0
140001029,'1199608',1248,,12494,4,,,0
