20029,'1196868',1647,,11092,8,,,0
20029,'1196909',1327,,11093,8,,,0
20029,'1196951',1255,,11094,8,,,0
20029,'1196962',2156,,11095,8,,,0
20029,'1196978',1227,,11096,8,,,0
20029,'1197172',625,,11097,8,,,0
20029,'1197213',947,,11098,8,,,0
20029,'1197307',1455,,11099,8,,,0
20029,'1197312',1747,,11100,8,,,0
20029,'1197355',655,,11101,8,,,0
20029,'1197361',847,,11102,8,,,0
20029,'1197366',747,,11103,8,,,0
20029,'1197368',1757,,11104,8,,,0
20029,'1197403',1627,,11105,8,,,0
20029,'1197421',1427,,11106,8,,,0
20029,'1197464',726,,11107,8,,,0
20029,'1197479',1127,,11108,8,,,0
20029,'1197554',2056,,11109,8,,,0
20029,'1197566',1047,,11110,8,,,0
20029,'1197569',1147,,11111,8,,,0
20029,'1197577',1547,,11112,8,,,0
20029,'1197610',855,,11113,8,,,0
20029,'1197632',2047,,11114,8,,,0
20029,'1197792',2347,,11115,8,,,0
20029,'1198090',2247,,11116,8,,,0
20029,'1198196',2126,,11117,8,,,0
20029,'1198208',1856,,11118,8,,,0
20029,'1198218',755,,11119,8,,,0
20029,'1198241',1528,,11120,8,,,0
20029,'1198256',1947,,11121,8,,,0
20029,'1198342',1447,,11122,8,,,0
20029,'1198375',827,,11123,8,,,0
20029,'1198439',1727,,11124,8,,,0
20029,'1198464',2256,,11125,8,,,0
20029,'1198524',2027,,11126,8,,,0
20029,'1198526',1927,,11127,8,,,0
20029,'1198650',1755,,11128,8,,,0
20029,'1198663',1555,,11129,8,,,0
20029,'1198795',2226,,11130,8,,,0
20029,'1198866',1155,,11131,8,,,0
20029,'1198883',1347,,11132,8,,,0
20029,'1198891',1657,,11133,8,,,0
20029,'1198917',655,,11134,8,,,0
20029,'1198942',2147,,11135,8,,,0
20029,'1199003',955,,11136,8,,,0
20029,'1199050',1355,,11137,8,,,0
20029,'1199089',1956,,11138,8,,,0
20029,'1199092',927,,11139,8,,,0
20029,'1199111',1027,,11140,8,,,0
20029,'1199119',1655,,11141,8,,,0
20029,'1199171',2355,,11142,8,,,0
20029,'1199252',1827,,11143,8,,,0
20029,'1199308',756,,11144,8,,,0
20029,'1199404',1055,,11145,8,,,0
20029,'1199499',2326,,11146,8,,,0
20029,'1199544',1247,,11147,8,,,0
20029,'1199641',1847,,11148,8,,,0
