13019,'1190607',920,,7967,7,,,0
13019,'1190640',1620,,7969,7,,,0
13019,'1190733',1020,,7970,7,,,0
13019,'1190801',1220,,7971,7,,,0
13019,'1190811',1920,,7972,7,,,0
13019,'1191064',950,,7974,7,,,0
13019,'1191079',850,,7975,7,,,0
13019,'1191259',720,,7976,7,,,0
13019,'1191324',720,,7977,7,,,0
13019,'1191439',1721,,7978,7,,,0
13019,'1191613',1521,,7983,7,,,0
13019,'1191629',2220,,7984,7,,,0
13019,'1191643',2050,,7986,7,,,0
13019,'1191663',1221,,7987,7,,,0
13019,'1191733',1021,,7988,7,,,0
13019,'1191945',1320,,7989,7,,,0
13019,'1192060',750,,7990,7,,,0
13019,'1192062',2150,,7991,7,,,0
13019,'1192072',1121,,7992,7,,,0
13019,'1192088',620,,7993,7,,,0
13019,'1192127',1451,,7994,7,,,0
13019,'1192154',1421,,7995,7,,,0
13019,'1192163',1420,,7996,7,,,0
13019,'1192228',820,,7997,7,,,0
13019,'1192313',820,,8000,7,,,0
13019,'1192426',1551,,8001,7,,,0
13019,'1192486',1651,,8002,7,,,0
13019,'1192492',1850,,8003,7,,,0
13019,'1192497',1120,,8004,7,,,0
13019,'1192498',1720,,8005,7,,,0
13019,'1192501',1750,,8006,7,,,0
13019,'1192637',2120,,8012,7,,,0
13019,'1192715',2250,,8014,7,,,0
13019,'1192811',2020,,8016,7,,,0
13019,'1192876',1621,,8017,7,,,0
13019,'1192895',920,,8018,7,,,0
13019,'1193039',1520,,8021,7,,,0
13019,'1193073',1950,,8022,7,,,0
13019,'1193083',2320,,8023,7,,,0
13019,'1193132',650,,8025,7,,,0
13019,'1193188',1820,,8026,7,,,0
13019,'1193199',2355,,8027,7,,,0
13019,'1193221',1321,,8028,7,,,0
101029,'1190605',1035,,9008,7,,,0
101029,'1190678',1237,,9009,7,,,0
101029,'1190957',935,,9011,7,,,0
101029,'1191397',1537,,9015,7,,,0
101029,'1191454',1620,,9017,7,,,0
101029,'1191537',2020,,9018,7,,,0
101029,'1191600',1820,,9019,7,,,0
101029,'1191837',2220,,9020,7,,,0
101029,'1191844',1220,,9021,7,,,0
101029,'1191946',1337,,9022,7,,,0
101029,'1192220',1935,,9023,7,,,0
101029,'1192246',635,,9024,7,,,0
101029,'1192291',1420,,9025,7,,,0
101029,'1192305',2355,,9026,7,,,0
101029,'1192401',820,,9028,7,,,0
101029,'1192520',1637,,9029,7,,,0
101029,'1192600',2135,,9031,7,,,0
101029,'1192680',1437,,9032,7,,,0
101029,'1192726',1020,,9033,7,,,0
101029,'1192973',1735,,9034,7,,,0
101029,'1193049',735,,9035,7,,,0
101029,'1193166',620,,9037,7,,,0
101029,'1193226',835,,9038,7,,,0
