11029,'1199774',1532,,10550,19,,,0
11029,'1199777',946,,10551,19,,,0
11029,'1199778',1332,,10552,19,,,0
11029,'1199779',2331,,10553,19,,,0
11029,'1199780',1230,,10554,19,,,0
11029,'1199781',1146,,10555,19,,,0
11029,'1199782',1647,,10556,19,,,0
11029,'1199783',2230,,10557,19,,,0
11029,'1199785',1331,,10558,19,,,0
11029,'1199786',816,,10559,19,,,0
11029,'1199787',1632,,10560,19,,,0
11029,'1199788',1602,,10561,19,,,0
11029,'1199789',1447,,10562,19,,,0
11029,'1199790',1501,,10563,19,,,0
11029,'1199791',1131,,10564,19,,,0
11029,'1199792',1547,,10565,19,,,0
11029,'1199793',2346,,10566,19,,,0
11029,'1199794',831,,10567,19,,,0
11029,'1199795',1502,,10568,19,,,0
11029,'1199796',1201,,10569,19,,,0
11029,'1199797',1802,,10570,19,,,0
11029,'1199799',746,,10571,19,,,0
11029,'1199800',1717,,10572,19,,,0
11029,'1199804',931,,10573,19,,,0
11029,'1199808',1030,,10574,19,,,0
11029,'1199809',1732,,10575,19,,,0
11029,'1199810',1101,,10576,19,,,0
11029,'1199811',1046,,10577,19,,,0
11029,'1199812',1601,,10578,19,,,0
11029,'1199813',2330,,10579,19,,,0
11029,'1199814',1232,,10580,19,,,0
11029,'1199815',1631,,10581,19,,,0
11029,'1199816',1201,,10582,19,,,0
11029,'1199818',731,,10583,19,,,0
11029,'1199819',1131,,10584,19,,,0
11029,'1199820',1747,,10585,19,,,0
11029,'1199821',1531,,10586,19,,,0
11029,'1199823',1301,,10587,19,,,0
11029,'1199825',2031,,10588,19,,,0
11029,'1199826',2406,,10589,19,,,0
11029,'1199828',1417,,10590,19,,,0
11029,'1199830',1317,,10591,19,,,0
11029,'1199831',2016,,10592,19,,,0
11029,'1199834',646,,10593,19,,,0
11029,'1199836',801,,10594,19,,,0
11029,'1199838',1517,,10595,19,,,0
11029,'1199839',730,,10596,19,,,0
11029,'1199843',1347,,10597,19,,,0
11029,'1199844',2030,,10598,19,,,0
11029,'1199846',1432,,10599,19,,,0
11029,'1199847',930,,10600,19,,,0
11029,'1199848',916,,10601,19,,,0
11029,'1199849',2130,,10602,19,,,0
11029,'1199850',1530,,10603,19,,,0
11029,'1199852',716,,10604,19,,,0
11029,'1199853',1001,,10605,19,,,0
11029,'1199854',846,,10606,19,,,0
11029,'1199855',1630,,10607,19,,,0
11029,'1199856',2131,,10608,19,,,0
11029,'1199858',1617,,10609,19,,,0
11029,'1199860',1031,,10610,19,,,0
11029,'1199862',1946,,10611,19,,,0
11029,'1199863',831,,10612,19,,,0
11029,'1199864',1217,,10613,19,,,0
11029,'1199865',1731,,10614,19,,,0
11029,'1199866',1231,,10615,19,,,0
11029,'1199867',2046,,10616,19,,,0
11029,'1199869',1431,,10617,19,,,0
11029,'1199870',1330,,10618,19,,,0
11029,'1199871',1401,,10619,19,,,0
11029,'1199873',2216,,10620,19,,,0
11029,'1199874',1116,,10621,19,,,0
11029,'1199875',1016,,10622,19,,,0
11029,'1199876',701,,10623,19,,,0
11029,'1199877',1730,,10624,19,,,0
11029,'1199878',1702,,10625,19,,,0
11029,'1199881',1831,,10626,19,,,0
11029,'1199882',1916,,10627,19,,,0
11029,'1199883',1130,,10628,19,,,0
11029,'1199884',1930,,10629,19,,,0
11029,'1199886',1931,,10630,19,,,0
11029,'1199889',731,,10631,19,,,0
11029,'1199890',2116,,10632,19,,,0
11029,'1199891',2231,,10633,19,,,0
11029,'1199892',1830,,10634,19,,,0
11029,'1199893',1031,,10635,19,,,0
11029,'1199898',901,,10636,19,,,0
11029,'1199899',1846,,10637,19,,,0
11029,'1199902',1816,,10638,19,,,0
11029,'1199903',931,,10639,19,,,0
11029,'1199904',1701,,10640,19,,,0
11029,'1199906',631,,10641,19,,,0
11029,'1199907',2316,,10642,19,,,0
11029,'1199910',2246,,10643,19,,,0
11029,'1199911',2146,,10644,19,,,0
11029,'1199912',1402,,10645,19,,,0
11029,'1199913',1247,,10646,19,,,0
11029,'1199914',1302,,10647,19,,,0
11029,'1199919',830,,10648,19,,,0
11029,'1199920',1430,,10649,19,,,0
