103019,'1191109',1849,,9127,13,,,0
103019,'1191130',1250,,9128,13,,,0
103019,'1191203',1720,,9130,13,,,0
103019,'1191247',2019,,9131,13,,,0
103019,'1191632',1520,,9134,13,,,0
103019,'1191705',2319,,9135,13,,,0
103019,'1191773',1420,,9136,13,,,0
103019,'1191800',1505,,9137,13,,,0
103019,'1191826',649,,9139,13,,,0
103019,'1191877',1120,,9141,13,,,0
103019,'1192012',2249,,9143,13,,,0
103019,'1192046',949,,9144,13,,,0
103019,'1192234',1550,,9146,13,,,0
103019,'1192444',819,,9147,13,,,0
103019,'1192450',1048,,9148,13,,,0
103019,'1192461',1819,,9149,13,,,0
103019,'1192624',904,,9150,13,,,0
103019,'1192801',918,,9151,13,,,0
103019,'1192848',748,,9152,13,,,0
103019,'1192864',2119,,9153,13,,,0
103019,'1192885',1949,,9154,13,,,0
103019,'1192886',1650,,9155,13,,,0
103019,'1192968',1635,,9157,13,,,0
103019,'1193060',734,,9159,13,,,0
103019,'1193217',2149,,9160,13,,,0
103019,'1193247',1350,,9161,13,,,0
103019,'1193317',1219,,9162,13,,,0
