105029,'1196840',2331,,12163,82,,,0
105029,'1196987',1045,,12164,82,,,0
105029,'1196996',1719,,12165,82,,,0
105029,'1197020',1603,,12166,82,,,0
105029,'1197097',1819,,12167,82,,,0
105029,'1197137',2043,,12168,82,,,0
105029,'1197220',2031,,12169,82,,,0
105029,'1197228',1534,,12170,82,,,0
105029,'1197231',801,,12171,82,,,0
105029,'1197439',1203,,12172,82,,,0
105029,'1197501',2003,,12173,82,,,0
105029,'1197522',2203,,12174,82,,,0
105029,'1197561',1034,,12175,82,,,0
105029,'1197638',1003,,12176,82,,,0
105029,'1197840',2131,,12177,82,,,0
105029,'1197853',2231,,12178,82,,,0
105029,'1197918',1901,,12179,82,,,0
105029,'1197968',2403,,12180,82,,,0
105029,'1198013',1403,,12181,82,,,0
105029,'1198037',1134,,12182,82,,,0
105029,'1198064',1845,,12183,82,,,0
105029,'1198187',1245,,12184,82,,,0
105029,'1198214',1803,,12185,82,,,0
105029,'1198417',1345,,12186,82,,,0
105029,'1198447',1749,,12187,82,,,0
105029,'1198529',1545,,12188,82,,,0
105029,'1198616',731,,12189,82,,,0
105029,'1198625',1649,,12190,82,,,0
105029,'1198711',1349,,12191,82,,,0
105029,'1198718',1604,,12192,82,,,0
105029,'1198725',1745,,12193,82,,,0
105029,'1198779',843,,12194,82,,,0
105029,'1198918',1445,,12195,82,,,0
105029,'1198922',2436,,12196,82,,,0
105029,'1198923',701,,12197,82,,,0
105029,'1199012',643,,12198,82,,,0
105029,'1199037',1434,,12199,82,,,0
105029,'1199107',1504,,12200,82,,,0
105029,'1199124',2443,,12201,82,,,0
105029,'1199144',1249,,12202,82,,,0
105029,'1199148',803,,12203,82,,,0
105029,'1199220',1145,,12204,82,,,0
105029,'1199470',2243,,12205,82,,,0
105029,'1199473',931,,12206,82,,,0
105029,'1199604',831,,12207,82,,,0
105029,'1199607',1645,,12208,82,,,0
