27019,'1196842',1858,,11533,4,,,0
27019,'1196846',1643,,11534,4,,,0
27019,'1196878',943,,11535,4,,,0
27019,'1196919',1358,,11536,4,,,0
27019,'1196930',2113,,11537,4,,,0
27019,'1197039',843,,11538,4,,,0
27019,'1197044',1543,,11539,4,,,0
27019,'1197171',2313,,11540,4,,,0
27019,'1197352',943,,11541,4,,,0
27019,'1197376',1043,,11542,4,,,0
27019,'1197425',843,,11543,4,,,0
27019,'1197453',1913,,11544,4,,,0
27019,'1197540',2343,,11545,4,,,0
27019,'1197614',643,,11546,4,,,0
27019,'1197700',958,,11547,4,,,0
27019,'1197712',1143,,11548,4,,,0
27019,'1197781',1743,,11549,4,,,0
27019,'1197786',1443,,11550,4,,,0
27019,'1197791',2213,,11551,4,,,0
27019,'1197796',1043,,11552,4,,,0
27019,'1197826',1058,,11553,4,,,0
27019,'1197858',2243,,11554,4,,,0
27019,'1197876',1143,,11555,4,,,0
27019,'1197898',858,,11556,4,,,0
27019,'1197907',1343,,11557,4,,,0
27019,'1197930',2058,,11558,4,,,0
27019,'1197969',2158,,11559,4,,,0
27019,'1197974',2143,,11560,4,,,0
27019,'1198068',1243,,11561,4,,,0
27019,'1198176',2013,,11562,4,,,0
27019,'1198217',1558,,11563,4,,,0
27019,'1198254',2258,,11564,4,,,0
27019,'1198284',2043,,11565,4,,,0
27019,'1198330',1658,,11566,4,,,0
27019,'1198516',1943,,11567,4,,,0
27019,'1198596',643,,11568,4,,,0
27019,'1198639',743,,11569,4,,,0
27019,'1198652',1643,,11570,4,,,0
27019,'1198762',1758,,11571,4,,,0
27019,'1198768',1458,,11572,4,,,0
27019,'1198893',1158,,11573,4,,,0
27019,'1198985',758,,11574,4,,,0
27019,'1199071',1443,,11575,4,,,0
27019,'1199163',743,,11576,4,,,0
27019,'1199201',1843,,11577,4,,,0
27019,'1199293',1743,,11578,4,,,0
27019,'1199295',1843,,11579,4,,,0
27019,'1199302',1243,,11580,4,,,0
27019,'1199381',1958,,11581,4,,,0
27019,'1199443',1343,,11582,4,,,0
27019,'1199543',1258,,11583,4,,,0
27019,'1199599',1543,,11584,4,,,0
