28029,'1190770',2310,,8872,9,,,0
28029,'1190803',825,,8873,9,,,0
28029,'1190860',655,,8874,9,,,0
28029,'1190970',2410,,8876,9,,,0
28029,'1191052',2210,,8878,9,,,0
28029,'1191081',1125,,8879,9,,,0
28029,'1191269',2225,,8881,9,,,0
28029,'1191271',1655,,8882,9,,,0
28029,'1191336',810,,8883,9,,,0
28029,'1191340',1525,,8884,9,,,0
28029,'1191354',1511,,8885,9,,,0
28029,'1191361',1325,,8886,9,,,0
28029,'1191396',2025,,8887,9,,,0
28029,'1191399',1925,,8888,9,,,0
28029,'1191469',1855,,8889,9,,,0
28029,'1191538',1910,,8890,9,,,0
28029,'1191558',625,,8891,9,,,0
28029,'1191761',2110,,8893,9,,,0
28029,'1191796',1010,,8894,9,,,0
28029,'1191849',910,,8896,9,,,0
28029,'1191894',855,,8897,9,,,0
28029,'1191989',1755,,8899,9,,,0
28029,'1192036',1411,,8901,9,,,0
28029,'1192139',1725,,8904,9,,,0
28029,'1192188',755,,8905,9,,,0
28029,'1192302',1810,,8907,9,,,0
28029,'1192378',2325,,8909,9,,,0
28029,'1192387',710,,8910,9,,,0
28029,'1192517',1025,,8911,9,,,0
28029,'1192556',1625,,8912,9,,,0
28029,'1192593',1825,,8913,9,,,0
28029,'1192638',1110,,8914,9,,,0
28029,'1192687',2010,,8915,9,,,0
28029,'1192748',725,,8916,9,,,0
28029,'1192752',1710,,8917,9,,,0
28029,'1192786',1211,,8918,9,,,0
28029,'1192789',925,,8919,9,,,0
28029,'1192890',1429,,8920,9,,,0
28029,'1192951',1311,,8921,9,,,0
28029,'1193018',1611,,8922,9,,,0
28029,'1193161',1225,,8926,9,,,0
28029,'1193302',2125,,8928,9,,,0
