10019,'1196894',2054,,10329,26,,,0
10019,'1196915',1654,,10330,26,,,0
10019,'1196923',1054,,10331,26,,,0
10019,'1197054',2224,,10332,26,,,0
10019,'1197091',1454,,10333,26,,,0
10019,'1197121',1055,,10334,26,,,0
10019,'1197207',954,,10335,26,,,0
10019,'1197335',824,,10336,26,,,0
10019,'1197345',2124,,10337,26,,,0
10019,'1197397',1455,,10338,26,,,0
10019,'1197418',2354,,10339,26,,,0
10019,'1197505',1554,,10340,26,,,0
10019,'1197587',924,,10341,26,,,0
10019,'1197595',1054,,10342,26,,,0
10019,'1197737',1355,,10343,26,,,0
10019,'1197756',1854,,10344,26,,,0
10019,'1197759',1525,,10345,26,,,0
10019,'1197766',2254,,10346,26,,,0
10019,'1197915',1954,,10347,26,,,0
10019,'1197927',754,,10348,26,,,0
10019,'1197935',654,,10349,26,,,0
10019,'1197985',954,,10350,26,,,0
10019,'1198010',1824,,10351,26,,,0
10019,'1198016',1954,,10352,26,,,0
10019,'1198164',654,,10353,26,,,0
10019,'1198167',1554,,10354,26,,,0
10019,'1198226',1354,,10355,26,,,0
10019,'1198257',1454,,10356,26,,,0
10019,'1198280',2324,,10357,26,,,0
10019,'1198300',1555,,10358,26,,,0
10019,'1198361',2154,,10359,26,,,0
10019,'1198366',854,,10360,26,,,0
10019,'1198390',1854,,10361,26,,,0
10019,'1198410',1754,,10362,26,,,0
10019,'1198440',754,,10363,26,,,0
10019,'1198475',1154,,10364,26,,,0
10019,'1198480',2154,,10365,26,,,0
10019,'1198509',625,,10366,26,,,0
10019,'1198520',1254,,10367,26,,,0
10019,'1198542',2354,,10368,26,,,0
10019,'1198583',2254,,10369,26,,,0
10019,'1198726',1924,,10370,26,,,0
10019,'1198809',854,,10371,26,,,0
10019,'1198815',1654,,10372,26,,,0
10019,'1198881',1625,,10373,26,,,0
10019,'1198903',854,,10374,26,,,0
10019,'1198955',1155,,10375,26,,,0
10019,'1198962',1655,,10376,26,,,0
10019,'1198993',1154,,10377,26,,,0
10019,'1199007',2054,,10378,26,,,0
10019,'1199032',1354,,10379,26,,,0
10019,'1199053',1755,,10380,26,,,0
10019,'1199056',1754,,10381,26,,,0
10019,'1199257',1725,,10382,26,,,0
10019,'1199300',1254,,10383,26,,,0
10019,'1199321',954,,10384,26,,,0
10019,'1199323',2024,,10385,26,,,0
10019,'1199353',1255,,10386,26,,,0
10019,'1199424',724,,10387,26,,,0
10019,'1199598',754,,10388,26,,,0
