3029,'1196871',639,,10230,11,,,0
3029,'1196875',2352,,10231,11,,,0
3029,'1196902',1540,,10232,11,,,0
3029,'1196918',1140,,10233,11,,,0
3029,'1196929',752,,10234,11,,,0
3029,'1197004',2139,,10235,11,,,0
3029,'1197012',1440,,10236,11,,,0
3029,'1197066',1852,,10237,11,,,0
3029,'1197101',1310,,10238,11,,,0
3029,'1197253',1552,,10239,11,,,0
3029,'1197290',809,,10240,11,,,0
3029,'1197380',2152,,10241,11,,,0
3029,'1197402',1610,,10242,11,,,0
3029,'1197413',2039,,10243,11,,,0
3029,'1197417',1052,,10244,11,,,0
3029,'1197427',2209,,10245,11,,,0
3029,'1197507',2339,,10246,11,,,0
3029,'1197510',1810,,10247,11,,,0
3029,'1197558',1009,,10248,11,,,0
3029,'1197601',939,,10249,11,,,0
3029,'1197654',1152,,10250,11,,,0
3029,'1197697',1210,,10251,11,,,0
3029,'1197823',1240,,10252,11,,,0
3029,'1197828',1410,,10253,11,,,0
3029,'1197856',1640,,10254,11,,,0
3029,'1197870',1340,,10255,11,,,0
3029,'1197895',2109,,10256,11,,,0
3029,'1197903',1939,,10257,11,,,0
3029,'1197920',1252,,10258,11,,,0
3029,'1197958',2239,,10259,11,,,0
3029,'1197998',2139,,10260,11,,,0
3029,'1198039',1652,,10261,11,,,0
3029,'1198070',1740,,10262,11,,,0
3029,'1198115',952,,10263,11,,,0
3029,'1198165',1752,,10264,11,,,0
3029,'1198246',1540,,10265,11,,,0
3029,'1198281',1740,,10266,11,,,0
3029,'1198295',739,,10267,11,,,0
3029,'1198310',2239,,10268,11,,,0
3029,'1198321',1039,,10269,11,,,0
3029,'1198363',1240,,10270,11,,,0
3029,'1198395',739,,10271,11,,,0
3029,'1198434',1510,,10272,11,,,0
3029,'1198445',1140,,10273,11,,,0
3029,'1198462',2039,,10274,11,,,0
3029,'1198484',2252,,10275,11,,,0
3029,'1198500',1710,,10276,11,,,0
3029,'1198518',939,,10277,11,,,0
3029,'1198562',1352,,10278,11,,,0
3029,'1198577',1440,,10279,11,,,0
3029,'1198614',639,,10280,11,,,0
3029,'1198734',1839,,10281,11,,,0
3029,'1198836',839,,10282,11,,,0
3029,'1198936',1452,,10283,11,,,0
3029,'1198983',2052,,10284,11,,,0
3029,'1199061',839,,10285,11,,,0
3029,'1199094',1939,,10286,11,,,0
3029,'1199112',2336,,10287,11,,,0
3029,'1199231',1952,,10288,11,,,0
3029,'1199421',1640,,10289,11,,,0
3029,'1199431',1039,,10290,11,,,0
3029,'1199453',1839,,10291,11,,,0
3029,'1199460',1340,,10292,11,,,0
3029,'1199521',909,,10293,11,,,0
3029,'1199533',1909,,10294,11,,,0
3029,'1199547',709,,10295,11,,,0
3029,'1199601',1109,,10296,11,,,0
3029,'1199629',852,,10297,11,,,0
3029,'1199646',2009,,10298,11,,,0
