101019,'1197003',545,,11803,19,,,0
101019,'1197056',2122,,11804,19,,,0
101019,'1197144',2322,,11805,19,,,0
101019,'1197150',1522,,11806,19,,,0
101019,'1197356',1322,,11807,19,,,0
101019,'1197394',1522,,11808,19,,,0
101019,'1197485',722,,11809,19,,,0
101019,'1197542',1322,,11810,19,,,0
101019,'1197666',1045,,11811,19,,,0
101019,'1197703',2122,,11812,19,,,0
101019,'1197735',1145,,11813,19,,,0
101019,'1197816',1122,,11814,19,,,0
101019,'1197893',745,,11815,19,,,0
101019,'1198002',1722,,11816,19,,,0
101019,'1198014',722,,11817,19,,,0
101019,'1198130',945,,11818,19,,,0
101019,'1198162',1347,,11819,19,,,0
101019,'1198212',1922,,11820,19,,,0
101019,'1198408',2044,,11821,19,,,0
101019,'1198684',922,,11822,19,,,0
101019,'1198907',1922,,11823,19,,,0
101019,'1199079',2245,,11824,19,,,0
101019,'1199178',1747,,11825,19,,,0
101019,'1199186',1547,,11826,19,,,0
101019,'1199279',1722,,11827,19,,,0
101019,'1199401',922,,11828,19,,,0
101019,'1199471',1845,,11829,19,,,0
101019,'1199497',1122,,11830,19,,,0
101019,'1199519',845,,11831,19,,,0
101019,'1199566',1447,,11832,19,,,0
101019,'1199626',1647,,11833,19,,,0
101019,'1199991',1347,,12771,19,,,0
101019,'1199992',2044,,12772,19,,,0
101019,'1199993',845,,12773,19,,,0
101019,'1199995',545,,12774,19,,,0
101019,'1199996',645,,12775,19,,,0
101019,'1200003',1647,,12776,19,,,0
101019,'1200004',1547,,12777,19,,,0
101019,'1200006',1845,,12778,19,,,0
101019,'1200008',745,,12779,19,,,0
101019,'1200009',2245,,12780,19,,,0
101019,'1200011',1045,,12781,19,,,0
101019,'1200013',1145,,12782,19,,,0
101019,'1200014',1447,,12783,19,,,0
101019,'1200015',1747,,12784,19,,,0
101019,'1200018',945,,12785,19,,,0
101029,'1196911',811,,11834,49,,,0
101029,'1197033',1854,,11835,49,,,0
101029,'1197060',911,,11836,49,,,0
101029,'1197096',1054,,11837,49,,,0
101029,'1197257',1111,,11838,49,,,0
101029,'1197272',1254,,11839,49,,,0
101029,'1197326',1613,,11840,49,,,0
101029,'1197581',2054,,11841,49,,,0
101029,'1197673',1454,,11842,49,,,0
101029,'1197747',2211,,11843,49,,,0
101029,'1197977',1654,,11844,49,,,0
101029,'1198059',654,,11845,49,,,0
101029,'1198116',1054,,11846,49,,,0
101029,'1198125',854,,11847,49,,,0
101029,'1198200',1254,,11848,49,,,0
101029,'1198251',1011,,11849,49,,,0
101029,'1198346',854,,11850,49,,,0
101029,'1198498',2254,,11851,49,,,0
101029,'1198530',2254,,11852,49,,,0
101029,'1198631',1713,,11853,49,,,0
101029,'1198644',2431,,11854,49,,,0
101029,'1198710',1654,,11855,49,,,0
101029,'1198715',1811,,11856,49,,,0
101029,'1198953',2054,,11857,49,,,0
101029,'1198984',1413,,11858,49,,,0
101029,'1199108',1313,,11859,49,,,0
101029,'1199117',711,,11860,49,,,0
101029,'1199304',1854,,11861,49,,,0
101029,'1199366',1454,,11862,49,,,0
101029,'1199567',2011,,11863,49,,,0
101029,'1199585',1513,,11864,49,,,0
101029,'1199990',1313,,12786,49,,,0
101029,'1199994',1613,,12787,49,,,0
101029,'1199997',811,,12788,49,,,0
101029,'1199998',1811,,12789,49,,,0
101029,'1199999',1111,,12790,49,,,0
101029,'1200000',2431,,12791,49,,,0
101029,'1200001',711,,12792,49,,,0
101029,'1200002',1713,,12793,49,,,0
101029,'1200005',1513,,12794,49,,,0
101029,'1200007',1011,,12795,49,,,0
101029,'1200010',1413,,12796,49,,,0
101029,'1200012',2011,,12797,49,,,0
101029,'1200016',2211,,12798,49,,,0
101029,'1200017',911,,12799,49,,,0
