10029,'1196869',1032,5,10389,26,,,0
10029,'1196944',1902,45,10390,26,,,0
10029,'1196948',1532,5,10391,26,,,0
10029,'1197007',702,45,10392,26,,,0
10029,'1197053',1332,5,10393,26,,,0
10029,'1197093',1132,5,10394,26,,,0
10029,'1197160',1732,5,10395,26,,,0
10029,'1197269',1832,5,10396,26,,,0
10029,'1197314',2202,45,10397,26,,,0
10029,'1197362',2032,5,10398,26,,,0
10029,'1197385',832,5,10399,26,,,0
10029,'1197414',1432,5,10400,26,,,0
10029,'1197492',1702,45,10401,26,,,0
10029,'1197523',2232,5,10402,26,,,0
10029,'1197565',632,5,10403,26,,,0
10029,'1197669',832,5,10404,26,,,0
10029,'1197675',2132,5,10405,26,,,0
10029,'1197822',1732,5,10406,26,,,0
10029,'1197831',1732,5,10407,26,,,0
10029,'1197885',2032,5,10408,26,,,0
10029,'1197887',1602,45,10409,26,,,0
10029,'1197892',1232,5,10410,26,,,0
10029,'1197908',2232,5,10411,26,,,0
10029,'1197916',2302,45,10412,26,,,0
10029,'1197980',2407,5,10413,26,,,0
10029,'1198080',1632,5,10414,26,,,0
10029,'1198150',1632,5,10415,26,,,0
10029,'1198170',1132,5,10416,26,,,0
10029,'1198181',1802,45,10417,26,,,0
10029,'1198232',1532,5,10418,26,,,0
10029,'1198314',1932,5,10419,26,,,0
10029,'1198351',1232,5,10420,26,,,0
10029,'1198466',2102,45,10421,26,,,0
10029,'1198481',1432,5,10422,26,,,0
10029,'1198536',1232,5,10423,26,,,0
10029,'1198550',1632,5,10424,26,,,0
10029,'1198565',2332,5,10425,26,,,0
10029,'1198676',732,5,10426,26,,,0
10029,'1198703',732,5,10427,26,,,0
10029,'1198735',1032,5,10428,26,,,0
10029,'1198754',1332,5,10429,26,,,0
10029,'1198767',1132,5,10430,26,,,0
10029,'1198887',902,45,10431,26,,,0
10029,'1198905',1432,5,10432,26,,,0
10029,'1198933',832,5,10433,26,,,0
10029,'1199013',732,5,10434,26,,,0
10029,'1199068',1032,5,10435,26,,,0
10029,'1199078',1832,5,10436,26,,,0
10029,'1199088',2002,45,10437,26,,,0
10029,'1199134',1332,5,10438,26,,,0
10029,'1199161',2332,5,10439,26,,,0
10029,'1199245',1932,5,10440,26,,,0
10029,'1199274',932,5,10441,26,,,0
10029,'1199375',1502,45,10442,26,,,0
10029,'1199396',802,45,10443,26,,,0
10029,'1199411',2132,5,10444,26,,,0
10029,'1199422',932,5,10445,26,,,0
10029,'1199613',932,5,10446,26,,,0
10029,'1199633',1532,5,10447,26,,,0
12029,'1196881',1127,,10722,21,,,0
12029,'1196886',1657,,10723,21,,,0
12029,'1196921',828,,10724,21,,,0
12029,'1196925',1627,,10725,21,,,0
12029,'1197005',2402,,10726,21,,,0
12029,'1197009',2327,,10727,21,,,0
12029,'1197092',1757,,10728,21,,,0
12029,'1197112',857,,10729,21,,,0
12029,'1197136',2257,,10730,21,,,0
12029,'1197164',727,,10731,21,,,0
12029,'1197202',1527,,10732,21,,,0
12029,'1197246',1357,,10733,21,,,0
12029,'1197415',1057,,10734,21,,,0
12029,'1197416',1527,,10735,21,,,0
12029,'1197484',1928,,10736,21,,,0
12029,'1197496',2157,,10737,21,,,0
12029,'1197608',1157,,10738,21,,,0
12029,'1197678',1828,,10739,21,,,0
12029,'1197742',1327,,10740,21,,,0
12029,'1197777',2328,,10741,21,,,0
12029,'1197790',2227,,10742,21,,,0
12029,'1197947',1728,,10743,21,,,0
12029,'1198008',1357,,10744,21,,,0
12029,'1198017',1857,,10745,21,,,0
12029,'1198020',1727,,10746,21,,,0
12029,'1198024',927,,10747,21,,,0
12029,'1198092',1827,,10748,21,,,0
12029,'1198139',1557,,10749,21,,,0
12029,'1198185',1157,,10750,21,,,0
12029,'1198205',827,,10751,21,,,0
12029,'1198239',957,,10752,21,,,0
12029,'1198318',728,,10753,21,,,0
12029,'1198336',1127,,10754,21,,,0
12029,'1198360',1028,,10755,21,,,0
12029,'1198400',727,,10756,21,,,0
12029,'1198511',2228,,10757,21,,,0
12029,'1198528',1528,,10758,21,,,0
12029,'1198538',1427,,10759,21,,,0
12029,'1198556',2057,,10760,21,,,0
12029,'1198681',1927,,10761,21,,,0
12029,'1198731',2027,,10762,21,,,0
12029,'1198732',1327,,10763,21,,,0
12029,'1198745',2128,,10764,21,,,0
12029,'1198748',928,,10765,21,,,0
12029,'1198775',1027,,10766,21,,,0
12029,'1198818',1727,,10767,21,,,0
12029,'1198856',1128,,10768,21,,,0
12029,'1198877',1257,,10769,21,,,0
12029,'1198898',827,,10770,21,,,0
12029,'1198947',627,,10771,21,,,0
12029,'1198959',1227,,10772,21,,,0
12029,'1198976',1657,,10773,21,,,0
12029,'1199093',1457,,10774,21,,,0
12029,'1199207',1457,,10775,21,,,0
12029,'1199281',1328,,10776,21,,,0
12029,'1199325',1627,,10777,21,,,0
12029,'1199340',1057,,10778,21,,,0
12029,'1199357',1427,,10779,21,,,0
12029,'1199382',757,,10780,21,,,0
12029,'1199384',927,,10781,21,,,0
12029,'1199423',1957,,10782,21,,,0
12029,'1199437',1428,,10783,21,,,0
12029,'1199445',2028,,10784,21,,,0
12029,'1199457',1628,,10785,21,,,0
12029,'1199487',1027,,10786,21,,,0
12029,'1199500',657,,10787,21,,,0
12029,'1199501',1557,,10788,21,,,0
12029,'1199531',1227,,10789,21,,,0
12029,'1199556',2127,,10790,21,,,0
12029,'1199590',1257,,10791,21,,,0
12029,'1199639',1228,,10792,21,,,0
