14019,'1196890',1829,,10916,33,,,0
14019,'1196970',2059,,10917,33,,,0
14019,'1196984',1356,,10918,33,,,0
14019,'1197073',2159,,10919,33,,,0
14019,'1197090',756,,10920,33,,,0
14019,'1197106',1731,,10921,33,,,0
14019,'1197152',1601,,10922,33,,,0
14019,'1197163',1700,,10923,33,,,0
14019,'1197189',1956,,10924,33,,,0
14019,'1197473',959,,10925,33,,,0
14019,'1197576',1156,,10926,33,,,0
14019,'1197578',1856,,10927,33,,,0
14019,'1197606',856,,10928,33,,,0
14019,'1197719',1600,,10929,33,,,0
14019,'1197768',1701,,10930,33,,,0
14019,'1197774',1300,,10931,33,,,0
14019,'1197807',659,,10932,33,,,0
14019,'1197857',1256,,10933,33,,,0
14019,'1197872',759,,10934,33,,,0
14019,'1197899',2329,,10935,33,,,0
14019,'1197912',1656,,10936,33,,,0
14019,'1197929',1400,,10937,33,,,0
14019,'1197946',1959,,10938,33,,,0
14019,'1198043',2359,,10939,33,,,0
14019,'1198056',1929,,10940,33,,,0
14019,'1198057',659,,10941,33,,,0
14019,'1198062',1556,,10942,33,,,0
14019,'1198118',2029,,10943,33,,,0
14019,'1198151',1456,,10944,33,,,0
14019,'1198161',1501,,10945,33,,,0
14019,'1198262',1500,,10946,33,,,0
14019,'1198285',2259,,10947,33,,,0
14019,'1198312',959,,10948,33,,,0
14019,'1198386',1859,,10949,33,,,0
14019,'1198412',1201,,10950,33,,,0
14019,'1198436',859,,10951,33,,,0
14019,'1198460',1101,,10952,33,,,0
14019,'1198507',859,,10953,33,,,0
14019,'1198513',1301,,10954,33,,,0
14019,'1198539',1059,,10955,33,,,0
14019,'1198751',2056,,10956,33,,,0
14019,'1198810',2356,,10957,33,,,0
14019,'1198859',1531,,10958,33,,,0
14019,'1198869',929,,10959,33,,,0
14019,'1198890',2156,,10960,33,,,0
14019,'1199036',729,,10961,33,,,0
14019,'1199048',759,,10962,33,,,0
14019,'1199075',829,,10963,33,,,0
14019,'1199084',1056,,10964,33,,,0
14019,'1199131',2129,,10965,33,,,0
14019,'1199280',2256,,10966,33,,,0
14019,'1199286',956,,10967,33,,,0
14019,'1199393',1401,,10968,33,,,0
14019,'1199441',1631,,10969,33,,,0
14019,'1199444',1800,,10970,33,,,0
14019,'1199523',1756,,10971,33,,,0
14019,'1199538',1801,,10972,33,,,0
14019,'1199568',2229,,10973,33,,,0
14019,'1199582',1200,,10974,33,,,0
