28019,'1190612',2012,,8811,9,,,0
28019,'1190648',1757,,8812,9,,,0
28019,'1190664',1512,,8813,9,,,0
28019,'1190675',2112,,8814,9,,,0
28019,'1190706',2312,,8815,9,,,0
28019,'1190722',1642,,8816,9,,,0
28019,'1190756',1012,,8817,9,,,0
28019,'1190827',1857,,8818,9,,,0
28019,'1190930',1712,,8819,9,,,0
28019,'1191056',1457,,8824,9,,,0
28019,'1191066',1057,,8825,9,,,0
28019,'1191068',812,,8826,9,,,0
28019,'1191153',2157,,8828,9,,,0
28019,'1191391',1842,,8829,9,,,0
28019,'1191424',842,,8830,9,,,0
28019,'1191516',657,,8831,9,,,0
28019,'1191816',1157,,8832,9,,,0
28019,'1191883',912,,8833,9,,,0
28019,'1191965',1557,,8835,9,,,0
28019,'1192008',1912,,8837,9,,,0
28019,'1192010',1257,,8838,9,,,0
28019,'1192015',1812,,8839,9,,,0
28019,'1192021',857,,8840,9,,,0
28019,'1192110',2357,,8842,9,,,0
28019,'1192287',742,,8844,9,,,0
28019,'1192288',1742,,8845,9,,,0
28019,'1192309',1612,,8846,9,,,0
28019,'1192311',1412,,8847,9,,,0
28019,'1192315',1312,,8848,9,,,0
28019,'1192316',1112,,8849,9,,,0
28019,'1192431',612,,8850,9,,,0
28019,'1192496',2057,,8852,9,,,0
28019,'1192602',2212,,8853,9,,,0
28019,'1192636',1657,,8854,9,,,0
28019,'1192669',757,,8855,9,,,0
28019,'1192750',1957,,8859,9,,,0
28019,'1192830',642,,8861,9,,,0
28019,'1192878',1357,,8863,9,,,0
28019,'1192900',2257,,8864,9,,,0
28019,'1193052',712,,8865,9,,,0
28019,'1193108',957,,8866,9,,,0
28019,'1193283',1212,,8868,9,,,0
