102019,'1197016',2204,,11865,18,,,0
102019,'1197206',1817,,11866,18,,,0
102019,'1197235',904,,11867,18,,,0
102019,'1197240',734,,11868,18,,,0
102019,'1197255',1334,,11869,18,,,0
102019,'1197609',917,,11870,18,,,0
102019,'1197643',1504,,11871,18,,,0
102019,'1197656',1904,,11872,18,,,0
102019,'1197775',1604,,11873,18,,,0
102019,'1197973',649,,11874,18,,,0
102019,'1197982',1804,,11875,18,,,0
102019,'1198067',704,,11876,18,,,0
102019,'1198088',2247,,11877,18,,,0
102019,'1198122',1934,,11878,18,,,0
102019,'1198163',1034,,11879,18,,,0
102019,'1198211',819,,11880,18,,,0
102019,'1198279',1134,,11881,18,,,0
102019,'1198403',1047,,11882,18,,,0
102019,'1198424',1434,,11883,18,,,0
102019,'1198486',1004,,11884,18,,,0
102019,'1198508',1517,,11885,18,,,0
102019,'1198523',1304,,11886,18,,,0
102019,'1198532',1217,,11887,18,,,0
102019,'1198591',2234,,11888,18,,,0
102019,'1198661',1634,,11889,18,,,0
102019,'1198730',2104,,11890,18,,,0
102019,'1198749',2034,,11891,18,,,0
102019,'1198805',1947,,11892,18,,,0
102019,'1198848',1647,,11893,18,,,0
102019,'1198865',2334,,11894,18,,,0
102019,'1199016',2117,,11895,18,,,0
102019,'1199130',2404,,11896,18,,,0
102019,'1199199',949,,11897,18,,,0
102019,'1199205',1204,,11898,18,,,0
102019,'1199328',1347,,11899,18,,,0
102019,'1199348',1734,,11900,18,,,0
102019,'1199363',1719,,11901,18,,,0
102019,'1199433',1549,,11902,18,,,0
102019,'1199474',604,,11903,18,,,0
102019,'1199507',834,,11904,18,,,0
102019,'1199572',1419,,11905,18,,,0
102019,'1199618',747,,11906,18,,,0
