12029,'1196881',1129,,10722,27,,,0
12029,'1196886',1659,,10723,27,,,0
12029,'1196921',830,,10724,27,,,0
12029,'1196925',1629,,10725,27,,,0
12029,'1197005',2404,,10726,27,,,0
12029,'1197009',2329,,10727,27,,,0
12029,'1197092',1759,,10728,27,,,0
12029,'1197112',859,,10729,27,,,0
12029,'1197136',2259,,10730,27,,,0
12029,'1197164',729,,10731,27,,,0
12029,'1197202',1529,,10732,27,,,0
12029,'1197246',1359,,10733,27,,,0
12029,'1197415',1059,,10734,27,,,0
12029,'1197416',1529,,10735,27,,,0
12029,'1197484',1930,,10736,27,,,0
12029,'1197496',2159,,10737,27,,,0
12029,'1197608',1159,,10738,27,,,0
12029,'1197678',1830,,10739,27,,,0
12029,'1197742',1329,,10740,27,,,0
12029,'1197777',2330,,10741,27,,,0
12029,'1197790',2229,,10742,27,,,0
12029,'1197947',1730,,10743,27,,,0
12029,'1198008',1359,,10744,27,,,0
12029,'1198017',1859,,10745,27,,,0
12029,'1198020',1729,,10746,27,,,0
12029,'1198024',929,,10747,27,,,0
12029,'1198092',1829,,10748,27,,,0
12029,'1198139',1559,,10749,27,,,0
12029,'1198185',1159,,10750,27,,,0
12029,'1198205',829,,10751,27,,,0
12029,'1198239',959,,10752,27,,,0
12029,'1198318',730,,10753,27,,,0
12029,'1198336',1129,,10754,27,,,0
12029,'1198360',1030,,10755,27,,,0
12029,'1198400',729,,10756,27,,,0
12029,'1198511',2230,,10757,27,,,0
12029,'1198528',1530,,10758,27,,,0
12029,'1198538',1429,,10759,27,,,0
12029,'1198556',2059,,10760,27,,,0
12029,'1198681',1929,,10761,27,,,0
12029,'1198731',2029,,10762,27,,,0
12029,'1198732',1329,,10763,27,,,0
12029,'1198745',2130,,10764,27,,,0
12029,'1198748',930,,10765,27,,,0
12029,'1198775',1029,,10766,27,,,0
12029,'1198818',1729,,10767,27,,,0
12029,'1198856',1130,,10768,27,,,0
12029,'1198877',1259,,10769,27,,,0
12029,'1198898',829,,10770,27,,,0
12029,'1198947',629,,10771,27,,,0
12029,'1198959',1229,,10772,27,,,0
12029,'1198976',1659,,10773,27,,,0
12029,'1199093',1459,,10774,27,,,0
12029,'1199207',1459,,10775,27,,,0
12029,'1199281',1330,,10776,27,,,0
12029,'1199325',1629,,10777,27,,,0
12029,'1199340',1059,,10778,27,,,0
12029,'1199357',1429,,10779,27,,,0
12029,'1199382',759,,10780,27,,,0
12029,'1199384',929,,10781,27,,,0
12029,'1199423',1959,,10782,27,,,0
12029,'1199437',1430,,10783,27,,,0
12029,'1199445',2030,,10784,27,,,0
12029,'1199457',1630,,10785,27,,,0
12029,'1199487',1029,,10786,27,,,0
12029,'1199500',659,,10787,27,,,0
12029,'1199501',1559,,10788,27,,,0
12029,'1199531',1229,,10789,27,,,0
12029,'1199556',2129,,10790,27,,,0
12029,'1199590',1259,,10791,27,,,0
12029,'1199639',1230,,10792,27,,,0
103029,'1196853',1446,,11989,23,,,0
103029,'1196867',1316,,11990,23,,,0
103029,'1196892',1746,,11991,23,,,0
103029,'1196973',1738,,11992,23,,,0
103029,'1197031',1410,,11993,23,,,0
103029,'1197085',2046,,11994,23,,,0
103029,'1197108',1916,,11995,23,,,0
103029,'1197233',1007,,11996,23,,,0
103029,'1197315',1240,,11997,23,,,0
103029,'1197321',1110,,11998,23,,,0
103029,'1197346',1438,,11999,23,,,0
103029,'1197499',1839,,12000,23,,,0
103029,'1197743',810,,12001,23,,,0
103029,'1197784',940,,12002,23,,,0
103029,'1197852',1308,,12003,23,,,0
103029,'1198282',1138,,12004,23,,,0
103029,'1198444',1540,,12005,23,,,0
103029,'1198568',707,,12006,23,,,0
103029,'1198723',2009,,12007,23,,,0
103029,'1198855',837,,12008,23,,,0
103029,'1198880',1523,,12009,23,,,0
103029,'1198882',640,,12010,23,,,0
103029,'1198911',2139,,12011,23,,,0
103029,'1198914',1653,,12012,23,,,0
103029,'1198921',846,,12013,23,,,0
103029,'1198928',752,,12014,23,,,0
103029,'1198990',922,,12015,23,,,0
103029,'1199021',1616,,12016,23,,,0
103029,'1199109',2309,,12017,23,,,0
103029,'1199145',2216,,12018,23,,,0
103029,'1199146',1146,,12019,23,,,0
103029,'1199172',2207,,12020,23,,,0
103029,'1199215',2337,,12021,23,,,0
103029,'1199475',1907,,12022,23,,,0
103029,'1199565',1016,,12023,23,,,0
103029,'1199579',1608,,12024,23,,,0
103029,'1199581',2037,,12025,23,,,0
103029,'1199593',1710,,12026,23,,,0
