102019,'1197016',2158,,11865,11,,,0
102019,'1197206',1812,,11866,11,,,0
102019,'1197235',858,,11867,11,,,0
102019,'1197240',728,,11868,11,,,0
102019,'1197255',1328,,11869,11,,,0
102019,'1197609',912,,11870,11,,,0
102019,'1197643',1458,,11871,11,,,0
102019,'1197656',1858,,11872,11,,,0
102019,'1197775',1558,,11873,11,,,0
102019,'1197973',643,,11874,11,,,0
102019,'1197982',1758,,11875,11,,,0
102019,'1198067',658,,11876,11,,,0
102019,'1198088',2242,,11877,11,,,0
102019,'1198122',1928,,11878,11,,,0
102019,'1198163',1028,,11879,11,,,0
102019,'1198211',813,,11880,11,,,0
102019,'1198279',1128,,11881,11,,,0
102019,'1198403',1042,,11882,11,,,0
102019,'1198424',1428,,11883,11,,,0
102019,'1198486',958,,11884,11,,,0
102019,'1198508',1512,,11885,11,,,0
102019,'1198523',1258,,11886,11,,,0
102019,'1198532',1212,,11887,11,,,0
102019,'1198591',2228,,11888,11,,,0
102019,'1198661',1628,,11889,11,,,0
102019,'1198730',2058,,11890,11,,,0
102019,'1198749',2028,,11891,11,,,0
102019,'1198805',1942,,11892,11,,,0
102019,'1198848',1642,,11893,11,,,0
102019,'1198865',2328,,11894,11,,,0
102019,'1199016',2112,,11895,11,,,0
102019,'1199130',2358,,11896,11,,,0
102019,'1199199',943,,11897,11,,,0
102019,'1199205',1158,,11898,11,,,0
102019,'1199328',1342,,11899,11,,,0
102019,'1199348',1728,,11900,11,,,0
102019,'1199363',1713,,11901,11,,,0
102019,'1199433',1543,,11902,11,,,0
102019,'1199474',558,,11903,11,,,0
102019,'1199507',828,,11904,11,,,0
102019,'1199572',1413,,11905,11,,,0
102019,'1199618',742,,11906,11,,,0
