20019,'1196861',1638,,11034,4,,,0
20019,'1196920',2208,,11035,4,,,0
20019,'1196950',738,,11036,4,,,0
20019,'1196955',638,,11037,4,,,0
20019,'1197117',2008,,11038,4,,,0
20019,'1197128',2108,,11039,4,,,0
20019,'1197129',1538,,11040,4,,,0
20019,'1197174',1508,,11041,4,,,0
20019,'1197187',1533,,11042,4,,,0
20019,'1197300',2233,,11043,4,,,0
20019,'1197337',1933,,11044,4,,,0
20019,'1197360',2133,,11045,4,,,0
20019,'1197373',1238,,11046,4,,,0
20019,'1197429',1733,,11047,4,,,0
20019,'1197469',933,,11048,4,,,0
20019,'1197560',1033,,11049,4,,,0
20019,'1197585',638,,11050,4,,,0
20019,'1197629',1408,,11051,4,,,0
20019,'1197637',2138,,11052,4,,,0
20019,'1197672',1333,,11053,4,,,0
20019,'1197681',1038,,11054,4,,,0
20019,'1197724',1433,,11055,4,,,0
20019,'1197914',1233,,11056,4,,,0
20019,'1197984',1738,,11057,4,,,0
20019,'1197986',1338,,11058,4,,,0
20019,'1198036',1808,,11059,4,,,0
20019,'1198083',2408,,11060,4,,,0
20019,'1198114',938,,11061,4,,,0
20019,'1198133',1108,,11062,4,,,0
20019,'1198141',2038,,11063,4,,,0
20019,'1198152',1308,,11064,4,,,0
20019,'1198178',738,,11065,4,,,0
20019,'1198183',2238,,11066,4,,,0
20019,'1198191',608,,11067,4,,,0
20019,'1198203',2333,,11068,4,,,0
20019,'1198236',733,,11069,4,,,0
20019,'1198244',1938,,11070,4,,,0
20019,'1198268',2033,,11071,4,,,0
20019,'1198364',2308,,11072,4,,,0
20019,'1198377',1608,,11073,4,,,0
20019,'1198420',1708,,11074,4,,,0
20019,'1198431',908,,11075,4,,,0
20019,'1198465',1838,,11076,4,,,0
20019,'1198477',1833,,11077,4,,,0
20019,'1198580',708,,11078,4,,,0
20019,'1198586',808,,11079,4,,,0
20019,'1198656',838,,11080,4,,,0
20019,'1198669',1008,,11081,4,,,0
20019,'1198702',1738,,11082,4,,,0
20019,'1198708',1438,,11083,4,,,0
20019,'1198826',1638,,11084,4,,,0
20019,'1198871',1133,,11085,4,,,0
20019,'1198943',1908,,11086,4,,,0
20019,'1199137',2338,,11087,4,,,0
20019,'1199386',833,,11088,4,,,0
20019,'1199428',1208,,11089,4,,,0
20019,'1199534',1633,,11090,4,,,0
20019,'1199553',1138,,11091,4,,,0
102019,'1197016',2153,,11865,4,,,0
102019,'1197206',1807,,11866,4,,,0
102019,'1197235',853,,11867,4,,,0
102019,'1197240',723,,11868,4,,,0
102019,'1197255',1323,,11869,4,,,0
102019,'1197609',907,,11870,4,,,0
102019,'1197643',1453,,11871,4,,,0
102019,'1197656',1853,,11872,4,,,0
102019,'1197775',1553,,11873,4,,,0
102019,'1197973',638,,11874,4,,,0
102019,'1197982',1753,,11875,4,,,0
102019,'1198067',653,,11876,4,,,0
102019,'1198088',2237,,11877,4,,,0
102019,'1198122',1923,,11878,4,,,0
102019,'1198163',1023,,11879,4,,,0
102019,'1198211',808,,11880,4,,,0
102019,'1198279',1123,,11881,4,,,0
102019,'1198403',1037,,11882,4,,,0
102019,'1198424',1423,,11883,4,,,0
102019,'1198486',953,,11884,4,,,0
102019,'1198508',1507,,11885,4,,,0
102019,'1198523',1253,,11886,4,,,0
102019,'1198532',1207,,11887,4,,,0
102019,'1198591',2223,,11888,4,,,0
102019,'1198661',1623,,11889,4,,,0
102019,'1198730',2053,,11890,4,,,0
102019,'1198749',2023,,11891,4,,,0
102019,'1198805',1937,,11892,4,,,0
102019,'1198848',1637,,11893,4,,,0
102019,'1198865',2323,,11894,4,,,0
102019,'1199016',2107,,11895,4,,,0
102019,'1199130',2353,,11896,4,,,0
102019,'1199199',938,,11897,4,,,0
102019,'1199205',1153,,11898,4,,,0
102019,'1199328',1337,,11899,4,,,0
102019,'1199348',1723,,11900,4,,,0
102019,'1199363',1708,,11901,4,,,0
102019,'1199433',1538,,11902,4,,,0
102019,'1199474',553,,11903,4,,,0
102019,'1199507',823,,11904,4,,,0
102019,'1199572',1408,,11905,4,,,0
102019,'1199618',737,,11906,4,,,0
