105029,'1196840',2318,,12163,56,,,0
105029,'1196987',1033,,12164,56,,,0
105029,'1196996',1706,,12165,56,,,0
105029,'1197020',1549,,12166,56,,,0
105029,'1197097',1806,,12167,56,,,0
105029,'1197137',2031,,12168,56,,,0
105029,'1197220',2018,,12169,56,,,0
105029,'1197228',1521,,12170,56,,,0
105029,'1197231',748,,12171,56,,,0
105029,'1197439',1149,,12172,56,,,0
105029,'1197501',1949,,12173,56,,,0
105029,'1197522',2149,,12174,56,,,0
105029,'1197561',1021,,12175,56,,,0
105029,'1197638',949,,12176,56,,,0
105029,'1197840',2118,,12177,56,,,0
105029,'1197853',2218,,12178,56,,,0
105029,'1197918',1848,,12179,56,,,0
105029,'1197968',2349,,12180,56,,,0
105029,'1198013',1349,,12181,56,,,0
105029,'1198037',1121,,12182,56,,,0
105029,'1198064',1833,,12183,56,,,0
105029,'1198187',1233,,12184,56,,,0
105029,'1198214',1749,,12185,56,,,0
105029,'1198417',1333,,12186,56,,,0
105029,'1198447',1736,,12187,56,,,0
105029,'1198529',1533,,12188,56,,,0
105029,'1198616',718,,12189,56,,,0
105029,'1198625',1636,,12190,56,,,0
105029,'1198711',1336,,12191,56,,,0
105029,'1198718',1551,,12192,56,,,0
105029,'1198725',1733,,12193,56,,,0
105029,'1198779',831,,12194,56,,,0
105029,'1198918',1433,,12195,56,,,0
105029,'1198922',2423,,12196,56,,,0
105029,'1198923',648,,12197,56,,,0
105029,'1199012',631,,12198,56,,,0
105029,'1199037',1421,,12199,56,,,0
105029,'1199107',1451,,12200,56,,,0
105029,'1199124',2431,,12201,56,,,0
105029,'1199144',1236,,12202,56,,,0
105029,'1199148',749,,12203,56,,,0
105029,'1199220',1133,,12204,56,,,0
105029,'1199470',2231,,12205,56,,,0
105029,'1199473',918,,12206,56,,,0
105029,'1199604',818,,12207,56,,,0
105029,'1199607',1633,,12208,56,,,0
