3019,'1196834',1807,,10159,13,,,0
3019,'1196848',2107,,10160,13,,,0
3019,'1196854',707,,10161,13,,,0
3019,'1196968',1224,,10162,13,,,0
3019,'1196971',2007,,10163,13,,,0
3019,'1197069',708,,10164,13,,,0
3019,'1197076',2137,,10165,13,,,0
3019,'1197107',1238,,10166,13,,,0
3019,'1197120',2407,,10167,13,,,0
3019,'1197318',2207,,10168,13,,,0
3019,'1197369',2324,,10169,13,,,0
3019,'1197372',2224,,10170,13,,,0
3019,'1197378',907,,10171,13,,,0
3019,'1197462',908,,10172,13,,,0
3019,'1197478',1608,,10173,13,,,0
3019,'1197537',924,,10174,13,,,0
3019,'1197572',1338,,10175,13,,,0
3019,'1197590',838,,10176,13,,,0
3019,'1197618',1708,,10177,13,,,0
3019,'1197731',2007,,10179,13,,,0
3019,'1197748',1008,,10180,13,,,0
3019,'1197755',1038,,10181,13,,,0
3019,'1197810',1438,,10182,13,,,0
3019,'1197819',1907,,10183,13,,,0
3019,'1197850',1538,,10184,13,,,0
3019,'1197851',938,,10185,13,,,0
3019,'1197897',1108,,10186,13,,,0
3019,'1197923',1208,,10187,13,,,0
3019,'1197941',1508,,10188,13,,,0
3019,'1198025',1608,,10189,13,,,0
3019,'1198093',1837,,10190,13,,,0
3019,'1198098',1138,,10191,13,,,0
3019,'1198111',1007,,10192,13,,,0
3019,'1198119',1524,,10193,13,,,0
3019,'1198124',1408,,10194,13,,,0
3019,'1198153',1907,,10195,13,,,0
3019,'1198229',1508,,10196,13,,,0
3019,'1198237',1638,,10197,13,,,0
3019,'1198265',2107,,10198,13,,,0
3019,'1198278',1937,,10199,13,,,0
3019,'1198430',1624,,10200,13,,,0
3019,'1198432',1807,,10201,13,,,0
3019,'1198501',1708,,10202,13,,,0
3019,'1198514',638,,10203,13,,,0
3019,'1198654',1724,,10204,13,,,0
3019,'1198677',824,,10205,13,,,0
3019,'1198680',808,,10206,13,,,0
3019,'1198689',2357,,10207,13,,,0
3019,'1198691',1738,,10208,13,,,0
3019,'1198742',2207,,10209,13,,,0
3019,'1198777',1408,,10210,13,,,0
3019,'1198788',724,,10211,13,,,0
3019,'1198845',1024,,10212,13,,,0
3019,'1198989',2124,,10213,13,,,0
3019,'1198991',1824,,10214,13,,,0
3019,'1199009',1324,,10215,13,,,0
3019,'1199035',1208,,10216,13,,,0
3019,'1199052',2024,,10217,13,,,0
3019,'1199066',1124,,10218,13,,,0
3019,'1199133',1308,,10219,13,,,0
3019,'1199262',2307,,10220,13,,,0
3019,'1199277',738,,10221,13,,,0
3019,'1199346',1308,,10222,13,,,0
3019,'1199408',2037,,10223,13,,,0
3019,'1199412',1424,,10224,13,,,0
3019,'1199440',2307,,10225,13,,,0
3019,'1199509',807,,10226,13,,,0
3019,'1199600',1924,,10228,13,,,0
3019,'1199612',1108,,10229,13,,,0
