10019,'1193663',2220,,7564,18,,,0
10019,'1193667',621,,7566,18,,,0
10019,'1193668',950,,7567,18,,,0
10019,'1193678',2150,,7569,18,,,0
10019,'1193679',1825,,7570,18,,,0
10019,'1193680',750,,7571,18,,,0
10019,'1193682',650,,7573,18,,,0
10019,'1193687',1055,,7575,18,,,0
10019,'1193691',1755,,7576,18,,,0
10019,'1193697',1855,,7577,18,,,0
10019,'1193698',1920,,7578,18,,,0
10019,'1193700',2050,,7579,18,,,0
10019,'1193707',950,,7583,18,,,0
10019,'1193708',850,,7584,18,,,0
10019,'1193710',1255,,7586,18,,,0
10019,'1193715',1255,,7588,18,,,0
10019,'1193717',2120,,7589,18,,,0
10019,'1193718',1355,,7590,18,,,0
10019,'1193720',1620,,7591,18,,,0
10019,'1193724',1455,,7592,18,,,0
10019,'1193725',2020,,7593,18,,,0
10019,'1193731',1455,,7595,18,,,0
10019,'1193732',2320,,7596,18,,,0
10019,'1193733',1755,,7597,18,,,0
10019,'1193734',1155,,7598,18,,,0
10019,'1193737',1055,,7600,18,,,0
10019,'1193738',1155,,7601,18,,,0
10019,'1193739',2250,,7602,18,,,0
10019,'1193740',1655,,7603,18,,,0
10019,'1193743',1520,,7604,18,,,0
10019,'1193747',2350,,7605,18,,,0
10019,'1193749',1950,,7606,18,,,0
10019,'1193752',720,,7607,18,,,0
10019,'1193754',1720,,7608,18,,,0
10019,'1193755',1555,,7609,18,,,0
10019,'1193759',1355,,7611,18,,,0
10019,'1193761',1655,,7612,18,,,0
10019,'1193765',651,,7613,18,,,0
10019,'1193767',820,,7615,18,,,0
10019,'1193768',920,,7616,18,,,0
10019,'1193771',750,,7619,18,,,0
10019,'1193772',1555,,7620,18,,,0
10019,'1193779',850,,7623,18,,,0
