102019,'1197016',2203,,11865,17,,,0
102019,'1197206',1816,,11866,17,,,0
102019,'1197235',903,,11867,17,,,0
102019,'1197240',733,,11868,17,,,0
102019,'1197255',1333,,11869,17,,,0
102019,'1197609',916,,11870,17,,,0
102019,'1197643',1503,,11871,17,,,0
102019,'1197656',1903,,11872,17,,,0
102019,'1197775',1603,,11873,17,,,0
102019,'1197973',648,,11874,17,,,0
102019,'1197982',1803,,11875,17,,,0
102019,'1198067',703,,11876,17,,,0
102019,'1198088',2246,,11877,17,,,0
102019,'1198122',1933,,11878,17,,,0
102019,'1198163',1033,,11879,17,,,0
102019,'1198211',818,,11880,17,,,0
102019,'1198279',1133,,11881,17,,,0
102019,'1198403',1046,,11882,17,,,0
102019,'1198424',1433,,11883,17,,,0
102019,'1198486',1003,,11884,17,,,0
102019,'1198508',1516,,11885,17,,,0
102019,'1198523',1303,,11886,17,,,0
102019,'1198532',1216,,11887,17,,,0
102019,'1198591',2233,,11888,17,,,0
102019,'1198661',1633,,11889,17,,,0
102019,'1198730',2103,,11890,17,,,0
102019,'1198749',2033,,11891,17,,,0
102019,'1198805',1946,,11892,17,,,0
102019,'1198848',1646,,11893,17,,,0
102019,'1198865',2333,,11894,17,,,0
102019,'1199016',2116,,11895,17,,,0
102019,'1199130',2403,,11896,17,,,0
102019,'1199199',948,,11897,17,,,0
102019,'1199205',1203,,11898,17,,,0
102019,'1199328',1346,,11899,17,,,0
102019,'1199348',1733,,11900,17,,,0
102019,'1199363',1718,,11901,17,,,0
102019,'1199433',1548,,11902,17,,,0
102019,'1199474',603,,11903,17,,,0
102019,'1199507',833,,11904,17,,,0
102019,'1199572',1418,,11905,17,,,0
102019,'1199618',746,,11906,17,,,0
