105029,'1196840',2309,,12163,36,,,0
105029,'1196987',1024,,12164,36,,,0
105029,'1196996',1656,,12165,36,,,0
105029,'1197020',1540,,12166,36,,,0
105029,'1197097',1756,,12167,36,,,0
105029,'1197137',2022,,12168,36,,,0
105029,'1197220',2009,,12169,36,,,0
105029,'1197228',1511,,12170,36,,,0
105029,'1197231',739,,12171,36,,,0
105029,'1197439',1140,,12172,36,,,0
105029,'1197501',1940,,12173,36,,,0
105029,'1197522',2140,,12174,36,,,0
105029,'1197561',1011,,12175,36,,,0
105029,'1197638',940,,12176,36,,,0
105029,'1197840',2109,,12177,36,,,0
105029,'1197853',2209,,12178,36,,,0
105029,'1197918',1839,,12179,36,,,0
105029,'1197968',2340,,12180,36,,,0
105029,'1198013',1340,,12181,36,,,0
105029,'1198037',1111,,12182,36,,,0
105029,'1198064',1824,,12183,36,,,0
105029,'1198187',1224,,12184,36,,,0
105029,'1198214',1740,,12185,36,,,0
105029,'1198417',1324,,12186,36,,,0
105029,'1198447',1726,,12187,36,,,0
105029,'1198529',1524,,12188,36,,,0
105029,'1198616',709,,12189,36,,,0
105029,'1198625',1626,,12190,36,,,0
105029,'1198711',1326,,12191,36,,,0
105029,'1198718',1541,,12192,36,,,0
105029,'1198725',1724,,12193,36,,,0
105029,'1198779',822,,12194,36,,,0
105029,'1198918',1424,,12195,36,,,0
105029,'1198922',2414,,12196,36,,,0
105029,'1198923',639,,12197,36,,,0
105029,'1199012',622,,12198,36,,,0
105029,'1199037',1411,,12199,36,,,0
105029,'1199107',1441,,12200,36,,,0
105029,'1199124',2422,,12201,36,,,0
105029,'1199144',1226,,12202,36,,,0
105029,'1199148',740,,12203,36,,,0
105029,'1199220',1124,,12204,36,,,0
105029,'1199470',2222,,12205,36,,,0
105029,'1199473',909,,12206,36,,,0
105029,'1199604',809,,12207,36,,,0
105029,'1199607',1624,,12208,36,,,0
