26029,'1190602',1213,,8654,3,,,0
26029,'1190669',2213,,8656,3,,,0
26029,'1190686',1813,,8658,3,,,0
26029,'1190727',1713,,8660,3,,,0
26029,'1190889',612,,8661,3,,,0
26029,'1190895',1913,,8662,3,,,0
26029,'1190902',2113,,8663,3,,,0
26029,'1190943',1013,,8664,3,,,0
26029,'1191009',913,,8665,3,,,0
26029,'1191080',1513,,8666,3,,,0
26029,'1191118',1443,,8667,3,,,0
26029,'1191253',2212,,8669,3,,,0
26029,'1191440',813,,8671,3,,,0
26029,'1191491',712,,8673,3,,,0
26029,'1191544',1043,,8674,3,,,0
26029,'1191695',613,,8675,3,,,0
26029,'1191702',2113,,8676,3,,,0
26029,'1191808',2313,,8677,3,,,0
26029,'1191881',1713,,8678,3,,,0
26029,'1191902',812,,8679,3,,,0
26029,'1191938',1343,,8680,3,,,0
26029,'1191972',1313,,8682,3,,,0
26029,'1192047',1513,,8684,3,,,0
26029,'1192289',1113,,8687,3,,,0
26029,'1192423',1413,,8688,3,,,0
26029,'1192540',713,,8689,3,,,0
26029,'1192618',1614,,8690,3,,,0
26029,'1192622',2312,,8691,3,,,0
26029,'1192657',1813,,8693,3,,,0
26029,'1192671',1143,,8694,3,,,0
26029,'1192730',2013,,8695,3,,,0
26029,'1192852',912,,8697,3,,,0
26029,'1192966',1243,,8700,3,,,0
26029,'1193153',1613,,8702,3,,,0
26029,'1193187',2013,,8703,3,,,0
26029,'1193205',1013,,8704,3,,,0
26029,'1193297',1913,,8706,3,,,0
