3029,'1196871',648,,10230,22,,,0
3029,'1196875',2358,,10231,22,,,0
3029,'1196902',1549,,10232,22,,,0
3029,'1196918',1149,,10233,22,,,0
3029,'1196929',758,,10234,22,,,0
3029,'1197004',2147,,10235,22,,,0
3029,'1197012',1449,,10236,22,,,0
3029,'1197066',1858,,10237,22,,,0
3029,'1197101',1319,,10238,22,,,0
3029,'1197253',1558,,10239,22,,,0
3029,'1197290',818,,10240,22,,,0
3029,'1197380',2158,,10241,22,,,0
3029,'1197402',1619,,10242,22,,,0
3029,'1197413',2047,,10243,22,,,0
3029,'1197417',1058,,10244,22,,,0
3029,'1197427',2216,,10245,22,,,0
3029,'1197507',2347,,10246,22,,,0
3029,'1197510',1819,,10247,22,,,0
3029,'1197558',1018,,10248,22,,,0
3029,'1197601',948,,10249,22,,,0
3029,'1197654',1158,,10250,22,,,0
3029,'1197697',1219,,10251,22,,,0
3029,'1197823',1249,,10252,22,,,0
3029,'1197828',1419,,10253,22,,,0
3029,'1197856',1649,,10254,22,,,0
3029,'1197870',1349,,10255,22,,,0
3029,'1197895',2116,,10256,22,,,0
3029,'1197903',1947,,10257,22,,,0
3029,'1197920',1258,,10258,22,,,0
3029,'1197958',2247,,10259,22,,,0
3029,'1197998',2146,,10260,22,,,0
3029,'1198039',1658,,10261,22,,,0
3029,'1198070',1749,,10262,22,,,0
3029,'1198115',958,,10263,22,,,0
3029,'1198165',1758,,10264,22,,,0
3029,'1198246',1549,,10265,22,,,0
3029,'1198281',1749,,10266,22,,,0
3029,'1198295',747,,10267,22,,,0
3029,'1198310',2246,,10268,22,,,0
3029,'1198321',1048,,10269,22,,,0
3029,'1198363',1249,,10270,22,,,0
3029,'1198395',748,,10271,22,,,0
3029,'1198434',1519,,10272,22,,,0
3029,'1198445',1149,,10273,22,,,0
3029,'1198462',2046,,10274,22,,,0
3029,'1198484',2258,,10275,22,,,0
3029,'1198500',1719,,10276,22,,,0
3029,'1198518',947,,10277,22,,,0
3029,'1198562',1358,,10278,22,,,0
3029,'1198577',1449,,10279,22,,,0
3029,'1198614',647,,10280,22,,,0
3029,'1198734',1846,,10281,22,,,0
3029,'1198836',848,,10282,22,,,0
3029,'1198936',1458,,10283,22,,,0
3029,'1198983',2058,,10284,22,,,0
3029,'1199061',847,,10285,22,,,0
3029,'1199094',1946,,10286,22,,,0
3029,'1199112',2343,,10287,22,,,0
3029,'1199231',1958,,10288,22,,,0
3029,'1199421',1649,,10289,22,,,0
3029,'1199431',1047,,10290,22,,,0
3029,'1199453',1847,,10291,22,,,0
3029,'1199460',1349,,10292,22,,,0
3029,'1199521',918,,10293,22,,,0
3029,'1199533',1916,,10294,22,,,0
3029,'1199547',718,,10295,22,,,0
3029,'1199601',1118,,10296,22,,,0
3029,'1199629',858,,10297,22,,,0
3029,'1199646',2016,,10298,22,,,0
