3019,'1196834',1813,,10159,20,,,0
3019,'1196848',2113,,10160,20,,,0
3019,'1196854',713,,10161,20,,,0
3019,'1196968',1229,,10162,20,,,0
3019,'1196971',2013,,10163,20,,,0
3019,'1197069',714,,10164,20,,,0
3019,'1197076',2143,,10165,20,,,0
3019,'1197107',1244,,10166,20,,,0
3019,'1197120',2413,,10167,20,,,0
3019,'1197318',2213,,10168,20,,,0
3019,'1197369',2329,,10169,20,,,0
3019,'1197372',2229,,10170,20,,,0
3019,'1197378',913,,10171,20,,,0
3019,'1197462',914,,10172,20,,,0
3019,'1197478',1614,,10173,20,,,0
3019,'1197537',929,,10174,20,,,0
3019,'1197572',1344,,10175,20,,,0
3019,'1197590',844,,10176,20,,,0
3019,'1197618',1714,,10177,20,,,0
3019,'1197731',2013,,10179,20,,,0
3019,'1197748',1014,,10180,20,,,0
3019,'1197755',1044,,10181,20,,,0
3019,'1197810',1444,,10182,20,,,0
3019,'1197819',1913,,10183,20,,,0
3019,'1197850',1544,,10184,20,,,0
3019,'1197851',944,,10185,20,,,0
3019,'1197897',1114,,10186,20,,,0
3019,'1197923',1214,,10187,20,,,0
3019,'1197941',1514,,10188,20,,,0
3019,'1198025',1614,,10189,20,,,0
3019,'1198093',1843,,10190,20,,,0
3019,'1198098',1144,,10191,20,,,0
3019,'1198111',1013,,10192,20,,,0
3019,'1198119',1529,,10193,20,,,0
3019,'1198124',1414,,10194,20,,,0
3019,'1198153',1913,,10195,20,,,0
3019,'1198229',1514,,10196,20,,,0
3019,'1198237',1644,,10197,20,,,0
3019,'1198265',2113,,10198,20,,,0
3019,'1198278',1943,,10199,20,,,0
3019,'1198430',1629,,10200,20,,,0
3019,'1198432',1813,,10201,20,,,0
3019,'1198501',1714,,10202,20,,,0
3019,'1198514',644,,10203,20,,,0
3019,'1198654',1729,,10204,20,,,0
3019,'1198677',829,,10205,20,,,0
3019,'1198680',814,,10206,20,,,0
3019,'1198689',2403,,10207,20,,,0
3019,'1198691',1744,,10208,20,,,0
3019,'1198742',2213,,10209,20,,,0
3019,'1198777',1414,,10210,20,,,0
3019,'1198788',729,,10211,20,,,0
3019,'1198845',1029,,10212,20,,,0
3019,'1198989',2129,,10213,20,,,0
3019,'1198991',1829,,10214,20,,,0
3019,'1199009',1329,,10215,20,,,0
3019,'1199035',1214,,10216,20,,,0
3019,'1199052',2029,,10217,20,,,0
3019,'1199066',1129,,10218,20,,,0
3019,'1199133',1314,,10219,20,,,0
3019,'1199262',2313,,10220,20,,,0
3019,'1199277',744,,10221,20,,,0
3019,'1199346',1314,,10222,20,,,0
3019,'1199408',2043,,10223,20,,,0
3019,'1199412',1429,,10224,20,,,0
3019,'1199440',2313,,10225,20,,,0
3019,'1199509',813,,10226,20,,,0
3019,'1199600',1929,,10228,20,,,0
3019,'1199612',1114,,10229,20,,,0
