13019,'1196852',1343,,10793,41,,,0
13019,'1196856',1741,,10794,41,,,0
13019,'1196922',640,,10795,15,,,0
13019,'1196999',942,,10796,41,,,0
13019,'1197035',641,,10797,41,,,0
13019,'1197132',1513,,10798,41,,,0
13019,'1197251',1613,,10799,41,,,0
13019,'1197279',741,,10800,41,,,0
13019,'1197353',2311,,10801,41,,,0
13019,'1197357',1841,,10802,41,,,0
13019,'1197451',2241,,10803,41,,,0
13019,'1197487',842,,10804,41,,,0
13019,'1197555',1643,,10805,41,,,0
13019,'1197570',941,,10806,41,,,0
13019,'1197575',1641,,10807,41,,,0
13019,'1197641',2041,,10808,41,,,0
13019,'1197645',1713,,10809,41,,,0
13019,'1197648',711,,10810,41,,,0
13019,'1197690',1641,,10811,41,,,0
13019,'1197692',1743,,10812,41,,,0
13019,'1197730',1443,,10813,41,,,0
13019,'1197762',2416,,10814,41,,,0
13019,'1197803',741,,10815,41,,,0
13019,'1197834',1241,,10816,41,,,0
13019,'1197854',2041,,10817,41,,,0
13019,'1197962',1341,,10818,41,,,0
13019,'1197975',1044,,10819,41,,,0
13019,'1198041',1141,,10820,41,,,0
13019,'1198094',1811,,10821,41,,,0
13019,'1198160',841,,10822,41,,,0
13019,'1198201',1241,,10823,41,,,0
13019,'1198243',1841,,10824,41,,,0
13019,'1198290',2211,,10825,41,,,0
13019,'1198352',741,,10826,41,,,0
13019,'1198355',1911,,10827,41,,,0
13019,'1198382',811,,10828,41,,,0
13019,'1198402',2241,,10829,41,,,0
13019,'1198552',2141,,10830,41,,,0
13019,'1198554',1941,,10831,41,,,0
13019,'1198602',1141,,10832,41,,,0
13019,'1198611',2011,,10833,41,,,0
13019,'1198630',1543,,10834,41,,,0
13019,'1198675',1243,,10835,41,,,0
13019,'1198690',611,,10836,15,,,0
13019,'1198716',1041,,10837,41,,,0
13019,'1198729',1011,,10838,41,,,0
13019,'1198761',1341,,10839,41,,,0
13019,'1198778',941,,10840,41,,,0
13019,'1198837',2341,,10841,41,,,0
13019,'1198874',1143,,10842,41,,,0
13019,'1198888',912,,10843,41,,,0
13019,'1199044',841,,10844,41,,,0
13019,'1199123',1041,,10845,41,,,0
13019,'1199151',1441,,10846,41,,,0
13019,'1199233',1441,,10847,41,,,0
13019,'1199276',1541,,10848,41,,,0
13019,'1199284',2111,,10849,41,,,0
13019,'1199418',1941,,10850,41,,,0
13019,'1199448',1741,,10851,41,,,0
13019,'1199536',2141,,10852,41,,,0
13019,'1199588',2341,,10853,41,,,0
13019,'1199631',1541,,10854,41,,,0
101029,'1196911',746,,11834,23,,,0
101029,'1197033',1829,,11835,23,,,0
101029,'1197060',846,,11836,23,,,0
101029,'1197096',1029,,11837,23,,,0
101029,'1197257',1046,,11838,23,,,0
101029,'1197272',1231,,11839,23,,,0
101029,'1197326',1548,,11840,23,,,0
101029,'1197581',2029,,11841,23,,,0
101029,'1197673',1431,,11842,23,,,0
101029,'1197747',2146,,11843,23,,,0
101029,'1197977',1631,,11844,23,,,0
101029,'1198059',631,,11845,23,,,0
101029,'1198116',1031,,11846,23,,,0
101029,'1198125',831,,11847,23,,,0
101029,'1198200',1229,,11848,23,,,0
101029,'1198251',946,,11849,23,,,0
101029,'1198346',829,,11850,23,,,0
101029,'1198498',2229,,11851,23,,,0
101029,'1198530',2231,,11852,23,,,0
101029,'1198631',1648,,11853,23,,,0
101029,'1198644',2406,,11854,23,,,0
101029,'1198710',1629,,11855,23,,,0
101029,'1198715',1746,,11856,23,,,0
101029,'1198953',2031,,11857,23,,,0
101029,'1198984',1348,,11858,23,,,0
101029,'1199108',1248,,11859,23,,,0
101029,'1199117',646,,11860,23,,,0
101029,'1199304',1831,,11861,23,,,0
101029,'1199366',1429,,11862,23,,,0
101029,'1199567',1946,,11863,23,,,0
101029,'1199585',1448,,11864,23,,,0
101029,'1199990',1248,,12786,23,,,0
101029,'1199994',1548,,12787,23,,,0
101029,'1199997',746,,12788,23,,,0
101029,'1199998',1746,,12789,23,,,0
101029,'1199999',1046,,12790,23,,,0
101029,'1200000',2406,,12791,23,,,0
101029,'1200001',646,,12792,23,,,0
101029,'1200002',1648,,12793,23,,,0
101029,'1200005',1448,,12794,23,,,0
101029,'1200007',946,,12795,23,,,0
101029,'1200010',1348,,12796,23,,,0
101029,'1200012',1946,,12797,23,,,0
101029,'1200016',2146,,12798,23,,,0
101029,'1200017',846,,12799,23,,,0
