25029,'1196916',951,,11367,7,,,0
25029,'1196933',1551,,11368,7,,,0
25029,'1196986',1135,,11369,7,,,0
25029,'1197030',2150,,11370,7,,,0
25029,'1197059',649,,11371,7,,,0
25029,'1197302',1850,,11372,7,,,0
25029,'1197319',851,,11373,7,,,0
25029,'1197349',1251,,11374,7,,,0
25029,'1197435',2035,,11375,7,,,0
25029,'1197457',2050,,11376,7,,,0
25029,'1197616',2410,,11377,7,,,0
25029,'1197705',2235,,11378,7,,,0
25029,'1197793',1621,,11379,7,,,0
25029,'1197804',735,,11380,7,,,0
25029,'1197835',1651,,11381,7,,,0
25029,'1197846',921,,11382,7,,,0
25029,'1197932',721,,11383,7,,,0
25029,'1198032',935,,11384,7,,,0
25029,'1198046',1021,,11385,7,,,0
25029,'1198129',1451,,11386,7,,,0
25029,'1198137',2250,,11387,7,,,0
25029,'1198143',1235,,11388,7,,,0
25029,'1198148',1850,,11389,7,,,0
25029,'1198154',1321,,11390,7,,,0
25029,'1198159',751,,11391,7,,,0
25029,'1198222',1935,,11392,7,,,0
25029,'1198225',1551,,11393,7,,,0
25029,'1198233',1721,,11394,7,,,0
25029,'1198344',2150,,11395,7,,,0
25029,'1198370',1451,,11396,7,,,0
25029,'1198438',1221,,11397,7,,,0
25029,'1198503',1651,,11398,7,,,0
25029,'1198561',2335,,11399,7,,,0
25029,'1198597',1051,,11400,7,,,0
25029,'1198609',2050,,11401,7,,,0
25029,'1198649',2135,,11402,7,,,0
25029,'1198679',1751,,11403,7,,,0
25029,'1198692',1151,,11404,7,,,0
25029,'1198706',651,,11405,7,,,0
25029,'1198719',2250,,11406,7,,,0
25029,'1198720',1735,,11407,7,,,0
25029,'1198786',1521,,11408,7,,,0
25029,'1198863',1421,,11409,7,,,0
25029,'1198875',850,,11410,7,,,0
25029,'1198879',1950,,11411,7,,,0
25029,'1198885',1035,,11412,7,,,0
25029,'1198987',1835,,11413,7,,,0
25029,'1198994',1535,,11414,7,,,0
25029,'1199055',749,,11415,7,,,0
25029,'1199102',2349,,11416,7,,,0
25029,'1199182',821,,11417,7,,,0
25029,'1199195',1121,,11418,7,,,0
25029,'1199236',951,,11419,7,,,0
25029,'1199255',1435,,11420,7,,,0
25029,'1199294',1335,,11421,7,,,0
25029,'1199362',1950,,11422,7,,,0
25029,'1199541',1750,,11423,7,,,0
25029,'1199549',1635,,11424,7,,,0
25029,'1199576',1351,,11425,7,,,0
25029,'1199642',835,,11426,7,,,0
26029,'1196873',1806,,11480,16,,,0
26029,'1196910',2306,,11481,16,,,0
26029,'1196913',1121,,11482,16,,,0
26029,'1196977',1621,,11483,16,,,0
26029,'1196980',1021,,11484,16,,,0
26029,'1197179',2021,,11485,16,,,0
26029,'1197404',1251,,11486,16,,,0
26029,'1197498',1921,,11487,16,,,0
26029,'1197625',921,,11488,16,,,0
26029,'1197661',1021,,11489,16,,,0
26029,'1197679',1906,,11490,16,,,0
26029,'1197751',2220,,11491,16,,,0
26029,'1197754',620,,11492,16,,,0
26029,'1197782',1521,,11493,16,,,0
26029,'1197814',2221,,11494,16,,,0
26029,'1197860',820,,11495,16,,,0
26029,'1197884',806,,11496,16,,,0
26029,'1197936',1321,,11497,16,,,0
26029,'1197940',1221,,11498,16,,,0
26029,'1197960',1151,,11499,16,,,0
26029,'1197999',2121,,11500,16,,,0
26029,'1198011',1606,,11501,16,,,0
26029,'1198044',1406,,11502,16,,,0
26029,'1198105',2121,,11503,16,,,0
26029,'1198189',1821,,11504,16,,,0
26029,'1198210',1051,,11505,16,,,0
26029,'1198276',1622,,11506,16,,,0
26029,'1198303',1206,,11507,16,,,0
26029,'1198354',2021,,11508,16,,,0
26029,'1198406',621,,11509,16,,,0
26029,'1198482',1106,,11510,16,,,0
26029,'1198544',1706,,11511,16,,,0
26029,'1198822',2320,,11512,16,,,0
26029,'1198850',1821,,11513,16,,,0
26029,'1198867',1506,,11514,16,,,0
26029,'1198935',720,,11515,16,,,0
26029,'1198937',2006,,11516,16,,,0
26029,'1199008',721,,11517,16,,,0
26029,'1199034',1921,,11518,16,,,0
26029,'1199114',2321,,11519,16,,,0
26029,'1199122',1721,,11520,16,,,0
26029,'1199135',1521,,11521,16,,,0
26029,'1199139',1006,,11522,16,,,0
26029,'1199216',2206,,11523,16,,,0
26029,'1199265',1306,,11524,16,,,0
26029,'1199273',906,,11525,16,,,0
26029,'1199292',1721,,11526,16,,,0
26029,'1199311',1451,,11527,16,,,0
26029,'1199314',1351,,11528,16,,,0
26029,'1199512',2106,,11529,16,,,0
26029,'1199532',920,,11530,16,,,0
26029,'1199605',1421,,11531,16,,,0
26029,'1199628',821,,11532,16,,,0
104029,'1196835',2020,,12074,43,,,0
104029,'1196857',820,,12075,43,,,0
104029,'1196889',821,,12076,43,,,0
104029,'1196928',1805,,12077,43,,,0
104029,'1197002',705,,12078,43,,,0
104029,'1197045',1603,,12079,43,,,0
104029,'1197133',850,,12080,43,,,0
104029,'1197341',1303,,12081,43,,,0
104029,'1197454',1821,,12082,43,,,0
104029,'1197461',735,,12083,43,,,0
104029,'1197467',2221,,12084,43,,,0
104029,'1197481',620,,12085,43,,,0
104029,'1197553',2150,,12086,43,,,0
104029,'1197574',935,,12087,43,,,0
104029,'1197583',2205,,12088,43,,,0
104029,'1197794',1820,,12089,43,,,0
104029,'1197965',1421,,12090,43,,,0
104029,'1197979',1550,,12091,43,,,0
104029,'1198234',1050,,12092,43,,,0
104029,'1198287',1648,,12093,43,,,0
104029,'1198288',1218,,12094,43,,,0
104029,'1198449',1320,,12095,43,,,0
104029,'1198458',1935,,12096,43,,,0
104029,'1198510',1005,,12097,43,,,0
104029,'1198521',820,,12098,43,,,0
104029,'1198558',1705,,12099,43,,,0
104029,'1198578',1733,,12100,43,,,0
104029,'1198686',1433,,12101,43,,,0
104029,'1198694',1518,,12102,43,,,0
104029,'1198755',1021,,12103,43,,,0
104029,'1198909',1221,,12104,43,,,0
104029,'1198979',1205,,12105,43,,,0
104029,'1199045',2320,,12106,43,,,0
104029,'1199127',2320,,12107,43,,,0
104029,'1199159',1348,,12108,43,,,0
104029,'1199181',935,,12109,43,,,0
104029,'1199193',1621,,12110,43,,,0
104029,'1199356',1435,,12111,43,,,0
104029,'1199360',2050,,12112,43,,,0
104029,'1199374',705,,12113,43,,,0
104029,'1199380',1050,,12114,43,,,0
104029,'1199442',1850,,12115,43,,,0
104029,'1199577',2021,,12116,43,,,0
