20019,'1190619',649,,8208,22,,,0
20019,'1190641',1720,,8209,22,,,0
20019,'1190738',618,,8210,22,,,0
20019,'1190758',1650,,8211,22,,,0
20019,'1190774',1849,,8212,22,,,0
20019,'1190805',1420,,8213,22,,,0
20019,'1190858',2348,,8216,22,,,0
20019,'1190997',820,,8218,22,,,0
20019,'1191053',849,,8219,22,,,0
20019,'1191089',2149,,8220,22,,,0
20019,'1191136',1920,,8221,22,,,0
20019,'1191180',1349,,8222,22,,,0
20019,'1191306',719,,8224,22,,,0
20019,'1191365',2119,,8225,22,,,0
20019,'1191367',2049,,8226,22,,,0
20019,'1191430',1549,,8228,22,,,0
20019,'1191441',1750,,8229,22,,,0
20019,'1191503',949,,8231,22,,,0
20019,'1191515',648,,8233,22,,,0
20019,'1191641',1820,,8234,22,,,0
20019,'1191735',1949,,8236,22,,,0
20019,'1191765',1049,,8237,22,,,0
20019,'1191882',2249,,8239,22,,,0
20019,'1191930',1649,,8240,22,,,0
20019,'1191994',1120,,8241,22,,,0
20019,'1192132',1320,,8242,22,,,0
20019,'1192365',1749,,8243,22,,,0
20019,'1192376',1220,,8244,22,,,0
20019,'1192518',749,,8248,22,,,0
20019,'1192714',1149,,8252,22,,,0
20019,'1192729',1020,,8253,22,,,0
20019,'1192784',2219,,8254,22,,,0
20019,'1192905',1620,,8255,22,,,0
20019,'1192933',2020,,8257,22,,,0
20019,'1193041',2319,,8258,22,,,0
20019,'1193116',2419,,8259,22,,,0
20019,'1193175',749,,8260,22,,,0
20019,'1193197',920,,8261,22,,,0
20019,'1193231',1249,,8262,22,,,0
20019,'1193236',1449,,8263,22,,,0
20019,'1193274',1521,,8265,22,,,0
