3019,'1196834',1812,,10159,19,,,0
3019,'1196848',2112,,10160,19,,,0
3019,'1196854',712,,10161,19,,,0
3019,'1196968',1228,,10162,19,,,0
3019,'1196971',2012,,10163,19,,,0
3019,'1197069',713,,10164,19,,,0
3019,'1197076',2142,,10165,19,,,0
3019,'1197107',1243,,10166,19,,,0
3019,'1197120',2412,,10167,19,,,0
3019,'1197318',2212,,10168,19,,,0
3019,'1197369',2328,,10169,19,,,0
3019,'1197372',2228,,10170,19,,,0
3019,'1197378',912,,10171,19,,,0
3019,'1197462',913,,10172,19,,,0
3019,'1197478',1613,,10173,19,,,0
3019,'1197537',928,,10174,19,,,0
3019,'1197572',1343,,10175,19,,,0
3019,'1197590',843,,10176,19,,,0
3019,'1197618',1713,,10177,19,,,0
3019,'1197731',2012,,10179,19,,,0
3019,'1197748',1013,,10180,19,,,0
3019,'1197755',1043,,10181,19,,,0
3019,'1197810',1443,,10182,19,,,0
3019,'1197819',1912,,10183,19,,,0
3019,'1197850',1543,,10184,19,,,0
3019,'1197851',943,,10185,19,,,0
3019,'1197897',1113,,10186,19,,,0
3019,'1197923',1213,,10187,19,,,0
3019,'1197941',1513,,10188,19,,,0
3019,'1198025',1613,,10189,19,,,0
3019,'1198093',1842,,10190,19,,,0
3019,'1198098',1143,,10191,19,,,0
3019,'1198111',1012,,10192,19,,,0
3019,'1198119',1528,,10193,19,,,0
3019,'1198124',1413,,10194,19,,,0
3019,'1198153',1912,,10195,19,,,0
3019,'1198229',1513,,10196,19,,,0
3019,'1198237',1643,,10197,19,,,0
3019,'1198265',2112,,10198,19,,,0
3019,'1198278',1942,,10199,19,,,0
3019,'1198430',1628,,10200,19,,,0
3019,'1198432',1812,,10201,19,,,0
3019,'1198501',1713,,10202,19,,,0
3019,'1198514',643,,10203,19,,,0
3019,'1198654',1728,,10204,19,,,0
3019,'1198677',828,,10205,19,,,0
3019,'1198680',813,,10206,19,,,0
3019,'1198689',2402,,10207,19,,,0
3019,'1198691',1743,,10208,19,,,0
3019,'1198742',2212,,10209,19,,,0
3019,'1198777',1413,,10210,19,,,0
3019,'1198788',728,,10211,19,,,0
3019,'1198845',1028,,10212,19,,,0
3019,'1198989',2128,,10213,19,,,0
3019,'1198991',1828,,10214,19,,,0
3019,'1199009',1328,,10215,19,,,0
3019,'1199035',1213,,10216,19,,,0
3019,'1199052',2028,,10217,19,,,0
3019,'1199066',1128,,10218,19,,,0
3019,'1199133',1313,,10219,19,,,0
3019,'1199262',2312,,10220,19,,,0
3019,'1199277',743,,10221,19,,,0
3019,'1199346',1313,,10222,19,,,0
3019,'1199408',2042,,10223,19,,,0
3019,'1199412',1428,,10224,19,,,0
3019,'1199440',2312,,10225,19,,,0
3019,'1199509',812,,10226,19,,,0
3019,'1199600',1928,,10228,19,,,0
3019,'1199612',1113,,10229,19,,,0
