105029,'1196840',2328,,12163,74,,,0
105029,'1196987',1043,,12164,74,,,0
105029,'1196996',1716,,12165,74,,,0
105029,'1197020',1600,,12166,74,,,0
105029,'1197097',1816,,12167,74,,,0
105029,'1197137',2041,,12168,74,,,0
105029,'1197220',2028,,12169,74,,,0
105029,'1197228',1531,,12170,74,,,0
105029,'1197231',758,,12171,74,,,0
105029,'1197439',1200,,12172,74,,,0
105029,'1197501',2000,,12173,74,,,0
105029,'1197522',2200,,12174,74,,,0
105029,'1197561',1031,,12175,74,,,0
105029,'1197638',1000,,12176,74,,,0
105029,'1197840',2128,,12177,74,,,0
105029,'1197853',2228,,12178,74,,,0
105029,'1197918',1858,,12179,74,,,0
105029,'1197968',2400,,12180,74,,,0
105029,'1198013',1400,,12181,74,,,0
105029,'1198037',1131,,12182,74,,,0
105029,'1198064',1843,,12183,74,,,0
105029,'1198187',1243,,12184,74,,,0
105029,'1198214',1800,,12185,74,,,0
105029,'1198417',1343,,12186,74,,,0
105029,'1198447',1746,,12187,74,,,0
105029,'1198529',1543,,12188,74,,,0
105029,'1198616',728,,12189,74,,,0
105029,'1198625',1646,,12190,74,,,0
105029,'1198711',1346,,12191,74,,,0
105029,'1198718',1601,,12192,74,,,0
105029,'1198725',1743,,12193,74,,,0
105029,'1198779',841,,12194,74,,,0
105029,'1198918',1443,,12195,74,,,0
105029,'1198922',2433,,12196,74,,,0
105029,'1198923',658,,12197,74,,,0
105029,'1199012',641,,12198,74,,,0
105029,'1199037',1431,,12199,74,,,0
105029,'1199107',1501,,12200,74,,,0
105029,'1199124',2441,,12201,74,,,0
105029,'1199144',1246,,12202,74,,,0
105029,'1199148',800,,12203,74,,,0
105029,'1199220',1143,,12204,74,,,0
105029,'1199470',2241,,12205,74,,,0
105029,'1199473',928,,12206,74,,,0
105029,'1199604',828,,12207,74,,,0
105029,'1199607',1643,,12208,74,,,0
