3019,'1196834',1803,,10159,5,,,0
3019,'1196848',2103,,10160,5,,,0
3019,'1196854',703,,10161,5,,,0
3019,'1196968',1220,,10162,5,,,0
3019,'1196971',2003,,10163,5,,,0
3019,'1197069',703,,10164,5,,,0
3019,'1197076',2133,,10165,5,,,0
3019,'1197107',1233,,10166,5,,,0
3019,'1197120',2403,,10167,5,,,0
3019,'1197318',2203,,10168,5,,,0
3019,'1197369',2320,,10169,5,,,0
3019,'1197372',2220,,10170,5,,,0
3019,'1197378',903,,10171,5,,,0
3019,'1197462',903,,10172,5,,,0
3019,'1197478',1603,,10173,5,,,0
3019,'1197537',920,,10174,5,,,0
3019,'1197572',1333,,10175,5,,,0
3019,'1197590',833,,10176,5,,,0
3019,'1197618',1703,,10177,5,,,0
3019,'1197731',2003,,10179,5,,,0
3019,'1197748',1003,,10180,5,,,0
3019,'1197755',1033,,10181,5,,,0
3019,'1197810',1433,,10182,5,,,0
3019,'1197819',1903,,10183,5,,,0
3019,'1197850',1533,,10184,5,,,0
3019,'1197851',933,,10185,5,,,0
3019,'1197897',1103,,10186,5,,,0
3019,'1197923',1203,,10187,5,,,0
3019,'1197941',1503,,10188,5,,,0
3019,'1198025',1603,,10189,5,,,0
3019,'1198093',1833,,10190,5,,,0
3019,'1198098',1133,,10191,5,,,0
3019,'1198111',1003,,10192,5,,,0
3019,'1198119',1520,,10193,5,,,0
3019,'1198124',1403,,10194,5,,,0
3019,'1198153',1903,,10195,5,,,0
3019,'1198229',1503,,10196,5,,,0
3019,'1198237',1633,,10197,5,,,0
3019,'1198265',2103,,10198,5,,,0
3019,'1198278',1933,,10199,5,,,0
3019,'1198430',1620,,10200,5,,,0
3019,'1198432',1803,,10201,5,,,0
3019,'1198501',1703,,10202,5,,,0
3019,'1198514',633,,10203,5,,,0
3019,'1198654',1720,,10204,5,,,0
3019,'1198677',820,,10205,5,,,0
3019,'1198680',803,,10206,5,,,0
3019,'1198689',2353,,10207,5,,,0
3019,'1198691',1733,,10208,5,,,0
3019,'1198742',2203,,10209,5,,,0
3019,'1198777',1403,,10210,5,,,0
3019,'1198788',720,,10211,5,,,0
3019,'1198845',1020,,10212,5,,,0
3019,'1198989',2120,,10213,5,,,0
3019,'1198991',1820,,10214,5,,,0
3019,'1199009',1320,,10215,5,,,0
3019,'1199035',1203,,10216,5,,,0
3019,'1199052',2020,,10217,5,,,0
3019,'1199066',1120,,10218,5,,,0
3019,'1199133',1303,,10219,5,,,0
3019,'1199262',2303,,10220,5,,,0
3019,'1199277',733,,10221,5,,,0
3019,'1199346',1303,,10222,5,,,0
3019,'1199408',2033,,10223,5,,,0
3019,'1199412',1420,,10224,5,,,0
3019,'1199440',2303,,10225,5,,,0
3019,'1199509',803,,10226,5,,,0
3019,'1199600',1920,,10228,5,,,0
3019,'1199612',1103,,10229,5,,,0
