11029,'1199774',1538,,10550,26,,,0
11029,'1199777',952,,10551,26,,,0
11029,'1199778',1338,,10552,26,,,0
11029,'1199779',2335,,10553,26,,,0
11029,'1199780',1236,,10554,26,,,0
11029,'1199781',1152,,10555,26,,,0
11029,'1199782',1653,,10556,26,,,0
11029,'1199783',2236,,10557,26,,,0
11029,'1199785',1335,,10558,26,,,0
11029,'1199786',822,,10559,26,,,0
11029,'1199787',1638,,10560,26,,,0
11029,'1199788',1608,,10561,26,,,0
11029,'1199789',1453,,10562,26,,,0
11029,'1199790',1505,,10563,26,,,0
11029,'1199791',1135,,10564,26,,,0
11029,'1199792',1553,,10565,26,,,0
11029,'1199793',2352,,10566,26,,,0
11029,'1199794',837,,10567,26,,,0
11029,'1199795',1508,,10568,26,,,0
11029,'1199796',1207,,10569,26,,,0
11029,'1199797',1808,,10570,26,,,0
11029,'1199799',752,,10571,26,,,0
11029,'1199800',1723,,10572,26,,,0
11029,'1199804',937,,10573,26,,,0
11029,'1199808',1036,,10574,26,,,0
11029,'1199809',1738,,10575,26,,,0
11029,'1199810',1107,,10576,26,,,0
11029,'1199811',1052,,10577,26,,,0
11029,'1199812',1605,,10578,26,,,0
11029,'1199813',2336,,10579,26,,,0
11029,'1199814',1238,,10580,26,,,0
11029,'1199815',1635,,10581,26,,,0
11029,'1199816',1205,,10582,26,,,0
11029,'1199818',737,,10583,26,,,0
11029,'1199819',1137,,10584,26,,,0
11029,'1199820',1753,,10585,26,,,0
11029,'1199821',1535,,10586,26,,,0
11029,'1199823',1305,,10587,26,,,0
11029,'1199825',2035,,10588,26,,,0
11029,'1199826',2412,,10589,26,,,0
11029,'1199828',1423,,10590,26,,,0
11029,'1199830',1323,,10591,26,,,0
11029,'1199831',2022,,10592,26,,,0
11029,'1199834',652,,10593,26,,,0
11029,'1199836',807,,10594,26,,,0
11029,'1199838',1523,,10595,26,,,0
11029,'1199839',736,,10596,26,,,0
11029,'1199843',1353,,10597,26,,,0
11029,'1199844',2036,,10598,26,,,0
11029,'1199846',1438,,10599,26,,,0
11029,'1199847',936,,10600,26,,,0
11029,'1199848',922,,10601,26,,,0
11029,'1199849',2136,,10602,26,,,0
11029,'1199850',1536,,10603,26,,,0
11029,'1199852',722,,10604,26,,,0
11029,'1199853',1007,,10605,26,,,0
11029,'1199854',852,,10606,26,,,0
11029,'1199855',1636,,10607,26,,,0
11029,'1199856',2135,,10608,26,,,0
11029,'1199858',1623,,10609,26,,,0
11029,'1199860',1037,,10610,26,,,0
11029,'1199862',1952,,10611,26,,,0
11029,'1199863',835,,10612,26,,,0
11029,'1199864',1223,,10613,26,,,0
11029,'1199865',1735,,10614,26,,,0
11029,'1199866',1235,,10615,26,,,0
11029,'1199867',2052,,10616,26,,,0
11029,'1199869',1435,,10617,26,,,0
11029,'1199870',1336,,10618,26,,,0
11029,'1199871',1405,,10619,26,,,0
11029,'1199873',2222,,10620,26,,,0
11029,'1199874',1122,,10621,26,,,0
11029,'1199875',1022,,10622,26,,,0
11029,'1199876',707,,10623,26,,,0
11029,'1199877',1736,,10624,26,,,0
11029,'1199878',1708,,10625,26,,,0
11029,'1199881',1835,,10626,26,,,0
11029,'1199882',1922,,10627,26,,,0
11029,'1199883',1136,,10628,26,,,0
11029,'1199884',1936,,10629,26,,,0
11029,'1199886',1935,,10630,26,,,0
11029,'1199889',735,,10631,26,,,0
11029,'1199890',2122,,10632,26,,,0
11029,'1199891',2235,,10633,26,,,0
11029,'1199892',1836,,10634,26,,,0
11029,'1199893',1035,,10635,26,,,0
11029,'1199898',907,,10636,26,,,0
11029,'1199899',1852,,10637,26,,,0
11029,'1199902',1822,,10638,26,,,0
11029,'1199903',935,,10639,26,,,0
11029,'1199904',1705,,10640,26,,,0
11029,'1199906',637,,10641,26,,,0
11029,'1199907',2322,,10642,26,,,0
11029,'1199910',2252,,10643,26,,,0
11029,'1199911',2152,,10644,26,,,0
11029,'1199912',1408,,10645,26,,,0
11029,'1199913',1253,,10646,26,,,0
11029,'1199914',1308,,10647,26,,,0
11029,'1199919',836,,10648,26,,,0
11029,'1199920',1436,,10649,26,,,0
22029,'1196872',1454,,11159,4,,,0
22029,'1197509',1053,,11160,4,,,0
22029,'1197841',1254,,11161,4,,,0
22029,'1198320',1423,,11162,4,,,0
22029,'1198325',1823,,11163,4,,,0
22029,'1198632',1023,,11164,4,,,0
22029,'1198895',1623,,11165,4,,,0
22029,'1199147',853,,11166,4,,,0
22029,'1199241',1223,,11167,4,,,0
22029,'1199309',823,,11168,4,,,0
140001029,'1196879',627,,12358,18,,,0
140001029,'1196954',958,,12359,18,,,0
140001029,'1196975',1029,,12360,18,,,0
140001029,'1196976',2327,,12361,18,,,0
140001029,'1197010',1344,,12362,18,,,0
140001029,'1197038',1114,,12363,18,,,0
140001029,'1197058',1842,,12364,18,,,0
140001029,'1197078',1127,,12365,18,,,0
140001029,'1197099',2257,,12366,18,,,0
140001029,'1197105',2327,,12367,18,,,0
140001029,'1197113',857,,12368,18,,,0
140001029,'1197141',1445,,12369,18,,,0
140001029,'1197155',1743,,12370,18,,,0
140001029,'1197162',942,,12371,18,,,0
140001029,'1197190',1600,,12372,18,,,0
140001029,'1197195',1700,,12373,18,,,0
140001029,'1197198',1400,,12374,18,,,0
140001029,'1197204',928,,12375,18,,,0
140001029,'1197222',1229,,12376,18,,,0
140001029,'1197249',1228,,12377,18,,,0
140001029,'1197271',1943,,12378,18,,,0
140001029,'1197276',1058,,12379,18,,,0
140001029,'1197293',1515,,12380,18,,,0
140001029,'1197305',1528,,12381,18,,,0
140001029,'1197370',1214,,12382,18,,,0
140001029,'1197377',2227,,12383,18,,,0
140001029,'1197379',757,,12384,18,,,0
140001029,'1197386',1827,,12385,18,,,0
140001029,'1197424',2057,,12386,18,,,0
140001029,'1197426',1013,,12387,18,,,0
140001029,'1197432',957,,12388,18,,,0
140001029,'1197460',2227,,12389,18,,,0
140001029,'1197482',628,,12390,18,,,0
140001029,'1197494',2402,,12391,18,,,0
140001029,'1197497',1658,,12392,18,,,0
140001029,'1197568',1327,,12393,18,,,0
140001029,'1197611',2257,,12394,18,,,0
140001029,'1197612',1545,,12395,18,,,0
140001029,'1197619',1827,,12396,18,,,0
140001029,'1197627',842,,12397,18,,,0
140001029,'1197635',2227,,12398,18,,,0
140001029,'1197649',1329,,12399,18,,,0
140001029,'1197658',1927,,12400,18,,,0
140001029,'1197662',1059,,12401,18,,,0
140001029,'1197723',927,,12402,18,,,0
140001029,'1197758',1244,,12403,18,,,0
140001029,'1197776',2028,,12404,18,,,0
140001029,'1197849',2157,,12405,18,,,0
140001029,'1197888',1957,,12406,18,,,0
140001029,'1197928',1428,,12407,18,,,0
140001029,'1197938',1415,,12408,18,,,0
140001029,'1197948',1500,,12409,18,,,0
140001029,'1197957',1613,,12410,18,,,0
140001029,'1197967',1715,,12411,18,,,0
140001029,'1197972',1558,,12412,18,,,0
140001029,'1197983',727,,12413,18,,,0
140001029,'1198007',2127,,12414,18,,,0
140001029,'1198048',742,,12415,18,,,0
140001029,'1198049',712,,12416,18,,,0
140001029,'1198081',1258,,12417,18,,,0
140001029,'1198099',943,,12418,18,,,0
140001029,'1198101',1129,,12419,18,,,0
140001029,'1198102',828,,12420,18,,,0
140001029,'1198131',2027,,12421,18,,,0
140001029,'1198132',1027,,12422,18,,,0
140001029,'1198186',1758,,12423,18,,,0
140001029,'1198207',657,,12424,18,,,0
140001029,'1198209',912,,12425,18,,,0
140001029,'1198299',1158,,12426,18,,,0
140001029,'1198347',642,,12427,18,,,0
140001029,'1198350',1913,,12428,18,,,0
140001029,'1198371',1430,,12429,18,,,0
140001029,'1198391',2043,,12430,18,,,0
140001029,'1198425',2027,,12431,18,,,0
140001029,'1198451',2357,,12432,18,,,0
140001029,'1198469',1628,,12433,18,,,0
140001029,'1198505',1427,,12434,18,,,0
140001029,'1198517',1159,,12435,18,,,0
140001029,'1198540',727,,12436,18,,,0
140001029,'1198546',1028,,12437,18,,,0
140001029,'1198572',1543,,12438,18,,,0
140001029,'1198636',812,,12439,18,,,0
140001029,'1198643',1227,,12440,18,,,0
140001029,'1198645',1727,,12441,18,,,0
140001029,'1198655',758,,12442,18,,,0
140001029,'1198697',858,,12443,18,,,0
140001029,'1198757',1627,,12444,18,,,0
140001029,'1198770',1958,,12445,18,,,0
140001029,'1198787',1615,,12446,18,,,0
140001029,'1198789',1928,,12447,18,,,0
140001029,'1198794',1044,,12448,18,,,0
140001029,'1198796',2157,,12449,18,,,0
140001029,'1198802',1113,,12450,18,,,0
140001029,'1198817',1513,,12451,18,,,0
140001029,'1198824',1144,,12452,18,,,0
140001029,'1198860',1812,,12453,18,,,0
140001029,'1198934',1713,,12454,18,,,0
140001029,'1198970',1745,,12455,18,,,0
140001029,'1198973',927,,12456,18,,,0
140001029,'1198981',1828,,12457,18,,,0
140001029,'1198986',2327,,12458,18,,,0
140001029,'1198999',1343,,12459,18,,,0
140001029,'1199001',728,,12460,18,,,0
140001029,'1199006',827,,12461,18,,,0
140001029,'1199010',1758,,12462,18,,,0
140001029,'1199031',1213,,12463,18,,,0
140001029,'1199086',1014,,12464,18,,,0
140001029,'1199101',658,,12465,18,,,0
140001029,'1199110',1143,,12466,18,,,0
140001029,'1199113',1643,,12467,18,,,0
140001029,'1199128',1043,,12468,18,,,0
140001029,'1199156',1927,,12469,18,,,0
140001029,'1199174',1314,,12470,18,,,0
140001029,'1199189',827,,12471,18,,,0
140001029,'1199191',1813,,12472,18,,,0
140001029,'1199203',2058,,12473,18,,,0
140001029,'1199247',1645,,12474,18,,,0
140001029,'1199259',1843,,12475,18,,,0
140001029,'1199261',1413,,12476,18,,,0
140001029,'1199275',1530,,12477,18,,,0
140001029,'1199283',1328,,12478,18,,,0
140001029,'1199312',1243,,12479,18,,,0
140001029,'1199341',2013,,12480,18,,,0
140001029,'1199351',1313,,12481,18,,,0
140001029,'1199395',1730,,12482,18,,,0
140001029,'1199415',1857,,12483,18,,,0
140001029,'1199446',1858,,12484,18,,,0
140001029,'1199456',1527,,12485,18,,,0
140001029,'1199465',1728,,12486,18,,,0
140001029,'1199469',2127,,12487,18,,,0
140001029,'1199481',1630,,12488,18,,,0
140001029,'1199494',1458,,12489,18,,,0
140001029,'1199502',1358,,12490,18,,,0
140001029,'1199522',1443,,12491,18,,,0
140001029,'1199528',2127,,12492,18,,,0
140001029,'1199569',1128,,12493,18,,,0
140001029,'1199608',1259,,12494,18,,,0
