4019,'1197123',718,,10299,20,,,0
4019,'1197392',1517,,10300,20,,,0
4019,'1197520',918,,10301,20,,,0
4019,'1197788',1547,,10302,20,,,0
4019,'1197874',1347,,10303,20,,,0
4019,'1198006',848,,10304,20,,,0
4019,'1198332',1747,,10305,20,,,0
4019,'1198394',1447,,10306,20,,,0
4019,'1198409',818,,10307,20,,,0
4019,'1198799',1417,,10308,20,,,0
4019,'1198924',1717,,10309,20,,,0
4019,'1199002',947,,10310,20,,,0
4019,'1199239',1617,,10311,20,,,0
4019,'1199517',749,,10312,20,,,0
4019,'1199645',1647,,10313,20,,,0
