4019,'1197123',706,,10299,10,,,0
4019,'1197392',1506,,10300,10,,,0
4019,'1197520',906,,10301,10,,,0
4019,'1197788',1536,,10302,10,,,0
4019,'1197874',1336,,10303,10,,,0
4019,'1198006',836,,10304,10,,,0
4019,'1198332',1736,,10305,10,,,0
4019,'1198394',1436,,10306,10,,,0
4019,'1198409',806,,10307,10,,,0
4019,'1198799',1406,,10308,10,,,0
4019,'1198924',1706,,10309,10,,,0
4019,'1199002',936,,10310,10,,,0
4019,'1199239',1606,,10311,10,,,0
4019,'1199517',736,,10312,10,,,0
4019,'1199645',1636,,10313,10,,,0
190001029,'1196847',1105,,12633,6,,,0
190001029,'1196850',1319,,12634,6,,,0
190001029,'1196860',1750,,12635,6,,,0
190001029,'1196897',1635,,12636,6,,,0
190001029,'1196906',1735,,12637,6,,,0
190001029,'1196908',1350,,12638,6,,,0
190001029,'1196953',1205,,12639,6,,,0
190001029,'1196957',1235,,12640,6,,,0
190001029,'1196963',1620,,12641,6,,,0
190001029,'1197018',1350,,12642,6,,,0
190001029,'1197048',2355,,12643,6,,,0
190001029,'1197052',1735,,12644,6,,,0
190001029,'1197074',1305,,12645,6,,,0
190001029,'1197089',1820,,12646,6,,,0
190001029,'1197125',705,,12647,6,,,0
190001029,'1197135',1535,,12648,6,,,0
190001029,'1197148',1019,,12649,6,,,0
190001029,'1197153',1035,,12650,6,,,0
190001029,'1197176',1420,,12651,6,,,0
190001029,'1197177',2020,,12652,6,,,0
190001029,'1197199',1405,,12653,6,,,0
190001029,'1197224',1520,,12654,6,,,0
190001029,'1197245',1520,,12655,6,,,0
190001029,'1197247',2305,,12656,6,,,0
190001029,'1197252',1519,,12657,6,,,0
190001029,'1197260',1835,,12658,6,,,0
190001029,'1197284',1150,,12659,6,,,0
190001029,'1197289',650,,12660,6,,,0
190001029,'1197291',1250,,12661,6,,,0
190001029,'1197301',1320,,12662,6,,,0
190001029,'1197338',1650,,12663,6,,,0
190001029,'1197391',1820,,12664,6,,,0
190001029,'1197396',1105,,12665,6,,,0
190001029,'1197428',2005,,12666,6,,,0
190001029,'1197434',1450,,12667,6,,,0
190001029,'1197476',1120,,12668,6,,,0
190001029,'1197511',1505,,12669,6,,,0
190001029,'1197533',1405,,12670,6,,,0
190001029,'1197582',1620,,12671,6,,,0
190001029,'1197659',1605,,12672,6,,,0
190001029,'1197668',819,,12673,6,,,0
190001029,'1197682',1135,,12674,6,,,0
190001029,'1197683',2035,,12675,6,,,0
190001029,'1197684',1150,,12676,6,,,0
190001029,'1197778',1135,,12677,6,,,0
190001029,'1197833',1450,,12678,6,,,0
190001029,'1197836',1335,,12679,6,,,0
190001029,'1197848',2105,,12680,6,,,0
190001029,'1197886',1435,,12681,6,,,0
190001029,'1197890',750,,12682,6,,,0
190001029,'1197905',1005,,12683,6,,,0
190001029,'1197913',2205,,12684,6,,,0
190001029,'1197921',1250,,12685,6,,,0
190001029,'1197922',950,,12686,6,,,0
190001029,'1197992',1550,,12687,6,,,0
190001029,'1197993',905,,12688,6,,,0
190001029,'1198050',605,,12689,6,,,0
190001029,'1198051',1819,,12690,6,,,0
190001029,'1198052',835,,12691,6,,,0
190001029,'1198054',1419,,12692,6,,,0
190001029,'1198082',1650,,12693,6,,,0
190001029,'1198095',1920,,12694,6,,,0
190001029,'1198106',2235,,12695,6,,,0
190001029,'1198117',719,,12696,6,,,0
190001029,'1198128',1119,,12697,6,,,0
190001029,'1198174',935,,12698,6,,,0
190001029,'1198223',2319,,12699,6,,,0
190001029,'1198252',1420,,12700,6,,,0
190001029,'1198272',805,,12701,6,,,0
190001029,'1198293',1720,,12702,6,,,0
190001029,'1198306',850,,12703,6,,,0
190001029,'1198323',735,,12704,6,,,0
190001029,'1198373',1235,,12705,6,,,0
190001029,'1198398',2335,,12706,6,,,0
190001029,'1198415',919,,12707,6,,,0
190001029,'1198446',1805,,12708,6,,,0
190001029,'1198450',1750,,12709,6,,,0
190001029,'1198459',735,,12710,6,,,0
190001029,'1198491',2035,,12711,6,,,0
190001029,'1198504',835,,12712,6,,,0
190001029,'1198519',2335,,12713,6,,,0
190001029,'1198527',635,,12714,6,,,0
190001029,'1198576',2119,,12715,6,,,0
190001029,'1198589',2305,,12716,6,,,0
190001029,'1198594',805,,12717,6,,,0
190001029,'1198620',2219,,12718,6,,,0
190001029,'1198634',1435,,12719,6,,,0
190001029,'1198641',705,,12720,6,,,0
190001029,'1198687',1050,,12721,6,,,0
190001029,'1198747',920,,12722,6,,,0
190001029,'1198758',2050,,12723,6,,,0
190001029,'1198798',1705,,12724,6,,,0
190001029,'1198839',1835,,12725,6,,,0
190001029,'1198853',2135,,12726,6,,,0
190001029,'1198897',1550,,12727,6,,,0
190001029,'1198906',2105,,12728,6,,,0
190001029,'1198916',1705,,12729,6,,,0
190001029,'1198939',1805,,12730,6,,,0
190001029,'1198946',2235,,12731,6,,,0
190001029,'1198952',1919,,12732,6,,,0
190001029,'1198977',2120,,12733,6,,,0
190001029,'1198982',1719,,12734,6,,,0
190001029,'1199067',1935,,12735,6,,,0
190001029,'1199081',1120,,12736,6,,,0
190001029,'1199082',720,,12737,6,,,0
190001029,'1199103',1720,,12738,6,,,0
190001029,'1199165',1335,,12739,6,,,0
190001029,'1199204',1220,,12740,6,,,0
190001029,'1199210',1950,,12741,6,,,0
190001029,'1199221',1205,,12742,6,,,0
190001029,'1199226',1935,,12743,6,,,0
190001029,'1199256',1219,,12744,6,,,0
190001029,'1199270',1320,,12745,6,,,0
190001029,'1199289',1020,,12746,6,,,0
190001029,'1199303',635,,12747,6,,,0
190001029,'1199322',1050,,12748,6,,,0
190001029,'1199332',935,,12749,6,,,0
190001029,'1199345',1020,,12750,6,,,0
190001029,'1199364',1505,,12751,6,,,0
190001029,'1199390',1035,,12752,6,,,0
190001029,'1199391',1220,,12753,6,,,0
190001029,'1199399',1305,,12754,6,,,0
190001029,'1199406',1535,,12755,6,,,0
190001029,'1199432',1005,,12756,6,,,0
190001029,'1199451',950,,12757,6,,,0
190001029,'1199467',1905,,12758,6,,,0
190001029,'1199482',1635,,12759,6,,,0
190001029,'1199489',620,,12760,6,,,0
190001029,'1199514',1905,,12761,6,,,0
190001029,'1199524',2205,,12762,6,,,0
190001029,'1199526',2019,,12763,6,,,0
190001029,'1199555',820,,12764,6,,,0
190001029,'1199558',1619,,12765,6,,,0
190001029,'1199571',2005,,12766,6,,,0
190001029,'1199594',1605,,12767,6,,,0
190001029,'1199596',2135,,12768,6,,,0
190001029,'1199644',905,,12769,6,,,0
190001029,'1199650',1850,,12770,6,,,0
