103029,'1190630',1108,,9163,18,,,0
103029,'1190791',920,,9165,18,,,0
103029,'1190798',1136,,9166,18,,,0
103029,'1190809',1538,,9167,18,,,0
103029,'1190864',1436,,9168,18,,,0
103029,'1191002',808,,9169,18,,,0
103029,'1191104',2007,,9172,18,,,0
103029,'1191213',1521,,9173,18,,,0
103029,'1191266',1238,,9174,18,,,0
103029,'1191472',2137,,9176,18,,,0
103029,'1191532',2335,,9177,18,,,0
103029,'1191567',1837,,9178,18,,,0
103029,'1191756',2035,,9180,18,,,0
103029,'1191909',750,,9182,18,,,0
103029,'1191948',1606,,9183,18,,,0
103029,'1192055',2205,,9184,18,,,0
103029,'1192191',2307,,9185,18,,,0
103029,'1192208',1736,,9186,18,,,0
103029,'1192508',1408,,9187,18,,,0
103029,'1192592',638,,9188,18,,,0
103029,'1192659',705,,9190,18,,,0
103029,'1192749',1708,,9192,18,,,0
103029,'1192948',1306,,9194,18,,,0
103029,'1193036',1005,,9196,18,,,0
103029,'1193074',835,,9197,18,,,0
103029,'1193169',1651,,9198,18,,,0
103029,'1193174',938,,9199,18,,,0
103029,'1193259',1905,,9200,18,,,0
