13019,'1196852',1338,,10793,31,,,0
13019,'1196856',1736,,10794,31,,,0
13019,'1196922',635,,10795,5,,,0
13019,'1196999',937,,10796,31,,,0
13019,'1197035',636,,10797,31,,,0
13019,'1197132',1508,,10798,31,,,0
13019,'1197251',1608,,10799,31,,,0
13019,'1197279',736,,10800,31,,,0
13019,'1197353',2306,,10801,31,,,0
13019,'1197357',1836,,10802,31,,,0
13019,'1197451',2236,,10803,31,,,0
13019,'1197487',837,,10804,31,,,0
13019,'1197555',1638,,10805,31,,,0
13019,'1197570',936,,10806,31,,,0
13019,'1197575',1636,,10807,31,,,0
13019,'1197641',2036,,10808,31,,,0
13019,'1197645',1708,,10809,31,,,0
13019,'1197648',706,,10810,31,,,0
13019,'1197690',1636,,10811,31,,,0
13019,'1197692',1738,,10812,31,,,0
13019,'1197730',1438,,10813,31,,,0
13019,'1197762',2411,,10814,31,,,0
13019,'1197803',736,,10815,31,,,0
13019,'1197834',1236,,10816,31,,,0
13019,'1197854',2036,,10817,31,,,0
13019,'1197962',1336,,10818,31,,,0
13019,'1197975',1039,,10819,31,,,0
13019,'1198041',1136,,10820,31,,,0
13019,'1198094',1806,,10821,31,,,0
13019,'1198160',836,,10822,31,,,0
13019,'1198201',1236,,10823,31,,,0
13019,'1198243',1836,,10824,31,,,0
13019,'1198290',2206,,10825,31,,,0
13019,'1198352',736,,10826,31,,,0
13019,'1198355',1906,,10827,31,,,0
13019,'1198382',806,,10828,31,,,0
13019,'1198402',2236,,10829,31,,,0
13019,'1198552',2136,,10830,31,,,0
13019,'1198554',1936,,10831,31,,,0
13019,'1198602',1136,,10832,31,,,0
13019,'1198611',2006,,10833,31,,,0
13019,'1198630',1538,,10834,31,,,0
13019,'1198675',1238,,10835,31,,,0
13019,'1198690',606,,10836,5,,,0
13019,'1198716',1036,,10837,31,,,0
13019,'1198729',1006,,10838,31,,,0
13019,'1198761',1336,,10839,31,,,0
13019,'1198778',936,,10840,31,,,0
13019,'1198837',2336,,10841,31,,,0
13019,'1198874',1138,,10842,31,,,0
13019,'1198888',907,,10843,31,,,0
13019,'1199044',836,,10844,31,,,0
13019,'1199123',1036,,10845,31,,,0
13019,'1199151',1436,,10846,31,,,0
13019,'1199233',1436,,10847,31,,,0
13019,'1199276',1536,,10848,31,,,0
13019,'1199284',2106,,10849,31,,,0
13019,'1199418',1936,,10850,31,,,0
13019,'1199448',1736,,10851,31,,,0
13019,'1199536',2136,,10852,31,,,0
13019,'1199588',2336,,10853,31,,,0
13019,'1199631',1536,,10854,31,,,0
