14029,'1196849',1727,,10975,23,,,0
14029,'1196912',757,,10976,23,,,0
14029,'1197024',1527,,10977,23,,,0
14029,'1197041',2327,,10978,23,,,0
14029,'1197050',1626,,10979,23,,,0
14029,'1197119',1727,,10980,23,,,0
14029,'1197130',2226,,10981,23,,,0
14029,'1197219',1526,,10982,23,,,0
14029,'1197237',1326,,10983,23,,,0
14029,'1197250',627,,10984,23,,,0
14029,'1197265',1757,,10985,23,,,0
14029,'1197310',2227,,10986,23,,,0
14029,'1197323',1327,,10987,23,,,0
14029,'1197440',2126,,10988,23,,,0
14029,'1197456',1527,,10989,23,,,0
14029,'1197472',1126,,10990,23,,,0
14029,'1197493',1857,,10991,23,,,0
14029,'1197512',1627,,10992,23,,,0
14029,'1197515',1427,,10993,23,,,0
14029,'1197597',727,,10994,23,,,0
14029,'1197605',2257,,10995,23,,,0
14029,'1197639',1226,,10996,23,,,0
14029,'1197699',1957,,10997,23,,,0
14029,'1197717',1726,,10998,23,,,0
14029,'1197738',1026,,10999,23,,,0
14029,'1197809',1627,,11000,23,,,0
14029,'1197863',2402,,11001,23,,,0
14029,'1197882',1426,,11002,23,,,0
14029,'1197961',1227,,11003,23,,,0
14029,'1198040',1027,,11004,23,,,0
14029,'1198078',1127,,11005,23,,,0
14029,'1198100',857,,11006,23,,,0
14029,'1198198',2157,,11007,23,,,0
14029,'1198204',2057,,11008,23,,,0
14029,'1198269',657,,11009,23,,,0
14029,'1198326',926,,11010,23,,,0
14029,'1198404',727,,11011,23,,,0
14029,'1198426',2127,,11012,23,,,0
14029,'1198570',827,,11013,23,,,0
14029,'1198612',2326,,11014,23,,,0
14029,'1198728',826,,11015,23,,,0
14029,'1198772',1827,,11016,23,,,0
14029,'1198830',927,,11017,23,,,0
14029,'1198941',1127,,11018,23,,,0
14029,'1198956',1427,,11019,23,,,0
14029,'1199040',2027,,11020,23,,,0
14029,'1199065',1227,,11021,23,,,0
14029,'1199076',1826,,11022,23,,,0
14029,'1199083',1657,,11023,23,,,0
14029,'1199184',927,,11024,23,,,0
14029,'1199200',827,,11025,23,,,0
14029,'1199222',1557,,11026,23,,,0
14029,'1199266',1327,,11027,23,,,0
14029,'1199447',1927,,11028,23,,,0
14029,'1199472',2026,,11029,23,,,0
14029,'1199520',1027,,11030,23,,,0
14029,'1199554',726,,11031,23,,,0
14029,'1199573',1926,,11032,23,,,0
14029,'1199643',1457,,11033,23,,,0
