101029,'1196911',816,,11834,59,,,0
101029,'1197033',1859,,11835,59,,,0
101029,'1197060',916,,11836,59,,,0
101029,'1197096',1059,,11837,59,,,0
101029,'1197257',1116,,11838,59,,,0
101029,'1197272',1259,,11839,59,,,0
101029,'1197326',1619,,11840,59,,,0
101029,'1197581',2059,,11841,59,,,0
101029,'1197673',1459,,11842,59,,,0
101029,'1197747',2216,,11843,59,,,0
101029,'1197977',1659,,11844,59,,,0
101029,'1198059',659,,11845,59,,,0
101029,'1198116',1059,,11846,59,,,0
101029,'1198125',859,,11847,59,,,0
101029,'1198200',1259,,11848,59,,,0
101029,'1198251',1016,,11849,59,,,0
101029,'1198346',859,,11850,59,,,0
101029,'1198498',2259,,11851,59,,,0
101029,'1198530',2259,,11852,59,,,0
101029,'1198631',1719,,11853,59,,,0
101029,'1198644',2436,,11854,59,,,0
101029,'1198710',1659,,11855,59,,,0
101029,'1198715',1816,,11856,59,,,0
101029,'1198953',2059,,11857,59,,,0
101029,'1198984',1419,,11858,59,,,0
101029,'1199108',1319,,11859,59,,,0
101029,'1199117',716,,11860,59,,,0
101029,'1199304',1859,,11861,59,,,0
101029,'1199366',1459,,11862,59,,,0
101029,'1199567',2016,,11863,59,,,0
101029,'1199585',1519,,11864,59,,,0
