10019,'1196894',2050,,10329,17,,,0
10019,'1196915',1650,,10330,17,,,0
10019,'1196923',1050,,10331,17,,,0
10019,'1197054',2220,,10332,17,,,0
10019,'1197091',1450,,10333,17,,,0
10019,'1197121',1050,,10334,17,,,0
10019,'1197207',950,,10335,17,,,0
10019,'1197335',820,,10336,17,,,0
10019,'1197345',2120,,10337,17,,,0
10019,'1197397',1450,,10338,17,,,0
10019,'1197418',2350,,10339,17,,,0
10019,'1197505',1550,,10340,17,,,0
10019,'1197587',920,,10341,17,,,0
10019,'1197595',1050,,10342,17,,,0
10019,'1197737',1350,,10343,17,,,0
10019,'1197756',1850,,10344,17,,,0
10019,'1197759',1520,,10345,17,,,0
10019,'1197766',2250,,10346,17,,,0
10019,'1197915',1950,,10347,17,,,0
10019,'1197927',750,,10348,17,,,0
10019,'1197935',650,,10349,17,,,0
10019,'1197985',950,,10350,17,,,0
10019,'1198010',1820,,10351,17,,,0
10019,'1198016',1950,,10352,17,,,0
10019,'1198164',650,,10353,17,,,0
10019,'1198167',1550,,10354,17,,,0
10019,'1198226',1350,,10355,17,,,0
10019,'1198257',1450,,10356,17,,,0
10019,'1198280',2320,,10357,17,,,0
10019,'1198300',1550,,10358,17,,,0
10019,'1198361',2150,,10359,17,,,0
10019,'1198366',850,,10360,17,,,0
10019,'1198390',1850,,10361,17,,,0
10019,'1198410',1750,,10362,17,,,0
10019,'1198440',750,,10363,17,,,0
10019,'1198475',1150,,10364,17,,,0
10019,'1198480',2150,,10365,17,,,0
10019,'1198509',621,,10366,17,,,0
10019,'1198520',1250,,10367,17,,,0
10019,'1198542',2350,,10368,17,,,0
10019,'1198583',2250,,10369,17,,,0
10019,'1198726',1920,,10370,17,,,0
10019,'1198809',850,,10371,17,,,0
10019,'1198815',1650,,10372,17,,,0
10019,'1198881',1620,,10373,17,,,0
10019,'1198903',850,,10374,17,,,0
10019,'1198955',1150,,10375,17,,,0
10019,'1198962',1650,,10376,17,,,0
10019,'1198993',1150,,10377,17,,,0
10019,'1199007',2050,,10378,17,,,0
10019,'1199032',1350,,10379,17,,,0
10019,'1199053',1750,,10380,17,,,0
10019,'1199056',1750,,10381,17,,,0
10019,'1199257',1720,,10382,17,,,0
10019,'1199300',1250,,10383,17,,,0
10019,'1199321',950,,10384,17,,,0
10019,'1199323',2020,,10385,17,,,0
10019,'1199353',1250,,10386,17,,,0
10019,'1199424',720,,10387,17,,,0
10019,'1199598',750,,10388,17,,,0
12019,'1196839',2130,,10650,23,,,0
12019,'1196874',1131,,10651,23,,,0
12019,'1196885',1631,,10652,23,,,0
12019,'1196887',1601,,10653,23,,,0
12019,'1196940',1331,,10654,23,,,0
12019,'1196983',1930,,10655,23,,,0
12019,'1197026',2230,,10656,23,,,0
12019,'1197080',1830,,10657,23,,,0
12019,'1197104',1900,,10658,23,,,0
12019,'1197223',1801,,10659,23,,,0
12019,'1197306',1201,,10660,23,,,0
12019,'1197322',800,,10661,23,,,0
12019,'1197334',1631,,10662,23,,,0
12019,'1197339',1800,,10663,23,,,0
12019,'1197433',1000,,10664,23,,,0
12019,'1197490',1701,,10665,23,,,0
12019,'1197525',1601,,10666,23,,,0
12019,'1197602',900,,10667,23,,,0
12019,'1197615',1231,,10668,23,,,0
12019,'1197664',1801,,10669,23,,,0
12019,'1197701',2400,,10670,23,,,0
12019,'1197765',2400,,10671,23,,,0
12019,'1197813',1101,,10672,23,,,0
12019,'1197824',1300,,10673,23,,,0
12019,'1197891',2100,,10674,23,,,0
12019,'1197911',2000,,10675,23,,,0
12019,'1197945',1900,,10676,23,,,0
12019,'1197989',1501,,10677,23,,,0
12019,'1197991',1200,,10678,23,,,0
12019,'1198031',700,,10679,23,,,0
12019,'1198072',1400,,10680,23,,,0
12019,'1198097',1600,,10681,23,,,0
12019,'1198121',1701,,10682,23,,,0
12019,'1198127',1101,,10683,23,,,0
12019,'1198171',2200,,10684,23,,,0
12019,'1198224',2300,,10685,23,,,0
12019,'1198250',1331,,10686,23,,,0
12019,'1198260',1431,,10687,23,,,0
12019,'1198263',930,,10688,23,,,0
12019,'1198283',1531,,10689,23,,,0
12019,'1198358',1500,,10690,23,,,0
12019,'1198421',900,,10691,23,,,0
12019,'1198427',1231,,10692,23,,,0
12019,'1198442',1731,,10693,23,,,0
12019,'1198497',2200,,10694,23,,,0
12019,'1198582',900,,10695,23,,,0
12019,'1198588',630,,10696,23,,,0
12019,'1198592',1731,,10697,23,,,0
12019,'1198618',1100,,10698,23,,,0
12019,'1198712',1201,,10699,23,,,0
12019,'1198727',1401,,10700,23,,,0
12019,'1198773',1401,,10701,23,,,0
12019,'1198774',1131,,10702,23,,,0
12019,'1198819',2330,,10703,23,,,0
12019,'1198842',1000,,10704,23,,,0
12019,'1198884',2000,,10705,23,,,0
12019,'1198912',800,,10706,23,,,0
12019,'1198945',1000,,10707,23,,,0
12019,'1199167',730,,10708,23,,,0
12019,'1199197',2100,,10709,23,,,0
12019,'1199223',1301,,10710,23,,,0
12019,'1199224',702,,10711,23,,,0
12019,'1199251',1030,,10712,23,,,0
12019,'1199291',1531,,10713,23,,,0
12019,'1199315',1301,,10714,23,,,0
12019,'1199416',2300,,10715,23,,,0
12019,'1199495',1431,,10716,23,,,0
12019,'1199513',830,,10717,23,,,0
12019,'1199578',1501,,10718,23,,,0
12019,'1199610',2030,,10719,23,,,0
12019,'1199616',800,,10720,23,,,0
12019,'1199625',1700,,10721,23,,,0
