101019,'1197003',548,,11803,25,,,0
101019,'1197056',2125,,11804,25,,,0
101019,'1197144',2325,,11805,25,,,0
101019,'1197150',1525,,11806,25,,,0
101019,'1197356',1325,,11807,25,,,0
101019,'1197394',1525,,11808,25,,,0
101019,'1197485',725,,11809,25,,,0
101019,'1197542',1325,,11810,25,,,0
101019,'1197666',1048,,11811,25,,,0
101019,'1197703',2125,,11812,25,,,0
101019,'1197735',1148,,11813,25,,,0
101019,'1197816',1125,,11814,25,,,0
101019,'1197893',748,,11815,25,,,0
101019,'1198002',1725,,11816,25,,,0
101019,'1198014',725,,11817,25,,,0
101019,'1198130',948,,11818,25,,,0
101019,'1198162',1350,,11819,25,,,0
101019,'1198212',1925,,11820,25,,,0
101019,'1198408',2047,,11821,25,,,0
101019,'1198684',925,,11822,25,,,0
101019,'1198907',1925,,11823,25,,,0
101019,'1199079',2248,,11824,25,,,0
101019,'1199178',1750,,11825,25,,,0
101019,'1199186',1550,,11826,25,,,0
101019,'1199279',1725,,11827,25,,,0
101019,'1199401',925,,11828,25,,,0
101019,'1199471',1848,,11829,25,,,0
101019,'1199497',1125,,11830,25,,,0
101019,'1199519',848,,11831,25,,,0
101019,'1199566',1450,,11832,25,,,0
101019,'1199626',1650,,11833,25,,,0
101019,'1199991',1350,,12771,25,,,0
101019,'1199992',2047,,12772,25,,,0
101019,'1199993',848,,12773,25,,,0
101019,'1199995',548,,12774,25,,,0
101019,'1199996',648,,12775,25,,,0
101019,'1200003',1650,,12776,25,,,0
101019,'1200004',1550,,12777,25,,,0
101019,'1200006',1848,,12778,25,,,0
101019,'1200008',748,,12779,25,,,0
101019,'1200009',2248,,12780,25,,,0
101019,'1200011',1048,,12781,25,,,0
101019,'1200013',1148,,12782,25,,,0
101019,'1200014',1450,,12783,25,,,0
101019,'1200015',1750,,12784,25,,,0
101019,'1200018',948,,12785,25,,,0
101029,'1196911',813,,11834,55,,,0
101029,'1197033',1856,,11835,55,,,0
101029,'1197060',913,,11836,55,,,0
101029,'1197096',1056,,11837,55,,,0
101029,'1197257',1113,,11838,55,,,0
101029,'1197272',1256,,11839,55,,,0
101029,'1197326',1616,,11840,55,,,0
101029,'1197581',2056,,11841,55,,,0
101029,'1197673',1456,,11842,55,,,0
101029,'1197747',2213,,11843,55,,,0
101029,'1197977',1656,,11844,55,,,0
101029,'1198059',656,,11845,55,,,0
101029,'1198116',1056,,11846,55,,,0
101029,'1198125',856,,11847,55,,,0
101029,'1198200',1256,,11848,55,,,0
101029,'1198251',1013,,11849,55,,,0
101029,'1198346',856,,11850,55,,,0
101029,'1198498',2256,,11851,55,,,0
101029,'1198530',2256,,11852,55,,,0
101029,'1198631',1716,,11853,55,,,0
101029,'1198644',2433,,11854,55,,,0
101029,'1198710',1656,,11855,55,,,0
101029,'1198715',1813,,11856,55,,,0
101029,'1198953',2056,,11857,55,,,0
101029,'1198984',1416,,11858,55,,,0
101029,'1199108',1316,,11859,55,,,0
101029,'1199117',713,,11860,55,,,0
101029,'1199304',1856,,11861,55,,,0
101029,'1199366',1456,,11862,55,,,0
101029,'1199567',2013,,11863,55,,,0
101029,'1199585',1516,,11864,55,,,0
101029,'1199990',1316,,12786,55,,,0
101029,'1199994',1616,,12787,55,,,0
101029,'1199997',813,,12788,55,,,0
101029,'1199998',1813,,12789,55,,,0
101029,'1199999',1113,,12790,55,,,0
101029,'1200000',2433,,12791,55,,,0
101029,'1200001',713,,12792,55,,,0
101029,'1200002',1716,,12793,55,,,0
101029,'1200005',1516,,12794,55,,,0
101029,'1200007',1013,,12795,55,,,0
101029,'1200010',1416,,12796,55,,,0
101029,'1200012',2013,,12797,55,,,0
101029,'1200016',2213,,12798,55,,,0
101029,'1200017',913,,12799,55,,,0
