101019,'1197003',525,,11803,1,,,0
101019,'1197056',2105,,11804,1,,,0
101019,'1197144',2305,,11805,1,,,0
101019,'1197150',1505,,11806,1,,,0
101019,'1197356',1305,,11807,1,,,0
101019,'1197394',1505,,11808,1,,,0
101019,'1197485',705,,11809,1,,,0
101019,'1197542',1305,,11810,1,,,0
101019,'1197666',1025,,11811,1,,,0
101019,'1197703',2105,,11812,1,,,0
101019,'1197735',1125,,11813,1,,,0
101019,'1197816',1105,,11814,1,,,0
101019,'1197893',725,,11815,1,,,0
101019,'1198002',1705,,11816,1,,,0
101019,'1198014',705,,11817,1,,,0
101019,'1198130',925,,11818,1,,,0
101019,'1198162',1328,,11819,1,,,0
101019,'1198212',1905,,11820,1,,,0
101019,'1198408',2024,,11821,1,,,0
101019,'1198684',905,,11822,1,,,0
101019,'1198907',1905,,11823,1,,,0
101019,'1199079',2225,,11824,1,,,0
101019,'1199178',1728,,11825,1,,,0
101019,'1199186',1528,,11826,1,,,0
101019,'1199279',1705,,11827,1,,,0
101019,'1199401',905,,11828,1,,,0
101019,'1199471',1825,,11829,1,,,0
101019,'1199497',1105,,11830,1,,,0
101019,'1199519',825,,11831,1,,,0
101019,'1199566',1428,,11832,1,,,0
101019,'1199626',1628,,11833,1,,,0
101029,'1196911',822,,11834,67,4,,0
101029,'1197033',1905,,11835,67,4,,0
101029,'1197060',922,,11836,67,4,,0
101029,'1197096',1105,,11837,67,4,,0
101029,'1197257',1122,,11838,67,4,,0
101029,'1197272',1305,,11839,67,4,,0
101029,'1197326',1625,,11840,67,4,,0
101029,'1197581',2105,,11841,67,4,,0
101029,'1197673',1505,,11842,67,4,,0
101029,'1197747',2222,,11843,67,4,,0
101029,'1197977',1705,,11844,67,4,,0
101029,'1198059',705,,11845,67,4,,0
101029,'1198116',1105,,11846,67,4,,0
101029,'1198125',905,,11847,67,4,,0
101029,'1198200',1305,,11848,67,4,,0
101029,'1198251',1022,,11849,67,4,,0
101029,'1198346',905,,11850,67,4,,0
101029,'1198498',2305,,11851,67,4,,0
101029,'1198530',2305,,11852,67,4,,0
101029,'1198631',1725,,11853,67,4,,0
101029,'1198644',2442,,11854,67,4,,0
101029,'1198710',1705,,11855,67,4,,0
101029,'1198715',1822,,11856,67,4,,0
101029,'1198953',2105,,11857,67,4,,0
101029,'1198984',1425,,11858,67,4,,0
101029,'1199108',1325,,11859,67,4,,0
101029,'1199117',722,,11860,67,4,,0
101029,'1199304',1905,,11861,67,4,,0
101029,'1199366',1505,,11862,67,4,,0
101029,'1199567',2022,,11863,67,4,,0
101029,'1199585',1525,,11864,67,4,,0
