27029,'1190690',638,,8760,13,,,0
27029,'1190755',1640,,8761,13,,,0
27029,'1190762',739,,8762,13,,,0
27029,'1190844',1908,,8763,13,,,0
27029,'1190914',2308,,8766,13,,,0
27029,'1190963',1540,,8768,13,,,0
27029,'1191011',2240,,8769,13,,,0
27029,'1191075',938,,8771,13,,,0
27029,'1191092',2140,,8772,13,,,0
27029,'1191097',840,,8773,13,,,0
27029,'1191103',1140,,8774,13,,,0
27029,'1191106',1638,,8775,13,,,0
27029,'1191387',1340,,8779,13,,,0
27029,'1191390',1440,,8780,13,,,0
27029,'1191514',1838,,8781,13,,,0
27029,'1191552',1238,,8782,13,,,0
27029,'1191574',2108,,8783,13,,,0
27029,'1191706',940,,8784,13,,,0
27029,'1191734',2008,,8785,13,,,0
27029,'1191798',1940,,8786,13,,,0
27029,'1191870',1240,,8787,13,,,0
27029,'1192000',1740,,8788,13,,,0
27029,'1192056',1338,,8790,13,,,0
27029,'1192061',1038,,8791,13,,,0
27029,'1192077',2040,,8792,13,,,0
27029,'1192262',1738,,8794,13,,,0
27029,'1192274',738,,8796,13,,,0
27029,'1192617',1138,,8797,13,,,0
27029,'1192676',1840,,8798,13,,,0
27029,'1192776',1438,,8799,13,,,0
27029,'1192855',639,,8801,13,,,0
27029,'1192882',838,,8802,13,,,0
27029,'1192888',2208,,8803,13,,,0
27029,'1193118',1538,,8805,13,,,0
27029,'1193139',1040,,8806,13,,,0
27029,'1193254',2339,,8810,13,,,0
