28019,'1196931',2337,,11637,10,,,0
28019,'1196961',957,,11638,10,,,0
28019,'1197034',1137,,11639,10,,,0
28019,'1197242',1537,,11640,10,,,0
28019,'1197295',1357,,11641,10,,,0
28019,'1197458',1937,,11642,10,,,0
28019,'1197551',857,,11643,10,,,0
28019,'1197718',2137,,11644,10,,,0
28019,'1197726',1757,,11645,10,,,0
28019,'1197861',1837,,11646,10,,,0
28019,'1197862',1237,,11647,10,,,0
28019,'1198022',657,,11648,10,,,0
28019,'1198061',2057,,11649,10,,,0
28019,'1198096',1437,,11650,10,,,0
28019,'1198110',1157,,11651,10,,,0
28019,'1198319',1957,,11652,10,,,0
28019,'1198329',1637,,11653,10,,,0
28019,'1198345',1457,,11654,10,,,0
28019,'1198414',1057,,11655,10,,,0
28019,'1198454',1037,,11656,10,,,0
28019,'1198522',1557,,11657,10,,,0
28019,'1198672',937,,11658,10,,,0
28019,'1198739',2157,,11659,10,,,0
28019,'1198919',737,,11660,10,,,0
28019,'1198968',1257,,11661,10,,,0
28019,'1199033',2357,,11662,10,,,0
28019,'1199206',2037,,11663,10,,,0
28019,'1199243',2257,,11664,10,,,0
28019,'1199296',1857,,11665,10,,,0
28019,'1199344',1737,,11666,10,,,0
28019,'1199417',1657,,11667,10,,,0
28019,'1199450',837,,11668,10,,,0
28019,'1199529',1337,,11669,10,,,0
28019,'1199584',757,,11670,10,,,0
28019,'1199602',2237,,11671,10,,,0
28019,'1199775',1742,,11672,10,,,0
28019,'1199776',1712,,11673,10,,,0
28019,'1199784',1812,,11674,10,,,0
28019,'1199803',712,,11675,10,,,0
28019,'1199807',2012,,11676,10,,,0
28019,'1199817',2212,,11677,10,,,0
28019,'1199832',2312,,11678,10,,,0
28019,'1199835',1512,,11679,10,,,0
28019,'1199837',1642,,11680,10,,,0
28019,'1199842',1842,,11681,10,,,0
28019,'1199845',912,,11682,10,,,0
28019,'1199851',812,,11683,10,,,0
28019,'1199859',1912,,11684,10,,,0
28019,'1199861',842,,11685,10,,,0
28019,'1199868',1416,,11686,10,,,0
28019,'1199872',642,,11687,10,,,0
28019,'1199880',1312,,11688,10,,,0
28019,'1199885',742,,11689,10,,,0
28019,'1199887',1212,,11690,10,,,0
28019,'1199894',1612,,11691,10,,,0
28019,'1199897',612,,11692,10,,,0
28019,'1199900',2112,,11693,10,,,0
28019,'1199908',1012,,11694,10,,,0
28019,'1199917',1112,,11695,10,,,0
