103019,'1191109',1852,,9127,16,,,0
103019,'1191130',1253,,9128,16,,,0
103019,'1191203',1723,,9130,16,,,0
103019,'1191247',2022,,9131,16,,,0
103019,'1191632',1523,,9134,16,,,0
103019,'1191705',2322,,9135,16,,,0
103019,'1191773',1423,,9136,16,,,0
103019,'1191800',1508,,9137,16,,,0
103019,'1191807',621,,9138,3,,,0
103019,'1191826',652,,9139,16,,,0
103019,'1191877',1123,,9141,16,,,0
103019,'1192012',2252,,9143,16,,,0
103019,'1192046',952,,9144,16,,,0
103019,'1192234',1553,,9146,16,,,0
103019,'1192444',822,,9147,16,,,0
103019,'1192450',1051,,9148,16,,,0
103019,'1192461',1822,,9149,16,,,0
103019,'1192624',907,,9150,16,,,0
103019,'1192801',921,,9151,16,,,0
103019,'1192848',751,,9152,16,,,0
103019,'1192864',2122,,9153,16,,,0
103019,'1192885',1952,,9154,16,,,0
103019,'1192886',1653,,9155,16,,,0
103019,'1192968',1638,,9157,16,,,0
103019,'1193060',737,,9159,16,,,0
103019,'1193217',2152,,9160,16,,,0
103019,'1193247',1353,,9161,16,,,0
103019,'1193317',1222,,9162,16,,,0
