102029,'1196895',1651,,11907,4,,,0
102029,'1196982',1338,,11908,4,,,0
102029,'1197029',2108,,11909,4,,,0
102029,'1197083',1521,,11910,4,,,0
102029,'1197178',1051,,11911,4,,,0
102029,'1197226',653,,11912,4,,,0
102029,'1197263',738,,11913,4,,,0
102029,'1197297',1437,,11914,4,,,0
102029,'1197309',1821,,11915,4,,,0
102029,'1197330',1723,,11916,4,,,0
102029,'1197420',1508,,11917,4,,,0
102029,'1197536',2251,,11918,4,,,0
102029,'1197603',1038,,11919,4,,,0
102029,'1197704',1007,,11920,4,,,0
102029,'1197770',2408,,11921,4,,,0
102029,'1197839',823,,11922,4,,,0
102029,'1198134',1307,,11923,4,,,0
102029,'1198173',921,,11924,4,,,0
102029,'1198220',1221,,11925,4,,,0
102029,'1198227',1737,,11926,4,,,0
102029,'1198249',1808,,11927,4,,,0
102029,'1198376',1553,,11928,4,,,0
102029,'1198502',1638,,11929,4,,,0
102029,'1198531',751,,11930,4,,,0
102029,'1198599',1607,,11931,4,,,0
102029,'1198638',2238,,11932,4,,,0
102029,'1198688',1137,,11933,4,,,0
102029,'1198705',2037,,11934,4,,,0
102029,'1198769',1951,,11935,4,,,0
102029,'1198816',2121,,11936,4,,,0
102029,'1198930',2207,,11937,4,,,0
102029,'1198996',608,,11938,4,,,0
102029,'1199090',837,,11939,4,,,0
102029,'1199168',908,,11940,4,,,0
102029,'1199202',1938,,11941,4,,,0
102029,'1199211',1907,,11942,4,,,0
102029,'1199244',953,,11943,4,,,0
102029,'1199434',1208,,11944,4,,,0
102029,'1199477',2337,,11945,4,,,0
102029,'1199479',1423,,11946,4,,,0
102029,'1199488',626,,11947,4,,,0
102029,'1199537',1351,,11948,4,,,0
102029,'1199651',707,,11949,4,,,0
