101019,'1197003',533,,11803,7,,,0
101019,'1197056',2112,,11804,7,,,0
101019,'1197144',2313,,11805,7,,,0
101019,'1197150',1513,,11806,7,,,0
101019,'1197356',1313,,11807,7,,,0
101019,'1197394',1512,,11808,7,,,0
101019,'1197485',712,,11809,7,,,0
101019,'1197542',1312,,11810,7,,,0
101019,'1197666',1033,,11811,7,,,0
101019,'1197703',2113,,11812,7,,,0
101019,'1197735',1133,,11813,7,,,0
101019,'1197816',1112,,11814,7,,,0
101019,'1197893',733,,11815,7,,,0
101019,'1198002',1713,,11816,7,,,0
101019,'1198014',713,,11817,7,,,0
101019,'1198130',933,,11818,7,,,0
101019,'1198162',1336,,11819,7,,,0
101019,'1198212',1913,,11820,7,,,0
101019,'1198408',2032,,11821,7,,,0
101019,'1198684',912,,11822,7,,,0
101019,'1198907',1912,,11823,7,,,0
101019,'1199079',2233,,11824,7,,,0
101019,'1199178',1736,,11825,7,,,0
101019,'1199186',1536,,11826,7,,,0
101019,'1199279',1712,,11827,7,,,0
101019,'1199401',913,,11828,7,,,0
101019,'1199471',1833,,11829,7,,,0
101019,'1199497',1113,,11830,7,,,0
101019,'1199519',833,,11831,7,,,0
101019,'1199566',1436,,11832,7,,,0
101019,'1199626',1636,,11833,7,,,0
