28019,'1196931',2338,,11637,11,,,0
28019,'1196961',958,,11638,11,,,0
28019,'1197034',1138,,11639,11,,,0
28019,'1197242',1538,,11640,11,,,0
28019,'1197295',1358,,11641,11,,,0
28019,'1197458',1938,,11642,11,,,0
28019,'1197551',858,,11643,11,,,0
28019,'1197718',2138,,11644,11,,,0
28019,'1197726',1758,,11645,11,,,0
28019,'1197861',1838,,11646,11,,,0
28019,'1197862',1238,,11647,11,,,0
28019,'1198022',658,,11648,11,,,0
28019,'1198061',2058,,11649,11,,,0
28019,'1198096',1438,,11650,11,,,0
28019,'1198110',1158,,11651,11,,,0
28019,'1198319',1958,,11652,11,,,0
28019,'1198329',1638,,11653,11,,,0
28019,'1198345',1458,,11654,11,,,0
28019,'1198414',1058,,11655,11,,,0
28019,'1198454',1038,,11656,11,,,0
28019,'1198522',1558,,11657,11,,,0
28019,'1198672',938,,11658,11,,,0
28019,'1198739',2158,,11659,11,,,0
28019,'1198919',738,,11660,11,,,0
28019,'1198968',1258,,11661,11,,,0
28019,'1199033',2358,,11662,11,,,0
28019,'1199206',2038,,11663,11,,,0
28019,'1199243',2258,,11664,11,,,0
28019,'1199296',1858,,11665,11,,,0
28019,'1199344',1738,,11666,11,,,0
28019,'1199417',1658,,11667,11,,,0
28019,'1199450',838,,11668,11,,,0
28019,'1199529',1338,,11669,11,,,0
28019,'1199584',758,,11670,11,,,0
28019,'1199602',2238,,11671,11,,,0
28019,'1199775',1743,,11672,11,,,0
28019,'1199776',1713,,11673,11,,,0
28019,'1199784',1813,,11674,11,,,0
28019,'1199803',713,,11675,11,,,0
28019,'1199807',2013,,11676,11,,,0
28019,'1199817',2213,,11677,11,,,0
28019,'1199832',2313,,11678,11,,,0
28019,'1199835',1513,,11679,11,,,0
28019,'1199837',1643,,11680,11,,,0
28019,'1199842',1843,,11681,11,,,0
28019,'1199845',913,,11682,11,,,0
28019,'1199851',813,,11683,11,,,0
28019,'1199859',1913,,11684,11,,,0
28019,'1199861',843,,11685,11,,,0
28019,'1199868',1417,,11686,11,,,0
28019,'1199872',643,,11687,11,,,0
28019,'1199880',1313,,11688,11,,,0
28019,'1199885',743,,11689,11,,,0
28019,'1199887',1213,,11690,11,,,0
28019,'1199894',1613,,11691,11,,,0
28019,'1199897',613,,11692,11,,,0
28019,'1199900',2113,,11693,11,,,0
28019,'1199908',1013,,11694,11,,,0
28019,'1199917',1113,,11695,11,,,0
