14019,'1190713',1349,,8090,10,,,0
14019,'1190978',1649,,8092,10,,,0
14019,'1191058',2247,,8093,10,,,0
14019,'1191115',748,,8095,10,,,0
14019,'1191156',1519,,8096,10,,,0
14019,'1191216',1349,,8098,10,,,0
14019,'1191434',947,,8102,10,,,0
14019,'1191451',948,,8103,10,,,0
14019,'1191488',1249,,8104,10,,,0
14019,'1191517',648,,8105,10,,,0
14019,'1191609',2318,,8106,10,,,0
14019,'1191614',1818,,8107,10,,,0
14019,'1191636',1749,,8108,10,,,0
14019,'1191714',1149,,8109,10,,,0
14019,'1191747',1449,,8110,10,,,0
14019,'1191757',918,,8111,10,,,0
14019,'1191841',747,,8112,10,,,0
14019,'1191852',1918,,8113,10,,,0
14019,'1191970',2147,,8114,10,,,0
14019,'1191991',2047,,8115,10,,,0
14019,'1192119',2218,,8117,10,,,0
14019,'1192156',1549,,8118,10,,,0
14019,'1192341',718,,8121,10,,,0
14019,'1192538',1649,,8124,10,,,0
14019,'1192564',2347,,8125,10,,,0
14019,'1192713',1847,,8130,10,,,0
14019,'1192727',1249,,8131,10,,,0
14019,'1192788',1449,,8132,10,,,0
14019,'1192791',1149,,8133,10,,,0
14019,'1192803',818,,8134,10,,,0
14019,'1192837',848,,8136,10,,,0
14019,'1192840',1619,,8137,10,,,0
14019,'1192863',2118,,8138,10,,,0
14019,'1192916',1947,,8139,10,,,0
14019,'1192927',847,,8140,10,,,0
14019,'1192946',2018,,8141,10,,,0
14019,'1192962',1049,,8142,10,,,0
14019,'1192987',1749,,8143,10,,,0
14019,'1193071',1049,,8144,10,,,0
14019,'1193088',1719,,8145,10,,,0
14019,'1193127',1549,,8146,10,,,0
14019,'1193190',647,,8147,10,,,0
29019,'1190655',1226,,8929,10,,,0
29019,'1190658',2326,,8930,10,,,0
29019,'1190695',1341,,8931,10,,,0
29019,'1190921',1326,,8932,10,,,0
29019,'1190990',1441,,8933,10,,,0
29019,'1191402',926,,8934,10,,,0
29019,'1191425',2126,,8935,10,,,0
29019,'1191673',1526,,8936,10,,,0
29019,'1191834',1926,,8937,10,,,0
29019,'1192098',2226,,8938,10,,,0
29019,'1192125',941,,8939,10,,,0
29019,'1192367',826,,8940,10,,,0
29019,'1192396',1541,,8941,10,,,0
29019,'1192451',1141,,8942,10,,,0
29019,'1192468',1126,,8943,10,,,0
29019,'1192512',1041,,8944,10,,,0
29019,'1192534',2026,,8945,10,,,0
29019,'1192606',1826,,8946,10,,,0
29019,'1192704',726,,8947,10,,,0
29019,'1192724',1026,,8948,10,,,0
29019,'1193069',1726,,8949,10,,,0
29019,'1193082',1426,,8950,10,,,0
29019,'1193084',1241,,8951,10,,,0
29019,'1193185',1626,,8952,10,,,0
