104029,'1196835',2001,,12074,22,,,0
104029,'1196857',801,,12075,22,,,0
104029,'1196889',801,,12076,22,,,0
104029,'1196928',1746,,12077,22,,,0
104029,'1197002',646,,12078,22,,,0
104029,'1197045',1542,,12079,22,,,0
104029,'1197133',831,,12080,22,,,0
104029,'1197341',1242,,12081,22,,,0
104029,'1197454',1801,,12082,22,,,0
104029,'1197461',716,,12083,22,,,0
104029,'1197467',2201,,12084,22,,,0
104029,'1197481',601,,12085,22,,,0
104029,'1197553',2131,,12086,22,,,0
104029,'1197574',916,,12087,22,,,0
104029,'1197583',2146,,12088,22,,,0
104029,'1197794',1801,,12089,22,,,0
104029,'1197965',1401,,12090,22,,,0
104029,'1197979',1531,,12091,22,,,0
104029,'1198234',1031,,12092,22,,,0
104029,'1198287',1627,,12093,22,,,0
104029,'1198288',1157,,12094,22,,,0
104029,'1198449',1301,,12095,22,,,0
104029,'1198458',1916,,12096,22,,,0
104029,'1198510',946,,12097,22,,,0
104029,'1198521',801,,12098,22,,,0
104029,'1198558',1646,,12099,22,,,0
104029,'1198578',1712,,12100,22,,,0
104029,'1198686',1412,,12101,22,,,0
104029,'1198694',1457,,12102,22,,,0
104029,'1198755',1001,,12103,22,,,0
104029,'1198909',1201,,12104,22,,,0
104029,'1198979',1146,,12105,22,,,0
104029,'1199045',2301,,12106,22,,,0
104029,'1199127',2301,,12107,22,,,0
104029,'1199159',1327,,12108,22,,,0
104029,'1199181',916,,12109,22,,,0
104029,'1199193',1601,,12110,22,,,0
104029,'1199356',1416,,12111,22,,,0
104029,'1199360',2031,,12112,22,,,0
104029,'1199374',646,,12113,22,,,0
104029,'1199380',1031,,12114,22,,,0
104029,'1199442',1831,,12115,22,,,0
104029,'1199577',2001,,12116,22,,,0
