101019,'1197003',547,,11803,24,,,0
101019,'1197056',2124,,11804,24,,,0
101019,'1197144',2325,,11805,24,,,0
101019,'1197150',1525,,11806,24,,,0
101019,'1197356',1325,,11807,24,,,0
101019,'1197394',1524,,11808,24,,,0
101019,'1197485',724,,11809,24,,,0
101019,'1197542',1324,,11810,24,,,0
101019,'1197666',1047,,11811,24,,,0
101019,'1197703',2125,,11812,24,,,0
101019,'1197735',1147,,11813,24,,,0
101019,'1197816',1124,,11814,24,,,0
101019,'1197893',747,,11815,24,,,0
101019,'1198002',1725,,11816,24,,,0
101019,'1198014',725,,11817,24,,,0
101019,'1198130',947,,11818,24,,,0
101019,'1198162',1349,,11819,24,,,0
101019,'1198212',1925,,11820,24,,,0
101019,'1198408',2046,,11821,24,,,0
101019,'1198684',924,,11822,24,,,0
101019,'1198907',1924,,11823,24,,,0
101019,'1199079',2247,,11824,24,,,0
101019,'1199178',1749,,11825,24,,,0
101019,'1199186',1549,,11826,24,,,0
101019,'1199279',1724,,11827,24,,,0
101019,'1199401',925,,11828,24,,,0
101019,'1199471',1847,,11829,24,,,0
101019,'1199497',1125,,11830,24,,,0
101019,'1199519',847,,11831,24,,,0
101019,'1199566',1449,,11832,24,,,0
101019,'1199626',1649,,11833,24,,,0
101019,'1199991',1349,,12771,24,,,0
101019,'1199992',2046,,12772,24,,,0
101019,'1199993',847,,12773,24,,,0
101019,'1199995',547,,12774,24,,,0
101019,'1199996',647,,12775,24,,,0
101019,'1200003',1649,,12776,24,,,0
101019,'1200004',1549,,12777,24,,,0
101019,'1200006',1847,,12778,24,,,0
101019,'1200008',747,,12779,24,,,0
101019,'1200009',2247,,12780,24,,,0
101019,'1200011',1047,,12781,24,,,0
101019,'1200013',1147,,12782,24,,,0
101019,'1200014',1449,,12783,24,,,0
101019,'1200015',1749,,12784,24,,,0
101019,'1200018',947,,12785,24,,,0
101029,'1196911',813,,11834,54,,,0
101029,'1197033',1856,,11835,54,,,0
101029,'1197060',913,,11836,54,,,0
101029,'1197096',1056,,11837,54,,,0
101029,'1197257',1113,,11838,54,,,0
101029,'1197272',1256,,11839,54,,,0
101029,'1197326',1615,,11840,54,,,0
101029,'1197581',2056,,11841,54,,,0
101029,'1197673',1456,,11842,54,,,0
101029,'1197747',2213,,11843,54,,,0
101029,'1197977',1656,,11844,54,,,0
101029,'1198059',656,,11845,54,,,0
101029,'1198116',1056,,11846,54,,,0
101029,'1198125',856,,11847,54,,,0
101029,'1198200',1256,,11848,54,,,0
101029,'1198251',1013,,11849,54,,,0
101029,'1198346',856,,11850,54,,,0
101029,'1198498',2256,,11851,54,,,0
101029,'1198530',2256,,11852,54,,,0
101029,'1198631',1715,,11853,54,,,0
101029,'1198644',2433,,11854,54,,,0
101029,'1198710',1656,,11855,54,,,0
101029,'1198715',1813,,11856,54,,,0
101029,'1198953',2056,,11857,54,,,0
101029,'1198984',1415,,11858,54,,,0
101029,'1199108',1315,,11859,54,,,0
101029,'1199117',713,,11860,54,,,0
101029,'1199304',1856,,11861,54,,,0
101029,'1199366',1456,,11862,54,,,0
101029,'1199567',2013,,11863,54,,,0
101029,'1199585',1515,,11864,54,,,0
101029,'1199990',1315,,12786,54,,,0
101029,'1199994',1615,,12787,54,,,0
101029,'1199997',813,,12788,54,,,0
101029,'1199998',1813,,12789,54,,,0
101029,'1199999',1113,,12790,54,,,0
101029,'1200000',2433,,12791,54,,,0
101029,'1200001',713,,12792,54,,,0
101029,'1200002',1715,,12793,54,,,0
101029,'1200005',1515,,12794,54,,,0
101029,'1200007',1013,,12795,54,,,0
101029,'1200010',1415,,12796,54,,,0
101029,'1200012',2013,,12797,54,,,0
101029,'1200016',2213,,12798,54,,,0
101029,'1200017',913,,12799,54,,,0
