14019,'1190713',1403,,8090,38,,,0
14019,'1190978',1703,,8092,38,,,0
14019,'1191058',2300,,8093,38,,,0
14019,'1191115',801,,8095,38,,,0
14019,'1191156',1533,,8096,38,,,0
14019,'1191216',1403,,8098,38,,,0
14019,'1191434',1000,,8102,38,,,0
14019,'1191451',1001,,8103,38,,,0
14019,'1191488',1303,,8104,38,,,0
14019,'1191517',701,,8105,38,,,0
14019,'1191609',2331,,8106,38,,,0
14019,'1191614',1831,,8107,38,,,0
14019,'1191636',1803,,8108,38,,,0
14019,'1191714',1203,,8109,38,,,0
14019,'1191747',1503,,8110,38,,,0
14019,'1191757',931,,8111,38,,,0
14019,'1191841',800,,8112,38,,,0
14019,'1191852',1931,,8113,38,,,0
14019,'1191970',2200,,8114,38,,,0
14019,'1191991',2100,,8115,38,,,0
14019,'1192119',2231,,8117,38,,,0
14019,'1192156',1603,,8118,38,,,0
14019,'1192341',731,,8121,38,,,0
14019,'1192538',1703,,8124,38,,,0
14019,'1192564',2400,,8125,38,,,0
14019,'1192713',1900,,8130,38,,,0
14019,'1192727',1303,,8131,38,,,0
14019,'1192788',1503,,8132,38,,,0
14019,'1192791',1203,,8133,38,,,0
14019,'1192803',831,,8134,38,,,0
14019,'1192837',901,,8136,38,,,0
14019,'1192840',1633,,8137,38,,,0
14019,'1192863',2131,,8138,38,,,0
14019,'1192916',2000,,8139,38,,,0
14019,'1192927',900,,8140,38,,,0
14019,'1192946',2031,,8141,38,,,0
14019,'1192962',1103,,8142,38,,,0
14019,'1192987',1803,,8143,38,,,0
14019,'1193071',1103,,8144,38,,,0
14019,'1193088',1733,,8145,38,,,0
14019,'1193127',1603,,8146,38,,,0
14019,'1193190',700,,8147,38,,,0
