10019,'1196894',2043,,10329,1,,,0
10019,'1196915',1643,,10330,1,,,0
10019,'1196923',1043,,10331,1,,,0
10019,'1197054',2213,,10332,1,,,0
10019,'1197091',1443,,10333,1,,,0
10019,'1197121',1043,,10334,1,,,0
10019,'1197207',943,,10335,1,,,0
10019,'1197335',813,,10336,1,,,0
10019,'1197345',2113,,10337,1,,,0
10019,'1197397',1443,,10338,1,,,0
10019,'1197418',2343,,10339,1,,,0
10019,'1197505',1543,,10340,1,,,0
10019,'1197587',913,,10341,1,,,0
10019,'1197595',1043,,10342,1,,,0
10019,'1197737',1343,,10343,1,,,0
10019,'1197756',1843,,10344,1,,,0
10019,'1197759',1513,,10345,1,,,0
10019,'1197766',2243,,10346,1,,,0
10019,'1197915',1943,,10347,1,,,0
10019,'1197927',743,,10348,1,,,0
10019,'1197935',643,,10349,1,,,0
10019,'1197985',943,,10350,1,,,0
10019,'1198010',1813,,10351,1,,,0
10019,'1198016',1943,,10352,1,,,0
10019,'1198164',643,,10353,1,,,0
10019,'1198167',1543,,10354,1,,,0
10019,'1198226',1343,,10355,1,,,0
10019,'1198257',1443,,10356,1,,,0
10019,'1198280',2313,,10357,1,,,0
10019,'1198300',1543,,10358,1,,,0
10019,'1198361',2143,,10359,1,,,0
10019,'1198366',843,,10360,1,,,0
10019,'1198390',1843,,10361,1,,,0
10019,'1198410',1743,,10362,1,,,0
10019,'1198440',743,,10363,1,,,0
10019,'1198475',1143,,10364,1,,,0
10019,'1198480',2143,,10365,1,,,0
10019,'1198509',614,,10366,1,,,0
10019,'1198520',1243,,10367,1,,,0
10019,'1198542',2343,,10368,1,,,0
10019,'1198583',2243,,10369,1,,,0
10019,'1198726',1913,,10370,1,,,0
10019,'1198809',843,,10371,1,,,0
10019,'1198815',1643,,10372,1,,,0
10019,'1198881',1613,,10373,1,,,0
10019,'1198903',843,,10374,1,,,0
10019,'1198955',1143,,10375,1,,,0
10019,'1198962',1643,,10376,1,,,0
10019,'1198993',1143,,10377,1,,,0
10019,'1199007',2043,,10378,1,,,0
10019,'1199032',1343,,10379,1,,,0
10019,'1199053',1743,,10380,1,,,0
10019,'1199056',1743,,10381,1,,,0
10019,'1199257',1713,,10382,1,,,0
10019,'1199300',1243,,10383,1,,,0
10019,'1199321',943,,10384,1,,,0
10019,'1199323',2013,,10385,1,,,0
10019,'1199353',1243,,10386,1,,,0
10019,'1199424',713,,10387,1,,,0
10019,'1199598',743,,10388,1,,,0
10029,'1196869',1043,,10389,49,4,,0
10029,'1196944',1913,,10390,49,4,,0
10029,'1196948',1543,,10391,49,4,,0
10029,'1197007',713,,10392,49,4,,0
10029,'1197053',1343,,10393,49,4,,0
10029,'1197093',1143,,10394,49,4,,0
10029,'1197160',1743,,10395,49,4,,0
10029,'1197269',1843,,10396,49,4,,0
10029,'1197314',2213,,10397,49,4,,0
10029,'1197362',2043,,10398,49,4,,0
10029,'1197385',843,,10399,49,4,,0
10029,'1197414',1443,,10400,49,4,,0
10029,'1197492',1713,,10401,49,4,,0
10029,'1197523',2243,,10402,49,4,,0
10029,'1197565',643,,10403,49,4,,0
10029,'1197669',843,,10404,49,4,,0
10029,'1197675',2143,,10405,49,4,,0
10029,'1197822',1743,,10406,49,4,,0
10029,'1197831',1743,,10407,49,4,,0
10029,'1197885',2043,,10408,49,4,,0
10029,'1197887',1613,,10409,49,4,,0
10029,'1197892',1243,,10410,49,4,,0
10029,'1197908',2243,,10411,49,4,,0
10029,'1197916',2313,,10412,49,4,,0
10029,'1197980',2418,,10413,49,4,,0
10029,'1198080',1643,,10414,49,4,,0
10029,'1198150',1643,,10415,49,4,,0
10029,'1198170',1143,,10416,49,4,,0
10029,'1198181',1813,,10417,49,4,,0
10029,'1198232',1543,,10418,49,4,,0
10029,'1198314',1943,,10419,49,4,,0
10029,'1198351',1243,,10420,49,4,,0
10029,'1198466',2113,,10421,49,4,,0
10029,'1198481',1443,,10422,49,4,,0
10029,'1198536',1243,,10423,49,4,,0
10029,'1198550',1643,,10424,49,4,,0
10029,'1198565',2343,,10425,49,4,,0
10029,'1198676',743,,10426,49,4,,0
10029,'1198703',743,,10427,49,4,,0
10029,'1198735',1043,,10428,49,4,,0
10029,'1198754',1343,,10429,49,4,,0
10029,'1198767',1143,,10430,49,4,,0
10029,'1198887',913,,10431,49,4,,0
10029,'1198905',1443,,10432,49,4,,0
10029,'1198933',843,,10433,49,4,,0
10029,'1199013',743,,10434,49,4,,0
10029,'1199068',1043,,10435,49,4,,0
10029,'1199078',1843,,10436,49,4,,0
10029,'1199088',2013,,10437,49,4,,0
10029,'1199134',1343,,10438,49,4,,0
10029,'1199161',2343,,10439,49,4,,0
10029,'1199245',1943,,10440,49,4,,0
10029,'1199274',943,,10441,49,4,,0
10029,'1199375',1513,,10442,49,4,,0
10029,'1199396',813,,10443,49,4,,0
10029,'1199411',2143,,10444,49,4,,0
10029,'1199422',943,,10445,49,4,,0
10029,'1199613',943,,10446,49,4,,0
10029,'1199633',1543,,10447,49,4,,0
103029,'1196853',1440,,11989,7,,,0
103029,'1196867',1310,,11990,7,,,0
103029,'1196892',1740,,11991,7,,,0
103029,'1196973',1731,,11992,7,,,0
103029,'1197031',1403,,11993,7,,,0
103029,'1197085',2040,,11994,7,,,0
103029,'1197108',1910,,11995,7,,,0
103029,'1197233',1000,,11996,7,,,0
103029,'1197315',1233,,11997,7,,,0
103029,'1197321',1103,,11998,7,,,0
103029,'1197346',1431,,11999,7,,,0
103029,'1197499',1832,,12000,7,,,0
103029,'1197743',803,,12001,7,,,0
103029,'1197784',933,,12002,7,,,0
103029,'1197852',1301,,12003,7,,,0
103029,'1198282',1131,,12004,7,,,0
103029,'1198444',1533,,12005,7,,,0
103029,'1198568',700,,12006,7,,,0
103029,'1198723',2002,,12007,7,,,0
103029,'1198855',830,,12008,7,,,0
103029,'1198880',1516,,12009,7,,,0
103029,'1198882',633,,12010,7,,,0
103029,'1198911',2132,,12011,7,,,0
103029,'1198914',1646,,12012,7,,,0
103029,'1198921',840,,12013,7,,,0
103029,'1198928',745,,12014,7,,,0
103029,'1198990',915,,12015,7,,,0
103029,'1199021',1610,,12016,7,,,0
103029,'1199109',2302,,12017,7,,,0
103029,'1199145',2210,,12018,7,,,0
103029,'1199146',1140,,12019,7,,,0
103029,'1199172',2200,,12020,7,,,0
103029,'1199215',2330,,12021,7,,,0
103029,'1199475',1900,,12022,7,,,0
103029,'1199565',1010,,12023,7,,,0
103029,'1199579',1601,,12024,7,,,0
103029,'1199581',2030,,12025,7,,,0
103029,'1199593',1703,,12026,7,,,0
