3019,'1196834',1825,,10159,36,,,0
3019,'1196848',2125,,10160,36,,,0
3019,'1196854',725,,10161,36,,,0
3019,'1196968',1240,,10162,36,,,0
3019,'1196971',2025,,10163,36,,,0
3019,'1197069',726,,10164,36,,,0
3019,'1197076',2155,,10165,36,,,0
3019,'1197107',1256,,10166,36,,,0
3019,'1197120',2425,,10167,36,,,0
3019,'1197318',2225,,10168,36,,,0
3019,'1197369',2340,,10169,36,,,0
3019,'1197372',2240,,10170,36,,,0
3019,'1197378',925,,10171,36,,,0
3019,'1197462',926,,10172,36,,,0
3019,'1197478',1626,,10173,36,,,0
3019,'1197537',940,,10174,36,,,0
3019,'1197572',1356,,10175,36,,,0
3019,'1197590',856,,10176,36,,,0
3019,'1197618',1726,,10177,36,,,0
3019,'1197708',628,,10178,6,,,0
3019,'1197731',2025,,10179,36,,,0
3019,'1197748',1026,,10180,36,,,0
3019,'1197755',1056,,10181,36,,,0
3019,'1197810',1456,,10182,36,,,0
3019,'1197819',1925,,10183,36,,,0
3019,'1197850',1556,,10184,36,,,0
3019,'1197851',956,,10185,36,,,0
3019,'1197897',1126,,10186,36,,,0
3019,'1197923',1226,,10187,36,,,0
3019,'1197941',1526,,10188,36,,,0
3019,'1198025',1626,,10189,36,,,0
3019,'1198093',1855,,10190,36,,,0
3019,'1198098',1156,,10191,36,,,0
3019,'1198111',1025,,10192,36,,,0
3019,'1198119',1540,,10193,36,,,0
3019,'1198124',1426,,10194,36,,,0
3019,'1198153',1925,,10195,36,,,0
3019,'1198229',1526,,10196,36,,,0
3019,'1198237',1656,,10197,36,,,0
3019,'1198265',2125,,10198,36,,,0
3019,'1198278',1955,,10199,36,,,0
3019,'1198430',1640,,10200,36,,,0
3019,'1198432',1825,,10201,36,,,0
3019,'1198501',1726,,10202,36,,,0
3019,'1198514',656,,10203,36,,,0
3019,'1198654',1740,,10204,36,,,0
3019,'1198677',840,,10205,36,,,0
3019,'1198680',826,,10206,36,,,0
3019,'1198689',2415,,10207,36,,,0
3019,'1198691',1756,,10208,36,,,0
3019,'1198742',2225,,10209,36,,,0
3019,'1198777',1426,,10210,36,,,0
3019,'1198788',740,,10211,36,,,0
3019,'1198845',1040,,10212,36,,,0
3019,'1198989',2140,,10213,36,,,0
3019,'1198991',1840,,10214,36,,,0
3019,'1199009',1340,,10215,36,,,0
3019,'1199035',1226,,10216,36,,,0
3019,'1199052',2040,,10217,36,,,0
3019,'1199066',1140,,10218,36,,,0
3019,'1199133',1326,,10219,36,,,0
3019,'1199262',2325,,10220,36,,,0
3019,'1199277',756,,10221,36,,,0
3019,'1199346',1326,,10222,36,,,0
3019,'1199408',2055,,10223,36,,,0
3019,'1199412',1440,,10224,36,,,0
3019,'1199440',2325,,10225,36,,,0
3019,'1199509',825,,10226,36,,,0
3019,'1199597',628,,10227,6,,,0
3019,'1199600',1940,,10228,36,,,0
3019,'1199612',1126,,10229,36,,,0
