101019,'1190633',1139,,8977,14,,,0
101019,'1190779',1317,,8978,14,,,0
101019,'1190956',2117,,8980,14,,,0
101019,'1191198',539,,8981,14,,,0
101019,'1191333',2239,,8983,14,,,0
101019,'1191377',1517,,8984,14,,,0
101019,'1191432',1717,,8986,14,,,0
101019,'1191480',1341,,8987,14,,,0
101019,'1192063',839,,8990,14,,,0
101019,'1192135',1039,,8991,14,,,0
101019,'1192166',1839,,8992,14,,,0
101019,'1192271',939,,8993,14,,,0
101019,'1192448',917,,8995,14,,,0
101019,'1192613',739,,8996,14,,,0
101019,'1192782',1641,,8997,14,,,0
101019,'1192859',1117,,8998,14,,,0
101019,'1192896',1917,,8999,14,,,0
101019,'1192958',2038,,9001,14,,,0
101019,'1192961',717,,9002,14,,,0
101019,'1192963',2317,,9003,14,,,0
101019,'1193022',1441,,9004,14,,,0
101019,'1193164',1541,,9006,14,,,0
101019,'1193193',1741,,9007,14,,,0
101029,'1190605',1105,,9008,43,,,0
101029,'1190678',1307,,9009,43,,,0
101029,'1190957',1005,,9011,43,,,0
101029,'1191397',1607,,9015,43,,,0
101029,'1191454',1648,,9017,43,,,0
101029,'1191537',2048,,9018,43,,,0
101029,'1191600',1848,,9019,43,,,0
101029,'1191837',2248,,9020,43,,,0
101029,'1191844',1248,,9021,43,,,0
101029,'1191946',1407,,9022,43,,,0
101029,'1192220',2005,,9023,43,,,0
101029,'1192246',705,,9024,43,,,0
101029,'1192291',1448,,9025,43,,,0
101029,'1192305',2425,,9026,43,,,0
101029,'1192401',848,,9028,43,,,0
101029,'1192520',1707,,9029,43,,,0
101029,'1192600',2205,,9031,43,,,0
101029,'1192680',1507,,9032,43,,,0
101029,'1192726',1048,,9033,43,,,0
101029,'1192973',1805,,9034,43,,,0
101029,'1193049',805,,9035,43,,,0
101029,'1193166',648,,9037,43,,,0
101029,'1193226',905,,9038,43,,,0
