10019,'1193663',2224,,7564,28,,,0
10019,'1193667',625,,7566,28,,,0
10019,'1193668',954,,7567,28,,,0
10019,'1193678',2154,,7569,28,,,0
10019,'1193679',1829,,7570,28,,,0
10019,'1193680',754,,7571,28,,,0
10019,'1193682',654,,7573,28,,,0
10019,'1193687',1059,,7575,28,,,0
10019,'1193691',1759,,7576,28,,,0
10019,'1193697',1859,,7577,28,,,0
10019,'1193698',1924,,7578,28,,,0
10019,'1193700',2054,,7579,28,,,0
10019,'1193707',954,,7583,28,,,0
10019,'1193708',854,,7584,28,,,0
10019,'1193710',1259,,7586,28,,,0
10019,'1193715',1300,,7588,28,,,0
10019,'1193717',2124,,7589,28,,,0
10019,'1193718',1359,,7590,28,,,0
10019,'1193720',1624,,7591,28,,,0
10019,'1193724',1500,,7592,28,,,0
10019,'1193725',2024,,7593,28,,,0
10019,'1193731',1459,,7595,28,,,0
10019,'1193732',2324,,7596,28,,,0
10019,'1193733',1759,,7597,28,,,0
10019,'1193734',1200,,7598,28,,,0
10019,'1193737',1100,,7600,28,,,0
10019,'1193738',1159,,7601,28,,,0
10019,'1193739',2254,,7602,28,,,0
10019,'1193740',1659,,7603,28,,,0
10019,'1193743',1525,,7604,28,,,0
10019,'1193747',2354,,7605,28,,,0
10019,'1193749',1954,,7606,28,,,0
10019,'1193752',724,,7607,28,,,0
10019,'1193754',1724,,7608,28,,,0
10019,'1193755',1559,,7609,28,,,0
10019,'1193759',1400,,7611,28,,,0
10019,'1193761',1659,,7612,28,,,0
10019,'1193765',655,,7613,28,,,0
10019,'1193767',824,,7615,28,,,0
10019,'1193768',924,,7616,28,,,0
10019,'1193771',754,,7619,28,,,0
10019,'1193772',1559,,7620,28,,,0
10019,'1193779',854,,7623,28,,,0
