13029,'1196882',1533,,10855,19,,,0
13029,'1196907',1259,,10856,18,,,0
13029,'1196917',1301,,10857,18,,,0
13029,'1196936',1801,,10858,18,,,0
13029,'1196965',758,,10859,18,,,0
13029,'1196972',1631,,10860,18,,,0
13029,'1197006',1459,,10861,18,,,0
13029,'1197082',1159,,10862,18,,,0
13029,'1197122',1059,,10863,18,,,0
13029,'1197184',1459,,10864,18,,,0
13029,'1197188',1929,,10865,18,,,0
13029,'1197193',759,,10866,18,,,0
13029,'1197215',2059,,10867,18,,,0
13029,'1197262',1659,,10868,18,,,0
13029,'1197363',930,,10869,18,,,0
13029,'1197365',2158,,10870,18,,,0
13029,'1197371',959,,10871,18,,,0
13029,'1197444',2258,,10872,18,,,0
13029,'1197556',2259,,10873,18,,,0
13029,'1197773',2029,,10874,18,,,0
13029,'1197812',1501,,10875,18,,,0
13029,'1197866',1359,,10876,18,,,0
13029,'1197909',900,,10877,18,,,0
13029,'1197997',1958,,10878,18,,,0
13029,'1198028',2058,,10879,18,,,0
13029,'1198074',2358,,10880,18,,,0
13029,'1198199',1559,,10881,18,,,0
13029,'1198248',2229,,10882,18,,,0
13029,'1198289',829,,10883,18,,,0
13029,'1198381',1731,,10884,18,,,0
13029,'1198389',1759,,10885,18,,,0
13029,'1198416',1559,,10886,18,,,0
13029,'1198437',1029,,10887,18,,,0
13029,'1198474',1102,,10888,18,,,0
13029,'1198488',1858,,10889,18,,,0
13029,'1198563',729,,10890,18,,,0
13029,'1198648',1058,,10891,18,,,0
13029,'1198673',1259,,10892,18,,,0
13029,'1198704',1859,,10893,18,,,0
13029,'1198733',759,,10894,18,,,0
13029,'1198756',859,,10895,18,,,0
13029,'1198793',958,,10896,18,,,0
13029,'1198811',1359,,10897,18,,,0
13029,'1198812',2359,,10898,18,,,0
13029,'1198828',1159,,10899,18,,,0
13029,'1198858',1601,,10900,18,,,0
13029,'1198910',629,,10901,18,,,0
13029,'1198998',858,,10902,18,,,0
13029,'1199115',659,,10903,18,,,0
13029,'1199250',2159,,10904,18,,,0
13029,'1199324',658,,10905,18,,,0
13029,'1199337',1000,,10906,18,,,0
13029,'1199349',2129,,10907,18,,,0
13029,'1199379',2329,,10908,18,,,0
13029,'1199405',1759,,10909,18,,,0
13029,'1199419',1201,,10910,18,,,0
13029,'1199548',1401,,10911,18,,,0
13029,'1199559',1659,,10912,18,,,0
13029,'1199614',1829,,10913,18,,,0
13029,'1199653',1959,,10914,18,,,0
13029,'1199655',1701,,10915,18,,,0
101019,'1197003',613,,11803,52,,,0
101019,'1197056',2151,,11804,52,,,0
101019,'1197144',2350,,11805,52,,,0
101019,'1197150',1550,,11806,52,,,0
101019,'1197356',1350,,11807,52,,,0
101019,'1197394',1551,,11808,52,,,0
101019,'1197485',751,,11809,52,,,0
101019,'1197542',1351,,11810,52,,,0
101019,'1197666',1113,,11811,52,,,0
101019,'1197703',2150,,11812,52,,,0
101019,'1197735',1213,,11813,52,,,0
101019,'1197816',1151,,11814,52,,,0
101019,'1197893',813,,11815,52,,,0
101019,'1198002',1750,,11816,52,,,0
101019,'1198014',750,,11817,52,,,0
101019,'1198130',1013,,11818,52,,,0
101019,'1198162',1415,,11819,52,,,0
101019,'1198212',1950,,11820,52,,,0
101019,'1198408',2112,,11821,52,,,0
101019,'1198684',951,,11822,52,,,0
101019,'1198907',1951,,11823,52,,,0
101019,'1199079',2313,,11824,52,,,0
101019,'1199178',1815,,11825,52,,,0
101019,'1199186',1615,,11826,52,,,0
101019,'1199279',1751,,11827,52,,,0
101019,'1199401',950,,11828,52,,,0
101019,'1199471',1913,,11829,52,,,0
101019,'1199497',1150,,11830,52,,,0
101019,'1199519',913,,11831,52,,,0
101019,'1199566',1515,,11832,52,,,0
101019,'1199626',1715,,11833,52,,,0
101019,'1199991',1415,,12771,52,,,0
101019,'1199992',2112,,12772,52,,,0
101019,'1199993',913,,12773,52,,,0
101019,'1199995',613,,12774,52,,,0
101019,'1199996',713,,12775,52,,,0
101019,'1200003',1715,,12776,52,,,0
101019,'1200004',1615,,12777,52,,,0
101019,'1200006',1913,,12778,52,,,0
101019,'1200008',813,,12779,52,,,0
101019,'1200009',2313,,12780,52,,,0
101019,'1200011',1113,,12781,52,,,0
101019,'1200013',1213,,12782,52,,,0
101019,'1200014',1515,,12783,52,,,0
101019,'1200015',1815,,12784,52,,,0
101019,'1200018',1013,,12785,52,,,0
