101019,'1197003',542,,11803,18,,,0
101019,'1197056',2119,,11804,18,,,0
101019,'1197144',2320,,11805,18,,,0
101019,'1197150',1520,,11806,18,,,0
101019,'1197356',1320,,11807,18,,,0
101019,'1197394',1519,,11808,18,,,0
101019,'1197485',719,,11809,18,,,0
101019,'1197542',1319,,11810,18,,,0
101019,'1197666',1042,,11811,18,,,0
101019,'1197703',2120,,11812,18,,,0
101019,'1197735',1142,,11813,18,,,0
101019,'1197816',1119,,11814,18,,,0
101019,'1197893',742,,11815,18,,,0
101019,'1198002',1720,,11816,18,,,0
101019,'1198014',720,,11817,18,,,0
101019,'1198130',942,,11818,18,,,0
101019,'1198162',1344,,11819,18,,,0
101019,'1198212',1920,,11820,18,,,0
101019,'1198408',2041,,11821,18,,,0
101019,'1198684',919,,11822,18,,,0
101019,'1198907',1919,,11823,18,,,0
101019,'1199079',2242,,11824,18,,,0
101019,'1199178',1744,,11825,18,,,0
101019,'1199186',1544,,11826,18,,,0
101019,'1199279',1719,,11827,18,,,0
101019,'1199401',920,,11828,18,,,0
101019,'1199471',1842,,11829,18,,,0
101019,'1199497',1120,,11830,18,,,0
101019,'1199519',842,,11831,18,,,0
101019,'1199566',1444,,11832,18,,,0
101019,'1199626',1644,,11833,18,,,0
101019,'1199991',1344,,12771,18,,,0
101019,'1199992',2041,,12772,18,,,0
101019,'1199993',842,,12773,18,,,0
101019,'1199995',542,,12774,18,,,0
101019,'1199996',642,,12775,18,,,0
101019,'1200003',1644,,12776,18,,,0
101019,'1200004',1544,,12777,18,,,0
101019,'1200006',1842,,12778,18,,,0
101019,'1200008',742,,12779,18,,,0
101019,'1200009',2242,,12780,18,,,0
101019,'1200011',1042,,12781,18,,,0
101019,'1200013',1142,,12782,18,,,0
101019,'1200014',1444,,12783,18,,,0
101019,'1200015',1744,,12784,18,,,0
101019,'1200018',942,,12785,18,,,0
101029,'1196911',808,,11834,48,,,0
101029,'1197033',1851,,11835,48,,,0
101029,'1197060',908,,11836,48,,,0
101029,'1197096',1051,,11837,48,,,0
101029,'1197257',1108,,11838,48,,,0
101029,'1197272',1251,,11839,48,,,0
101029,'1197326',1610,,11840,48,,,0
101029,'1197581',2051,,11841,48,,,0
101029,'1197673',1451,,11842,48,,,0
101029,'1197747',2208,,11843,48,,,0
101029,'1197977',1651,,11844,48,,,0
101029,'1198059',651,,11845,48,,,0
101029,'1198116',1051,,11846,48,,,0
101029,'1198125',851,,11847,48,,,0
101029,'1198200',1251,,11848,48,,,0
101029,'1198251',1008,,11849,48,,,0
101029,'1198346',851,,11850,48,,,0
101029,'1198498',2251,,11851,48,,,0
101029,'1198530',2251,,11852,48,,,0
101029,'1198631',1710,,11853,48,,,0
101029,'1198644',2428,,11854,48,,,0
101029,'1198710',1651,,11855,48,,,0
101029,'1198715',1808,,11856,48,,,0
101029,'1198953',2051,,11857,48,,,0
101029,'1198984',1410,,11858,48,,,0
101029,'1199108',1310,,11859,48,,,0
101029,'1199117',708,,11860,48,,,0
101029,'1199304',1851,,11861,48,,,0
101029,'1199366',1451,,11862,48,,,0
101029,'1199567',2008,,11863,48,,,0
101029,'1199585',1510,,11864,48,,,0
101029,'1199990',1310,,12786,48,,,0
101029,'1199994',1610,,12787,48,,,0
101029,'1199997',808,,12788,48,,,0
101029,'1199998',1808,,12789,48,,,0
101029,'1199999',1108,,12790,48,,,0
101029,'1200000',2428,,12791,48,,,0
101029,'1200001',708,,12792,48,,,0
101029,'1200002',1710,,12793,48,,,0
101029,'1200005',1510,,12794,48,,,0
101029,'1200007',1008,,12795,48,,,0
101029,'1200010',1410,,12796,48,,,0
101029,'1200012',2008,,12797,48,,,0
101029,'1200016',2208,,12798,48,,,0
101029,'1200017',908,,12799,48,,,0
