3019,'1196834',1820,,10159,28,,,0
3019,'1196848',2120,,10160,28,,,0
3019,'1196854',720,,10161,28,,,0
3019,'1196968',1236,,10162,28,,,0
3019,'1196971',2020,,10163,28,,,0
3019,'1197069',721,,10164,28,,,0
3019,'1197076',2150,,10165,28,,,0
3019,'1197107',1251,,10166,28,,,0
3019,'1197120',2420,,10167,28,,,0
3019,'1197318',2220,,10168,28,,,0
3019,'1197369',2336,,10169,28,,,0
3019,'1197372',2236,,10170,28,,,0
3019,'1197378',920,,10171,28,,,0
3019,'1197462',921,,10172,28,,,0
3019,'1197478',1621,,10173,28,,,0
3019,'1197537',936,,10174,28,,,0
3019,'1197572',1351,,10175,28,,,0
3019,'1197590',851,,10176,28,,,0
3019,'1197618',1721,,10177,28,,,0
3019,'1197731',2020,,10179,28,,,0
3019,'1197748',1021,,10180,28,,,0
3019,'1197755',1051,,10181,28,,,0
3019,'1197810',1451,,10182,28,,,0
3019,'1197819',1920,,10183,28,,,0
3019,'1197850',1551,,10184,28,,,0
3019,'1197851',951,,10185,28,,,0
3019,'1197897',1121,,10186,28,,,0
3019,'1197923',1221,,10187,28,,,0
3019,'1197941',1521,,10188,28,,,0
3019,'1198025',1621,,10189,28,,,0
3019,'1198093',1850,,10190,28,,,0
3019,'1198098',1151,,10191,28,,,0
3019,'1198111',1020,,10192,28,,,0
3019,'1198119',1536,,10193,28,,,0
3019,'1198124',1421,,10194,28,,,0
3019,'1198153',1920,,10195,28,,,0
3019,'1198229',1521,,10196,28,,,0
3019,'1198237',1651,,10197,28,,,0
3019,'1198265',2120,,10198,28,,,0
3019,'1198278',1950,,10199,28,,,0
3019,'1198430',1636,,10200,28,,,0
3019,'1198432',1820,,10201,28,,,0
3019,'1198501',1721,,10202,28,,,0
3019,'1198514',651,,10203,28,,,0
3019,'1198654',1736,,10204,28,,,0
3019,'1198677',836,,10205,28,,,0
3019,'1198680',821,,10206,28,,,0
3019,'1198689',2410,,10207,28,,,0
3019,'1198691',1751,,10208,28,,,0
3019,'1198742',2220,,10209,28,,,0
3019,'1198777',1421,,10210,28,,,0
3019,'1198788',736,,10211,28,,,0
3019,'1198845',1036,,10212,28,,,0
3019,'1198989',2136,,10213,28,,,0
3019,'1198991',1836,,10214,28,,,0
3019,'1199009',1336,,10215,28,,,0
3019,'1199035',1221,,10216,28,,,0
3019,'1199052',2036,,10217,28,,,0
3019,'1199066',1136,,10218,28,,,0
3019,'1199133',1321,,10219,28,,,0
3019,'1199262',2320,,10220,28,,,0
3019,'1199277',751,,10221,28,,,0
3019,'1199346',1321,,10222,28,,,0
3019,'1199408',2050,,10223,28,,,0
3019,'1199412',1436,,10224,28,,,0
3019,'1199440',2320,,10225,28,,,0
3019,'1199509',820,,10226,28,,,0
3019,'1199600',1936,,10228,28,,,0
3019,'1199612',1121,,10229,28,,,0
4019,'1197123',714,,10299,16,,,0
4019,'1197392',1513,,10300,16,,,0
4019,'1197520',914,,10301,16,,,0
4019,'1197788',1543,,10302,16,,,0
4019,'1197874',1343,,10303,16,,,0
4019,'1198006',844,,10304,16,,,0
4019,'1198332',1743,,10305,16,,,0
4019,'1198394',1443,,10306,16,,,0
4019,'1198409',814,,10307,16,,,0
4019,'1198799',1413,,10308,16,,,0
4019,'1198924',1713,,10309,16,,,0
4019,'1199002',943,,10310,16,,,0
4019,'1199239',1613,,10311,16,,,0
4019,'1199517',745,,10312,16,,,0
4019,'1199645',1643,,10313,16,,,0
