105019,'1190769',1452,,9292,99,,,0
105019,'1190865',1852,,9294,99,,,0
105019,'1190975',1922,,9295,99,,,0
105019,'1190992',1841,,9296,99,,,0
105019,'1190998',1241,,9297,99,,,0
105019,'1191007',1752,,9298,99,,,0
105019,'1191038',1541,,9299,99,,,0
105019,'1191063',1034,,9300,99,,,0
105019,'1191065',1352,,9301,99,,,0
105019,'1191145',727,,9302,99,,,0
105019,'1191217',2340,,9303,99,,,0
105019,'1191294',1441,,9304,99,,,0
105019,'1191329',940,,9305,99,,,0
105019,'1191457',1341,,9307,99,,,0
105019,'1191557',934,,9308,99,,,0
105019,'1191709',834,,9309,99,,,0
105019,'1191750',2326,,9310,99,,,0
105019,'1191859',740,,9311,99,,,0
105019,'1191891',1822,,9312,99,,,0
105019,'1192052',1941,,9313,99,,,0
105019,'1192113',657,,9314,99,,,0
105019,'1192142',1641,,9315,99,,,0
105019,'1192218',2426,,9317,99,,,0
105019,'1192248',2126,,9319,99,,,0
105019,'1192267',1741,,9320,99,,,0
105019,'1192318',1141,,9321,99,,,0
105019,'1192337',1707,,9322,99,,,0
105019,'1192353',1537,,9323,99,,,0
105019,'1192579',1237,,9324,99,,,0
105019,'1192614',804,,9327,99,,,0
105019,'1192661',2226,,9328,99,,,0
105019,'1192725',1607,,9329,99,,,0
105019,'1192735',1956,,9330,99,,,0
105019,'1192821',2140,,9331,99,,,0
105019,'1192847',627,,9333,99,,,0
105019,'1192875',1637,,9334,99,,,0
105019,'1193045',904,,9335,99,,,0
105019,'1193298',1137,,9336,99,,,0
106029,'1190782',752,,9389,30,,,0
106029,'1191556',1854,,9390,30,,,0
106029,'1191771',1624,,9391,30,,,0
106029,'1192044',1739,,9392,30,,,0
106029,'1192429',907,,9393,30,,,0
106029,'1193063',1022,,9394,30,,,0
