3029,'1196871',652,,10230,27,,,0
3029,'1196875',2403,,10231,27,,,0
3029,'1196902',1553,,10232,27,,,0
3029,'1196918',1153,,10233,27,,,0
3029,'1196929',803,,10234,27,,,0
3029,'1197004',2151,,10235,27,,,0
3029,'1197012',1453,,10236,27,,,0
3029,'1197066',1903,,10237,27,,,0
3029,'1197101',1323,,10238,27,,,0
3029,'1197253',1603,,10239,27,,,0
3029,'1197290',822,,10240,27,,,0
3029,'1197380',2203,,10241,27,,,0
3029,'1197402',1623,,10242,27,,,0
3029,'1197413',2051,,10243,27,,,0
3029,'1197417',1103,,10244,27,,,0
3029,'1197427',2220,,10245,27,,,0
3029,'1197507',2351,,10246,27,,,0
3029,'1197510',1823,,10247,27,,,0
3029,'1197558',1022,,10248,27,,,0
3029,'1197601',952,,10249,27,,,0
3029,'1197654',1203,,10250,27,,,0
3029,'1197697',1223,,10251,27,,,0
3029,'1197823',1253,,10252,27,,,0
3029,'1197828',1423,,10253,27,,,0
3029,'1197856',1653,,10254,27,,,0
3029,'1197870',1353,,10255,27,,,0
3029,'1197895',2120,,10256,27,,,0
3029,'1197903',1951,,10257,27,,,0
3029,'1197920',1303,,10258,27,,,0
3029,'1197958',2251,,10259,27,,,0
3029,'1197998',2150,,10260,27,,,0
3029,'1198039',1703,,10261,27,,,0
3029,'1198070',1753,,10262,27,,,0
3029,'1198115',1003,,10263,27,,,0
3029,'1198165',1803,,10264,27,,,0
3029,'1198246',1553,,10265,27,,,0
3029,'1198281',1753,,10266,27,,,0
3029,'1198295',751,,10267,27,,,0
3029,'1198310',2250,,10268,27,,,0
3029,'1198321',1052,,10269,27,,,0
3029,'1198363',1253,,10270,27,,,0
3029,'1198395',752,,10271,27,,,0
3029,'1198434',1523,,10272,27,,,0
3029,'1198445',1153,,10273,27,,,0
3029,'1198462',2050,,10274,27,,,0
3029,'1198484',2303,,10275,27,,,0
3029,'1198500',1723,,10276,27,,,0
3029,'1198518',951,,10277,27,,,0
3029,'1198562',1403,,10278,27,,,0
3029,'1198577',1453,,10279,27,,,0
3029,'1198614',651,,10280,27,,,0
3029,'1198734',1850,,10281,27,,,0
3029,'1198836',852,,10282,27,,,0
3029,'1198936',1503,,10283,27,,,0
3029,'1198983',2103,,10284,27,,,0
3029,'1199061',851,,10285,27,,,0
3029,'1199094',1950,,10286,27,,,0
3029,'1199112',2346,,10287,27,,,0
3029,'1199231',2003,,10288,27,,,0
3029,'1199421',1653,,10289,27,,,0
3029,'1199431',1051,,10290,27,,,0
3029,'1199453',1851,,10291,27,,,0
3029,'1199460',1353,,10292,27,,,0
3029,'1199521',922,,10293,27,,,0
3029,'1199533',1920,,10294,27,,,0
3029,'1199547',722,,10295,27,,,0
3029,'1199601',1122,,10296,27,,,0
3029,'1199629',903,,10297,27,,,0
3029,'1199646',2020,,10298,27,,,0
4029,'1196947',1737,,10314,15,,,0
4029,'1196960',1437,,10315,15,,,0
4029,'1197081',1637,,10316,15,,,0
4029,'1197217',1707,,10317,15,,,0
4029,'1197243',837,,10318,15,,,0
4029,'1197423',1407,,10319,15,,,0
4029,'1198231',1807,,10320,15,,,0
4029,'1198271',1537,,10321,15,,,0
4029,'1198399',807,,10322,15,,,0
4029,'1198606',1007,,10323,15,,,0
4029,'1198651',1507,,10324,15,,,0
4029,'1199058',737,,10325,15,,,0
4029,'1199062',907,,10326,15,,,0
4029,'1199498',1607,,10327,15,,,0
4029,'1199611',937,,10328,15,,,0
10019,'1196894',2059,,10329,35,,,0
10019,'1196915',1659,,10330,35,,,0
10019,'1196923',1059,,10331,35,,,0
10019,'1197054',2229,,10332,35,,,0
10019,'1197091',1459,,10333,35,,,0
10019,'1197121',1100,,10334,35,,,0
10019,'1197207',959,,10335,35,,,0
10019,'1197335',829,,10336,35,,,0
10019,'1197345',2129,,10337,35,,,0
10019,'1197397',1500,,10338,35,,,0
10019,'1197418',2359,,10339,35,,,0
10019,'1197505',1559,,10340,35,,,0
10019,'1197587',929,,10341,35,,,0
10019,'1197595',1059,,10342,35,,,0
10019,'1197737',1400,,10343,35,,,0
10019,'1197756',1859,,10344,35,,,0
10019,'1197759',1530,,10345,35,,,0
10019,'1197766',2259,,10346,35,,,0
10019,'1197915',1959,,10347,35,,,0
10019,'1197927',759,,10348,35,,,0
10019,'1197935',659,,10349,35,,,0
10019,'1197985',959,,10350,35,,,0
10019,'1198010',1829,,10351,35,,,0
10019,'1198016',1959,,10352,35,,,0
10019,'1198164',659,,10353,35,,,0
10019,'1198167',1559,,10354,35,,,0
10019,'1198226',1359,,10355,35,,,0
10019,'1198257',1459,,10356,35,,,0
10019,'1198280',2329,,10357,35,,,0
10019,'1198300',1600,,10358,35,,,0
10019,'1198361',2159,,10359,35,,,0
10019,'1198366',859,,10360,35,,,0
10019,'1198390',1859,,10361,35,,,0
10019,'1198410',1759,,10362,35,,,0
10019,'1198440',759,,10363,35,,,0
10019,'1198475',1159,,10364,35,,,0
10019,'1198480',2159,,10365,35,,,0
10019,'1198509',630,,10366,35,,,0
10019,'1198520',1259,,10367,35,,,0
10019,'1198542',2359,,10368,35,,,0
10019,'1198583',2259,,10369,35,,,0
10019,'1198726',1929,,10370,35,,,0
10019,'1198809',859,,10371,35,,,0
10019,'1198815',1659,,10372,35,,,0
10019,'1198881',1630,,10373,35,,,0
10019,'1198903',859,,10374,35,,,0
10019,'1198955',1200,,10375,35,,,0
10019,'1198962',1700,,10376,35,,,0
10019,'1198993',1159,,10377,35,,,0
10019,'1199007',2059,,10378,35,,,0
10019,'1199032',1359,,10379,35,,,0
10019,'1199053',1800,,10380,35,,,0
10019,'1199056',1759,,10381,35,,,0
10019,'1199257',1730,,10382,35,,,0
10019,'1199300',1259,,10383,35,,,0
10019,'1199321',959,,10384,35,,,0
10019,'1199323',2029,,10385,35,,,0
10019,'1199353',1300,,10386,35,,,0
10019,'1199424',729,,10387,35,,,0
10019,'1199598',759,,10388,35,,,0
14019,'1196890',1836,,10916,44,,,0
14019,'1196970',2106,,10917,44,,,0
14019,'1196984',1404,,10918,44,,,0
14019,'1197073',2206,,10919,44,,,0
14019,'1197090',804,,10920,44,,,0
14019,'1197106',1738,,10921,44,,,0
14019,'1197152',1608,,10922,44,,,0
14019,'1197163',1707,,10923,44,,,0
14019,'1197189',2004,,10924,44,,,0
14019,'1197473',1006,,10925,44,,,0
14019,'1197576',1204,,10926,44,,,0
14019,'1197578',1904,,10927,44,,,0
14019,'1197606',904,,10928,44,,,0
14019,'1197719',1607,,10929,44,,,0
14019,'1197768',1708,,10930,44,,,0
14019,'1197774',1307,,10931,44,,,0
14019,'1197807',706,,10932,44,,,0
14019,'1197857',1304,,10933,44,,,0
14019,'1197872',806,,10934,44,,,0
14019,'1197899',2336,,10935,44,,,0
14019,'1197912',1704,,10936,44,,,0
14019,'1197929',1407,,10937,44,,,0
14019,'1197946',2006,,10938,44,,,0
14019,'1198043',2406,,10939,44,,,0
14019,'1198056',1936,,10940,44,,,0
14019,'1198057',706,,10941,44,,,0
14019,'1198062',1604,,10942,44,,,0
14019,'1198118',2036,,10943,44,,,0
14019,'1198151',1504,,10944,44,,,0
14019,'1198161',1508,,10945,44,,,0
14019,'1198262',1507,,10946,44,,,0
14019,'1198285',2306,,10947,44,,,0
14019,'1198312',1006,,10948,44,,,0
14019,'1198386',1906,,10949,44,,,0
14019,'1198412',1208,,10950,44,,,0
14019,'1198436',906,,10951,44,,,0
14019,'1198460',1108,,10952,44,,,0
14019,'1198507',906,,10953,44,,,0
14019,'1198513',1308,,10954,44,,,0
14019,'1198539',1106,,10955,44,,,0
14019,'1198751',2104,,10956,44,,,0
14019,'1198810',2404,,10957,44,,,0
14019,'1198859',1538,,10958,44,,,0
14019,'1198869',936,,10959,44,,,0
14019,'1198890',2204,,10960,44,,,0
14019,'1199036',736,,10961,44,,,0
14019,'1199048',806,,10962,44,,,0
14019,'1199075',836,,10963,44,,,0
14019,'1199084',1104,,10964,44,,,0
14019,'1199131',2136,,10965,44,,,0
14019,'1199280',2304,,10966,44,,,0
14019,'1199286',1004,,10967,44,,,0
14019,'1199393',1408,,10968,44,,,0
14019,'1199441',1638,,10969,44,,,0
14019,'1199444',1807,,10970,44,,,0
14019,'1199523',1804,,10971,44,,,0
14019,'1199538',1808,,10972,44,,,0
14019,'1199568',2236,,10973,44,,,0
14019,'1199582',1207,,10974,44,,,0
