102029,'1196895',1656,,11907,12,,,0
102029,'1196982',1343,,11908,12,,,0
102029,'1197029',2113,,11909,12,,,0
102029,'1197083',1526,,11910,12,,,0
102029,'1197178',1056,,11911,12,,,0
102029,'1197226',658,,11912,12,,,0
102029,'1197263',743,,11913,12,,,0
102029,'1197297',1442,,11914,12,,,0
102029,'1197309',1826,,11915,12,,,0
102029,'1197330',1728,,11916,12,,,0
102029,'1197420',1513,,11917,12,,,0
102029,'1197536',2256,,11918,12,,,0
102029,'1197603',1043,,11919,12,,,0
102029,'1197704',1012,,11920,12,,,0
102029,'1197770',2413,,11921,12,,,0
102029,'1197839',828,,11922,12,,,0
102029,'1198134',1312,,11923,12,,,0
102029,'1198173',926,,11924,12,,,0
102029,'1198220',1226,,11925,12,,,0
102029,'1198227',1742,,11926,12,,,0
102029,'1198249',1813,,11927,12,,,0
102029,'1198376',1558,,11928,12,,,0
102029,'1198502',1643,,11929,12,,,0
102029,'1198531',756,,11930,12,,,0
102029,'1198599',1612,,11931,12,,,0
102029,'1198638',2243,,11932,12,,,0
102029,'1198688',1142,,11933,12,,,0
102029,'1198705',2042,,11934,12,,,0
102029,'1198769',1956,,11935,12,,,0
102029,'1198816',2126,,11936,12,,,0
102029,'1198930',2212,,11937,12,,,0
102029,'1198996',613,,11938,12,,,0
102029,'1199090',842,,11939,12,,,0
102029,'1199168',913,,11940,12,,,0
102029,'1199202',1943,,11941,12,,,0
102029,'1199211',1912,,11942,12,,,0
102029,'1199244',958,,11943,12,,,0
102029,'1199434',1213,,11944,12,,,0
102029,'1199477',2342,,11945,12,,,0
102029,'1199479',1428,,11946,12,,,0
102029,'1199488',631,,11947,12,,,0
102029,'1199537',1356,,11948,12,,,0
102029,'1199651',712,,11949,12,,,0
