13019,'1190607',939,,7967,36,,,0
13019,'1190640',1640,,7969,36,,,0
13019,'1190733',1039,,7970,36,,,0
13019,'1190801',1240,,7971,36,,,0
13019,'1190811',1939,,7972,36,,,0
13019,'1191064',1009,,7974,36,,,0
13019,'1191079',910,,7975,36,,,0
13019,'1191259',739,,7976,36,,,0
13019,'1191324',739,,7977,36,,,0
13019,'1191439',1741,,7978,36,,,0
13019,'1191443',609,,7979,10,,,0
13019,'1191524',639,,7982,10,,,0
13019,'1191613',1541,,7983,36,,,0
13019,'1191629',2239,,7984,36,,,0
13019,'1191643',2109,,7986,36,,,0
13019,'1191663',1241,,7987,36,,,0
13019,'1191733',1042,,7988,36,,,0
13019,'1191945',1340,,7989,36,,,0
13019,'1192060',809,,7990,36,,,0
13019,'1192062',2209,,7991,36,,,0
13019,'1192072',1141,,7992,36,,,0
13019,'1192088',639,,7993,36,,,0
13019,'1192127',1511,,7994,36,,,0
13019,'1192154',1441,,7995,36,,,0
13019,'1192163',1440,,7996,36,,,0
13019,'1192228',840,,7997,36,,,0
13019,'1192313',839,,8000,36,,,0
13019,'1192426',1611,,8001,36,,,0
13019,'1192486',1711,,8002,36,,,0
13019,'1192492',1909,,8003,36,,,0
13019,'1192497',1140,,8004,36,,,0
13019,'1192498',1740,,8005,36,,,0
13019,'1192501',1809,,8006,36,,,0
13019,'1192637',2139,,8012,36,,,0
13019,'1192715',2309,,8014,36,,,0
13019,'1192811',2039,,8016,36,,,0
13019,'1192876',1641,,8017,36,,,0
13019,'1192895',940,,8018,36,,,0
13019,'1193039',1540,,8021,36,,,0
13019,'1193073',2009,,8022,36,,,0
13019,'1193083',2339,,8023,36,,,0
13019,'1193132',709,,8025,36,,,0
13019,'1193188',1839,,8026,36,,,0
13019,'1193199',2414,,8027,36,,,0
13019,'1193221',1341,,8028,36,,,0
