11029,'1199774',1522,,10550,9,,,0
11029,'1199777',936,,10551,9,,,0
11029,'1199778',1322,,10552,9,,,0
11029,'1199779',2321,,10553,9,,,0
11029,'1199780',1221,,10554,9,,,0
11029,'1199781',1136,,10555,9,,,0
11029,'1199782',1637,,10556,9,,,0
11029,'1199783',2221,,10557,9,,,0
11029,'1199785',1321,,10558,9,,,0
11029,'1199786',806,,10559,9,,,0
11029,'1199787',1622,,10560,9,,,0
11029,'1199788',1552,,10561,9,,,0
11029,'1199789',1437,,10562,9,,,0
11029,'1199790',1451,,10563,9,,,0
11029,'1199791',1121,,10564,9,,,0
11029,'1199792',1537,,10565,9,,,0
11029,'1199793',2336,,10566,9,,,0
11029,'1199794',821,,10567,9,,,0
11029,'1199795',1452,,10568,9,,,0
11029,'1199796',1151,,10569,9,,,0
11029,'1199797',1752,,10570,9,,,0
11029,'1199799',736,,10571,9,,,0
11029,'1199800',1707,,10572,9,,,0
11029,'1199804',921,,10573,9,,,0
11029,'1199808',1021,,10574,9,,,0
11029,'1199809',1722,,10575,9,,,0
11029,'1199810',1051,,10576,9,,,0
11029,'1199811',1036,,10577,9,,,0
11029,'1199812',1551,,10578,9,,,0
11029,'1199813',2321,,10579,9,,,0
11029,'1199814',1222,,10580,9,,,0
11029,'1199815',1621,,10581,9,,,0
11029,'1199816',1151,,10582,9,,,0
11029,'1199818',721,,10583,9,,,0
11029,'1199819',1121,,10584,9,,,0
11029,'1199820',1737,,10585,9,,,0
11029,'1199821',1521,,10586,9,,,0
11029,'1199823',1251,,10587,9,,,0
11029,'1199825',2021,,10588,9,,,0
11029,'1199826',2356,,10589,9,,,0
11029,'1199828',1407,,10590,9,,,0
11029,'1199830',1307,,10591,9,,,0
11029,'1199831',2006,,10592,9,,,0
11029,'1199834',636,,10593,9,,,0
11029,'1199836',751,,10594,9,,,0
11029,'1199838',1507,,10595,9,,,0
11029,'1199839',721,,10596,9,,,0
11029,'1199843',1337,,10597,9,,,0
11029,'1199844',2021,,10598,9,,,0
11029,'1199846',1422,,10599,9,,,0
11029,'1199847',921,,10600,9,,,0
11029,'1199848',906,,10601,9,,,0
11029,'1199849',2121,,10602,9,,,0
11029,'1199850',1521,,10603,9,,,0
11029,'1199852',706,,10604,9,,,0
11029,'1199853',951,,10605,9,,,0
11029,'1199854',836,,10606,9,,,0
11029,'1199855',1621,,10607,9,,,0
11029,'1199856',2121,,10608,9,,,0
11029,'1199858',1607,,10609,9,,,0
11029,'1199860',1021,,10610,9,,,0
11029,'1199862',1936,,10611,9,,,0
11029,'1199863',821,,10612,9,,,0
11029,'1199864',1207,,10613,9,,,0
11029,'1199865',1721,,10614,9,,,0
11029,'1199866',1221,,10615,9,,,0
11029,'1199867',2036,,10616,9,,,0
11029,'1199869',1421,,10617,9,,,0
11029,'1199870',1321,,10618,9,,,0
11029,'1199871',1351,,10619,9,,,0
11029,'1199873',2206,,10620,9,,,0
11029,'1199874',1106,,10621,9,,,0
11029,'1199875',1006,,10622,9,,,0
11029,'1199876',651,,10623,9,,,0
11029,'1199877',1721,,10624,9,,,0
11029,'1199878',1652,,10625,9,,,0
11029,'1199881',1821,,10626,9,,,0
11029,'1199882',1906,,10627,9,,,0
11029,'1199883',1121,,10628,9,,,0
11029,'1199884',1921,,10629,9,,,0
11029,'1199886',1921,,10630,9,,,0
11029,'1199889',721,,10631,9,,,0
11029,'1199890',2106,,10632,9,,,0
11029,'1199891',2221,,10633,9,,,0
11029,'1199892',1821,,10634,9,,,0
11029,'1199893',1021,,10635,9,,,0
11029,'1199898',851,,10636,9,,,0
11029,'1199899',1836,,10637,9,,,0
11029,'1199902',1806,,10638,9,,,0
11029,'1199903',921,,10639,9,,,0
11029,'1199904',1651,,10640,9,,,0
11029,'1199906',621,,10641,9,,,0
11029,'1199907',2306,,10642,9,,,0
11029,'1199910',2236,,10643,9,,,0
11029,'1199911',2136,,10644,9,,,0
11029,'1199912',1352,,10645,9,,,0
11029,'1199913',1237,,10646,9,,,0
11029,'1199914',1252,,10647,9,,,0
11029,'1199919',821,,10648,9,,,0
11029,'1199920',1421,,10649,9,,,0
