12019,'1196839',2124,,10650,13,,,0
12019,'1196874',1125,,10651,13,,,0
12019,'1196885',1625,,10652,13,,,0
12019,'1196887',1555,,10653,13,,,0
12019,'1196940',1325,,10654,13,,,0
12019,'1196983',1924,,10655,13,,,0
12019,'1197026',2224,,10656,13,,,0
12019,'1197080',1824,,10657,13,,,0
12019,'1197104',1854,,10658,13,,,0
12019,'1197223',1755,,10659,13,,,0
12019,'1197306',1155,,10660,13,,,0
12019,'1197322',754,,10661,13,,,0
12019,'1197334',1625,,10662,13,,,0
12019,'1197339',1754,,10663,13,,,0
12019,'1197433',954,,10664,13,,,0
12019,'1197490',1655,,10665,13,,,0
12019,'1197525',1555,,10666,13,,,0
12019,'1197602',854,,10667,13,,,0
12019,'1197615',1225,,10668,13,,,0
12019,'1197664',1755,,10669,13,,,0
12019,'1197701',2354,,10670,13,,,0
12019,'1197765',2354,,10671,13,,,0
12019,'1197813',1055,,10672,13,,,0
12019,'1197824',1254,,10673,13,,,0
12019,'1197891',2054,,10674,13,,,0
12019,'1197911',1954,,10675,13,,,0
12019,'1197945',1854,,10676,13,,,0
12019,'1197989',1455,,10677,13,,,0
12019,'1197991',1154,,10678,13,,,0
12019,'1198031',654,,10679,13,,,0
12019,'1198072',1354,,10680,13,,,0
12019,'1198097',1554,,10681,13,,,0
12019,'1198121',1655,,10682,13,,,0
12019,'1198127',1055,,10683,13,,,0
12019,'1198171',2154,,10684,13,,,0
12019,'1198224',2254,,10685,13,,,0
12019,'1198250',1325,,10686,13,,,0
12019,'1198260',1425,,10687,13,,,0
12019,'1198263',924,,10688,13,,,0
12019,'1198283',1525,,10689,13,,,0
12019,'1198358',1454,,10690,13,,,0
12019,'1198421',854,,10691,13,,,0
12019,'1198427',1225,,10692,13,,,0
12019,'1198442',1725,,10693,13,,,0
12019,'1198497',2154,,10694,13,,,0
12019,'1198582',854,,10695,13,,,0
12019,'1198588',624,,10696,13,,,0
12019,'1198592',1725,,10697,13,,,0
12019,'1198618',1054,,10698,13,,,0
12019,'1198712',1155,,10699,13,,,0
12019,'1198727',1355,,10700,13,,,0
12019,'1198773',1355,,10701,13,,,0
12019,'1198774',1125,,10702,13,,,0
12019,'1198819',2324,,10703,13,,,0
12019,'1198842',954,,10704,13,,,0
12019,'1198884',1954,,10705,13,,,0
12019,'1198912',754,,10706,13,,,0
12019,'1198945',954,,10707,13,,,0
12019,'1199167',724,,10708,13,,,0
12019,'1199197',2054,,10709,13,,,0
12019,'1199223',1255,,10710,13,,,0
12019,'1199224',656,,10711,13,,,0
12019,'1199251',1024,,10712,13,,,0
12019,'1199291',1525,,10713,13,,,0
12019,'1199315',1255,,10714,13,,,0
12019,'1199416',2254,,10715,13,,,0
12019,'1199495',1425,,10716,13,,,0
12019,'1199513',824,,10717,13,,,0
12019,'1199578',1455,,10718,13,,,0
12019,'1199610',2024,,10719,13,,,0
12019,'1199616',754,,10720,13,,,0
12019,'1199625',1654,,10721,13,,,0
