24029,'1196855',2152,,11247,12,,,0
24029,'1196863',1623,,11248,12,,,0
24029,'1196903',1654,,11249,12,,,0
24029,'1196935',1539,,11250,12,,,0
24029,'1196998',952,,11251,12,,,0
24029,'1197011',622,,11252,12,,,0
24029,'1197043',2022,,11253,12,,,0
24029,'1197098',1024,,11254,12,,,0
24029,'1197100',1554,,11255,12,,,0
24029,'1197147',822,,11256,12,,,0
24029,'1197194',1724,,11257,12,,,0
24029,'1197347',1224,,11258,12,,,0
24029,'1197395',2339,,11259,12,,,0
24029,'1197401',1239,,11260,12,,,0
24029,'1197449',1524,,11261,12,,,0
24029,'1197535',1439,,11262,12,,,0
24029,'1197571',1952,,11263,12,,,0
24029,'1197636',839,,11264,12,,,0
24029,'1197711',1424,,11265,12,,,0
24029,'1197716',1424,,11266,12,,,0
24029,'1197740',1624,,11267,12,,,0
24029,'1197752',2252,,11268,12,,,0
24029,'1197838',922,,11269,12,,,0
24029,'1197859',924,,11270,12,,,0
24029,'1197868',2052,,11271,12,,,0
24029,'1198001',1324,,11272,12,,,0
24029,'1198033',722,,11273,12,,,0
24029,'1198069',1839,,11274,12,,,0
24029,'1198091',752,,11275,12,,,0
24029,'1198103',2039,,11276,12,,,0
24029,'1198109',739,,11277,12,,,0
24029,'1198307',2122,,11278,12,,,0
24029,'1198333',1039,,11279,12,,,0
24029,'1198357',1022,,11280,12,,,0
24029,'1198422',1739,,11281,12,,,0
24029,'1198495',1324,,11282,12,,,0
24029,'1198628',1939,,11283,12,,,0
24029,'1198699',1339,,11284,12,,,0
24029,'1198752',1124,,11285,12,,,0
24029,'1198764',1454,,11286,12,,,0
24029,'1198765',1723,,11287,12,,,0
24029,'1198785',2222,,11288,12,,,0
24029,'1198801',1224,,11289,12,,,0
24029,'1198831',1754,,11290,12,,,0
24029,'1198847',1639,,11291,12,,,0
24029,'1198886',722,,11292,12,,,0
24029,'1198954',1139,,11293,12,,,0
24029,'1198966',1524,,11294,12,,,0
24029,'1198971',2239,,11295,12,,,0
24029,'1199014',1922,,11296,12,,,0
24029,'1199150',2322,,11297,12,,,0
24029,'1199169',2412,,11298,12,,,0
24029,'1199217',1124,,11299,12,,,0
24029,'1199230',823,,11300,12,,,0
24029,'1199287',652,,11301,12,,,0
24029,'1199365',2139,,11302,12,,,0
24029,'1199397',852,,11303,12,,,0
24029,'1199530',939,,11304,12,,,0
24029,'1199545',1852,,11305,12,,,0
24029,'1199636',1822,,11306,12,,,0
27019,'1196842',1904,,11533,11,,,0
27019,'1196846',1649,,11534,11,,,0
27019,'1196878',949,,11535,11,,,0
27019,'1196919',1404,,11536,11,,,0
27019,'1196930',2119,,11537,11,,,0
27019,'1197039',849,,11538,11,,,0
27019,'1197044',1549,,11539,11,,,0
27019,'1197171',2319,,11540,11,,,0
27019,'1197352',949,,11541,11,,,0
27019,'1197376',1049,,11542,11,,,0
27019,'1197425',849,,11543,11,,,0
27019,'1197453',1919,,11544,11,,,0
27019,'1197540',2349,,11545,11,,,0
27019,'1197614',649,,11546,11,,,0
27019,'1197700',1004,,11547,11,,,0
27019,'1197712',1149,,11548,11,,,0
27019,'1197781',1749,,11549,11,,,0
27019,'1197786',1449,,11550,11,,,0
27019,'1197791',2219,,11551,11,,,0
27019,'1197796',1049,,11552,11,,,0
27019,'1197826',1104,,11553,11,,,0
27019,'1197858',2249,,11554,11,,,0
27019,'1197876',1149,,11555,11,,,0
27019,'1197898',904,,11556,11,,,0
27019,'1197907',1349,,11557,11,,,0
27019,'1197930',2104,,11558,11,,,0
27019,'1197969',2204,,11559,11,,,0
27019,'1197974',2149,,11560,11,,,0
27019,'1198068',1249,,11561,11,,,0
27019,'1198176',2019,,11562,11,,,0
27019,'1198217',1604,,11563,11,,,0
27019,'1198254',2304,,11564,11,,,0
27019,'1198284',2049,,11565,11,,,0
27019,'1198330',1704,,11566,11,,,0
27019,'1198516',1949,,11567,11,,,0
27019,'1198596',649,,11568,11,,,0
27019,'1198639',749,,11569,11,,,0
27019,'1198652',1649,,11570,11,,,0
27019,'1198762',1804,,11571,11,,,0
27019,'1198768',1504,,11572,11,,,0
27019,'1198893',1204,,11573,11,,,0
27019,'1198985',804,,11574,11,,,0
27019,'1199071',1449,,11575,11,,,0
27019,'1199163',749,,11576,11,,,0
27019,'1199201',1849,,11577,11,,,0
27019,'1199293',1749,,11578,11,,,0
27019,'1199295',1849,,11579,11,,,0
27019,'1199302',1249,,11580,11,,,0
27019,'1199381',2004,,11581,11,,,0
27019,'1199443',1349,,11582,11,,,0
27019,'1199543',1304,,11583,11,,,0
27019,'1199599',1549,,11584,11,,,0
105019,'1196946',951,,12117,114,,,0
105019,'1197049',1906,,12118,114,,,0
105019,'1197077',639,,12119,114,,,0
105019,'1197115',1251,,12120,114,,,0
105019,'1197131',751,,12121,114,,,0
105019,'1197173',1253,,12122,114,,,0
105019,'1197181',1106,,12123,114,,,0
105019,'1197192',2239,,12124,114,,,0
105019,'1197197',1551,,12125,114,,,0
105019,'1197292',1353,,12126,114,,,0
105019,'1197296',1651,,12127,114,,,0
105019,'1197531',1453,,12128,114,,,0
105019,'1197548',2009,,12129,114,,,0
105019,'1197557',1653,,12130,114,,,0
105019,'1197588',906,,12131,114,,,0
105019,'1197596',2139,,12132,114,,,0
105019,'1197617',1553,,12133,114,,,0
105019,'1197633',1306,,12134,114,,,0
105019,'1197710',848,,12135,114,,,0
105019,'1197779',1836,,12136,114,,,0
105019,'1197825',1506,,12137,114,,,0
105019,'1197971',1151,,12138,114,,,0
105019,'1198112',709,,12139,114,,,0
105019,'1198338',1153,,12140,114,,,0
105019,'1198380',2306,,12141,114,,,0
105019,'1198385',1806,,12142,114,,,0
105019,'1198553',1406,,12143,114,,,0
105019,'1198560',2106,,12144,114,,,0
105019,'1198571',1706,,12145,114,,,0
105019,'1198621',818,,12146,114,,,0
105019,'1198667',1048,,12147,114,,,0
105019,'1198717',1621,,12148,114,,,0
105019,'1198741',948,,12149,114,,,0
105019,'1198746',1936,,12150,114,,,0
105019,'1198889',739,,12151,114,,,0
105019,'1199004',1506,,12152,114,,,0
105019,'1199054',1721,,12153,114,,,0
105019,'1199098',918,,12154,114,,,0
105019,'1199298',2439,,12155,114,,,0
105019,'1199347',2351,,12156,114,,,0
105019,'1199383',2339,,12157,114,,,0
105019,'1199400',1753,,12158,114,,,0
105019,'1199461',1906,,12159,114,,,0
105019,'1199511',1853,,12160,114,,,0
105019,'1199546',2151,,12161,114,,,0
105019,'1199574',1953,,12162,114,,,0
106029,'1196836',1637,,12215,45,,,0
106029,'1196851',1752,,12216,45,,,0
106029,'1197042',1035,,12217,45,,,0
106029,'1197408',1907,,12218,45,,,0
106029,'1198086',805,,12219,45,,,0
106029,'1198615',920,,12220,45,,,0
140001019,'1196866',822,,12221,24,,,0
140001019,'1196880',2220,,12222,24,,,0
140001019,'1196896',1037,,12223,24,,,0
140001019,'1196898',2152,,12224,24,,,0
140001019,'1196900',1938,,12225,24,,,0
140001019,'1196905',1909,,12226,24,,,0
140001019,'1196939',2322,,12227,24,,,0
140001019,'1196943',1339,,12228,24,,,0
140001019,'1196945',2347,,12229,24,,,0
140001019,'1196967',652,,12230,24,,,0
140001019,'1197008',1409,,12231,24,,,0
140001019,'1197072',1433,,12232,24,,,0
140001019,'1197075',1554,,12233,24,,,0
140001019,'1197086',1853,,12234,24,,,0
140001019,'1197088',2052,,12235,24,,,0
140001019,'1197102',707,,12236,24,,,0
140001019,'1197146',1609,,12237,24,,,0
140001019,'1197212',1324,,12238,24,,,0
140001019,'1197216',937,,12239,24,,,0
140001019,'1197238',1209,,12240,24,,,0
140001019,'1197266',1509,,12241,24,,,0
140001019,'1197267',1639,,12242,24,,,0
140001019,'1197281',1648,,12243,24,,,0
140001019,'1197287',952,,12244,24,,,0
140001019,'1197324',1618,,12245,24,,,0
140001019,'1197328',1022,,12246,24,,,0
140001019,'1197350',1052,,12247,24,,,0
140001019,'1197407',1424,,12248,24,,,0
140001019,'1197438',1739,,12249,24,,,0
140001019,'1197459',1007,,12250,24,,,0
140001019,'1197465',1139,,12251,24,,,0
140001019,'1197470',1754,,12252,24,,,0
140001019,'1197474',1022,,12253,24,,,0
140001019,'1197516',1448,,12254,24,,,0
140001019,'1197563',1837,,12255,24,,,0
140001019,'1197567',1952,,12256,24,,,0
140001019,'1197593',1239,,12257,24,,,0
140001019,'1197607',1703,,12258,24,,,0
140001019,'1197613',1803,,12259,24,,,0
140001019,'1197621',1809,,12260,24,,,0
140001019,'1197622',2038,,12261,24,,,0
140001019,'1197646',1224,,12262,24,,,0
140001019,'1197676',1154,,12263,24,,,0
140001019,'1197685',1039,,12264,24,,,0
140001019,'1197688',1324,,12265,24,,,0
140001019,'1197689',1439,,12266,24,,,0
140001019,'1197693',1748,,12267,24,,,0
140001019,'1197729',2008,,12268,24,,,0
140001019,'1197734',1609,,12269,24,,,0
140001019,'1197741',1339,,12270,24,,,0
140001019,'1197745',1224,,12271,24,,,0
140001019,'1197767',1124,,12272,24,,,0
140001019,'1197797',2022,,12273,24,,,0
140001019,'1197802',907,,12274,24,,,0
140001019,'1197830',922,,12275,24,,,0
140001019,'1197894',1824,,12276,24,,,0
140001019,'1197944',1109,,12277,24,,,0
140001019,'1197964',1309,,12278,24,,,0
140001019,'1197966',1054,,12279,24,,,0
140001019,'1197987',1633,,12280,24,,,0
140001019,'1197988',752,,12281,24,,,0
140001019,'1198009',2108,,12282,24,,,0
140001019,'1198027',2309,,12283,24,,,0
140001019,'1198035',837,,12284,24,,,0
140001019,'1198147',2109,,12285,24,,,0
140001019,'1198155',1209,,12286,24,,,0
140001019,'1198177',2053,,12287,24,,,0
140001019,'1198195',1309,,12288,24,,,0
140001019,'1198235',1709,,12289,24,,,0
140001019,'1198264',1309,,12290,24,,,0
140001019,'1198294',1409,,12291,24,,,0
140001019,'1198302',2023,,12292,24,,,0
140001019,'1198324',1809,,12293,24,,,0
140001019,'1198349',737,,12294,24,,,0
140001019,'1198356',1724,,12295,24,,,0
140001019,'1198378',722,,12296,24,,,0
140001019,'1198384',1139,,12297,24,,,0
140001019,'1198418',1922,,12298,24,,,0
140001019,'1198429',1908,,12299,24,,,0
140001019,'1198452',1809,,12300,24,,,0
140001019,'1198461',852,,12301,24,,,0
140001019,'1198463',1838,,12302,24,,,0
140001019,'1198487',1852,,12303,24,,,0
140001019,'1198515',1239,,12304,24,,,0
140001019,'1198535',1718,,12305,24,,,0
140001019,'1198541',1107,,12306,24,,,0
140001019,'1198549',652,,12307,24,,,0
140001019,'1198579',1654,,12308,24,,,0
140001019,'1198595',2123,,12309,24,,,0
140001019,'1198601',1624,,12310,24,,,0
140001019,'1198665',2320,,12311,24,,,0
140001019,'1198666',809,,12312,24,,,0
140001019,'1198714',1503,,12313,24,,,0
140001019,'1198763',2422,,12314,24,,,0
140001019,'1198766',1009,,12315,24,,,0
140001019,'1198781',1823,,12316,24,,,0
140001019,'1198791',1524,,12317,24,,,0
140001019,'1198797',822,,12318,24,,,0
140001019,'1198813',1509,,12319,24,,,0
140001019,'1198814',2409,,12320,24,,,0
140001019,'1198835',1354,,12321,24,,,0
140001019,'1198872',852,,12322,24,,,0
140001019,'1198878',1254,,12323,24,,,0
140001019,'1198900',1518,,12324,24,,,0
140001019,'1198920',2122,,12325,24,,,0
140001019,'1198925',1122,,12326,24,,,0
140001019,'1198926',922,,12327,24,,,0
140001019,'1198932',1007,,12328,24,,,0
140001019,'1198964',1733,,12329,24,,,0
140001019,'1198965',1409,,12330,24,,,0
140001019,'1198980',1548,,12331,24,,,0
140001019,'1199018',2420,,12332,24,,,0
140001019,'1199069',2209,,12333,24,,,0
140001019,'1199136',1254,,12334,24,,,0
140001019,'1199170',752,,12335,24,,,0
140001019,'1199213',2350,,12336,24,,,0
140001019,'1199235',909,,12337,24,,,0
140001019,'1199268',807,,12338,24,,,0
140001019,'1199282',1109,,12339,24,,,0
140001019,'1199297',1533,,12340,24,,,0
140001019,'1199319',952,,12341,24,,,0
140001019,'1199330',1907,,12342,24,,,0
140001019,'1199354',1953,,12343,24,,,0
140001019,'1199367',2150,,12344,24,,,0
140001019,'1199377',1209,,12345,24,,,0
140001019,'1199402',1709,,12346,24,,,0
140001019,'1199414',1454,,12347,24,,,0
140001019,'1199449',1154,,12348,24,,,0
140001019,'1199458',1354,,12349,24,,,0
140001019,'1199468',2250,,12350,24,,,0
140001019,'1199492',1603,,12351,24,,,0
140001019,'1199516',2222,,12352,24,,,0
140001019,'1199563',2252,,12353,24,,,0
140001019,'1199606',1539,,12354,24,,,0
140001019,'1199624',1923,,12355,24,,,0
140001019,'1199632',722,,12356,24,,,0
140001019,'1199638',2009,,12357,24,,,0
