12019,'1190645',1626,,7824,14,,,0
12019,'1190716',655,,7826,14,,,0
12019,'1190831',2155,,7830,14,,,0
12019,'1190872',855,,7831,14,,,0
12019,'1190905',855,,7833,14,,,0
12019,'1190925',2025,,7834,14,,,0
12019,'1190938',1626,,7835,14,,,0
12019,'1191207',1756,,7836,14,,,0
12019,'1191227',1726,,7837,14,,,0
12019,'1191300',1526,,7839,14,,,0
12019,'1191320',2325,,7840,14,,,0
12019,'1191414',1726,,7842,14,,,0
12019,'1191419',1456,,7843,14,,,0
12019,'1191420',2125,,7844,14,,,0
12019,'1191448',755,,7845,14,,,0
12019,'1191466',1656,,7846,14,,,0
12019,'1191470',1456,,7847,14,,,0
12019,'1191522',1056,,7848,14,,,0
12019,'1191598',1156,,7850,14,,,0
12019,'1191639',1226,,7851,14,,,0
12019,'1191674',1126,,7852,14,,,0
12019,'1191686',1326,,7853,14,,,0
12019,'1191803',1256,,7857,14,,,0
12019,'1191804',1556,,7858,14,,,0
12019,'1191818',1356,,7859,14,,,0
12019,'1191855',1855,,7860,14,,,0
12019,'1191973',1126,,7861,14,,,0
12019,'1192006',1025,,7863,14,,,0
12019,'1192018',1256,,7864,14,,,0
12019,'1192022',1925,,7865,14,,,0
12019,'1192099',825,,7866,14,,,0
12019,'1192145',1356,,7867,14,,,0
12019,'1192151',755,,7868,14,,,0
12019,'1192194',725,,7869,14,,,0
12019,'1192261',1156,,7870,14,,,0
12019,'1192280',2225,,7871,14,,,0
12019,'1192281',1326,,7872,14,,,0
12019,'1192301',1226,,7874,14,,,0
12019,'1192340',1426,,7875,14,,,0
12019,'1192366',1825,,7876,14,,,0
12019,'1192412',925,,7877,14,,,0
12019,'1192530',1526,,7879,14,,,0
12019,'1192561',2355,,7880,14,,,0
12019,'1192582',1955,,7881,14,,,0
12019,'1192611',2255,,7882,14,,,0
12019,'1192642',625,,7883,14,,,0
12019,'1193003',1556,,7884,14,,,0
12019,'1193055',1656,,7885,14,,,0
12019,'1193068',955,,7886,14,,,0
12019,'1193119',2055,,7887,14,,,0
12019,'1193147',1056,,7888,14,,,0
12019,'1193167',1426,,7889,14,,,0
12019,'1193176',657,,7890,14,,,0
12019,'1193229',1756,,7892,14,,,0
12019,'1193305',955,,7895,14,,,0
