105029,'1196840',2331,,12163,81,,,0
105029,'1196987',1045,,12164,81,,,0
105029,'1196996',1719,,12165,81,,,0
105029,'1197020',1602,,12166,81,,,0
105029,'1197097',1819,,12167,81,,,0
105029,'1197137',2043,,12168,81,,,0
105029,'1197220',2031,,12169,81,,,0
105029,'1197228',1534,,12170,81,,,0
105029,'1197231',801,,12171,81,,,0
105029,'1197439',1202,,12172,81,,,0
105029,'1197501',2002,,12173,81,,,0
105029,'1197522',2202,,12174,81,,,0
105029,'1197561',1034,,12175,81,,,0
105029,'1197638',1002,,12176,81,,,0
105029,'1197840',2131,,12177,81,,,0
105029,'1197853',2231,,12178,81,,,0
105029,'1197918',1901,,12179,81,,,0
105029,'1197968',2402,,12180,81,,,0
105029,'1198013',1402,,12181,81,,,0
105029,'1198037',1134,,12182,81,,,0
105029,'1198064',1845,,12183,81,,,0
105029,'1198187',1245,,12184,81,,,0
105029,'1198214',1802,,12185,81,,,0
105029,'1198417',1345,,12186,81,,,0
105029,'1198447',1749,,12187,81,,,0
105029,'1198529',1545,,12188,81,,,0
105029,'1198616',731,,12189,81,,,0
105029,'1198625',1649,,12190,81,,,0
105029,'1198711',1349,,12191,81,,,0
105029,'1198718',1604,,12192,81,,,0
105029,'1198725',1745,,12193,81,,,0
105029,'1198779',843,,12194,81,,,0
105029,'1198918',1445,,12195,81,,,0
105029,'1198922',2436,,12196,81,,,0
105029,'1198923',701,,12197,81,,,0
105029,'1199012',643,,12198,81,,,0
105029,'1199037',1434,,12199,81,,,0
105029,'1199107',1504,,12200,81,,,0
105029,'1199124',2443,,12201,81,,,0
105029,'1199144',1249,,12202,81,,,0
105029,'1199148',802,,12203,81,,,0
105029,'1199220',1145,,12204,81,,,0
105029,'1199470',2243,,12205,81,,,0
105029,'1199473',931,,12206,81,,,0
105029,'1199604',831,,12207,81,,,0
105029,'1199607',1645,,12208,81,,,0
