101019,'1197003',539,,11803,15,,,0
101019,'1197056',2117,,11804,15,,,0
101019,'1197144',2318,,11805,15,,,0
101019,'1197150',1518,,11806,15,,,0
101019,'1197356',1318,,11807,15,,,0
101019,'1197394',1517,,11808,15,,,0
101019,'1197485',717,,11809,15,,,0
101019,'1197542',1317,,11810,15,,,0
101019,'1197666',1039,,11811,15,,,0
101019,'1197703',2118,,11812,15,,,0
101019,'1197735',1139,,11813,15,,,0
101019,'1197816',1117,,11814,15,,,0
101019,'1197893',739,,11815,15,,,0
101019,'1198002',1718,,11816,15,,,0
101019,'1198014',718,,11817,15,,,0
101019,'1198130',939,,11818,15,,,0
101019,'1198162',1341,,11819,15,,,0
101019,'1198212',1918,,11820,15,,,0
101019,'1198408',2038,,11821,15,,,0
101019,'1198684',917,,11822,15,,,0
101019,'1198907',1917,,11823,15,,,0
101019,'1199079',2239,,11824,15,,,0
101019,'1199178',1741,,11825,15,,,0
101019,'1199186',1541,,11826,15,,,0
101019,'1199279',1717,,11827,15,,,0
101019,'1199401',918,,11828,15,,,0
101019,'1199471',1839,,11829,15,,,0
101019,'1199497',1118,,11830,15,,,0
101019,'1199519',839,,11831,15,,,0
101019,'1199566',1441,,11832,15,,,0
101019,'1199626',1641,,11833,15,,,0
101019,'1199991',1341,,12771,15,,,0
101019,'1199992',2038,,12772,15,,,0
101019,'1199993',839,,12773,15,,,0
101019,'1199995',539,,12774,15,,,0
101019,'1199996',639,,12775,15,,,0
101019,'1200003',1641,,12776,15,,,0
101019,'1200004',1541,,12777,15,,,0
101019,'1200006',1839,,12778,15,,,0
101019,'1200008',739,,12779,15,,,0
101019,'1200009',2239,,12780,15,,,0
101019,'1200011',1039,,12781,15,,,0
101019,'1200013',1139,,12782,15,,,0
101019,'1200014',1441,,12783,15,,,0
101019,'1200015',1741,,12784,15,,,0
101019,'1200018',939,,12785,15,,,0
101029,'1196911',805,,11834,45,,,0
101029,'1197033',1848,,11835,45,,,0
101029,'1197060',905,,11836,45,,,0
101029,'1197096',1048,,11837,45,,,0
101029,'1197257',1105,,11838,45,,,0
101029,'1197272',1249,,11839,45,,,0
101029,'1197326',1607,,11840,45,,,0
101029,'1197581',2048,,11841,45,,,0
101029,'1197673',1449,,11842,45,,,0
101029,'1197747',2205,,11843,45,,,0
101029,'1197977',1649,,11844,45,,,0
101029,'1198059',649,,11845,45,,,0
101029,'1198116',1049,,11846,45,,,0
101029,'1198125',849,,11847,45,,,0
101029,'1198200',1248,,11848,45,,,0
101029,'1198251',1005,,11849,45,,,0
101029,'1198346',848,,11850,45,,,0
101029,'1198498',2248,,11851,45,,,0
101029,'1198530',2249,,11852,45,,,0
101029,'1198631',1707,,11853,45,,,0
101029,'1198644',2425,,11854,45,,,0
101029,'1198710',1648,,11855,45,,,0
101029,'1198715',1805,,11856,45,,,0
101029,'1198953',2049,,11857,45,,,0
101029,'1198984',1407,,11858,45,,,0
101029,'1199108',1307,,11859,45,,,0
101029,'1199117',705,,11860,45,,,0
101029,'1199304',1849,,11861,45,,,0
101029,'1199366',1448,,11862,45,,,0
101029,'1199567',2005,,11863,45,,,0
101029,'1199585',1507,,11864,45,,,0
101029,'1199990',1307,,12786,45,,,0
101029,'1199994',1607,,12787,45,,,0
101029,'1199997',805,,12788,45,,,0
101029,'1199998',1805,,12789,45,,,0
101029,'1199999',1105,,12790,45,,,0
101029,'1200000',2425,,12791,45,,,0
101029,'1200001',705,,12792,45,,,0
101029,'1200002',1707,,12793,45,,,0
101029,'1200005',1507,,12794,45,,,0
101029,'1200007',1005,,12795,45,,,0
101029,'1200010',1407,,12796,45,,,0
101029,'1200012',2005,,12797,45,,,0
101029,'1200016',2205,,12798,45,,,0
101029,'1200017',905,,12799,45,,,0
