11029,'1199774',1521,,10550,8,,,0
11029,'1199777',935,,10551,8,,,0
11029,'1199778',1321,,10552,8,,,0
11029,'1199779',2320,,10553,8,,,0
11029,'1199780',1220,,10554,8,,,0
11029,'1199781',1135,,10555,8,,,0
11029,'1199782',1636,,10556,8,,,0
11029,'1199783',2220,,10557,8,,,0
11029,'1199785',1320,,10558,8,,,0
11029,'1199786',805,,10559,8,,,0
11029,'1199787',1621,,10560,8,,,0
11029,'1199788',1551,,10561,8,,,0
11029,'1199789',1436,,10562,8,,,0
11029,'1199790',1450,,10563,8,,,0
11029,'1199791',1120,,10564,8,,,0
11029,'1199792',1536,,10565,8,,,0
11029,'1199793',2335,,10566,8,,,0
11029,'1199794',820,,10567,8,,,0
11029,'1199795',1451,,10568,8,,,0
11029,'1199796',1150,,10569,8,,,0
11029,'1199797',1751,,10570,8,,,0
11029,'1199799',735,,10571,8,,,0
11029,'1199800',1706,,10572,8,,,0
11029,'1199804',920,,10573,8,,,0
11029,'1199808',1020,,10574,8,,,0
11029,'1199809',1721,,10575,8,,,0
11029,'1199810',1050,,10576,8,,,0
11029,'1199811',1035,,10577,8,,,0
11029,'1199812',1550,,10578,8,,,0
11029,'1199813',2320,,10579,8,,,0
11029,'1199814',1221,,10580,8,,,0
11029,'1199815',1620,,10581,8,,,0
11029,'1199816',1150,,10582,8,,,0
11029,'1199818',720,,10583,8,,,0
11029,'1199819',1120,,10584,8,,,0
11029,'1199820',1736,,10585,8,,,0
11029,'1199821',1520,,10586,8,,,0
11029,'1199823',1250,,10587,8,,,0
11029,'1199825',2020,,10588,8,,,0
11029,'1199826',2355,,10589,8,,,0
11029,'1199828',1406,,10590,8,,,0
11029,'1199830',1306,,10591,8,,,0
11029,'1199831',2005,,10592,8,,,0
11029,'1199834',635,,10593,8,,,0
11029,'1199836',750,,10594,8,,,0
11029,'1199838',1506,,10595,8,,,0
11029,'1199839',720,,10596,8,,,0
11029,'1199843',1336,,10597,8,,,0
11029,'1199844',2020,,10598,8,,,0
11029,'1199846',1421,,10599,8,,,0
11029,'1199847',920,,10600,8,,,0
11029,'1199848',905,,10601,8,,,0
11029,'1199849',2120,,10602,8,,,0
11029,'1199850',1520,,10603,8,,,0
11029,'1199852',705,,10604,8,,,0
11029,'1199853',950,,10605,8,,,0
11029,'1199854',835,,10606,8,,,0
11029,'1199855',1620,,10607,8,,,0
11029,'1199856',2120,,10608,8,,,0
11029,'1199858',1606,,10609,8,,,0
11029,'1199860',1020,,10610,8,,,0
11029,'1199862',1935,,10611,8,,,0
11029,'1199863',820,,10612,8,,,0
11029,'1199864',1206,,10613,8,,,0
11029,'1199865',1720,,10614,8,,,0
11029,'1199866',1220,,10615,8,,,0
11029,'1199867',2035,,10616,8,,,0
11029,'1199869',1420,,10617,8,,,0
11029,'1199870',1320,,10618,8,,,0
11029,'1199871',1350,,10619,8,,,0
11029,'1199873',2205,,10620,8,,,0
11029,'1199874',1105,,10621,8,,,0
11029,'1199875',1005,,10622,8,,,0
11029,'1199876',650,,10623,8,,,0
11029,'1199877',1720,,10624,8,,,0
11029,'1199878',1651,,10625,8,,,0
11029,'1199881',1820,,10626,8,,,0
11029,'1199882',1905,,10627,8,,,0
11029,'1199883',1120,,10628,8,,,0
11029,'1199884',1920,,10629,8,,,0
11029,'1199886',1920,,10630,8,,,0
11029,'1199889',720,,10631,8,,,0
11029,'1199890',2105,,10632,8,,,0
11029,'1199891',2220,,10633,8,,,0
11029,'1199892',1820,,10634,8,,,0
11029,'1199893',1020,,10635,8,,,0
11029,'1199898',850,,10636,8,,,0
11029,'1199899',1835,,10637,8,,,0
11029,'1199902',1805,,10638,8,,,0
11029,'1199903',920,,10639,8,,,0
11029,'1199904',1650,,10640,8,,,0
11029,'1199906',620,,10641,8,,,0
11029,'1199907',2305,,10642,8,,,0
11029,'1199910',2235,,10643,8,,,0
11029,'1199911',2135,,10644,8,,,0
11029,'1199912',1351,,10645,8,,,0
11029,'1199913',1236,,10646,8,,,0
11029,'1199914',1251,,10647,8,,,0
11029,'1199919',820,,10648,8,,,0
11029,'1199920',1420,,10649,8,,,0
