3019,'1196834',1801,,10159,3,,,0
3019,'1196848',2101,,10160,3,,,0
3019,'1196854',701,,10161,3,,,0
3019,'1196968',1217,,10162,3,,,0
3019,'1196971',2001,,10163,3,,,0
3019,'1197069',701,,10164,3,,,0
3019,'1197076',2131,,10165,3,,,0
3019,'1197107',1231,,10166,3,,,0
3019,'1197120',2401,,10167,3,,,0
3019,'1197318',2201,,10168,3,,,0
3019,'1197369',2317,,10169,3,,,0
3019,'1197372',2217,,10170,3,,,0
3019,'1197378',901,,10171,3,,,0
3019,'1197462',901,,10172,3,,,0
3019,'1197478',1601,,10173,3,,,0
3019,'1197537',917,,10174,3,,,0
3019,'1197572',1331,,10175,3,,,0
3019,'1197590',831,,10176,3,,,0
3019,'1197618',1701,,10177,3,,,0
3019,'1197731',2001,,10179,3,,,0
3019,'1197748',1001,,10180,3,,,0
3019,'1197755',1031,,10181,3,,,0
3019,'1197810',1431,,10182,3,,,0
3019,'1197819',1901,,10183,3,,,0
3019,'1197850',1531,,10184,3,,,0
3019,'1197851',931,,10185,3,,,0
3019,'1197897',1101,,10186,3,,,0
3019,'1197923',1201,,10187,3,,,0
3019,'1197941',1501,,10188,3,,,0
3019,'1198025',1601,,10189,3,,,0
3019,'1198093',1831,,10190,3,,,0
3019,'1198098',1131,,10191,3,,,0
3019,'1198111',1001,,10192,3,,,0
3019,'1198119',1517,,10193,3,,,0
3019,'1198124',1401,,10194,3,,,0
3019,'1198153',1901,,10195,3,,,0
3019,'1198229',1501,,10196,3,,,0
3019,'1198237',1631,,10197,3,,,0
3019,'1198265',2101,,10198,3,,,0
3019,'1198278',1931,,10199,3,,,0
3019,'1198430',1617,,10200,3,,,0
3019,'1198432',1801,,10201,3,,,0
3019,'1198501',1701,,10202,3,,,0
3019,'1198514',631,,10203,3,,,0
3019,'1198654',1717,,10204,3,,,0
3019,'1198677',817,,10205,3,,,0
3019,'1198680',801,,10206,3,,,0
3019,'1198689',2351,,10207,3,,,0
3019,'1198691',1731,,10208,3,,,0
3019,'1198742',2201,,10209,3,,,0
3019,'1198777',1401,,10210,3,,,0
3019,'1198788',717,,10211,3,,,0
3019,'1198845',1017,,10212,3,,,0
3019,'1198989',2117,,10213,3,,,0
3019,'1198991',1817,,10214,3,,,0
3019,'1199009',1317,,10215,3,,,0
3019,'1199035',1201,,10216,3,,,0
3019,'1199052',2017,,10217,3,,,0
3019,'1199066',1117,,10218,3,,,0
3019,'1199133',1301,,10219,3,,,0
3019,'1199262',2301,,10220,3,,,0
3019,'1199277',731,,10221,3,,,0
3019,'1199346',1301,,10222,3,,,0
3019,'1199408',2031,,10223,3,,,0
3019,'1199412',1417,,10224,3,,,0
3019,'1199440',2301,,10225,3,,,0
3019,'1199509',801,,10226,3,,,0
3019,'1199600',1917,,10228,3,,,0
3019,'1199612',1101,,10229,3,,,0
14029,'1196849',1716,,10975,3,,,0
14029,'1196912',746,,10976,3,,,0
14029,'1197024',1516,,10977,3,,,0
14029,'1197041',2316,,10978,3,,,0
14029,'1197050',1616,,10979,3,,,0
14029,'1197119',1716,,10980,3,,,0
14029,'1197130',2216,,10981,3,,,0
14029,'1197219',1516,,10982,3,,,0
14029,'1197237',1316,,10983,3,,,0
14029,'1197250',616,,10984,3,,,0
14029,'1197265',1746,,10985,3,,,0
14029,'1197310',2216,,10986,3,,,0
14029,'1197323',1316,,10987,3,,,0
14029,'1197440',2116,,10988,3,,,0
14029,'1197456',1516,,10989,3,,,0
14029,'1197472',1116,,10990,3,,,0
14029,'1197493',1846,,10991,3,,,0
14029,'1197512',1616,,10992,3,,,0
14029,'1197515',1416,,10993,3,,,0
14029,'1197597',716,,10994,3,,,0
14029,'1197605',2246,,10995,3,,,0
14029,'1197639',1216,,10996,3,,,0
14029,'1197699',1946,,10997,3,,,0
14029,'1197717',1716,,10998,3,,,0
14029,'1197738',1016,,10999,3,,,0
14029,'1197809',1616,,11000,3,,,0
14029,'1197863',2351,,11001,3,,,0
14029,'1197882',1416,,11002,3,,,0
14029,'1197961',1216,,11003,3,,,0
14029,'1198040',1016,,11004,3,,,0
14029,'1198078',1116,,11005,3,,,0
14029,'1198100',846,,11006,3,,,0
14029,'1198198',2146,,11007,3,,,0
14029,'1198204',2046,,11008,3,,,0
14029,'1198269',646,,11009,3,,,0
14029,'1198326',916,,11010,3,,,0
14029,'1198404',716,,11011,3,,,0
14029,'1198426',2116,,11012,3,,,0
14029,'1198570',816,,11013,3,,,0
14029,'1198612',2316,,11014,3,,,0
14029,'1198728',816,,11015,3,,,0
14029,'1198772',1816,,11016,3,,,0
14029,'1198830',916,,11017,3,,,0
14029,'1198941',1116,,11018,3,,,0
14029,'1198956',1416,,11019,3,,,0
14029,'1199040',2016,,11020,3,,,0
14029,'1199065',1216,,11021,3,,,0
14029,'1199076',1816,,11022,3,,,0
14029,'1199083',1646,,11023,3,,,0
14029,'1199184',916,,11024,3,,,0
14029,'1199200',816,,11025,3,,,0
14029,'1199222',1546,,11026,3,,,0
14029,'1199266',1316,,11027,3,,,0
14029,'1199447',1916,,11028,3,,,0
14029,'1199472',2016,,11029,3,,,0
14029,'1199520',1016,,11030,3,,,0
14029,'1199554',716,,11031,3,,,0
14029,'1199573',1916,,11032,3,,,0
14029,'1199643',1446,,11033,3,,,0
