13019,'1196852',1342,,10793,39,,,0
13019,'1196856',1740,,10794,39,,,0
13019,'1196922',639,,10795,13,,,0
13019,'1196999',941,,10796,39,,,0
13019,'1197035',640,,10797,39,,,0
13019,'1197132',1512,,10798,39,,,0
13019,'1197251',1612,,10799,39,,,0
13019,'1197279',740,,10800,39,,,0
13019,'1197353',2310,,10801,39,,,0
13019,'1197357',1840,,10802,39,,,0
13019,'1197451',2240,,10803,39,,,0
13019,'1197487',841,,10804,39,,,0
13019,'1197555',1642,,10805,39,,,0
13019,'1197570',940,,10806,39,,,0
13019,'1197575',1640,,10807,39,,,0
13019,'1197641',2040,,10808,39,,,0
13019,'1197645',1712,,10809,39,,,0
13019,'1197648',710,,10810,39,,,0
13019,'1197690',1640,,10811,39,,,0
13019,'1197692',1742,,10812,39,,,0
13019,'1197730',1442,,10813,39,,,0
13019,'1197762',2415,,10814,39,,,0
13019,'1197803',740,,10815,39,,,0
13019,'1197834',1240,,10816,39,,,0
13019,'1197854',2040,,10817,39,,,0
13019,'1197962',1340,,10818,39,,,0
13019,'1197975',1043,,10819,39,,,0
13019,'1198041',1140,,10820,39,,,0
13019,'1198094',1810,,10821,39,,,0
13019,'1198160',840,,10822,39,,,0
13019,'1198201',1240,,10823,39,,,0
13019,'1198243',1840,,10824,39,,,0
13019,'1198290',2210,,10825,39,,,0
13019,'1198352',740,,10826,39,,,0
13019,'1198355',1910,,10827,39,,,0
13019,'1198382',810,,10828,39,,,0
13019,'1198402',2240,,10829,39,,,0
13019,'1198552',2140,,10830,39,,,0
13019,'1198554',1940,,10831,39,,,0
13019,'1198602',1140,,10832,39,,,0
13019,'1198611',2010,,10833,39,,,0
13019,'1198630',1542,,10834,39,,,0
13019,'1198675',1242,,10835,39,,,0
13019,'1198690',610,,10836,13,,,0
13019,'1198716',1040,,10837,39,,,0
13019,'1198729',1010,,10838,39,,,0
13019,'1198761',1340,,10839,39,,,0
13019,'1198778',940,,10840,39,,,0
13019,'1198837',2340,,10841,39,,,0
13019,'1198874',1142,,10842,39,,,0
13019,'1198888',911,,10843,39,,,0
13019,'1199044',840,,10844,39,,,0
13019,'1199123',1040,,10845,39,,,0
13019,'1199151',1440,,10846,39,,,0
13019,'1199233',1440,,10847,39,,,0
13019,'1199276',1540,,10848,39,,,0
13019,'1199284',2110,,10849,39,,,0
13019,'1199418',1940,,10850,39,,,0
13019,'1199448',1740,,10851,39,,,0
13019,'1199536',2140,,10852,39,,,0
13019,'1199588',2340,,10853,39,,,0
13019,'1199631',1540,,10854,39,,,0
