105029,'1196840',2329,,12163,75,,,0
105029,'1196987',1043,,12164,75,,,0
105029,'1196996',1717,,12165,75,,,0
105029,'1197020',1600,,12166,75,,,0
105029,'1197097',1817,,12167,75,,,0
105029,'1197137',2041,,12168,75,,,0
105029,'1197220',2029,,12169,75,,,0
105029,'1197228',1532,,12170,75,,,0
105029,'1197231',759,,12171,75,,,0
105029,'1197439',1200,,12172,75,,,0
105029,'1197501',2000,,12173,75,,,0
105029,'1197522',2200,,12174,75,,,0
105029,'1197561',1032,,12175,75,,,0
105029,'1197638',1000,,12176,75,,,0
105029,'1197840',2129,,12177,75,,,0
105029,'1197853',2229,,12178,75,,,0
105029,'1197918',1859,,12179,75,,,0
105029,'1197968',2400,,12180,75,,,0
105029,'1198013',1400,,12181,75,,,0
105029,'1198037',1132,,12182,75,,,0
105029,'1198064',1843,,12183,75,,,0
105029,'1198187',1243,,12184,75,,,0
105029,'1198214',1800,,12185,75,,,0
105029,'1198417',1343,,12186,75,,,0
105029,'1198447',1747,,12187,75,,,0
105029,'1198529',1543,,12188,75,,,0
105029,'1198616',729,,12189,75,,,0
105029,'1198625',1647,,12190,75,,,0
105029,'1198711',1347,,12191,75,,,0
105029,'1198718',1602,,12192,75,,,0
105029,'1198725',1743,,12193,75,,,0
105029,'1198779',841,,12194,75,,,0
105029,'1198918',1443,,12195,75,,,0
105029,'1198922',2434,,12196,75,,,0
105029,'1198923',659,,12197,75,,,0
105029,'1199012',641,,12198,75,,,0
105029,'1199037',1432,,12199,75,,,0
105029,'1199107',1502,,12200,75,,,0
105029,'1199124',2441,,12201,75,,,0
105029,'1199144',1247,,12202,75,,,0
105029,'1199148',800,,12203,75,,,0
105029,'1199220',1143,,12204,75,,,0
105029,'1199470',2241,,12205,75,,,0
105029,'1199473',929,,12206,75,,,0
105029,'1199604',829,,12207,75,,,0
105029,'1199607',1643,,12208,75,,,0
