12019,'1196839',2118,,10650,3,,,0
12019,'1196874',1118,,10651,3,,,0
12019,'1196885',1618,,10652,3,,,0
12019,'1196887',1548,,10653,3,,,0
12019,'1196940',1318,,10654,3,,,0
12019,'1196983',1918,,10655,3,,,0
12019,'1197026',2218,,10656,3,,,0
12019,'1197080',1818,,10657,3,,,0
12019,'1197104',1848,,10658,3,,,0
12019,'1197223',1748,,10659,3,,,0
12019,'1197306',1148,,10660,3,,,0
12019,'1197322',748,,10661,3,,,0
12019,'1197334',1618,,10662,3,,,0
12019,'1197339',1748,,10663,3,,,0
12019,'1197433',948,,10664,3,,,0
12019,'1197490',1648,,10665,3,,,0
12019,'1197525',1548,,10666,3,,,0
12019,'1197602',848,,10667,3,,,0
12019,'1197615',1218,,10668,3,,,0
12019,'1197664',1748,,10669,3,,,0
12019,'1197701',2348,,10670,3,,,0
12019,'1197765',2348,,10671,3,,,0
12019,'1197813',1048,,10672,3,,,0
12019,'1197824',1248,,10673,3,,,0
12019,'1197891',2048,,10674,3,,,0
12019,'1197911',1948,,10675,3,,,0
12019,'1197945',1848,,10676,3,,,0
12019,'1197989',1448,,10677,3,,,0
12019,'1197991',1148,,10678,3,,,0
12019,'1198031',648,,10679,3,,,0
12019,'1198072',1348,,10680,3,,,0
12019,'1198097',1548,,10681,3,,,0
12019,'1198121',1648,,10682,3,,,0
12019,'1198127',1048,,10683,3,,,0
12019,'1198171',2148,,10684,3,,,0
12019,'1198224',2248,,10685,3,,,0
12019,'1198250',1318,,10686,3,,,0
12019,'1198260',1418,,10687,3,,,0
12019,'1198263',918,,10688,3,,,0
12019,'1198283',1518,,10689,3,,,0
12019,'1198358',1448,,10690,3,,,0
12019,'1198421',848,,10691,3,,,0
12019,'1198427',1218,,10692,3,,,0
12019,'1198442',1718,,10693,3,,,0
12019,'1198497',2148,,10694,3,,,0
12019,'1198582',848,,10695,3,,,0
12019,'1198588',618,,10696,3,,,0
12019,'1198592',1718,,10697,3,,,0
12019,'1198618',1048,,10698,3,,,0
12019,'1198712',1148,,10699,3,,,0
12019,'1198727',1348,,10700,3,,,0
12019,'1198773',1348,,10701,3,,,0
12019,'1198774',1118,,10702,3,,,0
12019,'1198819',2318,,10703,3,,,0
12019,'1198842',948,,10704,3,,,0
12019,'1198884',1948,,10705,3,,,0
12019,'1198912',748,,10706,3,,,0
12019,'1198945',948,,10707,3,,,0
12019,'1199167',718,,10708,3,,,0
12019,'1199197',2048,,10709,3,,,0
12019,'1199223',1248,,10710,3,,,0
12019,'1199224',650,,10711,3,,,0
12019,'1199251',1018,,10712,3,,,0
12019,'1199291',1518,,10713,3,,,0
12019,'1199315',1248,,10714,3,,,0
12019,'1199416',2248,,10715,3,,,0
12019,'1199495',1418,,10716,3,,,0
12019,'1199513',818,,10717,3,,,0
12019,'1199578',1448,,10718,3,,,0
12019,'1199610',2018,,10719,3,,,0
12019,'1199616',748,,10720,3,,,0
12019,'1199625',1648,,10721,3,,,0
