105019,'1196946',944,,12117,101,,,0
105019,'1197049',1857,,12118,101,,,0
105019,'1197077',632,,12119,101,,,0
105019,'1197115',1242,,12120,101,,,0
105019,'1197131',744,,12121,101,,,0
105019,'1197173',1245,,12122,101,,,0
105019,'1197181',1059,,12123,101,,,0
105019,'1197192',2231,,12124,101,,,0
105019,'1197197',1542,,12125,101,,,0
105019,'1197292',1345,,12126,101,,,0
105019,'1197296',1642,,12127,101,,,0
105019,'1197531',1445,,12128,101,,,0
105019,'1197548',2001,,12129,101,,,0
105019,'1197557',1645,,12130,101,,,0
105019,'1197588',859,,12131,101,,,0
105019,'1197596',2131,,12132,101,,,0
105019,'1197617',1545,,12133,101,,,0
105019,'1197633',1259,,12134,101,,,0
105019,'1197710',839,,12135,101,,,0
105019,'1197779',1827,,12136,101,,,0
105019,'1197825',1457,,12137,101,,,0
105019,'1197971',1142,,12138,101,,,0
105019,'1198112',702,,12139,101,,,0
105019,'1198338',1145,,12140,101,,,0
105019,'1198380',2259,,12141,101,,,0
105019,'1198385',1757,,12142,101,,,0
105019,'1198553',1357,,12143,101,,,0
105019,'1198560',2059,,12144,101,,,0
105019,'1198571',1659,,12145,101,,,0
105019,'1198621',809,,12146,101,,,0
105019,'1198667',1039,,12147,101,,,0
105019,'1198717',1612,,12148,101,,,0
105019,'1198741',939,,12149,101,,,0
105019,'1198746',1927,,12150,101,,,0
105019,'1198889',732,,12151,101,,,0
105019,'1199004',1459,,12152,101,,,0
105019,'1199054',1712,,12153,101,,,0
105019,'1199098',909,,12154,101,,,0
105019,'1199298',2431,,12155,101,,,0
105019,'1199347',2344,,12156,101,,,0
105019,'1199383',2331,,12157,101,,,0
105019,'1199400',1745,,12158,101,,,0
105019,'1199461',1859,,12159,101,,,0
105019,'1199511',1845,,12160,101,,,0
105019,'1199546',2144,,12161,101,,,0
105019,'1199574',1945,,12162,101,,,0
106029,'1196836',1629,,12215,32,,,0
106029,'1196851',1744,,12216,32,,,0
106029,'1197042',1027,,12217,32,,,0
106029,'1197408',1859,,12218,32,,,0
106029,'1198086',757,,12219,32,,,0
106029,'1198615',912,,12220,32,,,0
