3029,'1190611',1935,,7500,7,,,0
3029,'1190627',1736,,7501,7,,,0
3029,'1190644',1507,,7502,7,,,0
3029,'1190736',1207,,7504,7,,,0
3029,'1190789',1636,,7505,7,,,0
3029,'1190824',2235,,7506,7,,,0
3029,'1190874',735,,7509,7,,,0
3029,'1190909',1105,,7511,7,,,0
3029,'1190946',1436,,7512,7,,,0
3029,'1190994',735,,7513,7,,,0
3029,'1191014',905,,7514,7,,,0
3029,'1191024',1807,,7515,7,,,0
3029,'1191040',1537,,7516,7,,,0
3029,'1191098',1835,,7517,7,,,0
3029,'1191158',2335,,7518,7,,,0
3029,'1191226',935,,7519,7,,,0
3029,'1191231',1237,,7520,7,,,0
3029,'1191258',705,,7522,7,,,0
3029,'1191314',1437,,7523,7,,,0
3029,'1191535',1035,,7528,7,,,0
3029,'1191540',1737,,7529,7,,,0
3029,'1191586',2235,,7530,7,,,0
3029,'1191666',2135,,7531,7,,,0
3029,'1191712',1407,,7532,7,,,0
3029,'1191791',1637,,7533,7,,,0
3029,'1191899',1935,,7535,7,,,0
3029,'1191925',1536,,7536,7,,,0
3029,'1191939',2332,,7537,7,,,0
3029,'1192084',2135,,7539,7,,,0
3029,'1192087',935,,7540,7,,,0
3029,'1192097',635,,7542,7,,,0
3029,'1192186',1835,,7543,7,,,0
3029,'1192237',1336,,7544,7,,,0
3029,'1192257',1707,,7546,7,,,0
3029,'1192374',2035,,7547,7,,,0
3029,'1192469',1137,,7548,7,,,0
3029,'1192585',1236,,7550,7,,,0
3029,'1192635',835,,7551,7,,,0
3029,'1192717',635,,7552,7,,,0
3029,'1192832',1307,,7554,7,,,0
3029,'1192839',2035,,7555,7,,,0
3029,'1192856',1005,,7556,7,,,0
3029,'1192861',1035,,7557,7,,,0
3029,'1193061',835,,7559,7,,,0
3029,'1193095',805,,7560,7,,,0
3029,'1193126',1607,,7561,7,,,0
3029,'1193264',1136,,7562,7,,,0
3029,'1193282',1337,,7563,7,,,0
