104019,'1197815',2347,,12041,6,,,0
104019,'1198490',2423,,12054,6,,,0
104019,'1199025',2403,,12063,6,,,0
104029,'1196835',1948,,12074,6,,,0
104029,'1196857',748,,12075,6,,,0
104029,'1196889',747,,12076,6,,,0
104029,'1196928',1733,,12077,6,,,0
104029,'1197002',633,,12078,6,,,0
104029,'1197045',1526,,12079,6,,,0
104029,'1197133',818,,12080,6,,,0
104029,'1197341',1226,,12081,6,,,0
104029,'1197454',1747,,12082,6,,,0
104029,'1197461',703,,12083,6,,,0
104029,'1197467',2147,,12084,6,,,0
104029,'1197481',548,,12085,6,,,0
104029,'1197553',2118,,12086,6,,,0
104029,'1197574',903,,12087,6,,,0
104029,'1197583',2133,,12088,6,,,0
104029,'1197794',1748,,12089,6,,,0
104029,'1197965',1347,,12090,6,,,0
104029,'1197979',1518,,12091,6,,,0
104029,'1198234',1018,,12092,6,,,0
104029,'1198287',1611,,12093,6,,,0
104029,'1198288',1141,,12094,6,,,0
104029,'1198449',1248,,12095,6,,,0
104029,'1198458',1903,,12096,6,,,0
104029,'1198510',933,,12097,6,,,0
104029,'1198521',748,,12098,6,,,0
104029,'1198558',1633,,12099,6,,,0
104029,'1198578',1656,,12100,6,,,0
104029,'1198686',1356,,12101,6,,,0
104029,'1198694',1441,,12102,6,,,0
104029,'1198755',947,,12103,6,,,0
104029,'1198909',1147,,12104,6,,,0
104029,'1198979',1133,,12105,6,,,0
104029,'1199045',2248,,12106,6,,,0
104029,'1199127',2248,,12107,6,,,0
104029,'1199159',1311,,12108,6,,,0
104029,'1199181',903,,12109,6,,,0
104029,'1199193',1547,,12110,6,,,0
104029,'1199356',1403,,12111,6,,,0
104029,'1199360',2018,,12112,6,,,0
104029,'1199374',633,,12113,6,,,0
104029,'1199380',1018,,12114,6,,,0
104029,'1199442',1818,,12115,6,,,0
104029,'1199577',1947,,12116,6,,,0
