28019,'1196931',2331,,11637,2,,,0
28019,'1196961',951,,11638,2,,,0
28019,'1197034',1131,,11639,2,,,0
28019,'1197242',1531,,11640,2,,,0
28019,'1197295',1351,,11641,2,,,0
28019,'1197458',1931,,11642,2,,,0
28019,'1197551',851,,11643,2,,,0
28019,'1197718',2131,,11644,2,,,0
28019,'1197726',1751,,11645,2,,,0
28019,'1197861',1831,,11646,2,,,0
28019,'1197862',1231,,11647,2,,,0
28019,'1198022',651,,11648,2,,,0
28019,'1198061',2051,,11649,2,,,0
28019,'1198096',1431,,11650,2,,,0
28019,'1198110',1151,,11651,2,,,0
28019,'1198319',1951,,11652,2,,,0
28019,'1198329',1631,,11653,2,,,0
28019,'1198345',1451,,11654,2,,,0
28019,'1198414',1051,,11655,2,,,0
28019,'1198454',1031,,11656,2,,,0
28019,'1198522',1551,,11657,2,,,0
28019,'1198672',931,,11658,2,,,0
28019,'1198739',2151,,11659,2,,,0
28019,'1198919',731,,11660,2,,,0
28019,'1198968',1251,,11661,2,,,0
28019,'1199033',2351,,11662,2,,,0
28019,'1199206',2031,,11663,2,,,0
28019,'1199243',2251,,11664,2,,,0
28019,'1199296',1851,,11665,2,,,0
28019,'1199344',1731,,11666,2,,,0
28019,'1199417',1651,,11667,2,,,0
28019,'1199450',831,,11668,2,,,0
28019,'1199529',1331,,11669,2,,,0
28019,'1199584',751,,11670,2,,,0
28019,'1199602',2231,,11671,2,,,0
28019,'1199775',1736,,11672,2,,,0
28019,'1199776',1706,,11673,2,,,0
28019,'1199784',1806,,11674,2,,,0
28019,'1199803',706,,11675,2,,,0
28019,'1199807',2006,,11676,2,,,0
28019,'1199817',2206,,11677,2,,,0
28019,'1199832',2306,,11678,2,,,0
28019,'1199835',1506,,11679,2,,,0
28019,'1199837',1636,,11680,2,,,0
28019,'1199842',1836,,11681,2,,,0
28019,'1199845',906,,11682,2,,,0
28019,'1199851',806,,11683,2,,,0
28019,'1199859',1906,,11684,2,,,0
28019,'1199861',836,,11685,2,,,0
28019,'1199868',1406,,11686,2,,,0
28019,'1199872',636,,11687,2,,,0
28019,'1199880',1306,,11688,2,,,0
28019,'1199885',736,,11689,2,,,0
28019,'1199887',1206,,11690,2,,,0
28019,'1199894',1606,,11691,2,,,0
28019,'1199897',606,,11692,2,,,0
28019,'1199900',2106,,11693,2,,,0
28019,'1199908',1006,,11694,2,,,0
28019,'1199917',1106,,11695,2,,,0
