26019,'1196833',2205,,11427,6,,,0
26019,'1196844',2250,,11428,6,,,0
26019,'1196949',705,,11429,6,,,0
26019,'1197013',1950,,11430,6,,,0
26019,'1197027',1805,,11431,6,,,0
26019,'1197186',1105,,11432,6,,,0
26019,'1197303',1750,,11433,6,,,0
26019,'1197313',1905,,11434,6,,,0
26019,'1197393',1305,,11435,6,,,0
26019,'1197399',1005,,11436,6,,,0
26019,'1197400',1035,,11437,6,,,0
26019,'1197410',1150,,11438,6,,,0
26019,'1197475',1550,,11439,6,,,0
26019,'1197528',2005,,11440,6,,,0
26019,'1197539',850,,11441,6,,,0
26019,'1197549',2105,,11442,6,,,0
26019,'1197586',1705,,11443,6,,,0
26019,'1197594',1435,,11444,6,,,0
26019,'1197600',1350,,11445,6,,,0
26019,'1197749',750,,11446,6,,,0
26019,'1197787',1235,,11447,6,,,0
26019,'1197806',905,,11448,6,,,0
26019,'1197817',1405,,11449,6,,,0
26019,'1197995',1605,,11450,6,,,0
26019,'1198158',1250,,11451,6,,,0
26019,'1198274',1135,,11452,6,,,0
26019,'1198317',1450,,11453,6,,,0
26019,'1198334',1505,,11454,6,,,0
26019,'1198448',605,,11455,6,,,0
26019,'1198587',2305,,11456,6,,,0
26019,'1198626',805,,11457,6,,,0
26019,'1198633',905,,11458,6,,,0
26019,'1198635',705,,11459,6,,,0
26019,'1198640',2105,,11460,6,,,0
26019,'1198642',950,,11461,6,,,0
26019,'1198658',1050,,11462,6,,,0
26019,'1198670',1805,,11463,6,,,0
26019,'1198825',1505,,11464,6,,,0
26019,'1198834',1605,,11465,6,,,0
26019,'1198899',2005,,11466,6,,,0
26019,'1198969',1205,,11467,6,,,0
26019,'1199019',1650,,11468,6,,,0
26019,'1199155',805,,11469,6,,,0
26019,'1199246',1005,,11470,6,,,0
26019,'1199249',1335,,11471,6,,,0
26019,'1199290',605,,11472,6,,,0
26019,'1199307',2150,,11473,6,,,0
26019,'1199310',1705,,11474,6,,,0
26019,'1199313',2305,,11475,6,,,0
26019,'1199493',1905,,11476,6,,,0
26019,'1199515',1850,,11477,6,,,0
26019,'1199654',2205,,11478,6,,,0
26019,'1199656',2050,,11479,6,,,0
