105019,'1196946',915,,12117,57,,,0
105019,'1197049',1824,,12118,57,,,0
105019,'1197077',602,,12119,57,,,0
105019,'1197115',1209,,12120,57,,,0
105019,'1197131',715,,12121,57,,,0
105019,'1197173',1217,,12122,57,,,0
105019,'1197181',1033,,12123,57,,,0
105019,'1197192',2202,,12124,57,,,0
105019,'1197197',1509,,12125,57,,,0
105019,'1197292',1317,,12126,57,,,0
105019,'1197296',1609,,12127,57,,,0
105019,'1197531',1417,,12128,57,,,0
105019,'1197548',1932,,12129,57,,,0
105019,'1197557',1617,,12130,57,,,0
105019,'1197588',833,,12131,57,,,0
105019,'1197596',2102,,12132,57,,,0
105019,'1197617',1517,,12133,57,,,0
105019,'1197633',1233,,12134,57,,,0
105019,'1197710',806,,12135,57,,,0
105019,'1197779',1754,,12136,57,,,0
105019,'1197825',1424,,12137,57,,,0
105019,'1197971',1109,,12138,57,,,0
105019,'1198112',632,,12139,57,,,0
105019,'1198338',1117,,12140,57,,,0
105019,'1198380',2233,,12141,57,,,0
105019,'1198385',1724,,12142,57,,,0
105019,'1198553',1324,,12143,57,,,0
105019,'1198560',2033,,12144,57,,,0
105019,'1198571',1633,,12145,57,,,0
105019,'1198621',736,,12146,57,,,0
105019,'1198667',1006,,12147,57,,,0
105019,'1198717',1539,,12148,57,,,0
105019,'1198741',906,,12149,57,,,0
105019,'1198746',1854,,12150,57,,,0
105019,'1198889',702,,12151,57,,,0
105019,'1199004',1433,,12152,57,,,0
105019,'1199054',1639,,12153,57,,,0
105019,'1199098',836,,12154,57,,,0
105019,'1199298',2402,,12155,57,,,0
105019,'1199347',2315,,12156,57,,,0
105019,'1199383',2302,,12157,57,,,0
105019,'1199400',1717,,12158,57,,,0
105019,'1199461',1833,,12159,57,,,0
105019,'1199511',1817,,12160,57,,,0
105019,'1199546',2115,,12161,57,,,0
105019,'1199574',1917,,12162,57,,,0
106029,'1196836',1612,,12215,8,,,0
106029,'1196851',1727,,12216,8,,,0
106029,'1197042',1010,,12217,8,,,0
106029,'1197408',1842,,12218,8,,,0
106029,'1198086',740,,12219,8,,,0
106029,'1198615',855,,12220,8,,,0
