13019,'1196852',1335,,10793,27,,,0
13019,'1196856',1733,,10794,27,,,0
13019,'1196922',632,,10795,1,,,0
13019,'1196999',934,,10796,27,,,0
13019,'1197035',633,,10797,27,,,0
13019,'1197132',1505,,10798,27,,,0
13019,'1197251',1605,,10799,27,,,0
13019,'1197279',733,,10800,27,,,0
13019,'1197353',2303,,10801,27,,,0
13019,'1197357',1833,,10802,27,,,0
13019,'1197451',2233,,10803,27,,,0
13019,'1197487',834,,10804,27,,,0
13019,'1197555',1635,,10805,27,,,0
13019,'1197570',933,,10806,27,,,0
13019,'1197575',1633,,10807,27,,,0
13019,'1197641',2033,,10808,27,,,0
13019,'1197645',1705,,10809,27,,,0
13019,'1197648',703,,10810,27,,,0
13019,'1197690',1633,,10811,27,,,0
13019,'1197692',1735,,10812,27,,,0
13019,'1197730',1435,,10813,27,,,0
13019,'1197762',2408,,10814,27,,,0
13019,'1197803',733,,10815,27,,,0
13019,'1197834',1233,,10816,27,,,0
13019,'1197854',2033,,10817,27,,,0
13019,'1197962',1333,,10818,27,,,0
13019,'1197975',1036,,10819,27,,,0
13019,'1198041',1133,,10820,27,,,0
13019,'1198094',1803,,10821,27,,,0
13019,'1198160',833,,10822,27,,,0
13019,'1198201',1233,,10823,27,,,0
13019,'1198243',1833,,10824,27,,,0
13019,'1198290',2203,,10825,27,,,0
13019,'1198352',733,,10826,27,,,0
13019,'1198355',1903,,10827,27,,,0
13019,'1198382',803,,10828,27,,,0
13019,'1198402',2233,,10829,27,,,0
13019,'1198552',2133,,10830,27,,,0
13019,'1198554',1933,,10831,27,,,0
13019,'1198602',1133,,10832,27,,,0
13019,'1198611',2003,,10833,27,,,0
13019,'1198630',1535,,10834,27,,,0
13019,'1198675',1235,,10835,27,,,0
13019,'1198690',603,,10836,1,,,0
13019,'1198716',1033,,10837,27,,,0
13019,'1198729',1003,,10838,27,,,0
13019,'1198761',1333,,10839,27,,,0
13019,'1198778',933,,10840,27,,,0
13019,'1198837',2333,,10841,27,,,0
13019,'1198874',1135,,10842,27,,,0
13019,'1198888',904,,10843,27,,,0
13019,'1199044',833,,10844,27,,,0
13019,'1199123',1033,,10845,27,,,0
13019,'1199151',1433,,10846,27,,,0
13019,'1199233',1433,,10847,27,,,0
13019,'1199276',1533,,10848,27,,,0
13019,'1199284',2103,,10849,27,,,0
13019,'1199418',1933,,10850,27,,,0
13019,'1199448',1733,,10851,27,,,0
13019,'1199536',2133,,10852,27,,,0
13019,'1199588',2333,,10853,27,,,0
13019,'1199631',1533,,10854,27,,,0
101029,'1196911',744,,11834,19,,,0
101029,'1197033',1828,,11835,19,,,0
101029,'1197060',844,,11836,19,,,0
101029,'1197096',1028,,11837,19,,,0
101029,'1197257',1044,,11838,19,,,0
101029,'1197272',1229,,11839,19,,,0
101029,'1197326',1546,,11840,19,,,0
101029,'1197581',2028,,11841,19,,,0
101029,'1197673',1429,,11842,19,,,0
101029,'1197747',2144,,11843,19,,,0
101029,'1197977',1629,,11844,19,,,0
101029,'1198059',629,,11845,19,,,0
101029,'1198116',1029,,11846,19,,,0
101029,'1198125',829,,11847,19,,,0
101029,'1198200',1228,,11848,19,,,0
101029,'1198251',944,,11849,19,,,0
101029,'1198346',828,,11850,19,,,0
101029,'1198498',2228,,11851,19,,,0
101029,'1198530',2229,,11852,19,,,0
101029,'1198631',1646,,11853,19,,,0
101029,'1198644',2404,,11854,19,,,0
101029,'1198710',1628,,11855,19,,,0
101029,'1198715',1744,,11856,19,,,0
101029,'1198953',2029,,11857,19,,,0
101029,'1198984',1346,,11858,19,,,0
101029,'1199108',1246,,11859,19,,,0
101029,'1199117',644,,11860,19,,,0
101029,'1199304',1829,,11861,19,,,0
101029,'1199366',1428,,11862,19,,,0
101029,'1199567',1944,,11863,19,,,0
101029,'1199585',1446,,11864,19,,,0
101029,'1199990',1246,,12786,19,,,0
101029,'1199994',1546,,12787,19,,,0
101029,'1199997',744,,12788,19,,,0
101029,'1199998',1744,,12789,19,,,0
101029,'1199999',1044,,12790,19,,,0
101029,'1200000',2404,,12791,19,,,0
101029,'1200001',644,,12792,19,,,0
101029,'1200002',1646,,12793,19,,,0
101029,'1200005',1446,,12794,19,,,0
101029,'1200007',944,,12795,19,,,0
101029,'1200010',1346,,12796,19,,,0
101029,'1200012',1944,,12797,19,,,0
101029,'1200016',2144,,12798,19,,,0
101029,'1200017',844,,12799,19,,,0
