26029,'1196873',1759,,11480,7,,,0
26029,'1196910',2259,,11481,7,,,0
26029,'1196913',1115,,11482,7,,,0
26029,'1196977',1615,,11483,7,,,0
26029,'1196980',1015,,11484,7,,,0
26029,'1197179',2015,,11485,7,,,0
26029,'1197404',1245,,11486,7,,,0
26029,'1197498',1915,,11487,7,,,0
26029,'1197625',915,,11488,7,,,0
26029,'1197661',1015,,11489,7,,,0
26029,'1197679',1859,,11490,7,,,0
26029,'1197751',2214,,11491,7,,,0
26029,'1197754',614,,11492,7,,,0
26029,'1197782',1515,,11493,7,,,0
26029,'1197814',2215,,11494,7,,,0
26029,'1197860',814,,11495,7,,,0
26029,'1197884',759,,11496,7,,,0
26029,'1197936',1315,,11497,7,,,0
26029,'1197940',1215,,11498,7,,,0
26029,'1197960',1145,,11499,7,,,0
26029,'1197999',2115,,11500,7,,,0
26029,'1198011',1559,,11501,7,,,0
26029,'1198044',1359,,11502,7,,,0
26029,'1198105',2115,,11503,7,,,0
26029,'1198189',1815,,11504,7,,,0
26029,'1198210',1045,,11505,7,,,0
26029,'1198276',1616,,11506,7,,,0
26029,'1198303',1159,,11507,7,,,0
26029,'1198354',2015,,11508,7,,,0
26029,'1198406',615,,11509,7,,,0
26029,'1198482',1059,,11510,7,,,0
26029,'1198544',1659,,11511,7,,,0
26029,'1198822',2314,,11512,7,,,0
26029,'1198850',1815,,11513,7,,,0
26029,'1198867',1459,,11514,7,,,0
26029,'1198935',714,,11515,7,,,0
26029,'1198937',1959,,11516,7,,,0
26029,'1199008',715,,11517,7,,,0
26029,'1199034',1915,,11518,7,,,0
26029,'1199114',2315,,11519,7,,,0
26029,'1199122',1715,,11520,7,,,0
26029,'1199135',1515,,11521,7,,,0
26029,'1199139',959,,11522,7,,,0
26029,'1199216',2159,,11523,7,,,0
26029,'1199265',1259,,11524,7,,,0
26029,'1199273',859,,11525,7,,,0
26029,'1199292',1715,,11526,7,,,0
26029,'1199311',1445,,11527,7,,,0
26029,'1199314',1345,,11528,7,,,0
26029,'1199512',2059,,11529,7,,,0
26029,'1199532',914,,11530,7,,,0
26029,'1199605',1415,,11531,7,,,0
26029,'1199628',815,,11532,7,,,0
