13029,'1196882',1536,,10855,24,,,0
13029,'1196907',1301,,10856,23,,,0
13029,'1196917',1304,,10857,23,,,0
13029,'1196936',1804,,10858,23,,,0
13029,'1196965',800,,10859,23,,,0
13029,'1196972',1634,,10860,23,,,0
13029,'1197006',1501,,10861,23,,,0
13029,'1197082',1201,,10862,23,,,0
13029,'1197122',1101,,10863,23,,,0
13029,'1197184',1502,,10864,23,,,0
13029,'1197188',1931,,10865,23,,,0
13029,'1197193',801,,10866,23,,,0
13029,'1197215',2101,,10867,23,,,0
13029,'1197262',1702,,10868,23,,,0
13029,'1197363',933,,10869,23,,,0
13029,'1197365',2200,,10870,23,,,0
13029,'1197371',1001,,10871,23,,,0
13029,'1197444',2300,,10872,23,,,0
13029,'1197556',2301,,10873,23,,,0
13029,'1197773',2031,,10874,23,,,0
13029,'1197812',1504,,10875,23,,,0
13029,'1197866',1401,,10876,23,,,0
13029,'1197909',903,,10877,23,,,0
13029,'1197997',2000,,10878,23,,,0
13029,'1198028',2100,,10879,23,,,0
13029,'1198074',2400,,10880,23,,,0
13029,'1198199',1601,,10881,23,,,0
13029,'1198248',2231,,10882,23,,,0
13029,'1198289',832,,10883,23,,,0
13029,'1198381',1734,,10884,23,,,0
13029,'1198389',1801,,10885,23,,,0
13029,'1198416',1602,,10886,23,,,0
13029,'1198437',1032,,10887,23,,,0
13029,'1198474',1105,,10888,23,,,0
13029,'1198488',1900,,10889,23,,,0
13029,'1198563',732,,10890,23,,,0
13029,'1198648',1100,,10891,23,,,0
13029,'1198673',1302,,10892,23,,,0
13029,'1198704',1901,,10893,23,,,0
13029,'1198733',802,,10894,23,,,0
13029,'1198756',901,,10895,23,,,0
13029,'1198793',1000,,10896,23,,,0
13029,'1198811',1402,,10897,23,,,0
13029,'1198812',2401,,10898,23,,,0
13029,'1198828',1202,,10899,23,,,0
13029,'1198858',1604,,10900,23,,,0
13029,'1198910',632,,10901,23,,,0
13029,'1198998',900,,10902,23,,,0
13029,'1199115',702,,10903,23,,,0
13029,'1199250',2201,,10904,23,,,0
13029,'1199324',700,,10905,23,,,0
13029,'1199337',1003,,10906,23,,,0
13029,'1199349',2131,,10907,23,,,0
13029,'1199379',2331,,10908,23,,,0
13029,'1199405',1802,,10909,23,,,0
13029,'1199419',1204,,10910,23,,,0
13029,'1199548',1404,,10911,23,,,0
13029,'1199559',1701,,10912,23,,,0
13029,'1199614',1831,,10913,23,,,0
13029,'1199653',2001,,10914,23,,,0
13029,'1199655',1704,,10915,23,,,0
101019,'1197003',615,,11803,57,,,0
101019,'1197056',2153,,11804,57,,,0
101019,'1197144',2352,,11805,57,,,0
101019,'1197150',1552,,11806,57,,,0
101019,'1197356',1352,,11807,57,,,0
101019,'1197394',1553,,11808,57,,,0
101019,'1197485',753,,11809,57,,,0
101019,'1197542',1353,,11810,57,,,0
101019,'1197666',1115,,11811,57,,,0
101019,'1197703',2152,,11812,57,,,0
101019,'1197735',1215,,11813,57,,,0
101019,'1197816',1153,,11814,57,,,0
101019,'1197893',815,,11815,57,,,0
101019,'1198002',1752,,11816,57,,,0
101019,'1198014',752,,11817,57,,,0
101019,'1198130',1015,,11818,57,,,0
101019,'1198162',1417,,11819,57,,,0
101019,'1198212',1952,,11820,57,,,0
101019,'1198408',2114,,11821,57,,,0
101019,'1198684',953,,11822,57,,,0
101019,'1198907',1953,,11823,57,,,0
101019,'1199079',2315,,11824,57,,,0
101019,'1199178',1817,,11825,57,,,0
101019,'1199186',1617,,11826,57,,,0
101019,'1199279',1753,,11827,57,,,0
101019,'1199401',952,,11828,57,,,0
101019,'1199471',1915,,11829,57,,,0
101019,'1199497',1152,,11830,57,,,0
101019,'1199519',915,,11831,57,,,0
101019,'1199566',1517,,11832,57,,,0
101019,'1199626',1717,,11833,57,,,0
101019,'1199991',1417,,12771,57,,,0
101019,'1199992',2114,,12772,57,,,0
101019,'1199993',915,,12773,57,,,0
101019,'1199995',615,,12774,57,,,0
101019,'1199996',715,,12775,57,,,0
101019,'1200003',1717,,12776,57,,,0
101019,'1200004',1617,,12777,57,,,0
101019,'1200006',1915,,12778,57,,,0
101019,'1200008',815,,12779,57,,,0
101019,'1200009',2315,,12780,57,,,0
101019,'1200011',1115,,12781,57,,,0
101019,'1200013',1215,,12782,57,,,0
101019,'1200014',1517,,12783,57,,,0
101019,'1200015',1817,,12784,57,,,0
101019,'1200018',1015,,12785,57,,,0
