10029,'1196869',1023,,10389,18,,,0
10029,'1196944',1853,,10390,18,,,0
10029,'1196948',1523,,10391,18,,,0
10029,'1197007',653,,10392,18,,,0
10029,'1197053',1323,,10393,18,,,0
10029,'1197093',1123,,10394,18,,,0
10029,'1197160',1724,,10395,18,,,0
10029,'1197269',1823,,10396,18,,,0
10029,'1197314',2153,,10397,18,,,0
10029,'1197362',2024,,10398,18,,,0
10029,'1197385',824,,10399,18,,,0
10029,'1197414',1423,,10400,18,,,0
10029,'1197492',1653,,10401,18,,,0
10029,'1197523',2224,,10402,18,,,0
10029,'1197565',623,,10403,18,,,0
10029,'1197669',823,,10404,18,,,0
10029,'1197675',2123,,10405,18,,,0
10029,'1197822',1723,,10406,18,,,0
10029,'1197831',1723,,10407,18,,,0
10029,'1197885',2023,,10408,18,,,0
10029,'1197887',1553,,10409,18,,,0
10029,'1197892',1223,,10410,18,,,0
10029,'1197908',2223,,10411,18,,,0
10029,'1197916',2253,,10412,18,,,0
10029,'1197980',2358,,10413,18,,,0
10029,'1198080',1623,,10414,18,,,0
10029,'1198150',1623,,10415,18,,,0
10029,'1198170',1124,,10416,18,,,0
10029,'1198181',1753,,10417,18,,,0
10029,'1198232',1524,,10418,18,,,0
10029,'1198314',1923,,10419,18,,,0
10029,'1198351',1223,,10420,18,,,0
10029,'1198466',2053,,10421,18,,,0
10029,'1198481',1424,,10422,18,,,0
10029,'1198536',1224,,10423,18,,,0
10029,'1198550',1624,,10424,18,,,0
10029,'1198565',2323,,10425,18,,,0
10029,'1198676',723,,10426,18,,,0
10029,'1198703',724,,10427,18,,,0
10029,'1198735',1024,,10428,18,,,0
10029,'1198754',1324,,10429,18,,,0
10029,'1198767',1123,,10430,18,,,0
10029,'1198887',853,,10431,18,,,0
10029,'1198905',1423,,10432,18,,,0
10029,'1198933',823,,10433,18,,,0
10029,'1199013',723,,10434,18,,,0
10029,'1199068',1023,,10435,18,,,0
10029,'1199078',1824,,10436,18,,,0
10029,'1199088',1953,,10437,18,,,0
10029,'1199134',1323,,10438,18,,,0
10029,'1199161',2324,,10439,18,,,0
10029,'1199245',1924,,10440,18,,,0
10029,'1199274',924,,10441,18,,,0
10029,'1199375',1453,,10442,18,,,0
10029,'1199396',753,,10443,18,,,0
10029,'1199411',2124,,10444,18,,,0
10029,'1199422',923,,10445,18,,,0
10029,'1199613',923,,10446,18,,,0
10029,'1199633',1523,,10447,18,,,0
