11029,'1199774',1518,,10550,4,,,0
11029,'1199777',933,,10551,4,,,0
11029,'1199778',1318,,10552,4,,,0
11029,'1199779',2318,,10553,4,,,0
11029,'1199780',1218,,10554,4,,,0
11029,'1199781',1133,,10555,4,,,0
11029,'1199782',1633,,10556,4,,,0
11029,'1199783',2218,,10557,4,,,0
11029,'1199785',1318,,10558,4,,,0
11029,'1199786',803,,10559,4,,,0
11029,'1199787',1618,,10560,4,,,0
11029,'1199788',1548,,10561,4,,,0
11029,'1199789',1433,,10562,4,,,0
11029,'1199790',1448,,10563,4,,,0
11029,'1199791',1118,,10564,4,,,0
11029,'1199792',1533,,10565,4,,,0
11029,'1199793',2333,,10566,4,,,0
11029,'1199794',818,,10567,4,,,0
11029,'1199795',1448,,10568,4,,,0
11029,'1199796',1148,,10569,4,,,0
11029,'1199797',1748,,10570,4,,,0
11029,'1199799',733,,10571,4,,,0
11029,'1199800',1703,,10572,4,,,0
11029,'1199804',918,,10573,4,,,0
11029,'1199808',1018,,10574,4,,,0
11029,'1199809',1718,,10575,4,,,0
11029,'1199810',1048,,10576,4,,,0
11029,'1199811',1033,,10577,4,,,0
11029,'1199812',1548,,10578,4,,,0
11029,'1199813',2318,,10579,4,,,0
11029,'1199814',1218,,10580,4,,,0
11029,'1199815',1618,,10581,4,,,0
11029,'1199816',1148,,10582,4,,,0
11029,'1199818',718,,10583,4,,,0
11029,'1199819',1118,,10584,4,,,0
11029,'1199820',1733,,10585,4,,,0
11029,'1199821',1518,,10586,4,,,0
11029,'1199823',1248,,10587,4,,,0
11029,'1199825',2018,,10588,4,,,0
11029,'1199826',2353,,10589,4,,,0
11029,'1199828',1403,,10590,4,,,0
11029,'1199830',1303,,10591,4,,,0
11029,'1199831',2003,,10592,4,,,0
11029,'1199834',633,,10593,4,,,0
11029,'1199836',748,,10594,4,,,0
11029,'1199838',1503,,10595,4,,,0
11029,'1199839',718,,10596,4,,,0
11029,'1199843',1333,,10597,4,,,0
11029,'1199844',2018,,10598,4,,,0
11029,'1199846',1418,,10599,4,,,0
11029,'1199847',918,,10600,4,,,0
11029,'1199848',903,,10601,4,,,0
11029,'1199849',2118,,10602,4,,,0
11029,'1199850',1518,,10603,4,,,0
11029,'1199852',703,,10604,4,,,0
11029,'1199853',948,,10605,4,,,0
11029,'1199854',833,,10606,4,,,0
11029,'1199855',1618,,10607,4,,,0
11029,'1199856',2118,,10608,4,,,0
11029,'1199858',1603,,10609,4,,,0
11029,'1199860',1018,,10610,4,,,0
11029,'1199862',1933,,10611,4,,,0
11029,'1199863',818,,10612,4,,,0
11029,'1199864',1203,,10613,4,,,0
11029,'1199865',1718,,10614,4,,,0
11029,'1199866',1218,,10615,4,,,0
11029,'1199867',2033,,10616,4,,,0
11029,'1199869',1418,,10617,4,,,0
11029,'1199870',1318,,10618,4,,,0
11029,'1199871',1348,,10619,4,,,0
11029,'1199873',2203,,10620,4,,,0
11029,'1199874',1103,,10621,4,,,0
11029,'1199875',1003,,10622,4,,,0
11029,'1199876',648,,10623,4,,,0
11029,'1199877',1718,,10624,4,,,0
11029,'1199878',1648,,10625,4,,,0
11029,'1199881',1818,,10626,4,,,0
11029,'1199882',1903,,10627,4,,,0
11029,'1199883',1118,,10628,4,,,0
11029,'1199884',1918,,10629,4,,,0
11029,'1199886',1918,,10630,4,,,0
11029,'1199889',718,,10631,4,,,0
11029,'1199890',2103,,10632,4,,,0
11029,'1199891',2218,,10633,4,,,0
11029,'1199892',1818,,10634,4,,,0
11029,'1199893',1018,,10635,4,,,0
11029,'1199898',848,,10636,4,,,0
11029,'1199899',1833,,10637,4,,,0
11029,'1199902',1803,,10638,4,,,0
11029,'1199903',918,,10639,4,,,0
11029,'1199904',1648,,10640,4,,,0
11029,'1199906',618,,10641,4,,,0
11029,'1199907',2303,,10642,4,,,0
11029,'1199910',2233,,10643,4,,,0
11029,'1199911',2133,,10644,4,,,0
11029,'1199912',1348,,10645,4,,,0
11029,'1199913',1233,,10646,4,,,0
11029,'1199914',1248,,10647,4,,,0
11029,'1199919',818,,10648,4,,,0
11029,'1199920',1418,,10649,4,,,0
