14029,'1190709',1857,,8149,24,,,0
14029,'1190764',1757,,8150,24,,,0
14029,'1190906',657,,8151,24,,,0
14029,'1190927',1628,,8153,24,,,0
14029,'1191037',1458,,8155,24,,,0
14029,'1191042',1127,,8156,24,,,0
14029,'1191078',827,,8158,24,,,0
14029,'1191308',1427,,8161,24,,,0
14029,'1191322',1028,,8162,24,,,0
14029,'1191348',1228,,8163,24,,,0
14029,'1191415',2227,,8164,24,,,0
14029,'1191429',1827,,8165,24,,,0
14029,'1191520',1428,,8167,24,,,0
14029,'1191547',1527,,8168,24,,,0
14029,'1191620',1927,,8169,24,,,0
14029,'1191630',927,,8170,24,,,0
14029,'1191718',2327,,8173,24,,,0
14029,'1191777',927,,8174,24,,,0
14029,'1191810',727,,8175,24,,,0
14029,'1191865',757,,8177,24,,,0
14029,'1191921',857,,8178,24,,,0
14029,'1191955',827,,8180,24,,,0
14029,'1191980',2402,,8181,24,,,0
14029,'1192001',2257,,8182,24,,,0
14029,'1192051',1658,,8184,24,,,0
14029,'1192347',2157,,8186,24,,,0
14029,'1192388',627,,8189,24,,,0
14029,'1192435',1627,,8190,24,,,0
14029,'1192473',2027,,8191,24,,,0
14029,'1192489',1558,,8192,24,,,0
14029,'1192580',2127,,8193,24,,,0
14029,'1192627',1327,,8195,24,,,0
14029,'1192632',1227,,8196,24,,,0
14029,'1192674',1528,,8197,24,,,0
14029,'1192957',1727,,8200,24,,,0
14029,'1193009',1728,,8201,24,,,0
14029,'1193016',2057,,8202,24,,,0
14029,'1193023',1957,,8203,24,,,0
14029,'1193040',1128,,8204,24,,,0
14029,'1193048',727,,8205,24,,,0
14029,'1193064',1027,,8206,24,,,0
14029,'1193291',1328,,8207,24,,,0
