3029,'1196871',644,,10230,16,,,0
3029,'1196875',2355,,10231,16,,,0
3029,'1196902',1545,,10232,16,,,0
3029,'1196918',1145,,10233,16,,,0
3029,'1196929',755,,10234,16,,,0
3029,'1197004',2143,,10235,16,,,0
3029,'1197012',1445,,10236,16,,,0
3029,'1197066',1855,,10237,16,,,0
3029,'1197101',1315,,10238,16,,,0
3029,'1197253',1555,,10239,16,,,0
3029,'1197290',814,,10240,16,,,0
3029,'1197380',2155,,10241,16,,,0
3029,'1197402',1615,,10242,16,,,0
3029,'1197413',2043,,10243,16,,,0
3029,'1197417',1055,,10244,16,,,0
3029,'1197427',2212,,10245,16,,,0
3029,'1197507',2343,,10246,16,,,0
3029,'1197510',1815,,10247,16,,,0
3029,'1197558',1014,,10248,16,,,0
3029,'1197601',944,,10249,16,,,0
3029,'1197654',1155,,10250,16,,,0
3029,'1197697',1215,,10251,16,,,0
3029,'1197823',1245,,10252,16,,,0
3029,'1197828',1415,,10253,16,,,0
3029,'1197856',1645,,10254,16,,,0
3029,'1197870',1345,,10255,16,,,0
3029,'1197895',2112,,10256,16,,,0
3029,'1197903',1943,,10257,16,,,0
3029,'1197920',1255,,10258,16,,,0
3029,'1197958',2243,,10259,16,,,0
3029,'1197998',2142,,10260,16,,,0
3029,'1198039',1655,,10261,16,,,0
3029,'1198070',1745,,10262,16,,,0
3029,'1198115',955,,10263,16,,,0
3029,'1198165',1755,,10264,16,,,0
3029,'1198246',1545,,10265,16,,,0
3029,'1198281',1745,,10266,16,,,0
3029,'1198295',743,,10267,16,,,0
3029,'1198310',2242,,10268,16,,,0
3029,'1198321',1044,,10269,16,,,0
3029,'1198363',1245,,10270,16,,,0
3029,'1198395',744,,10271,16,,,0
3029,'1198434',1515,,10272,16,,,0
3029,'1198445',1145,,10273,16,,,0
3029,'1198462',2042,,10274,16,,,0
3029,'1198484',2255,,10275,16,,,0
3029,'1198500',1715,,10276,16,,,0
3029,'1198518',943,,10277,16,,,0
3029,'1198562',1355,,10278,16,,,0
3029,'1198577',1445,,10279,16,,,0
3029,'1198614',643,,10280,16,,,0
3029,'1198734',1842,,10281,16,,,0
3029,'1198836',844,,10282,16,,,0
3029,'1198936',1455,,10283,16,,,0
3029,'1198983',2055,,10284,16,,,0
3029,'1199061',843,,10285,16,,,0
3029,'1199094',1942,,10286,16,,,0
3029,'1199112',2339,,10287,16,,,0
3029,'1199231',1955,,10288,16,,,0
3029,'1199421',1645,,10289,16,,,0
3029,'1199431',1043,,10290,16,,,0
3029,'1199453',1843,,10291,16,,,0
3029,'1199460',1345,,10292,16,,,0
3029,'1199521',914,,10293,16,,,0
3029,'1199533',1912,,10294,16,,,0
3029,'1199547',714,,10295,16,,,0
3029,'1199601',1114,,10296,16,,,0
3029,'1199629',855,,10297,16,,,0
3029,'1199646',2012,,10298,16,,,0
