105029,'1196840',2249,,12163,6,,,0
105029,'1196987',1004,,12164,6,,,0
105029,'1196996',1635,,12165,6,,,0
105029,'1197020',1519,,12166,6,,,0
105029,'1197097',1735,,12167,6,,,0
105029,'1197137',2004,,12168,6,,,0
105029,'1197220',1949,,12169,6,,,0
105029,'1197228',1450,,12170,6,,,0
105029,'1197231',719,,12171,6,,,0
105029,'1197439',1119,,12172,6,,,0
105029,'1197501',1919,,12173,6,,,0
105029,'1197522',2119,,12174,6,,,0
105029,'1197561',950,,12175,6,,,0
105029,'1197638',919,,12176,6,,,0
105029,'1197840',2049,,12177,6,,,0
105029,'1197853',2149,,12178,6,,,0
105029,'1197918',1819,,12179,6,,,0
105029,'1197968',2319,,12180,6,,,0
105029,'1198013',1319,,12181,6,,,0
105029,'1198037',1050,,12182,6,,,0
105029,'1198064',1804,,12183,6,,,0
105029,'1198187',1204,,12184,6,,,0
105029,'1198214',1719,,12185,6,,,0
105029,'1198417',1304,,12186,6,,,0
105029,'1198447',1705,,12187,6,,,0
105029,'1198529',1504,,12188,6,,,0
105029,'1198616',649,,12189,6,,,0
105029,'1198625',1605,,12190,6,,,0
105029,'1198711',1305,,12191,6,,,0
105029,'1198718',1520,,12192,6,,,0
105029,'1198725',1704,,12193,6,,,0
105029,'1198779',804,,12194,6,,,0
105029,'1198918',1404,,12195,6,,,0
105029,'1198922',2354,,12196,6,,,0
105029,'1198923',619,,12197,6,,,0
105029,'1199012',604,,12198,6,,,0
105029,'1199037',1350,,12199,6,,,0
105029,'1199107',1420,,12200,6,,,0
105029,'1199124',2404,,12201,6,,,0
105029,'1199144',1205,,12202,6,,,0
105029,'1199148',719,,12203,6,,,0
105029,'1199220',1104,,12204,6,,,0
105029,'1199470',2204,,12205,6,,,0
105029,'1199473',849,,12206,6,,,0
105029,'1199604',749,,12207,6,,,0
105029,'1199607',1604,,12208,6,,,0
106019,'1196832',934,,12209,6,,,0
106019,'1196841',704,,12210,6,,,0
106019,'1197348',819,,12211,6,,,0
106019,'1197389',1805,,12212,6,,,0
106019,'1197951',1535,,12213,6,,,0
106019,'1198120',1650,,12214,6,,,0
140001029,'1196879',619,,12358,6,,,0
140001029,'1196954',949,,12359,6,,,0
140001029,'1196975',1020,,12360,6,,,0
140001029,'1196976',2319,,12361,6,,,0
140001029,'1197010',1335,,12362,6,,,0
140001029,'1197038',1105,,12363,6,,,0
140001029,'1197058',1834,,12364,6,,,0
140001029,'1197078',1119,,12365,6,,,0
140001029,'1197099',2249,,12366,6,,,0
140001029,'1197105',2319,,12367,6,,,0
140001029,'1197113',849,,12368,6,,,0
140001029,'1197141',1436,,12369,6,,,0
140001029,'1197155',1734,,12370,6,,,0
140001029,'1197162',934,,12371,6,,,0
140001029,'1197190',1551,,12372,6,,,0
140001029,'1197195',1651,,12373,6,,,0
140001029,'1197198',1351,,12374,6,,,0
140001029,'1197204',919,,12375,6,,,0
140001029,'1197222',1220,,12376,6,,,0
140001029,'1197249',1219,,12377,6,,,0
140001029,'1197271',1934,,12378,6,,,0
140001029,'1197276',1049,,12379,6,,,0
140001029,'1197293',1506,,12380,6,,,0
140001029,'1197305',1519,,12381,6,,,0
140001029,'1197370',1205,,12382,6,,,0
140001029,'1197377',2219,,12383,6,,,0
140001029,'1197379',749,,12384,6,,,0
140001029,'1197386',1819,,12385,6,,,0
140001029,'1197424',2049,,12386,6,,,0
140001029,'1197426',1004,,12387,6,,,0
140001029,'1197432',949,,12388,6,,,0
140001029,'1197460',2219,,12389,6,,,0
140001029,'1197482',619,,12390,6,,,0
140001029,'1197494',2354,,12391,6,,,0
140001029,'1197497',1649,,12392,6,,,0
140001029,'1197568',1319,,12393,6,,,0
140001029,'1197611',2249,,12394,6,,,0
140001029,'1197612',1536,,12395,6,,,0
140001029,'1197619',1819,,12396,6,,,0
140001029,'1197627',834,,12397,6,,,0
140001029,'1197635',2219,,12398,6,,,0
140001029,'1197649',1320,,12399,6,,,0
140001029,'1197658',1919,,12400,6,,,0
140001029,'1197662',1050,,12401,6,,,0
140001029,'1197723',919,,12402,6,,,0
140001029,'1197758',1235,,12403,6,,,0
140001029,'1197776',2019,,12404,6,,,0
140001029,'1197849',2149,,12405,6,,,0
140001029,'1197888',1949,,12406,6,,,0
140001029,'1197928',1419,,12407,6,,,0
140001029,'1197938',1406,,12408,6,,,0
140001029,'1197948',1451,,12409,6,,,0
140001029,'1197957',1604,,12410,6,,,0
140001029,'1197967',1706,,12411,6,,,0
140001029,'1197972',1549,,12412,6,,,0
140001029,'1197983',719,,12413,6,,,0
140001029,'1198007',2119,,12414,6,,,0
140001029,'1198048',734,,12415,6,,,0
140001029,'1198049',704,,12416,6,,,0
140001029,'1198081',1249,,12417,6,,,0
140001029,'1198099',934,,12418,6,,,0
140001029,'1198101',1120,,12419,6,,,0
140001029,'1198102',819,,12420,6,,,0
140001029,'1198131',2019,,12421,6,,,0
140001029,'1198132',1019,,12422,6,,,0
140001029,'1198186',1749,,12423,6,,,0
140001029,'1198207',649,,12424,6,,,0
140001029,'1198209',904,,12425,6,,,0
140001029,'1198299',1149,,12426,6,,,0
140001029,'1198347',634,,12427,6,,,0
140001029,'1198350',1904,,12428,6,,,0
140001029,'1198371',1421,,12429,6,,,0
140001029,'1198391',2034,,12430,6,,,0
140001029,'1198425',2019,,12431,6,,,0
140001029,'1198451',2349,,12432,6,,,0
140001029,'1198469',1619,,12433,6,,,0
140001029,'1198505',1419,,12434,6,,,0
140001029,'1198517',1150,,12435,6,,,0
140001029,'1198540',719,,12436,6,,,0
140001029,'1198546',1019,,12437,6,,,0
140001029,'1198572',1534,,12438,6,,,0
140001029,'1198636',804,,12439,6,,,0
140001029,'1198643',1219,,12440,6,,,0
140001029,'1198645',1719,,12441,6,,,0
140001029,'1198655',749,,12442,6,,,0
140001029,'1198697',849,,12443,6,,,0
140001029,'1198757',1619,,12444,6,,,0
140001029,'1198770',1949,,12445,6,,,0
140001029,'1198787',1606,,12446,6,,,0
140001029,'1198789',1919,,12447,6,,,0
140001029,'1198794',1035,,12448,6,,,0
140001029,'1198796',2149,,12449,6,,,0
140001029,'1198802',1104,,12450,6,,,0
140001029,'1198817',1504,,12451,6,,,0
140001029,'1198824',1135,,12452,6,,,0
140001029,'1198860',1804,,12453,6,,,0
140001029,'1198934',1704,,12454,6,,,0
140001029,'1198970',1736,,12455,6,,,0
140001029,'1198973',919,,12456,6,,,0
140001029,'1198981',1819,,12457,6,,,0
140001029,'1198986',2319,,12458,6,,,0
140001029,'1198999',1334,,12459,6,,,0
140001029,'1199001',719,,12460,6,,,0
140001029,'1199006',819,,12461,6,,,0
140001029,'1199010',1749,,12462,6,,,0
140001029,'1199031',1204,,12463,6,,,0
140001029,'1199086',1005,,12464,6,,,0
140001029,'1199101',649,,12465,6,,,0
140001029,'1199110',1134,,12466,6,,,0
140001029,'1199113',1634,,12467,6,,,0
140001029,'1199128',1034,,12468,6,,,0
140001029,'1199156',1919,,12469,6,,,0
140001029,'1199174',1305,,12470,6,,,0
140001029,'1199189',819,,12471,6,,,0
140001029,'1199191',1804,,12472,6,,,0
140001029,'1199203',2049,,12473,6,,,0
140001029,'1199247',1636,,12474,6,,,0
140001029,'1199259',1834,,12475,6,,,0
140001029,'1199261',1404,,12476,6,,,0
140001029,'1199275',1521,,12477,6,,,0
140001029,'1199283',1319,,12478,6,,,0
140001029,'1199312',1234,,12479,6,,,0
140001029,'1199341',2004,,12480,6,,,0
140001029,'1199351',1304,,12481,6,,,0
140001029,'1199395',1721,,12482,6,,,0
140001029,'1199415',1849,,12483,6,,,0
140001029,'1199446',1849,,12484,6,,,0
140001029,'1199456',1519,,12485,6,,,0
140001029,'1199465',1719,,12486,6,,,0
140001029,'1199469',2119,,12487,6,,,0
140001029,'1199481',1621,,12488,6,,,0
140001029,'1199494',1449,,12489,6,,,0
140001029,'1199502',1349,,12490,6,,,0
140001029,'1199522',1434,,12491,6,,,0
140001029,'1199528',2119,,12492,6,,,0
140001029,'1199569',1119,,12493,6,,,0
140001029,'1199608',1250,,12494,6,,,0
