104019,'1196891',2340,,12027,28,,,0
104019,'1197169',2416,,12028,28,,,0
104019,'1197256',1345,,12029,28,,,0
104019,'1197286',2140,,12030,28,,,0
104019,'1197298',1215,,12031,28,,,0
104019,'1197387',2241,,12032,28,,,0
104019,'1197452',2011,,12033,28,,,0
104019,'1197544',926,,12034,28,,,0
104019,'1197547',1241,,12035,28,,,0
104019,'1197640',1540,,12036,28,,,0
104019,'1197714',1811,,12037,28,,,0
104019,'1197725',2111,,12038,28,,,0
104019,'1197761',740,,12039,28,,,0
104019,'1197801',1011,,12040,28,,,0
104019,'1197820',811,,12042,28,,,0
104019,'1197873',626,,12043,28,,,0
104019,'1197937',1511,,12044,28,,,0
104019,'1198060',1740,,12045,28,,,0
104019,'1198073',2356,,12046,28,,,0
104019,'1198077',2241,,12047,28,,,0
104019,'1198194',1130,,12048,28,,,0
104019,'1198253',1140,,12049,28,,,0
104019,'1198313',1515,,12050,28,,,0
104019,'1198322',1626,,12051,28,,,0
104019,'1198353',1300,,12052,28,,,0
104019,'1198411',940,,12053,28,,,0
104019,'1198567',1741,,12055,28,,,0
104019,'1198664',856,,12056,28,,,0
104019,'1198683',1356,,12057,28,,,0
104019,'1198738',1941,,12058,28,,,0
104019,'1198750',1940,,12059,28,,,0
104019,'1198780',856,,12060,28,,,0
104019,'1198913',1430,,12061,28,,,0
104019,'1198958',656,,12062,28,,,0
104019,'1199185',741,,12064,28,,,0
104019,'1199190',1126,,12065,28,,,0
104019,'1199331',1340,,12066,28,,,0
104019,'1199407',1856,,12067,28,,,0
104019,'1199459',1726,,12068,28,,,0
104019,'1199490',1645,,12069,28,,,0
104019,'1199539',1011,,12070,28,,,0
104019,'1199564',741,,12071,28,,,0
104019,'1199583',1600,,12072,28,,,0
104019,'1199617',2126,,12073,28,,,0
