105029,'1196840',2308,,12163,34,,,0
105029,'1196987',1023,,12164,34,,,0
105029,'1196996',1655,,12165,34,,,0
105029,'1197020',1539,,12166,34,,,0
105029,'1197097',1755,,12167,34,,,0
105029,'1197137',2021,,12168,34,,,0
105029,'1197220',2008,,12169,34,,,0
105029,'1197228',1510,,12170,34,,,0
105029,'1197231',738,,12171,34,,,0
105029,'1197439',1139,,12172,34,,,0
105029,'1197501',1939,,12173,34,,,0
105029,'1197522',2139,,12174,34,,,0
105029,'1197561',1010,,12175,34,,,0
105029,'1197638',939,,12176,34,,,0
105029,'1197840',2108,,12177,34,,,0
105029,'1197853',2208,,12178,34,,,0
105029,'1197918',1838,,12179,34,,,0
105029,'1197968',2339,,12180,34,,,0
105029,'1198013',1339,,12181,34,,,0
105029,'1198037',1110,,12182,34,,,0
105029,'1198064',1823,,12183,34,,,0
105029,'1198187',1223,,12184,34,,,0
105029,'1198214',1739,,12185,34,,,0
105029,'1198417',1323,,12186,34,,,0
105029,'1198447',1725,,12187,34,,,0
105029,'1198529',1523,,12188,34,,,0
105029,'1198616',708,,12189,34,,,0
105029,'1198625',1625,,12190,34,,,0
105029,'1198711',1325,,12191,34,,,0
105029,'1198718',1540,,12192,34,,,0
105029,'1198725',1723,,12193,34,,,0
105029,'1198779',821,,12194,34,,,0
105029,'1198918',1423,,12195,34,,,0
105029,'1198922',2413,,12196,34,,,0
105029,'1198923',638,,12197,34,,,0
105029,'1199012',621,,12198,34,,,0
105029,'1199037',1410,,12199,34,,,0
105029,'1199107',1440,,12200,34,,,0
105029,'1199124',2421,,12201,34,,,0
105029,'1199144',1225,,12202,34,,,0
105029,'1199148',739,,12203,34,,,0
105029,'1199220',1123,,12204,34,,,0
105029,'1199470',2221,,12205,34,,,0
105029,'1199473',908,,12206,34,,,0
105029,'1199604',808,,12207,34,,,0
105029,'1199607',1623,,12208,34,,,0
106019,'1196832',1001,,12209,38,,,0
106019,'1196841',731,,12210,38,,,0
106019,'1197348',846,,12211,38,,,0
106019,'1197389',1833,,12212,38,,,0
106019,'1197951',1603,,12213,38,,,0
106019,'1198120',1718,,12214,38,,,0
