14019,'1196890',1814,,10916,5,,,0
14019,'1196970',2044,,10917,5,,,0
14019,'1196984',1343,,10918,5,,,0
14019,'1197073',2144,,10919,5,,,0
14019,'1197090',743,,10920,5,,,0
14019,'1197106',1715,,10921,5,,,0
14019,'1197152',1545,,10922,5,,,0
14019,'1197163',1644,,10923,5,,,0
14019,'1197189',1943,,10924,5,,,0
14019,'1197473',944,,10925,5,,,0
14019,'1197576',1143,,10926,5,,,0
14019,'1197578',1843,,10927,5,,,0
14019,'1197606',843,,10928,5,,,0
14019,'1197719',1544,,10929,5,,,0
14019,'1197768',1645,,10930,5,,,0
14019,'1197774',1244,,10931,5,,,0
14019,'1197807',644,,10932,5,,,0
14019,'1197857',1243,,10933,5,,,0
14019,'1197872',744,,10934,5,,,0
14019,'1197899',2314,,10935,5,,,0
14019,'1197912',1643,,10936,5,,,0
14019,'1197929',1344,,10937,5,,,0
14019,'1197946',1944,,10938,5,,,0
14019,'1198043',2344,,10939,5,,,0
14019,'1198056',1914,,10940,5,,,0
14019,'1198057',644,,10941,5,,,0
14019,'1198062',1543,,10942,5,,,0
14019,'1198118',2014,,10943,5,,,0
14019,'1198151',1443,,10944,5,,,0
14019,'1198161',1445,,10945,5,,,0
14019,'1198262',1444,,10946,5,,,0
14019,'1198285',2244,,10947,5,,,0
14019,'1198312',944,,10948,5,,,0
14019,'1198386',1844,,10949,5,,,0
14019,'1198412',1145,,10950,5,,,0
14019,'1198436',844,,10951,5,,,0
14019,'1198460',1045,,10952,5,,,0
14019,'1198507',844,,10953,5,,,0
14019,'1198513',1245,,10954,5,,,0
14019,'1198539',1044,,10955,5,,,0
14019,'1198751',2043,,10956,5,,,0
14019,'1198810',2343,,10957,5,,,0
14019,'1198859',1515,,10958,5,,,0
14019,'1198869',914,,10959,5,,,0
14019,'1198890',2143,,10960,5,,,0
14019,'1199036',714,,10961,5,,,0
14019,'1199048',744,,10962,5,,,0
14019,'1199075',814,,10963,5,,,0
14019,'1199084',1043,,10964,5,,,0
14019,'1199131',2114,,10965,5,,,0
14019,'1199280',2243,,10966,5,,,0
14019,'1199286',943,,10967,5,,,0
14019,'1199393',1345,,10968,5,,,0
14019,'1199441',1615,,10969,5,,,0
14019,'1199444',1744,,10970,5,,,0
14019,'1199523',1743,,10971,5,,,0
14019,'1199538',1745,,10972,5,,,0
14019,'1199568',2214,,10973,5,,,0
14019,'1199582',1144,,10974,5,,,0
29019,'1196845',1223,,11755,5,,,0
29019,'1197023',938,,11756,5,,,0
29019,'1197248',1923,,11757,5,,,0
29019,'1197445',1138,,11758,5,,,0
29019,'1197468',1438,,11759,5,,,0
29019,'1197869',1123,,11760,5,,,0
29019,'1197959',923,,11761,5,,,0
29019,'1198305',1238,,11762,5,,,0
29019,'1198397',1538,,11763,5,,,0
29019,'1198428',823,,11764,5,,,0
29019,'1198456',2323,,11765,5,,,0
29019,'1198533',1523,,11766,5,,,0
29019,'1198557',2123,,11767,5,,,0
29019,'1198961',1623,,11768,5,,,0
29019,'1199000',1823,,11769,5,,,0
29019,'1199017',1423,,11770,5,,,0
29019,'1199038',723,,11771,5,,,0
29019,'1199080',1723,,11772,5,,,0
29019,'1199158',2023,,11773,5,,,0
29019,'1199278',1038,,11774,5,,,0
29019,'1199317',1338,,11775,5,,,0
29019,'1199409',1023,,11776,5,,,0
29019,'1199455',2223,,11777,5,,,0
29019,'1199486',1323,,11778,5,,,0
190001019,'1196837',1339,,12495,5,,,0
190001019,'1196862',1630,,12496,5,,,0
190001019,'1196877',1853,,12497,5,,,0
190001019,'1196883',1224,,12498,5,,,0
190001019,'1196901',623,,12499,5,,,0
190001019,'1196926',809,,12500,5,,,0
190001019,'1196927',1923,,12501,5,,,0
190001019,'1196941',1958,,12502,5,,,0
190001019,'1196956',1254,,12503,5,,,0
190001019,'1196974',1239,,12504,5,,,0
190001019,'1197019',1415,,12505,5,,,0
190001019,'1197037',1730,,12506,5,,,0
190001019,'1197055',1908,,12507,5,,,0
190001019,'1197061',1358,,12508,5,,,0
190001019,'1197062',1510,,12509,5,,,0
190001019,'1197067',1745,,12510,5,,,0
190001019,'1197087',1055,,12511,5,,,0
190001019,'1197116',723,,12512,5,,,0
190001019,'1197124',2323,,12513,5,,,0
190001019,'1197149',1209,,12514,5,,,0
190001019,'1197157',939,,12515,5,,,0
190001019,'1197183',2153,,12516,5,,,0
190001019,'1197196',1625,,12517,5,,,0
190001019,'1197239',1355,,12518,5,,,0
190001019,'1197241',924,,12519,5,,,0
190001019,'1197275',858,,12520,5,,,0
190001019,'1197336',1810,,12521,5,,,0
190001019,'1197358',1058,,12522,5,,,0
190001019,'1197359',824,,12523,5,,,0
190001019,'1197381',1710,,12524,5,,,0
190001019,'1197382',1658,,12525,5,,,0
190001019,'1197450',1753,,12526,5,,,0
190001019,'1197483',1110,,12527,5,,,0
190001019,'1197488',1425,,12528,5,,,0
190001019,'1197500',854,,12529,5,,,0
190001019,'1197524',923,,12530,5,,,0
190001019,'1197530',1610,,12531,5,,,0
190001019,'1197543',1558,,12532,5,,,0
190001019,'1197562',1953,,12533,5,,,0
190001019,'1197598',1445,,12534,5,,,0
190001019,'1197653',1024,,12535,5,,,0
190001019,'1197698',1008,,12536,5,,,0
190001019,'1197706',958,,12537,5,,,0
190001019,'1197709',1109,,12538,5,,,0
190001019,'1197713',1755,,12539,5,,,0
190001019,'1197736',1340,,12540,5,,,0
190001019,'1197746',909,,12541,5,,,0
190001019,'1197811',1838,,12542,5,,,0
190001019,'1197845',1354,,12543,5,,,0
190001019,'1197867',2223,,12544,5,,,0
190001019,'1197877',1054,,12545,5,,,0
190001019,'1197919',1040,,12546,5,,,0
190001019,'1197924',1938,,12547,5,,,0
190001019,'1197933',1740,,12548,5,,,0
190001019,'1197942',1823,,12549,5,,,0
190001019,'1197950',1430,,12550,5,,,0
190001019,'1197953',1025,,12551,5,,,0
190001019,'1197956',1309,,12552,5,,,0
190001019,'1198005',1725,,12553,5,,,0
190001019,'1198015',2358,,12554,5,,,0
190001019,'1198030',2058,,12555,5,,,0
190001019,'1198047',1458,,12556,5,,,0
190001019,'1198065',2053,,12557,5,,,0
190001019,'1198066',654,,12558,5,,,0
190001019,'1198075',2153,,12559,5,,,0
190001019,'1198104',953,,12560,5,,,0
190001019,'1198135',2008,,12561,5,,,0
190001019,'1198157',2253,,12562,5,,,0
190001019,'1198172',1758,,12563,5,,,0
190001019,'1198202',1140,,12564,5,,,0
190001019,'1198216',1225,,12565,5,,,0
190001019,'1198221',2138,,12566,5,,,0
190001019,'1198238',754,,12567,5,,,0
190001019,'1198255',639,,12568,5,,,0
190001019,'1198261',1838,,12569,5,,,0
190001019,'1198292',1139,,12570,5,,,0
190001019,'1198298',1655,,12571,5,,,0
190001019,'1198311',1600,,12572,5,,,0
190001019,'1198339',1923,,12573,5,,,0
190001019,'1198343',1500,,12574,5,,,0
190001019,'1198372',758,,12575,5,,,0
190001019,'1198396',1715,,12576,5,,,0
190001019,'1198407',1154,,12577,5,,,0
190001019,'1198441',1615,,12578,5,,,0
190001019,'1198467',1823,,12579,5,,,0
190001019,'1198471',1540,,12580,5,,,0
190001019,'1198476',1258,,12581,5,,,0
190001019,'1198499',2258,,12582,5,,,0
190001019,'1198534',2353,,12583,5,,,0
190001019,'1198547',1009,,12584,5,,,0
190001019,'1198574',1525,,12585,5,,,0
190001019,'1198598',823,,12586,5,,,0
190001019,'1198607',853,,12587,5,,,0
190001019,'1198613',2223,,12588,5,,,0
190001019,'1198622',1953,,12589,5,,,0
190001019,'1198646',2108,,12590,5,,,0
190001019,'1198647',653,,12591,5,,,0
190001019,'1198653',2053,,12592,5,,,0
190001019,'1198674',1155,,12593,5,,,0
190001019,'1198678',2038,,12594,5,,,0
190001019,'1198685',2023,,12595,5,,,0
190001019,'1198700',1125,,12596,5,,,0
190001019,'1198707',1410,,12597,5,,,0
190001019,'1198721',1039,,12598,5,,,0
190001019,'1198724',1530,,12599,5,,,0
190001019,'1198784',1210,,12600,5,,,0
190001019,'1198792',1853,,12601,5,,,0
190001019,'1198804',1158,,12602,5,,,0
190001019,'1198821',709,,12603,5,,,0
190001019,'1198827',2123,,12604,5,,,0
190001019,'1198852',2158,,12605,5,,,0
190001019,'1198857',1640,,12606,5,,,0
190001019,'1198864',1808,,12607,5,,,0
190001019,'1198929',1555,,12608,5,,,0
190001019,'1198949',1240,,12609,5,,,0
190001019,'1198960',1858,,12610,5,,,0
190001019,'1198974',1255,,12611,5,,,0
190001019,'1198988',1325,,12612,5,,,0
190001019,'1198997',1440,,12613,5,,,0
190001019,'1199029',2253,,12614,5,,,0
190001019,'1199121',1645,,12615,5,,,0
190001019,'1199126',1324,,12616,5,,,0
190001019,'1199140',2413,,12617,5,,,0
190001019,'1199142',1124,,12618,5,,,0
190001019,'1199166',753,,12619,5,,,0
190001019,'1199192',2023,,12620,5,,,0
190001019,'1199228',739,,12621,5,,,0
190001019,'1199318',1515,,12622,5,,,0
190001019,'1199339',1700,,12623,5,,,0
190001019,'1199371',724,,12624,5,,,0
190001019,'1199373',839,,12625,5,,,0
190001019,'1199385',1310,,12626,5,,,0
190001019,'1199427',1455,,12627,5,,,0
190001019,'1199436',1545,,12628,5,,,0
190001019,'1199510',2323,,12629,5,,,0
190001019,'1199550',2353,,12630,5,,,0
190001019,'1199551',2123,,12631,5,,,0
190001019,'1199648',954,,12632,5,,,0
