14019,'1196890',1832,,10916,39,,,0
14019,'1196970',2102,,10917,39,,,0
14019,'1196984',1359,,10918,39,,,0
14019,'1197073',2202,,10919,39,,,0
14019,'1197090',759,,10920,39,,,0
14019,'1197106',1734,,10921,39,,,0
14019,'1197152',1604,,10922,39,,,0
14019,'1197163',1703,,10923,39,,,0
14019,'1197189',1959,,10924,39,,,0
14019,'1197473',1002,,10925,39,,,0
14019,'1197576',1159,,10926,39,,,0
14019,'1197578',1859,,10927,39,,,0
14019,'1197606',859,,10928,39,,,0
14019,'1197719',1603,,10929,39,,,0
14019,'1197768',1704,,10930,39,,,0
14019,'1197774',1303,,10931,39,,,0
14019,'1197807',702,,10932,39,,,0
14019,'1197857',1259,,10933,39,,,0
14019,'1197872',802,,10934,39,,,0
14019,'1197899',2332,,10935,39,,,0
14019,'1197912',1659,,10936,39,,,0
14019,'1197929',1403,,10937,39,,,0
14019,'1197946',2002,,10938,39,,,0
14019,'1198043',2402,,10939,39,,,0
14019,'1198056',1932,,10940,39,,,0
14019,'1198057',702,,10941,39,,,0
14019,'1198062',1559,,10942,39,,,0
14019,'1198118',2032,,10943,39,,,0
14019,'1198151',1459,,10944,39,,,0
14019,'1198161',1504,,10945,39,,,0
14019,'1198262',1503,,10946,39,,,0
14019,'1198285',2302,,10947,39,,,0
14019,'1198312',1002,,10948,39,,,0
14019,'1198386',1902,,10949,39,,,0
14019,'1198412',1204,,10950,39,,,0
14019,'1198436',902,,10951,39,,,0
14019,'1198460',1104,,10952,39,,,0
14019,'1198507',902,,10953,39,,,0
14019,'1198513',1304,,10954,39,,,0
14019,'1198539',1102,,10955,39,,,0
14019,'1198751',2059,,10956,39,,,0
14019,'1198810',2359,,10957,39,,,0
14019,'1198859',1534,,10958,39,,,0
14019,'1198869',932,,10959,39,,,0
14019,'1198890',2159,,10960,39,,,0
14019,'1199036',732,,10961,39,,,0
14019,'1199048',802,,10962,39,,,0
14019,'1199075',832,,10963,39,,,0
14019,'1199084',1059,,10964,39,,,0
14019,'1199131',2132,,10965,39,,,0
14019,'1199280',2259,,10966,39,,,0
14019,'1199286',959,,10967,39,,,0
14019,'1199393',1404,,10968,39,,,0
14019,'1199441',1634,,10969,39,,,0
14019,'1199444',1803,,10970,39,,,0
14019,'1199523',1759,,10971,39,,,0
14019,'1199538',1804,,10972,39,,,0
14019,'1199568',2232,,10973,39,,,0
14019,'1199582',1203,,10974,39,,,0
