103029,'1190630',1059,,9163,4,,,0
103029,'1190791',911,,9165,4,,,0
103029,'1190798',1127,,9166,4,,,0
103029,'1190809',1529,,9167,4,,,0
103029,'1190864',1427,,9168,4,,,0
103029,'1191002',759,,9169,4,,,0
103029,'1191104',1958,,9172,4,,,0
103029,'1191213',1512,,9173,4,,,0
103029,'1191266',1229,,9174,4,,,0
103029,'1191472',2128,,9176,4,,,0
103029,'1191532',2326,,9177,4,,,0
103029,'1191567',1828,,9178,4,,,0
103029,'1191756',2026,,9180,4,,,0
103029,'1191909',741,,9182,4,,,0
103029,'1191948',1557,,9183,4,,,0
103029,'1192055',2156,,9184,4,,,0
103029,'1192191',2258,,9185,4,,,0
103029,'1192208',1727,,9186,4,,,0
103029,'1192508',1359,,9187,4,,,0
103029,'1192592',629,,9188,4,,,0
103029,'1192659',656,,9190,4,,,0
103029,'1192749',1659,,9192,4,,,0
103029,'1192948',1257,,9194,4,,,0
103029,'1193036',956,,9196,4,,,0
103029,'1193074',826,,9197,4,,,0
103029,'1193169',1642,,9198,4,,,0
103029,'1193174',929,,9199,4,,,0
103029,'1193259',1856,,9200,4,,,0
