10019,'1196894',2051,,10329,19,,,0
10019,'1196915',1651,,10330,19,,,0
10019,'1196923',1051,,10331,19,,,0
10019,'1197054',2221,,10332,19,,,0
10019,'1197091',1451,,10333,19,,,0
10019,'1197121',1051,,10334,19,,,0
10019,'1197207',951,,10335,19,,,0
10019,'1197335',821,,10336,19,,,0
10019,'1197345',2121,,10337,19,,,0
10019,'1197397',1451,,10338,19,,,0
10019,'1197418',2351,,10339,19,,,0
10019,'1197505',1551,,10340,19,,,0
10019,'1197587',921,,10341,19,,,0
10019,'1197595',1051,,10342,19,,,0
10019,'1197737',1351,,10343,19,,,0
10019,'1197756',1851,,10344,19,,,0
10019,'1197759',1521,,10345,19,,,0
10019,'1197766',2251,,10346,19,,,0
10019,'1197915',1951,,10347,19,,,0
10019,'1197927',751,,10348,19,,,0
10019,'1197935',651,,10349,19,,,0
10019,'1197985',951,,10350,19,,,0
10019,'1198010',1821,,10351,19,,,0
10019,'1198016',1951,,10352,19,,,0
10019,'1198164',651,,10353,19,,,0
10019,'1198167',1551,,10354,19,,,0
10019,'1198226',1351,,10355,19,,,0
10019,'1198257',1451,,10356,19,,,0
10019,'1198280',2321,,10357,19,,,0
10019,'1198300',1551,,10358,19,,,0
10019,'1198361',2151,,10359,19,,,0
10019,'1198366',851,,10360,19,,,0
10019,'1198390',1851,,10361,19,,,0
10019,'1198410',1751,,10362,19,,,0
10019,'1198440',751,,10363,19,,,0
10019,'1198475',1151,,10364,19,,,0
10019,'1198480',2151,,10365,19,,,0
10019,'1198509',622,,10366,19,,,0
10019,'1198520',1251,,10367,19,,,0
10019,'1198542',2351,,10368,19,,,0
10019,'1198583',2251,,10369,19,,,0
10019,'1198726',1921,,10370,19,,,0
10019,'1198809',851,,10371,19,,,0
10019,'1198815',1651,,10372,19,,,0
10019,'1198881',1621,,10373,19,,,0
10019,'1198903',851,,10374,19,,,0
10019,'1198955',1151,,10375,19,,,0
10019,'1198962',1651,,10376,19,,,0
10019,'1198993',1151,,10377,19,,,0
10019,'1199007',2051,,10378,19,,,0
10019,'1199032',1351,,10379,19,,,0
10019,'1199053',1751,,10380,19,,,0
10019,'1199056',1751,,10381,19,,,0
10019,'1199257',1721,,10382,19,,,0
10019,'1199300',1251,,10383,19,,,0
10019,'1199321',951,,10384,19,,,0
10019,'1199323',2021,,10385,19,,,0
10019,'1199353',1251,,10386,19,,,0
10019,'1199424',721,,10387,19,,,0
10019,'1199598',751,,10388,19,,,0
