12019,'1196839',2126,,10650,15,,,0
12019,'1196874',1127,,10651,15,,,0
12019,'1196885',1627,,10652,15,,,0
12019,'1196887',1557,,10653,15,,,0
12019,'1196940',1327,,10654,15,,,0
12019,'1196983',1926,,10655,15,,,0
12019,'1197026',2226,,10656,15,,,0
12019,'1197080',1826,,10657,15,,,0
12019,'1197104',1856,,10658,15,,,0
12019,'1197223',1757,,10659,15,,,0
12019,'1197306',1157,,10660,15,,,0
12019,'1197322',756,,10661,15,,,0
12019,'1197334',1627,,10662,15,,,0
12019,'1197339',1756,,10663,15,,,0
12019,'1197433',956,,10664,15,,,0
12019,'1197490',1657,,10665,15,,,0
12019,'1197525',1557,,10666,15,,,0
12019,'1197602',856,,10667,15,,,0
12019,'1197615',1227,,10668,15,,,0
12019,'1197664',1757,,10669,15,,,0
12019,'1197701',2356,,10670,15,,,0
12019,'1197765',2356,,10671,15,,,0
12019,'1197813',1057,,10672,15,,,0
12019,'1197824',1256,,10673,15,,,0
12019,'1197891',2056,,10674,15,,,0
12019,'1197911',1956,,10675,15,,,0
12019,'1197945',1856,,10676,15,,,0
12019,'1197989',1457,,10677,15,,,0
12019,'1197991',1156,,10678,15,,,0
12019,'1198031',656,,10679,15,,,0
12019,'1198072',1356,,10680,15,,,0
12019,'1198097',1556,,10681,15,,,0
12019,'1198121',1657,,10682,15,,,0
12019,'1198127',1057,,10683,15,,,0
12019,'1198171',2156,,10684,15,,,0
12019,'1198224',2256,,10685,15,,,0
12019,'1198250',1327,,10686,15,,,0
12019,'1198260',1427,,10687,15,,,0
12019,'1198263',926,,10688,15,,,0
12019,'1198283',1527,,10689,15,,,0
12019,'1198358',1456,,10690,15,,,0
12019,'1198421',856,,10691,15,,,0
12019,'1198427',1227,,10692,15,,,0
12019,'1198442',1727,,10693,15,,,0
12019,'1198497',2156,,10694,15,,,0
12019,'1198582',856,,10695,15,,,0
12019,'1198588',626,,10696,15,,,0
12019,'1198592',1727,,10697,15,,,0
12019,'1198618',1056,,10698,15,,,0
12019,'1198712',1157,,10699,15,,,0
12019,'1198727',1357,,10700,15,,,0
12019,'1198773',1357,,10701,15,,,0
12019,'1198774',1127,,10702,15,,,0
12019,'1198819',2326,,10703,15,,,0
12019,'1198842',956,,10704,15,,,0
12019,'1198884',1956,,10705,15,,,0
12019,'1198912',756,,10706,15,,,0
12019,'1198945',956,,10707,15,,,0
12019,'1199167',726,,10708,15,,,0
12019,'1199197',2056,,10709,15,,,0
12019,'1199223',1257,,10710,15,,,0
12019,'1199224',658,,10711,15,,,0
12019,'1199251',1026,,10712,15,,,0
12019,'1199291',1527,,10713,15,,,0
12019,'1199315',1257,,10714,15,,,0
12019,'1199416',2256,,10715,15,,,0
12019,'1199495',1427,,10716,15,,,0
12019,'1199513',826,,10717,15,,,0
12019,'1199578',1457,,10718,15,,,0
12019,'1199610',2026,,10719,15,,,0
12019,'1199616',756,,10720,15,,,0
12019,'1199625',1656,,10721,15,,,0
