10029,'1193661',1523,,7624,17,,,0
10029,'1193662',1123,,7625,17,,,0
10029,'1193664',2023,,7626,17,,,0
10029,'1193666',1323,,7627,17,,,0
10029,'1193669',2323,,7628,17,,,0
10029,'1193670',1623,,7629,17,,,0
10029,'1193672',852,,7631,17,,,0
10029,'1193673',2123,,7632,17,,,0
10029,'1193674',1423,,7633,17,,,0
10029,'1193676',1853,,7634,17,,,0
10029,'1193677',723,,7635,17,,,0
10029,'1193684',1723,,7637,17,,,0
10029,'1193685',1022,,7638,17,,,0
10029,'1193688',922,,7639,17,,,0
10029,'1193689',752,,7640,17,,,0
10029,'1193690',1953,,7641,17,,,0
10029,'1193692',2223,,7642,17,,,0
10029,'1193693',923,,7643,17,,,0
10029,'1193694',1322,,7644,17,,,0
10029,'1193695',652,,7645,17,,,0
10029,'1193696',622,,7646,17,,,0
10029,'1193699',2053,,7647,17,,,0
10029,'1193706',823,,7650,17,,,0
10029,'1193712',1823,,7651,17,,,0
10029,'1193713',2252,,7652,17,,,0
10029,'1193716',1923,,7654,17,,,0
10029,'1193719',1422,,7655,17,,,0
10029,'1193721',1023,,7656,17,,,0
10029,'1193726',1723,,7659,17,,,0
10029,'1193727',822,,7660,17,,,0
10029,'1193728',722,,7661,17,,,0
10029,'1193736',2357,,7663,17,,,0
10029,'1193741',2153,,7664,17,,,0
10029,'1193744',1452,,7666,17,,,0
10029,'1193745',1553,,7667,17,,,0
10029,'1193746',1122,,7668,17,,,0
10029,'1193757',1222,,7673,17,,,0
10029,'1193760',1223,,7675,17,,,0
10029,'1193762',1523,,7676,17,,,0
10029,'1193763',1653,,7677,17,,,0
10029,'1193777',1753,,7681,17,,,0
10029,'1193778',1623,,7682,17,,,0
