28029,'1196904',1711,,11696,11,,,0
28029,'1196938',2111,,11697,11,,,0
28029,'1197017',1212,,11698,11,,,0
28029,'1197036',2211,,11699,11,,,0
28029,'1197051',1111,,11700,11,,,0
28029,'1197111',2411,,11701,11,,,0
28029,'1197374',1512,,11702,11,,,0
28029,'1197466',1412,,11703,11,,,0
28029,'1197529',1351,,11704,11,,,0
28029,'1197623',1251,,11705,11,,,0
28029,'1197715',2251,,11706,11,,,0
28029,'1197789',1811,,11707,11,,,0
28029,'1198258',1751,,11708,11,,,0
28029,'1198259',811,,11709,11,,,0
28029,'1198316',2051,,11710,11,,,0
28029,'1198478',1951,,11711,11,,,0
28029,'1198489',2011,,11712,11,,,0
28029,'1198555',1851,,11713,11,,,0
28029,'1198629',2151,,11714,11,,,0
28029,'1198861',1651,,11715,11,,,0
28029,'1198944',1551,,11716,11,,,0
28029,'1198995',851,,11717,11,,,0
28029,'1199105',1011,,11718,11,,,0
28029,'1199138',2311,,11719,11,,,0
28029,'1199194',1151,,11720,11,,,0
28029,'1199248',1051,,11721,11,,,0
28029,'1199271',1911,,11722,11,,,0
28029,'1199320',711,,11723,11,,,0
28029,'1199425',1312,,11724,11,,,0
28029,'1199562',751,,11725,11,,,0
28029,'1199587',2351,,11726,11,,,0
28029,'1199622',1451,,11727,11,,,0
28029,'1199627',911,,11728,11,,,0
28029,'1199647',1612,,11729,11,,,0
28029,'1199657',951,,11730,11,,,0
28029,'1199798',2326,,11731,11,,,0
28029,'1199801',856,,11732,11,,,0
28029,'1199802',1026,,11733,11,,,0
28029,'1199805',2126,,11734,11,,,0
28029,'1199806',926,,11735,11,,,0
28029,'1199822',1826,,11736,11,,,0
28029,'1199824',1326,,11737,11,,,0
28029,'1199827',1856,,11738,11,,,0
28029,'1199829',656,,11739,11,,,0
28029,'1199833',1656,,11740,11,,,0
28029,'1199840',1527,,11741,11,,,0
28029,'1199841',1626,,11742,11,,,0
28029,'1199857',1726,,11743,11,,,0
28029,'1199879',1430,,11744,11,,,0
28029,'1199888',1226,,11745,11,,,0
28029,'1199895',756,,11746,11,,,0
28029,'1199896',1756,,11747,11,,,0
28029,'1199901',2026,,11748,11,,,0
28029,'1199905',2226,,11749,11,,,0
28029,'1199909',1126,,11750,11,,,0
28029,'1199915',726,,11751,11,,,0
28029,'1199916',1926,,11752,11,,,0
28029,'1199918',826,,11753,11,,,0
28029,'1199921',626,,11754,11,,,0
