20029,'1196868',1643,,11092,2,,,0
20029,'1196909',1324,,11093,2,,,0
20029,'1196951',1252,,11094,2,,,0
20029,'1196962',2153,,11095,2,,,0
20029,'1196978',1224,,11096,2,,,0
20029,'1197172',622,,11097,2,,,0
20029,'1197213',943,,11098,2,,,0
20029,'1197307',1452,,11099,2,,,0
20029,'1197312',1743,,11100,2,,,0
20029,'1197355',652,,11101,2,,,0
20029,'1197361',843,,11102,2,,,0
20029,'1197366',743,,11103,2,,,0
20029,'1197368',1754,,11104,2,,,0
20029,'1197403',1624,,11105,2,,,0
20029,'1197421',1424,,11106,2,,,0
20029,'1197464',723,,11107,2,,,0
20029,'1197479',1124,,11108,2,,,0
20029,'1197554',2053,,11109,2,,,0
20029,'1197566',1043,,11110,2,,,0
20029,'1197569',1143,,11111,2,,,0
20029,'1197577',1543,,11112,2,,,0
20029,'1197610',852,,11113,2,,,0
20029,'1197632',2043,,11114,2,,,0
20029,'1197792',2343,,11115,2,,,0
20029,'1198090',2243,,11116,2,,,0
20029,'1198196',2123,,11117,2,,,0
20029,'1198208',1853,,11118,2,,,0
20029,'1198218',752,,11119,2,,,0
20029,'1198241',1525,,11120,2,,,0
20029,'1198256',1943,,11121,2,,,0
20029,'1198342',1443,,11122,2,,,0
20029,'1198375',824,,11123,2,,,0
20029,'1198439',1724,,11124,2,,,0
20029,'1198464',2253,,11125,2,,,0
20029,'1198524',2024,,11126,2,,,0
20029,'1198526',1924,,11127,2,,,0
20029,'1198650',1752,,11128,2,,,0
20029,'1198663',1552,,11129,2,,,0
20029,'1198795',2223,,11130,2,,,0
20029,'1198866',1152,,11131,2,,,0
20029,'1198883',1343,,11132,2,,,0
20029,'1198891',1654,,11133,2,,,0
20029,'1198917',652,,11134,2,,,0
20029,'1198942',2143,,11135,2,,,0
20029,'1199003',952,,11136,2,,,0
20029,'1199050',1352,,11137,2,,,0
20029,'1199089',1953,,11138,2,,,0
20029,'1199092',924,,11139,2,,,0
20029,'1199111',1024,,11140,2,,,0
20029,'1199119',1652,,11141,2,,,0
20029,'1199171',2352,,11142,2,,,0
20029,'1199252',1824,,11143,2,,,0
20029,'1199308',753,,11144,2,,,0
20029,'1199404',1052,,11145,2,,,0
20029,'1199499',2323,,11146,2,,,0
20029,'1199544',1243,,11147,2,,,0
20029,'1199641',1843,,11148,2,,,0
