3019,'1196834',1807,,10159,12,,,0
3019,'1196848',2107,,10160,12,,,0
3019,'1196854',707,,10161,12,,,0
3019,'1196968',1223,,10162,12,,,0
3019,'1196971',2007,,10163,12,,,0
3019,'1197069',707,,10164,12,,,0
3019,'1197076',2137,,10165,12,,,0
3019,'1197107',1237,,10166,12,,,0
3019,'1197120',2407,,10167,12,,,0
3019,'1197318',2207,,10168,12,,,0
3019,'1197369',2323,,10169,12,,,0
3019,'1197372',2223,,10170,12,,,0
3019,'1197378',907,,10171,12,,,0
3019,'1197462',907,,10172,12,,,0
3019,'1197478',1607,,10173,12,,,0
3019,'1197537',923,,10174,12,,,0
3019,'1197572',1337,,10175,12,,,0
3019,'1197590',837,,10176,12,,,0
3019,'1197618',1707,,10177,12,,,0
3019,'1197731',2007,,10179,12,,,0
3019,'1197748',1007,,10180,12,,,0
3019,'1197755',1037,,10181,12,,,0
3019,'1197810',1437,,10182,12,,,0
3019,'1197819',1907,,10183,12,,,0
3019,'1197850',1537,,10184,12,,,0
3019,'1197851',937,,10185,12,,,0
3019,'1197897',1107,,10186,12,,,0
3019,'1197923',1207,,10187,12,,,0
3019,'1197941',1507,,10188,12,,,0
3019,'1198025',1607,,10189,12,,,0
3019,'1198093',1837,,10190,12,,,0
3019,'1198098',1137,,10191,12,,,0
3019,'1198111',1007,,10192,12,,,0
3019,'1198119',1523,,10193,12,,,0
3019,'1198124',1407,,10194,12,,,0
3019,'1198153',1907,,10195,12,,,0
3019,'1198229',1507,,10196,12,,,0
3019,'1198237',1637,,10197,12,,,0
3019,'1198265',2107,,10198,12,,,0
3019,'1198278',1937,,10199,12,,,0
3019,'1198430',1623,,10200,12,,,0
3019,'1198432',1807,,10201,12,,,0
3019,'1198501',1707,,10202,12,,,0
3019,'1198514',637,,10203,12,,,0
3019,'1198654',1723,,10204,12,,,0
3019,'1198677',823,,10205,12,,,0
3019,'1198680',807,,10206,12,,,0
3019,'1198689',2357,,10207,12,,,0
3019,'1198691',1737,,10208,12,,,0
3019,'1198742',2207,,10209,12,,,0
3019,'1198777',1407,,10210,12,,,0
3019,'1198788',723,,10211,12,,,0
3019,'1198845',1023,,10212,12,,,0
3019,'1198989',2123,,10213,12,,,0
3019,'1198991',1823,,10214,12,,,0
3019,'1199009',1323,,10215,12,,,0
3019,'1199035',1207,,10216,12,,,0
3019,'1199052',2023,,10217,12,,,0
3019,'1199066',1123,,10218,12,,,0
3019,'1199133',1307,,10219,12,,,0
3019,'1199262',2307,,10220,12,,,0
3019,'1199277',737,,10221,12,,,0
3019,'1199346',1307,,10222,12,,,0
3019,'1199408',2037,,10223,12,,,0
3019,'1199412',1423,,10224,12,,,0
3019,'1199440',2307,,10225,12,,,0
3019,'1199509',807,,10226,12,,,0
3019,'1199600',1923,,10228,12,,,0
3019,'1199612',1107,,10229,12,,,0
