12019,'1190645',1624,,7824,11,,,0
12019,'1190716',653,,7826,11,,,0
12019,'1190831',2153,,7830,11,,,0
12019,'1190872',853,,7831,11,,,0
12019,'1190905',853,,7833,11,,,0
12019,'1190925',2023,,7834,11,,,0
12019,'1190938',1624,,7835,11,,,0
12019,'1191207',1754,,7836,11,,,0
12019,'1191227',1724,,7837,11,,,0
12019,'1191300',1524,,7839,11,,,0
12019,'1191320',2323,,7840,11,,,0
12019,'1191414',1724,,7842,11,,,0
12019,'1191419',1454,,7843,11,,,0
12019,'1191420',2123,,7844,11,,,0
12019,'1191448',753,,7845,11,,,0
12019,'1191466',1654,,7846,11,,,0
12019,'1191470',1454,,7847,11,,,0
12019,'1191522',1054,,7848,11,,,0
12019,'1191598',1154,,7850,11,,,0
12019,'1191639',1224,,7851,11,,,0
12019,'1191674',1124,,7852,11,,,0
12019,'1191686',1324,,7853,11,,,0
12019,'1191803',1254,,7857,11,,,0
12019,'1191804',1554,,7858,11,,,0
12019,'1191818',1354,,7859,11,,,0
12019,'1191855',1853,,7860,11,,,0
12019,'1191973',1124,,7861,11,,,0
12019,'1192006',1023,,7863,11,,,0
12019,'1192018',1254,,7864,11,,,0
12019,'1192022',1923,,7865,11,,,0
12019,'1192099',823,,7866,11,,,0
12019,'1192145',1354,,7867,11,,,0
12019,'1192151',753,,7868,11,,,0
12019,'1192194',723,,7869,11,,,0
12019,'1192261',1154,,7870,11,,,0
12019,'1192280',2223,,7871,11,,,0
12019,'1192281',1324,,7872,11,,,0
12019,'1192301',1224,,7874,11,,,0
12019,'1192340',1424,,7875,11,,,0
12019,'1192366',1823,,7876,11,,,0
12019,'1192412',923,,7877,11,,,0
12019,'1192530',1524,,7879,11,,,0
12019,'1192561',2353,,7880,11,,,0
12019,'1192582',1953,,7881,11,,,0
12019,'1192611',2253,,7882,11,,,0
12019,'1192642',623,,7883,11,,,0
12019,'1193003',1554,,7884,11,,,0
12019,'1193055',1654,,7885,11,,,0
12019,'1193068',953,,7886,11,,,0
12019,'1193119',2053,,7887,11,,,0
12019,'1193147',1054,,7888,11,,,0
12019,'1193167',1424,,7889,11,,,0
12019,'1193176',655,,7890,11,,,0
12019,'1193229',1754,,7892,11,,,0
12019,'1193305',953,,7895,11,,,0
