102029,'1196895',1701,,11907,17,,,0
102029,'1196982',1349,,11908,17,,,0
102029,'1197029',2119,,11909,17,,,0
102029,'1197083',1531,,11910,17,,,0
102029,'1197178',1101,,11911,17,,,0
102029,'1197226',704,,11912,17,,,0
102029,'1197263',749,,11913,17,,,0
102029,'1197297',1448,,11914,17,,,0
102029,'1197309',1831,,11915,17,,,0
102029,'1197330',1734,,11916,17,,,0
102029,'1197420',1519,,11917,17,,,0
102029,'1197536',2301,,11918,17,,,0
102029,'1197603',1049,,11919,17,,,0
102029,'1197704',1018,,11920,17,,,0
102029,'1197770',2419,,11921,17,,,0
102029,'1197839',834,,11922,17,,,0
102029,'1198134',1318,,11923,17,,,0
102029,'1198173',931,,11924,17,,,0
102029,'1198220',1231,,11925,17,,,0
102029,'1198227',1748,,11926,17,,,0
102029,'1198249',1819,,11927,17,,,0
102029,'1198376',1604,,11928,17,,,0
102029,'1198502',1649,,11929,17,,,0
102029,'1198531',801,,11930,17,,,0
102029,'1198599',1618,,11931,17,,,0
102029,'1198638',2249,,11932,17,,,0
102029,'1198688',1148,,11933,17,,,0
102029,'1198705',2048,,11934,17,,,0
102029,'1198769',2001,,11935,17,,,0
102029,'1198816',2131,,11936,17,,,0
102029,'1198930',2218,,11937,17,,,0
102029,'1198996',619,,11938,17,,,0
102029,'1199090',848,,11939,17,,,0
102029,'1199168',919,,11940,17,,,0
102029,'1199202',1949,,11941,17,,,0
102029,'1199211',1918,,11942,17,,,0
102029,'1199244',1004,,11943,17,,,0
102029,'1199434',1219,,11944,17,,,0
102029,'1199477',2348,,11945,17,,,0
102029,'1199479',1434,,11946,17,,,0
102029,'1199488',637,,11947,17,,,0
102029,'1199537',1401,,11948,17,,,0
102029,'1199651',718,,11949,17,,,0
