28019,'1196931',2345,,11637,23,4,,0
28019,'1196961',1005,,11638,23,4,,0
28019,'1197034',1145,,11639,23,4,,0
28019,'1197242',1545,,11640,23,4,,0
28019,'1197295',1405,,11641,23,4,,0
28019,'1197458',1945,,11642,23,4,,0
28019,'1197551',905,,11643,23,4,,0
28019,'1197718',2145,,11644,23,4,,0
28019,'1197726',1805,,11645,23,4,,0
28019,'1197861',1845,,11646,23,4,,0
28019,'1197862',1245,,11647,23,4,,0
28019,'1198022',705,,11648,23,4,,0
28019,'1198061',2105,,11649,23,4,,0
28019,'1198096',1445,,11650,23,4,,0
28019,'1198110',1205,,11651,23,4,,0
28019,'1198319',2005,,11652,23,4,,0
28019,'1198329',1645,,11653,23,4,,0
28019,'1198345',1505,,11654,23,4,,0
28019,'1198414',1105,,11655,23,4,,0
28019,'1198454',1045,,11656,23,4,,0
28019,'1198522',1605,,11657,23,4,,0
28019,'1198672',945,,11658,23,4,,0
28019,'1198739',2205,,11659,23,4,,0
28019,'1198919',745,,11660,23,4,,0
28019,'1198968',1305,,11661,23,4,,0
28019,'1199033',2405,,11662,23,4,,0
28019,'1199206',2045,,11663,23,4,,0
28019,'1199243',2305,,11664,23,4,,0
28019,'1199296',1905,,11665,23,4,,0
28019,'1199344',1745,,11666,23,4,,0
28019,'1199417',1705,,11667,23,4,,0
28019,'1199450',845,,11668,23,4,,0
28019,'1199529',1345,,11669,23,4,,0
28019,'1199584',805,,11670,23,4,,0
28019,'1199602',2245,,11671,23,4,,0
28019,'1199775',1750,,11672,23,4,,0
28019,'1199776',1720,,11673,23,4,,0
28019,'1199784',1820,,11674,23,4,,0
28019,'1199803',720,,11675,23,4,,0
28019,'1199807',2020,,11676,23,4,,0
28019,'1199817',2220,,11677,23,4,,0
28019,'1199832',2320,,11678,23,4,,0
28019,'1199835',1520,,11679,23,4,,0
28019,'1199837',1650,,11680,23,4,,0
28019,'1199842',1850,,11681,23,4,,0
28019,'1199845',920,,11682,23,4,,0
28019,'1199851',820,,11683,23,4,,0
28019,'1199859',1920,,11684,23,4,,0
28019,'1199861',850,,11685,23,4,,0
28019,'1199868',1424,,11686,23,4,,0
28019,'1199872',650,,11687,23,4,,0
28019,'1199880',1320,,11688,23,4,,0
28019,'1199885',750,,11689,23,4,,0
28019,'1199887',1220,,11690,23,4,,0
28019,'1199894',1620,,11691,23,4,,0
28019,'1199897',620,,11692,23,4,,0
28019,'1199900',2120,,11693,23,4,,0
28019,'1199908',1020,,11694,23,4,,0
28019,'1199917',1120,,11695,23,4,,0
28029,'1196904',1705,,11696,1,,,0
28029,'1196938',2105,,11697,1,,,0
28029,'1197017',1206,,11698,1,,,0
28029,'1197036',2205,,11699,1,,,0
28029,'1197051',1105,,11700,1,,,0
28029,'1197111',2405,,11701,1,,,0
28029,'1197374',1506,,11702,1,,,0
28029,'1197466',1406,,11703,1,,,0
28029,'1197529',1345,,11704,1,,,0
28029,'1197623',1245,,11705,1,,,0
28029,'1197715',2245,,11706,1,,,0
28029,'1197789',1805,,11707,1,,,0
28029,'1198258',1745,,11708,1,,,0
28029,'1198259',805,,11709,1,,,0
28029,'1198316',2045,,11710,1,,,0
28029,'1198478',1945,,11711,1,,,0
28029,'1198489',2005,,11712,1,,,0
28029,'1198555',1845,,11713,1,,,0
28029,'1198629',2145,,11714,1,,,0
28029,'1198861',1645,,11715,1,,,0
28029,'1198944',1545,,11716,1,,,0
28029,'1198995',845,,11717,1,,,0
28029,'1199105',1005,,11718,1,,,0
28029,'1199138',2305,,11719,1,,,0
28029,'1199194',1145,,11720,1,,,0
28029,'1199248',1045,,11721,1,,,0
28029,'1199271',1905,,11722,1,,,0
28029,'1199320',705,,11723,1,,,0
28029,'1199425',1306,,11724,1,,,0
28029,'1199562',745,,11725,1,,,0
28029,'1199587',2345,,11726,1,,,0
28029,'1199622',1445,,11727,1,,,0
28029,'1199627',905,,11728,1,,,0
28029,'1199647',1606,,11729,1,,,0
28029,'1199657',945,,11730,1,,,0
28029,'1199798',2320,,11731,1,,,0
28029,'1199801',850,,11732,1,,,0
28029,'1199802',1020,,11733,1,,,0
28029,'1199805',2120,,11734,1,,,0
28029,'1199806',920,,11735,1,,,0
28029,'1199822',1820,,11736,1,,,0
28029,'1199824',1320,,11737,1,,,0
28029,'1199827',1850,,11738,1,,,0
28029,'1199829',650,,11739,1,,,0
28029,'1199833',1650,,11740,1,,,0
28029,'1199840',1521,,11741,1,,,0
28029,'1199841',1620,,11742,1,,,0
28029,'1199857',1720,,11743,1,,,0
28029,'1199879',1424,,11744,1,,,0
28029,'1199888',1220,,11745,1,,,0
28029,'1199895',750,,11746,1,,,0
28029,'1199896',1750,,11747,1,,,0
28029,'1199901',2020,,11748,1,,,0
28029,'1199905',2220,,11749,1,,,0
28029,'1199909',1120,,11750,1,,,0
28029,'1199915',720,,11751,1,,,0
28029,'1199916',1920,,11752,1,,,0
28029,'1199918',820,,11753,1,,,0
28029,'1199921',620,,11754,1,,,0
