24019,'1190647',1210,,8361,13,,,0
24019,'1191048',608,,8365,13,,,0
24019,'1191082',2138,,8366,13,,,0
24019,'1191137',1540,,8368,13,,,0
24019,'1191141',1310,,8369,13,,,0
24019,'1191142',1410,,8370,13,,,0
24019,'1191201',1509,,8373,13,,,0
24019,'1191254',2038,,8374,13,,,0
24019,'1191255',1608,,8375,13,,,0
24019,'1191295',1908,,8376,13,,,0
24019,'1191545',2208,,8379,13,,,0
24019,'1191590',1109,,8380,13,,,0
24019,'1191601',808,,8381,13,,,0
24019,'1191611',1938,,8382,13,,,0
24019,'1191656',1209,,8383,13,,,0
24019,'1191707',708,,8384,13,,,0
24019,'1191927',2238,,8385,13,,,0
24019,'1191985',1610,,8387,13,,,0
24019,'1191988',2008,,8388,13,,,0
24019,'1192102',1409,,8389,13,,,0
24019,'1192138',1309,,8390,13,,,0
24019,'1192209',909,,8392,13,,,0
24019,'1192332',908,,8395,13,,,0
24019,'1192336',2358,,8396,13,,,0
24019,'1192345',1838,,8397,13,,,0
24019,'1192408',1640,,8398,13,,,0
24019,'1192447',1440,,8399,13,,,0
24019,'1192487',1710,,8401,13,,,0
24019,'1192521',808,,8402,13,,,0
24019,'1192603',638,,8403,13,,,0
24019,'1192660',708,,8404,13,,,0
24019,'1192685',2308,,8405,13,,,0
24019,'1192701',1510,,8406,13,,,0
24019,'1192783',738,,8408,13,,,0
24019,'1192879',1808,,8409,13,,,0
24019,'1192911',938,,8410,13,,,0
24019,'1192935',1740,,8411,13,,,0
24019,'1192971',2108,,8413,13,,,0
24019,'1193067',838,,8415,13,,,0
24019,'1193077',1009,,8416,13,,,0
24019,'1193230',1708,,8418,13,,,0
24019,'1193296',1110,,8419,13,,,0
24019,'1193299',1008,,8420,13,,,0
