11029,'1199774',1526,,10550,17,,,0
11029,'1199777',940,,10551,17,,,0
11029,'1199778',1326,,10552,17,,,0
11029,'1199779',2325,,10553,17,,,0
11029,'1199780',1224,,10554,17,,,0
11029,'1199781',1140,,10555,17,,,0
11029,'1199782',1641,,10556,17,,,0
11029,'1199783',2224,,10557,17,,,0
11029,'1199785',1325,,10558,17,,,0
11029,'1199786',810,,10559,17,,,0
11029,'1199787',1626,,10560,17,,,0
11029,'1199788',1556,,10561,17,,,0
11029,'1199789',1441,,10562,17,,,0
11029,'1199790',1455,,10563,17,,,0
11029,'1199791',1125,,10564,17,,,0
11029,'1199792',1541,,10565,17,,,0
11029,'1199793',2340,,10566,17,,,0
11029,'1199794',825,,10567,17,,,0
11029,'1199795',1456,,10568,17,,,0
11029,'1199796',1155,,10569,17,,,0
11029,'1199797',1756,,10570,17,,,0
11029,'1199799',740,,10571,17,,,0
11029,'1199800',1711,,10572,17,,,0
11029,'1199804',925,,10573,17,,,0
11029,'1199808',1024,,10574,17,,,0
11029,'1199809',1726,,10575,17,,,0
11029,'1199810',1055,,10576,17,,,0
11029,'1199811',1040,,10577,17,,,0
11029,'1199812',1555,,10578,17,,,0
11029,'1199813',2324,,10579,17,,,0
11029,'1199814',1226,,10580,17,,,0
11029,'1199815',1625,,10581,17,,,0
11029,'1199816',1155,,10582,17,,,0
11029,'1199818',725,,10583,17,,,0
11029,'1199819',1125,,10584,17,,,0
11029,'1199820',1741,,10585,17,,,0
11029,'1199821',1525,,10586,17,,,0
11029,'1199823',1255,,10587,17,,,0
11029,'1199825',2025,,10588,17,,,0
11029,'1199826',2400,,10589,17,,,0
11029,'1199828',1411,,10590,17,,,0
11029,'1199830',1311,,10591,17,,,0
11029,'1199831',2010,,10592,17,,,0
11029,'1199834',640,,10593,17,,,0
11029,'1199836',755,,10594,17,,,0
11029,'1199838',1511,,10595,17,,,0
11029,'1199839',724,,10596,17,,,0
11029,'1199843',1341,,10597,17,,,0
11029,'1199844',2024,,10598,17,,,0
11029,'1199846',1426,,10599,17,,,0
11029,'1199847',924,,10600,17,,,0
11029,'1199848',910,,10601,17,,,0
11029,'1199849',2124,,10602,17,,,0
11029,'1199850',1524,,10603,17,,,0
11029,'1199852',710,,10604,17,,,0
11029,'1199853',955,,10605,17,,,0
11029,'1199854',840,,10606,17,,,0
11029,'1199855',1624,,10607,17,,,0
11029,'1199856',2125,,10608,17,,,0
11029,'1199858',1611,,10609,17,,,0
11029,'1199860',1025,,10610,17,,,0
11029,'1199862',1940,,10611,17,,,0
11029,'1199863',825,,10612,17,,,0
11029,'1199864',1211,,10613,17,,,0
11029,'1199865',1725,,10614,17,,,0
11029,'1199866',1225,,10615,17,,,0
11029,'1199867',2040,,10616,17,,,0
11029,'1199869',1425,,10617,17,,,0
11029,'1199870',1324,,10618,17,,,0
11029,'1199871',1355,,10619,17,,,0
11029,'1199873',2210,,10620,17,,,0
11029,'1199874',1110,,10621,17,,,0
11029,'1199875',1010,,10622,17,,,0
11029,'1199876',655,,10623,17,,,0
11029,'1199877',1724,,10624,17,,,0
11029,'1199878',1656,,10625,17,,,0
11029,'1199881',1825,,10626,17,,,0
11029,'1199882',1910,,10627,17,,,0
11029,'1199883',1124,,10628,17,,,0
11029,'1199884',1924,,10629,17,,,0
11029,'1199886',1925,,10630,17,,,0
11029,'1199889',725,,10631,17,,,0
11029,'1199890',2110,,10632,17,,,0
11029,'1199891',2225,,10633,17,,,0
11029,'1199892',1824,,10634,17,,,0
11029,'1199893',1025,,10635,17,,,0
11029,'1199898',855,,10636,17,,,0
11029,'1199899',1840,,10637,17,,,0
11029,'1199902',1810,,10638,17,,,0
11029,'1199903',925,,10639,17,,,0
11029,'1199904',1655,,10640,17,,,0
11029,'1199906',625,,10641,17,,,0
11029,'1199907',2310,,10642,17,,,0
11029,'1199910',2240,,10643,17,,,0
11029,'1199911',2140,,10644,17,,,0
11029,'1199912',1356,,10645,17,,,0
11029,'1199913',1241,,10646,17,,,0
11029,'1199914',1256,,10647,17,,,0
11029,'1199919',824,,10648,17,,,0
11029,'1199920',1424,,10649,17,,,0
