29029,'1196899',1236,,11779,4,,,0
29029,'1197015',1551,,11780,4,,,0
29029,'1197158',836,,11781,4,,,0
29029,'1197161',2036,,11782,4,,,0
29029,'1197340',951,,11783,4,,,0
29029,'1197455',1036,,11784,4,,,0
29029,'1197503',1336,,11785,4,,,0
29029,'1197514',1451,,11786,4,,,0
29029,'1197579',2236,,11787,4,,,0
29029,'1197580',2336,,11788,4,,,0
29029,'1197733',1051,,11789,4,,,0
29029,'1197827',1736,,11790,4,,,0
29029,'1198085',1636,,11791,4,,,0
29029,'1198192',1251,,11792,4,,,0
29029,'1198245',1151,,11793,4,,,0
29029,'1198309',936,,11794,4,,,0
29029,'1198331',2136,,11795,4,,,0
29029,'1198551',1836,,11796,4,,,0
29029,'1198575',1351,,11797,4,,,0
29029,'1198844',1536,,11798,4,,,0
29029,'1199028',736,,11799,4,,,0
29029,'1199153',1436,,11800,4,,,0
29029,'1199188',1136,,11801,4,,,0
29029,'1199343',1936,,11802,4,,,0
190001029,'1196847',1111,,12633,15,,,0
190001029,'1196850',1324,,12634,15,,,0
190001029,'1196860',1756,,12635,15,,,0
190001029,'1196897',1643,,12636,15,,,0
190001029,'1196906',1741,,12637,15,,,0
190001029,'1196908',1356,,12638,15,,,0
190001029,'1196953',1211,,12639,15,,,0
190001029,'1196957',1241,,12640,15,,,0
190001029,'1196963',1626,,12641,15,,,0
190001029,'1197018',1358,,12642,15,,,0
190001029,'1197048',2401,,12643,15,,,0
190001029,'1197052',1741,,12644,15,,,0
190001029,'1197074',1313,,12645,15,,,0
190001029,'1197089',1826,,12646,15,,,0
190001029,'1197125',711,,12647,15,,,0
190001029,'1197135',1543,,12648,15,,,0
190001029,'1197148',1024,,12649,15,,,0
190001029,'1197153',1041,,12650,15,,,0
190001029,'1197176',1426,,12651,15,,,0
190001029,'1197177',2026,,12652,15,,,0
190001029,'1197199',1413,,12653,15,,,0
190001029,'1197224',1526,,12654,15,,,0
190001029,'1197245',1528,,12655,15,,,0
190001029,'1197247',2311,,12656,15,,,0
190001029,'1197252',1524,,12657,15,,,0
190001029,'1197260',1841,,12658,15,,,0
190001029,'1197284',1156,,12659,15,,,0
190001029,'1197289',656,,12660,15,,,0
190001029,'1197291',1258,,12661,15,,,0
190001029,'1197301',1326,,12662,15,,,0
190001029,'1197338',1658,,12663,15,,,0
190001029,'1197391',1826,,12664,15,,,0
190001029,'1197396',1113,,12665,15,,,0
190001029,'1197428',2011,,12666,15,,,0
190001029,'1197434',1456,,12667,15,,,0
190001029,'1197476',1126,,12668,15,,,0
190001029,'1197511',1511,,12669,15,,,0
190001029,'1197533',1411,,12670,15,,,0
190001029,'1197582',1628,,12671,15,,,0
190001029,'1197659',1613,,12672,15,,,0
190001029,'1197668',824,,12673,15,,,0
190001029,'1197682',1141,,12674,15,,,0
190001029,'1197683',2041,,12675,15,,,0
190001029,'1197684',1158,,12676,15,,,0
190001029,'1197778',1143,,12677,15,,,0
190001029,'1197833',1458,,12678,15,,,0
190001029,'1197836',1343,,12679,15,,,0
190001029,'1197848',2111,,12680,15,,,0
190001029,'1197886',1443,,12681,15,,,0
190001029,'1197890',756,,12682,15,,,0
190001029,'1197905',1013,,12683,15,,,0
190001029,'1197913',2211,,12684,15,,,0
190001029,'1197921',1256,,12685,15,,,0
190001029,'1197922',956,,12686,15,,,0
190001029,'1197992',1558,,12687,15,,,0
190001029,'1197993',911,,12688,15,,,0
190001029,'1198050',611,,12689,15,,,0
190001029,'1198051',1824,,12690,15,,,0
190001029,'1198052',841,,12691,15,,,0
190001029,'1198054',1424,,12692,15,,,0
190001029,'1198082',1656,,12693,15,,,0
190001029,'1198095',1926,,12694,15,,,0
190001029,'1198106',2241,,12695,15,,,0
190001029,'1198117',724,,12696,15,,,0
190001029,'1198128',1124,,12697,15,,,0
190001029,'1198174',941,,12698,15,,,0
190001029,'1198223',2324,,12699,15,,,0
190001029,'1198252',1428,,12700,15,,,0
190001029,'1198272',811,,12701,15,,,0
190001029,'1198293',1728,,12702,15,,,0
190001029,'1198306',856,,12703,15,,,0
190001029,'1198323',741,,12704,15,,,0
190001029,'1198373',1243,,12705,15,,,0
190001029,'1198398',2341,,12706,15,,,0
190001029,'1198415',924,,12707,15,,,0
190001029,'1198446',1811,,12708,15,,,0
190001029,'1198450',1756,,12709,15,,,0
190001029,'1198459',741,,12710,15,,,0
190001029,'1198491',2041,,12711,15,,,0
190001029,'1198504',841,,12712,15,,,0
190001029,'1198519',2341,,12713,15,,,0
190001029,'1198527',641,,12714,15,,,0
190001029,'1198576',2124,,12715,15,,,0
190001029,'1198589',2311,,12716,15,,,0
190001029,'1198594',811,,12717,15,,,0
190001029,'1198620',2224,,12718,15,,,0
190001029,'1198634',1441,,12719,15,,,0
190001029,'1198641',711,,12720,15,,,0
190001029,'1198687',1056,,12721,15,,,0
190001029,'1198747',926,,12722,15,,,0
190001029,'1198758',2056,,12723,15,,,0
190001029,'1198798',1711,,12724,15,,,0
190001029,'1198839',1841,,12725,15,,,0
190001029,'1198853',2141,,12726,15,,,0
190001029,'1198897',1556,,12727,15,,,0
190001029,'1198906',2111,,12728,15,,,0
190001029,'1198916',1713,,12729,15,,,0
190001029,'1198939',1811,,12730,15,,,0
190001029,'1198946',2241,,12731,15,,,0
190001029,'1198952',1924,,12732,15,,,0
190001029,'1198977',2126,,12733,15,,,0
190001029,'1198982',1724,,12734,15,,,0
190001029,'1199067',1941,,12735,15,,,0
190001029,'1199081',1128,,12736,15,,,0
190001029,'1199082',726,,12737,15,,,0
190001029,'1199103',1726,,12738,15,,,0
190001029,'1199165',1341,,12739,15,,,0
190001029,'1199204',1226,,12740,15,,,0
190001029,'1199210',1956,,12741,15,,,0
190001029,'1199221',1213,,12742,15,,,0
190001029,'1199226',1941,,12743,15,,,0
190001029,'1199256',1224,,12744,15,,,0
190001029,'1199270',1328,,12745,15,,,0
190001029,'1199289',1028,,12746,15,,,0
190001029,'1199303',641,,12747,15,,,0
190001029,'1199322',1058,,12748,15,,,0
190001029,'1199332',941,,12749,15,,,0
190001029,'1199345',1026,,12750,15,,,0
190001029,'1199364',1513,,12751,15,,,0
190001029,'1199390',1043,,12752,15,,,0
190001029,'1199391',1228,,12753,15,,,0
190001029,'1199399',1311,,12754,15,,,0
190001029,'1199406',1541,,12755,15,,,0
190001029,'1199432',1011,,12756,15,,,0
190001029,'1199451',956,,12757,15,,,0
190001029,'1199467',1911,,12758,15,,,0
190001029,'1199482',1641,,12759,15,,,0
190001029,'1199489',626,,12760,15,,,0
190001029,'1199514',1911,,12761,15,,,0
190001029,'1199524',2211,,12762,15,,,0
190001029,'1199526',2024,,12763,15,,,0
190001029,'1199555',826,,12764,15,,,0
190001029,'1199558',1624,,12765,15,,,0
190001029,'1199571',2011,,12766,15,,,0
190001029,'1199594',1611,,12767,15,,,0
190001029,'1199596',2141,,12768,15,,,0
190001029,'1199644',911,,12769,15,,,0
190001029,'1199650',1856,,12770,15,,,0
