105019,'1196946',928,3,12117,77,,,0
105019,'1197049',1839,3,12118,77,,,0
105019,'1197077',614,,12119,77,,,0
105019,'1197115',1224,3,12120,77,,,0
105019,'1197131',728,3,12121,77,,,0
105019,'1197173',1229,2,12122,77,,,0
105019,'1197181',1044,,12123,77,,,0
105019,'1197192',2214,2,12124,77,,,0
105019,'1197197',1524,3,12125,77,,,0
105019,'1197292',1329,2,12126,77,,,0
105019,'1197296',1624,3,12127,77,,,0
105019,'1197531',1429,2,12128,77,,,0
105019,'1197548',1944,2,12129,77,,,0
105019,'1197557',1629,2,12130,77,,,0
105019,'1197588',844,,12131,77,,,0
105019,'1197596',2114,2,12132,77,,,0
105019,'1197617',1529,2,12133,77,,,0
105019,'1197633',1244,,12134,77,,,0
105019,'1197710',821,3,12135,77,,,0
105019,'1197779',1809,3,12136,77,,,0
105019,'1197825',1439,3,12137,77,,,0
105019,'1197971',1124,3,12138,77,,,0
105019,'1198112',644,,12139,77,,,0
105019,'1198338',1129,2,12140,77,,,0
105019,'1198380',2244,,12141,77,,,0
105019,'1198385',1739,3,12142,77,,,0
105019,'1198553',1339,3,12143,77,,,0
105019,'1198560',2044,,12144,77,,,0
105019,'1198571',1644,,12145,77,,,0
105019,'1198621',751,3,12146,77,,,0
105019,'1198667',1021,3,12147,77,,,0
105019,'1198717',1554,3,12148,77,,,0
105019,'1198741',921,3,12149,77,,,0
105019,'1198746',1909,3,12150,77,,,0
105019,'1198889',714,,12151,77,,,0
105019,'1199004',1444,,12152,77,,,0
105019,'1199054',1654,3,12153,77,,,0
105019,'1199098',851,3,12154,77,,,0
105019,'1199298',2414,2,12155,77,,,0
105019,'1199347',2328,3,12156,77,,,0
105019,'1199383',2314,2,12157,77,,,0
105019,'1199400',1729,2,12158,77,,,0
105019,'1199461',1844,,12159,77,,,0
105019,'1199511',1829,2,12160,77,,,0
105019,'1199546',2128,3,12161,77,,,0
105019,'1199574',1929,2,12162,77,,,0
