101019,'1190633',1155,,8977,34,,,0
101019,'1190779',1333,,8978,34,,,0
101019,'1190956',2133,,8980,34,,,0
101019,'1191198',555,,8981,34,,,0
101019,'1191333',2255,,8983,34,,,0
101019,'1191377',1533,,8984,34,,,0
101019,'1191432',1733,,8986,34,,,0
101019,'1191480',1357,,8987,34,,,0
101019,'1192063',855,,8990,34,,,0
101019,'1192135',1055,,8991,34,,,0
101019,'1192166',1855,,8992,34,,,0
101019,'1192271',955,,8993,34,,,0
101019,'1192448',933,,8995,34,,,0
101019,'1192613',755,,8996,34,,,0
101019,'1192782',1657,,8997,34,,,0
101019,'1192859',1133,,8998,34,,,0
101019,'1192896',1933,,8999,34,,,0
101019,'1192958',2054,,9001,34,,,0
101019,'1192961',733,,9002,34,,,0
101019,'1192963',2333,,9003,34,,,0
101019,'1193022',1457,,9004,34,,,0
101019,'1193164',1557,,9006,34,,,0
101019,'1193193',1757,,9007,34,,,0
