3019,'1196834',1821,,10159,29,,,0
3019,'1196848',2121,,10160,29,,,0
3019,'1196854',721,,10161,29,,,0
3019,'1196968',1237,,10162,29,,,0
3019,'1196971',2021,,10163,29,,,0
3019,'1197069',722,,10164,29,,,0
3019,'1197076',2151,,10165,29,,,0
3019,'1197107',1252,,10166,29,,,0
3019,'1197120',2421,,10167,29,,,0
3019,'1197318',2221,,10168,29,,,0
3019,'1197369',2337,,10169,29,,,0
3019,'1197372',2237,,10170,29,,,0
3019,'1197378',921,,10171,29,,,0
3019,'1197462',922,,10172,29,,,0
3019,'1197478',1622,,10173,29,,,0
3019,'1197537',937,,10174,29,,,0
3019,'1197572',1352,,10175,29,,,0
3019,'1197590',852,,10176,29,,,0
3019,'1197618',1722,,10177,29,,,0
3019,'1197731',2021,,10179,29,,,0
3019,'1197748',1022,,10180,29,,,0
3019,'1197755',1052,,10181,29,,,0
3019,'1197810',1452,,10182,29,,,0
3019,'1197819',1921,,10183,29,,,0
3019,'1197850',1552,,10184,29,,,0
3019,'1197851',952,,10185,29,,,0
3019,'1197897',1122,,10186,29,,,0
3019,'1197923',1222,,10187,29,,,0
3019,'1197941',1522,,10188,29,,,0
3019,'1198025',1622,,10189,29,,,0
3019,'1198093',1851,,10190,29,,,0
3019,'1198098',1152,,10191,29,,,0
3019,'1198111',1021,,10192,29,,,0
3019,'1198119',1537,,10193,29,,,0
3019,'1198124',1422,,10194,29,,,0
3019,'1198153',1921,,10195,29,,,0
3019,'1198229',1522,,10196,29,,,0
3019,'1198237',1652,,10197,29,,,0
3019,'1198265',2121,,10198,29,,,0
3019,'1198278',1951,,10199,29,,,0
3019,'1198430',1637,,10200,29,,,0
3019,'1198432',1821,,10201,29,,,0
3019,'1198501',1722,,10202,29,,,0
3019,'1198514',652,,10203,29,,,0
3019,'1198654',1737,,10204,29,,,0
3019,'1198677',837,,10205,29,,,0
3019,'1198680',822,,10206,29,,,0
3019,'1198689',2411,,10207,29,,,0
3019,'1198691',1752,,10208,29,,,0
3019,'1198742',2221,,10209,29,,,0
3019,'1198777',1422,,10210,29,,,0
3019,'1198788',737,,10211,29,,,0
3019,'1198845',1037,,10212,29,,,0
3019,'1198989',2137,,10213,29,,,0
3019,'1198991',1837,,10214,29,,,0
3019,'1199009',1337,,10215,29,,,0
3019,'1199035',1222,,10216,29,,,0
3019,'1199052',2037,,10217,29,,,0
3019,'1199066',1137,,10218,29,,,0
3019,'1199133',1322,,10219,29,,,0
3019,'1199262',2321,,10220,29,,,0
3019,'1199277',752,,10221,29,,,0
3019,'1199346',1322,,10222,29,,,0
3019,'1199408',2051,,10223,29,,,0
3019,'1199412',1437,,10224,29,,,0
3019,'1199440',2321,,10225,29,,,0
3019,'1199509',821,,10226,29,,,0
3019,'1199600',1937,,10228,29,,,0
3019,'1199612',1122,,10229,29,,,0
