13029,'1196882',1531,,10855,16,,,0
13029,'1196907',1257,,10856,15,,,0
13029,'1196917',1259,,10857,15,,,0
13029,'1196936',1759,,10858,15,,,0
13029,'1196965',756,,10859,15,,,0
13029,'1196972',1629,,10860,15,,,0
13029,'1197006',1457,,10861,15,,,0
13029,'1197082',1157,,10862,15,,,0
13029,'1197122',1057,,10863,15,,,0
13029,'1197184',1457,,10864,15,,,0
13029,'1197188',1927,,10865,15,,,0
13029,'1197193',757,,10866,15,,,0
13029,'1197215',2057,,10867,15,,,0
13029,'1197262',1657,,10868,15,,,0
13029,'1197363',928,,10869,15,,,0
13029,'1197365',2156,,10870,15,,,0
13029,'1197371',957,,10871,15,,,0
13029,'1197444',2256,,10872,15,,,0
13029,'1197556',2257,,10873,15,,,0
13029,'1197773',2027,,10874,15,,,0
13029,'1197812',1459,,10875,15,,,0
13029,'1197866',1357,,10876,15,,,0
13029,'1197909',858,,10877,15,,,0
13029,'1197997',1956,,10878,15,,,0
13029,'1198028',2056,,10879,15,,,0
13029,'1198074',2356,,10880,15,,,0
13029,'1198199',1557,,10881,15,,,0
13029,'1198248',2227,,10882,15,,,0
13029,'1198289',827,,10883,15,,,0
13029,'1198381',1729,,10884,15,,,0
13029,'1198389',1757,,10885,15,,,0
13029,'1198416',1557,,10886,15,,,0
13029,'1198437',1027,,10887,15,,,0
13029,'1198474',1100,,10888,15,,,0
13029,'1198488',1856,,10889,15,,,0
13029,'1198563',727,,10890,15,,,0
13029,'1198648',1056,,10891,15,,,0
13029,'1198673',1257,,10892,15,,,0
13029,'1198704',1857,,10893,15,,,0
13029,'1198733',757,,10894,15,,,0
13029,'1198756',857,,10895,15,,,0
13029,'1198793',956,,10896,15,,,0
13029,'1198811',1357,,10897,15,,,0
13029,'1198812',2357,,10898,15,,,0
13029,'1198828',1157,,10899,15,,,0
13029,'1198858',1559,,10900,15,,,0
13029,'1198910',627,,10901,15,,,0
13029,'1198998',856,,10902,15,,,0
13029,'1199115',657,,10903,15,,,0
13029,'1199250',2157,,10904,15,,,0
13029,'1199324',656,,10905,15,,,0
13029,'1199337',958,,10906,15,,,0
13029,'1199349',2127,,10907,15,,,0
13029,'1199379',2327,,10908,15,,,0
13029,'1199405',1757,,10909,15,,,0
13029,'1199419',1159,,10910,15,,,0
13029,'1199548',1359,,10911,15,,,0
13029,'1199559',1657,,10912,15,,,0
13029,'1199614',1827,,10913,15,,,0
13029,'1199653',1957,,10914,15,,,0
13029,'1199655',1659,,10915,15,,,0
101019,'1197003',612,,11803,49,,,0
101019,'1197056',2149,,11804,49,,,0
101019,'1197144',2349,,11805,49,,,0
101019,'1197150',1549,,11806,49,,,0
101019,'1197356',1349,,11807,49,,,0
101019,'1197394',1549,,11808,49,,,0
101019,'1197485',749,,11809,49,,,0
101019,'1197542',1349,,11810,49,,,0
101019,'1197666',1112,,11811,49,,,0
101019,'1197703',2149,,11812,49,,,0
101019,'1197735',1212,,11813,49,,,0
101019,'1197816',1149,,11814,49,,,0
101019,'1197893',812,,11815,49,,,0
101019,'1198002',1749,,11816,49,,,0
101019,'1198014',749,,11817,49,,,0
101019,'1198130',1012,,11818,49,,,0
101019,'1198162',1414,,11819,49,,,0
101019,'1198212',1949,,11820,49,,,0
101019,'1198408',2111,,11821,49,,,0
101019,'1198684',949,,11822,49,,,0
101019,'1198907',1949,,11823,49,,,0
101019,'1199079',2312,,11824,49,,,0
101019,'1199178',1814,,11825,49,,,0
101019,'1199186',1614,,11826,49,,,0
101019,'1199279',1749,,11827,49,,,0
101019,'1199401',949,,11828,49,,,0
101019,'1199471',1912,,11829,49,,,0
101019,'1199497',1149,,11830,49,,,0
101019,'1199519',912,,11831,49,,,0
101019,'1199566',1514,,11832,49,,,0
101019,'1199626',1714,,11833,49,,,0
