2019,'1196937',928,,9945,18,,,0
2019,'1196952',1928,,9946,18,,,0
2019,'1196959',728,,9947,18,,,0
2019,'1196966',1013,,9948,18,,,0
2019,'1196990',928,,9949,18,,,0
2019,'1196992',1700,,9950,18,,,0
2019,'1196993',2058,,9951,18,,,0
2019,'1197022',1328,,9952,18,,,0
2019,'1197046',2358,,9953,18,,,0
2019,'1197068',1214,,9954,18,,,0
2019,'1197140',829,,9955,18,,,0
2019,'1197142',2228,,9956,18,,,0
2019,'1197156',659,,9957,18,,,0
2019,'1197159',1245,,9958,18,,,0
2019,'1197165',1314,,9959,18,,,0
2019,'1197200',2043,,9960,18,,,0
2019,'1197205',2328,,9961,18,,,0
2019,'1197230',1600,,9962,18,,,0
2019,'1197258',1530,,9963,18,,,0
2019,'1197273',1828,,9964,18,,,0
2019,'1197277',1014,,9965,18,,,0
2019,'1197304',2028,,9966,18,,,0
2019,'1197311',1800,,9967,18,,,0
2019,'1197384',844,,9968,18,,,0
2019,'1197388',1514,,9969,18,,,0
2019,'1197409',1400,,9970,18,,,0
2019,'1197517',1545,,9971,18,,,0
2019,'1197526',1144,,9972,18,,,0
2019,'1197532',1228,,9973,18,,,0
2019,'1197541',1813,,9974,18,,,0
2019,'1197604',1943,,9975,18,,,0
2019,'1197630',1230,,9976,18,,,0
2019,'1197631',1744,,9977,18,,,0
2019,'1197670',944,,9978,18,,,0
2019,'1197671',1345,,9979,18,,,0
2019,'1197694',1913,,9980,18,,,0
2019,'1197780',1029,,9981,18,,,0
2019,'1197798',1843,,9982,18,,,0
2019,'1197818',1428,,9983,18,,,0
2019,'1197842',1300,,9984,18,,,0
2019,'1197864',2128,,9985,18,,,0
2019,'1197879',1414,,9986,18,,,0
2019,'1197881',1028,,9987,18,,,0
2019,'1197904',859,,9988,18,,,0
2019,'1197931',1159,,9989,18,,,0
2019,'1197939',1515,,9990,18,,,0
2019,'1197952',2403,,9991,18,,,0
2019,'1197970',929,,9992,18,,,0
2019,'1197994',1129,,9993,18,,,0
2019,'1198000',714,,9994,18,,,0
2019,'1198018',729,,9995,18,,,0
2019,'1198034',814,,9996,18,,,0
2019,'1198058',1615,,9997,18,,,0
2019,'1198063',1645,,9998,18,,,0
2019,'1198138',1644,,9999,18,,,0
2019,'1198180',1044,,10000,18,,,0
2019,'1198182',1215,,10001,18,,,0
2019,'1198197',2228,,10002,18,,,0
2019,'1198230',2113,,10003,18,,,0
2019,'1198247',1500,,10004,18,,,0
2019,'1198270',1928,,10005,18,,,0
2019,'1198273',744,,10006,18,,,0
2019,'1198286',758,,10007,18,,,0
2019,'1198328',1730,,10008,18,,,0
2019,'1198379',1745,,10010,18,,,0
2019,'1198387',1544,,10011,18,,,0
2019,'1198392',1144,,10012,18,,,0
2019,'1198443',2013,,10013,18,,,0
2019,'1198453',2143,,10014,18,,,0
2019,'1198468',1244,,10015,18,,,0
2019,'1198483',1728,,10016,18,,,0
2019,'1198564',1114,,10017,18,,,0
2019,'1198584',2313,,10018,18,,,0
2019,'1198637',1630,,10019,18,,,0
2019,'1198722',1528,,10020,18,,,0
2019,'1198740',914,,10021,18,,,0
2019,'1198744',1843,,10022,18,,,0
2019,'1198846',843,,10023,18,,,0
2019,'1198873',644,,10024,18,,,0
2019,'1198904',1344,,10025,18,,,0
2019,'1198940',2213,,10026,18,,,0
2019,'1199047',1315,,10027,18,,,0
2019,'1199073',1714,,10028,18,,,0
2019,'1199085',2143,,10029,18,,,0
2019,'1199096',1444,,10030,18,,,0
2019,'1199176',1043,,10031,18,,,0
2019,'1199234',2013,,10032,18,,,0
2019,'1199238',713,,10033,18,,,0
2019,'1199242',1128,,10034,18,,,0
2019,'1199272',959,,10035,18,,,0
2019,'1199326',2313,,10036,18,,,0
2019,'1199327',1415,,10037,18,,,0
2019,'1199334',1628,,10038,18,,,0
2019,'1199352',1715,,10039,18,,,0
2019,'1199368',1445,,10040,18,,,0
2019,'1199372',1813,,10041,18,,,0
2019,'1199378',1430,,10042,18,,,0
2019,'1199438',1059,,10043,18,,,0
2019,'1199439',759,,10044,18,,,0
2019,'1199485',1330,,10045,18,,,0
2019,'1199505',828,,10046,18,,,0
2019,'1199525',2243,,10047,18,,,0
2019,'1199540',1114,,10048,18,,,0
2019,'1199630',2343,,10049,18,,,0
2019,'1199652',1614,,10050,18,,,0
12029,'1196881',1141,,10722,42,,,0
12029,'1196886',1711,,10723,42,,,0
12029,'1196921',838,,10724,42,,,0
12029,'1196925',1641,,10725,42,,,0
12029,'1197005',2415,,10726,42,,,0
12029,'1197009',2340,,10727,42,,,0
12029,'1197092',1810,,10728,42,,,0
12029,'1197112',911,,10729,42,,,0
12029,'1197136',2310,,10730,42,,,0
12029,'1197164',741,,10731,42,,,0
12029,'1197202',1541,,10732,42,,,0
12029,'1197246',1411,,10733,42,,,0
12029,'1197415',1111,,10734,42,,,0
12029,'1197416',1541,,10735,42,,,0
12029,'1197484',1938,,10736,42,,,0
12029,'1197496',2210,,10737,42,,,0
12029,'1197608',1211,,10738,42,,,0
12029,'1197678',1838,,10739,42,,,0
12029,'1197742',1341,,10740,42,,,0
12029,'1197777',2338,,10741,42,,,0
12029,'1197790',2240,,10742,42,,,0
12029,'1197947',1738,,10743,42,,,0
12029,'1198008',1411,,10744,42,,,0
12029,'1198017',1910,,10745,42,,,0
12029,'1198020',1741,,10746,42,,,0
12029,'1198024',941,,10747,42,,,0
12029,'1198092',1840,,10748,42,,,0
12029,'1198139',1611,,10749,42,,,0
12029,'1198185',1211,,10750,42,,,0
12029,'1198205',841,,10751,42,,,0
12029,'1198239',1011,,10752,42,,,0
12029,'1198318',738,,10753,42,,,0
12029,'1198336',1141,,10754,42,,,0
12029,'1198360',1038,,10755,42,,,0
12029,'1198400',740,,10756,42,,,0
12029,'1198511',2238,,10757,42,,,0
12029,'1198528',1538,,10758,42,,,0
12029,'1198538',1441,,10759,42,,,0
12029,'1198556',2110,,10760,42,,,0
12029,'1198681',1940,,10761,42,,,0
12029,'1198731',2040,,10762,42,,,0
12029,'1198732',1341,,10763,42,,,0
12029,'1198745',2138,,10764,42,,,0
12029,'1198748',938,,10765,42,,,0
12029,'1198775',1041,,10766,42,,,0
12029,'1198818',1741,,10767,42,,,0
12029,'1198856',1138,,10768,42,,,0
12029,'1198877',1311,,10769,42,,,0
12029,'1198898',840,,10770,42,,,0
12029,'1198947',641,,10771,42,,,0
12029,'1198959',1241,,10772,42,,,0
12029,'1198976',1711,,10773,42,,,0
12029,'1199093',1511,,10774,42,,,0
12029,'1199207',1511,,10775,42,,,0
12029,'1199281',1338,,10776,42,,,0
12029,'1199325',1641,,10777,42,,,0
12029,'1199340',1111,,10778,42,,,0
12029,'1199357',1441,,10779,42,,,0
12029,'1199382',811,,10780,42,,,0
12029,'1199384',940,,10781,42,,,0
12029,'1199423',2010,,10782,42,,,0
12029,'1199437',1438,,10783,42,,,0
12029,'1199445',2038,,10784,42,,,0
12029,'1199457',1638,,10785,42,,,0
12029,'1199487',1041,,10786,42,,,0
12029,'1199500',711,,10787,42,,,0
12029,'1199501',1611,,10788,42,,,0
12029,'1199531',1241,,10789,42,,,0
12029,'1199556',2140,,10790,42,,,0
12029,'1199590',1311,,10791,42,,,0
12029,'1199639',1238,,10792,42,,,0
103029,'1196853',1453,,11989,31,,,0
103029,'1196867',1323,,11990,31,,,0
103029,'1196892',1753,,11991,31,,,0
103029,'1196973',1745,,11992,31,,,0
103029,'1197031',1416,,11993,31,,,0
103029,'1197085',2053,,11994,31,,,0
103029,'1197108',1923,,11995,31,,,0
103029,'1197233',1013,,11996,31,,,0
103029,'1197315',1246,,11997,31,,,0
103029,'1197321',1116,,11998,31,,,0
103029,'1197346',1445,,11999,31,,,0
103029,'1197499',1845,,12000,31,,,0
103029,'1197743',815,,12001,31,,,0
103029,'1197784',946,,12002,31,,,0
103029,'1197852',1315,,12003,31,,,0
103029,'1198282',1145,,12004,31,,,0
103029,'1198444',1546,,12005,31,,,0
103029,'1198568',713,,12006,31,,,0
103029,'1198723',2015,,12007,31,,,0
103029,'1198855',843,,12008,31,,,0
103029,'1198880',1530,,12009,31,,,0
103029,'1198882',645,,12010,31,,,0
103029,'1198911',2145,,12011,31,,,0
103029,'1198914',1700,,12012,31,,,0
103029,'1198921',853,,12013,31,,,0
103029,'1198928',758,,12014,31,,,0
103029,'1198990',928,,12015,31,,,0
103029,'1199021',1623,,12016,31,,,0
103029,'1199109',2314,,12017,31,,,0
103029,'1199145',2223,,12018,31,,,0
103029,'1199146',1153,,12019,31,,,0
103029,'1199172',2213,,12020,31,,,0
103029,'1199215',2343,,12021,31,,,0
103029,'1199475',1913,,12022,31,,,0
103029,'1199565',1023,,12023,31,,,0
103029,'1199579',1615,,12024,31,,,0
103029,'1199581',2043,,12025,31,,,0
103029,'1199593',1716,,12026,31,,,0
