27029,'1190690',632,,8760,3,,,0
27029,'1190755',1632,,8761,3,,,0
27029,'1190762',732,,8762,3,,,0
27029,'1190844',1902,,8763,3,,,0
27029,'1190914',2302,,8766,3,,,0
27029,'1190963',1532,,8768,3,,,0
27029,'1191011',2232,,8769,3,,,0
27029,'1191075',932,,8771,3,,,0
27029,'1191092',2132,,8772,3,,,0
27029,'1191097',832,,8773,3,,,0
27029,'1191103',1132,,8774,3,,,0
27029,'1191106',1632,,8775,3,,,0
27029,'1191387',1332,,8779,3,,,0
27029,'1191390',1432,,8780,3,,,0
27029,'1191514',1832,,8781,3,,,0
27029,'1191552',1232,,8782,3,,,0
27029,'1191574',2102,,8783,3,,,0
27029,'1191706',932,,8784,3,,,0
27029,'1191734',2002,,8785,3,,,0
27029,'1191798',1932,,8786,3,,,0
27029,'1191870',1232,,8787,3,,,0
27029,'1192000',1732,,8788,3,,,0
27029,'1192056',1332,,8790,3,,,0
27029,'1192061',1032,,8791,3,,,0
27029,'1192077',2032,,8792,3,,,0
27029,'1192262',1732,,8794,3,,,0
27029,'1192274',732,,8796,3,,,0
27029,'1192617',1132,,8797,3,,,0
27029,'1192676',1832,,8798,3,,,0
27029,'1192776',1432,,8799,3,,,0
27029,'1192855',632,,8801,3,,,0
27029,'1192882',832,,8802,3,,,0
27029,'1192888',2202,,8803,3,,,0
27029,'1193118',1532,,8805,3,,,0
27029,'1193139',1032,,8806,3,,,0
27029,'1193254',2332,,8810,3,,,0
