10029,'1196869',1035,,10389,32,,,0
10029,'1196944',1905,,10390,32,,,0
10029,'1196948',1535,,10391,32,,,0
10029,'1197007',705,,10392,32,,,0
10029,'1197053',1335,,10393,32,,,0
10029,'1197093',1135,,10394,32,,,0
10029,'1197160',1735,,10395,32,,,0
10029,'1197269',1835,,10396,32,,,0
10029,'1197314',2205,,10397,32,,,0
10029,'1197362',2035,,10398,32,,,0
10029,'1197385',835,,10399,32,,,0
10029,'1197414',1435,,10400,32,,,0
10029,'1197492',1705,,10401,32,,,0
10029,'1197523',2235,,10402,32,,,0
10029,'1197565',635,,10403,32,,,0
10029,'1197669',835,,10404,32,,,0
10029,'1197675',2135,,10405,32,,,0
10029,'1197822',1735,,10406,32,,,0
10029,'1197831',1735,,10407,32,,,0
10029,'1197885',2035,,10408,32,,,0
10029,'1197887',1605,,10409,32,,,0
10029,'1197892',1235,,10410,32,,,0
10029,'1197908',2235,,10411,32,,,0
10029,'1197916',2305,,10412,32,,,0
10029,'1197980',2410,,10413,32,,,0
10029,'1198080',1635,,10414,32,,,0
10029,'1198150',1635,,10415,32,,,0
10029,'1198170',1135,,10416,32,,,0
10029,'1198181',1805,,10417,32,,,0
10029,'1198232',1535,,10418,32,,,0
10029,'1198314',1935,,10419,32,,,0
10029,'1198351',1235,,10420,32,,,0
10029,'1198466',2105,,10421,32,,,0
10029,'1198481',1435,,10422,32,,,0
10029,'1198536',1235,,10423,32,,,0
10029,'1198550',1635,,10424,32,,,0
10029,'1198565',2335,,10425,32,,,0
10029,'1198676',735,,10426,32,,,0
10029,'1198703',735,,10427,32,,,0
10029,'1198735',1035,,10428,32,,,0
10029,'1198754',1335,,10429,32,,,0
10029,'1198767',1135,,10430,32,,,0
10029,'1198887',905,,10431,32,,,0
10029,'1198905',1435,,10432,32,,,0
10029,'1198933',835,,10433,32,,,0
10029,'1199013',735,,10434,32,,,0
10029,'1199068',1035,,10435,32,,,0
10029,'1199078',1835,,10436,32,,,0
10029,'1199088',2005,,10437,32,,,0
10029,'1199134',1335,,10438,32,,,0
10029,'1199161',2335,,10439,32,,,0
10029,'1199245',1935,,10440,32,,,0
10029,'1199274',935,,10441,32,,,0
10029,'1199375',1505,,10442,32,,,0
10029,'1199396',805,,10443,32,,,0
10029,'1199411',2135,,10444,32,,,0
10029,'1199422',935,,10445,32,,,0
10029,'1199613',935,,10446,32,,,0
10029,'1199633',1535,,10447,32,,,0
