20019,'1190619',637,,8208,2,,,0
20019,'1190641',1707,,8209,2,,,0
20019,'1190738',606,,8210,2,,,0
20019,'1190758',1637,,8211,2,,,0
20019,'1190774',1837,,8212,2,,,0
20019,'1190805',1407,,8213,2,,,0
20019,'1190858',2336,,8216,2,,,0
20019,'1190997',807,,8218,2,,,0
20019,'1191053',837,,8219,2,,,0
20019,'1191089',2137,,8220,2,,,0
20019,'1191136',1907,,8221,2,,,0
20019,'1191180',1337,,8222,2,,,0
20019,'1191306',707,,8224,2,,,0
20019,'1191365',2107,,8225,2,,,0
20019,'1191367',2037,,8226,2,,,0
20019,'1191430',1537,,8228,2,,,0
20019,'1191441',1737,,8229,2,,,0
20019,'1191503',937,,8231,2,,,0
20019,'1191515',636,,8233,2,,,0
20019,'1191641',1807,,8234,2,,,0
20019,'1191735',1937,,8236,2,,,0
20019,'1191765',1037,,8237,2,,,0
20019,'1191882',2237,,8239,2,,,0
20019,'1191930',1637,,8240,2,,,0
20019,'1191994',1107,,8241,2,,,0
20019,'1192132',1307,,8242,2,,,0
20019,'1192365',1737,,8243,2,,,0
20019,'1192376',1207,,8244,2,,,0
20019,'1192518',737,,8248,2,,,0
20019,'1192714',1137,,8252,2,,,0
20019,'1192729',1007,,8253,2,,,0
20019,'1192784',2207,,8254,2,,,0
20019,'1192905',1607,,8255,2,,,0
20019,'1192933',2007,,8257,2,,,0
20019,'1193041',2307,,8258,2,,,0
20019,'1193116',2407,,8259,2,,,0
20019,'1193175',737,,8260,2,,,0
20019,'1193197',907,,8261,2,,,0
20019,'1193231',1237,,8262,2,,,0
20019,'1193236',1437,,8263,2,,,0
20019,'1193274',1507,,8265,2,,,0
102019,'1190597',2051,,9039,2,,,0
102019,'1190683',1321,,9041,2,,,0
102019,'1190693',2221,,9042,2,,,0
102019,'1190718',1851,,9043,2,,,0
102019,'1190741',1121,,9044,2,,,0
102019,'1190958',2321,,9047,2,,,0
102019,'1191221',636,,9048,2,,,0
102019,'1191235',951,,9049,2,,,0
102019,'1191363',821,,9050,2,,,0
102019,'1191449',1621,,9053,2,,,0
102019,'1191519',1421,,9054,2,,,0
102019,'1191533',936,,9055,2,,,0
102019,'1191550',1551,,9057,2,,,0
102019,'1191628',1721,,9058,2,,,0
102019,'1191743',1251,,9059,2,,,0
102019,'1191774',851,,9060,2,,,0
102019,'1191788',1406,,9061,2,,,0
102019,'1191823',2021,,9062,2,,,0
102019,'1192080',1921,,9064,2,,,0
102019,'1192239',1151,,9065,2,,,0
102019,'1192244',2351,,9066,2,,,0
102019,'1192255',1021,,9067,2,,,0
102019,'1192441',551,,9068,2,,,0
102019,'1192464',651,,9069,2,,,0
102019,'1192484',806,,9071,2,,,0
102019,'1192625',1706,,9072,2,,,0
102019,'1192766',2151,,9073,2,,,0
102019,'1192942',1751,,9074,2,,,0
102019,'1193104',1536,,9077,2,,,0
102019,'1193216',1451,,9078,2,,,0
102019,'1193275',721,,9080,2,,,0
