13019,'1196852',1340,,10793,35,,,0
13019,'1196856',1738,,10794,35,,,0
13019,'1196922',637,,10795,9,,,0
13019,'1196999',939,,10796,35,,,0
13019,'1197035',638,,10797,35,,,0
13019,'1197132',1510,,10798,35,,,0
13019,'1197251',1610,,10799,35,,,0
13019,'1197279',738,,10800,35,,,0
13019,'1197353',2308,,10801,35,,,0
13019,'1197357',1838,,10802,35,,,0
13019,'1197451',2238,,10803,35,,,0
13019,'1197487',839,,10804,35,,,0
13019,'1197555',1640,,10805,35,,,0
13019,'1197570',938,,10806,35,,,0
13019,'1197575',1638,,10807,35,,,0
13019,'1197641',2038,,10808,35,,,0
13019,'1197645',1710,,10809,35,,,0
13019,'1197648',708,,10810,35,,,0
13019,'1197690',1638,,10811,35,,,0
13019,'1197692',1740,,10812,35,,,0
13019,'1197730',1440,,10813,35,,,0
13019,'1197762',2413,,10814,35,,,0
13019,'1197803',738,,10815,35,,,0
13019,'1197834',1238,,10816,35,,,0
13019,'1197854',2038,,10817,35,,,0
13019,'1197962',1338,,10818,35,,,0
13019,'1197975',1041,,10819,35,,,0
13019,'1198041',1138,,10820,35,,,0
13019,'1198094',1808,,10821,35,,,0
13019,'1198160',838,,10822,35,,,0
13019,'1198201',1238,,10823,35,,,0
13019,'1198243',1838,,10824,35,,,0
13019,'1198290',2208,,10825,35,,,0
13019,'1198352',738,,10826,35,,,0
13019,'1198355',1908,,10827,35,,,0
13019,'1198382',808,,10828,35,,,0
13019,'1198402',2238,,10829,35,,,0
13019,'1198552',2138,,10830,35,,,0
13019,'1198554',1938,,10831,35,,,0
13019,'1198602',1138,,10832,35,,,0
13019,'1198611',2008,,10833,35,,,0
13019,'1198630',1540,,10834,35,,,0
13019,'1198675',1240,,10835,35,,,0
13019,'1198690',608,,10836,9,,,0
13019,'1198716',1038,,10837,35,,,0
13019,'1198729',1008,,10838,35,,,0
13019,'1198761',1338,,10839,35,,,0
13019,'1198778',938,,10840,35,,,0
13019,'1198837',2338,,10841,35,,,0
13019,'1198874',1140,,10842,35,,,0
13019,'1198888',909,,10843,35,,,0
13019,'1199044',838,,10844,35,,,0
13019,'1199123',1038,,10845,35,,,0
13019,'1199151',1438,,10846,35,,,0
13019,'1199233',1438,,10847,35,,,0
13019,'1199276',1538,,10848,35,,,0
13019,'1199284',2108,,10849,35,,,0
13019,'1199418',1938,,10850,35,,,0
13019,'1199448',1738,,10851,35,,,0
13019,'1199536',2138,,10852,35,,,0
13019,'1199588',2338,,10853,35,,,0
13019,'1199631',1538,,10854,35,,,0
