26029,'1196873',1758,,11480,5,,,0
26029,'1196910',2258,,11481,5,,,0
26029,'1196913',1114,,11482,5,,,0
26029,'1196977',1614,,11483,5,,,0
26029,'1196980',1014,,11484,5,,,0
26029,'1197179',2014,,11485,5,,,0
26029,'1197404',1244,,11486,5,,,0
26029,'1197498',1914,,11487,5,,,0
26029,'1197625',914,,11488,5,,,0
26029,'1197661',1014,,11489,5,,,0
26029,'1197679',1858,,11490,5,,,0
26029,'1197751',2213,,11491,5,,,0
26029,'1197754',613,,11492,5,,,0
26029,'1197782',1514,,11493,5,,,0
26029,'1197814',2214,,11494,5,,,0
26029,'1197860',813,,11495,5,,,0
26029,'1197884',758,,11496,5,,,0
26029,'1197936',1314,,11497,5,,,0
26029,'1197940',1214,,11498,5,,,0
26029,'1197960',1144,,11499,5,,,0
26029,'1197999',2114,,11500,5,,,0
26029,'1198011',1558,,11501,5,,,0
26029,'1198044',1358,,11502,5,,,0
26029,'1198105',2114,,11503,5,,,0
26029,'1198189',1814,,11504,5,,,0
26029,'1198210',1044,,11505,5,,,0
26029,'1198276',1615,,11506,5,,,0
26029,'1198303',1158,,11507,5,,,0
26029,'1198354',2014,,11508,5,,,0
26029,'1198406',614,,11509,5,,,0
26029,'1198482',1058,,11510,5,,,0
26029,'1198544',1658,,11511,5,,,0
26029,'1198822',2313,,11512,5,,,0
26029,'1198850',1814,,11513,5,,,0
26029,'1198867',1458,,11514,5,,,0
26029,'1198935',713,,11515,5,,,0
26029,'1198937',1958,,11516,5,,,0
26029,'1199008',714,,11517,5,,,0
26029,'1199034',1914,,11518,5,,,0
26029,'1199114',2314,,11519,5,,,0
26029,'1199122',1714,,11520,5,,,0
26029,'1199135',1514,,11521,5,,,0
26029,'1199139',958,,11522,5,,,0
26029,'1199216',2158,,11523,5,,,0
26029,'1199265',1258,,11524,5,,,0
26029,'1199273',858,,11525,5,,,0
26029,'1199292',1714,,11526,5,,,0
26029,'1199311',1444,,11527,5,,,0
26029,'1199314',1344,,11528,5,,,0
26029,'1199512',2058,,11529,5,,,0
26029,'1199532',913,,11530,5,,,0
26029,'1199605',1414,,11531,5,,,0
26029,'1199628',814,,11532,5,,,0
