4019,'1197123',704,,10299,8,,,0
4019,'1197392',1504,,10300,8,,,0
4019,'1197520',904,,10301,8,,,0
4019,'1197788',1534,,10302,8,,,0
4019,'1197874',1334,,10303,8,,,0
4019,'1198006',834,,10304,8,,,0
4019,'1198332',1734,,10305,8,,,0
4019,'1198394',1434,,10306,8,,,0
4019,'1198409',804,,10307,8,,,0
4019,'1198799',1404,,10308,8,,,0
4019,'1198924',1704,,10309,8,,,0
4019,'1199002',934,,10310,8,,,0
4019,'1199239',1604,,10311,8,,,0
4019,'1199517',735,,10312,8,,,0
4019,'1199645',1634,,10313,8,,,0
190001029,'1196847',1103,,12633,4,,,0
190001029,'1196850',1318,,12634,4,,,0
190001029,'1196860',1748,,12635,4,,,0
190001029,'1196897',1634,,12636,4,,,0
190001029,'1196906',1733,,12637,4,,,0
190001029,'1196908',1348,,12638,4,,,0
190001029,'1196953',1203,,12639,4,,,0
190001029,'1196957',1233,,12640,4,,,0
190001029,'1196963',1618,,12641,4,,,0
190001029,'1197018',1349,,12642,4,,,0
190001029,'1197048',2353,,12643,4,,,0
190001029,'1197052',1733,,12644,4,,,0
190001029,'1197074',1304,,12645,4,,,0
190001029,'1197089',1818,,12646,4,,,0
190001029,'1197125',703,,12647,4,,,0
190001029,'1197135',1534,,12648,4,,,0
190001029,'1197148',1018,,12649,4,,,0
190001029,'1197153',1033,,12650,4,,,0
190001029,'1197176',1418,,12651,4,,,0
190001029,'1197177',2018,,12652,4,,,0
190001029,'1197199',1404,,12653,4,,,0
190001029,'1197224',1518,,12654,4,,,0
190001029,'1197245',1519,,12655,4,,,0
190001029,'1197247',2303,,12656,4,,,0
190001029,'1197252',1518,,12657,4,,,0
190001029,'1197260',1833,,12658,4,,,0
190001029,'1197284',1148,,12659,4,,,0
190001029,'1197289',648,,12660,4,,,0
190001029,'1197291',1249,,12661,4,,,0
190001029,'1197301',1318,,12662,4,,,0
190001029,'1197338',1649,,12663,4,,,0
190001029,'1197391',1818,,12664,4,,,0
190001029,'1197396',1104,,12665,4,,,0
190001029,'1197428',2003,,12666,4,,,0
190001029,'1197434',1448,,12667,4,,,0
190001029,'1197476',1118,,12668,4,,,0
190001029,'1197511',1503,,12669,4,,,0
190001029,'1197533',1403,,12670,4,,,0
190001029,'1197582',1619,,12671,4,,,0
190001029,'1197659',1604,,12672,4,,,0
190001029,'1197668',818,,12673,4,,,0
190001029,'1197682',1133,,12674,4,,,0
190001029,'1197683',2033,,12675,4,,,0
190001029,'1197684',1149,,12676,4,,,0
190001029,'1197778',1134,,12677,4,,,0
190001029,'1197833',1449,,12678,4,,,0
190001029,'1197836',1334,,12679,4,,,0
190001029,'1197848',2103,,12680,4,,,0
190001029,'1197886',1434,,12681,4,,,0
190001029,'1197890',748,,12682,4,,,0
190001029,'1197905',1004,,12683,4,,,0
190001029,'1197913',2203,,12684,4,,,0
190001029,'1197921',1248,,12685,4,,,0
190001029,'1197922',948,,12686,4,,,0
190001029,'1197992',1549,,12687,4,,,0
190001029,'1197993',903,,12688,4,,,0
190001029,'1198050',603,,12689,4,,,0
190001029,'1198051',1818,,12690,4,,,0
190001029,'1198052',833,,12691,4,,,0
190001029,'1198054',1418,,12692,4,,,0
190001029,'1198082',1648,,12693,4,,,0
190001029,'1198095',1918,,12694,4,,,0
190001029,'1198106',2233,,12695,4,,,0
190001029,'1198117',718,,12696,4,,,0
190001029,'1198128',1118,,12697,4,,,0
190001029,'1198174',933,,12698,4,,,0
190001029,'1198223',2318,,12699,4,,,0
190001029,'1198252',1419,,12700,4,,,0
190001029,'1198272',803,,12701,4,,,0
190001029,'1198293',1719,,12702,4,,,0
190001029,'1198306',848,,12703,4,,,0
190001029,'1198323',733,,12704,4,,,0
190001029,'1198373',1234,,12705,4,,,0
190001029,'1198398',2333,,12706,4,,,0
190001029,'1198415',918,,12707,4,,,0
190001029,'1198446',1803,,12708,4,,,0
190001029,'1198450',1748,,12709,4,,,0
190001029,'1198459',733,,12710,4,,,0
190001029,'1198491',2033,,12711,4,,,0
190001029,'1198504',833,,12712,4,,,0
190001029,'1198519',2333,,12713,4,,,0
190001029,'1198527',633,,12714,4,,,0
190001029,'1198576',2118,,12715,4,,,0
190001029,'1198589',2303,,12716,4,,,0
190001029,'1198594',803,,12717,4,,,0
190001029,'1198620',2218,,12718,4,,,0
190001029,'1198634',1433,,12719,4,,,0
190001029,'1198641',703,,12720,4,,,0
190001029,'1198687',1048,,12721,4,,,0
190001029,'1198747',918,,12722,4,,,0
190001029,'1198758',2048,,12723,4,,,0
190001029,'1198798',1703,,12724,4,,,0
190001029,'1198839',1833,,12725,4,,,0
190001029,'1198853',2133,,12726,4,,,0
190001029,'1198897',1548,,12727,4,,,0
190001029,'1198906',2103,,12728,4,,,0
190001029,'1198916',1704,,12729,4,,,0
190001029,'1198939',1803,,12730,4,,,0
190001029,'1198946',2233,,12731,4,,,0
190001029,'1198952',1918,,12732,4,,,0
190001029,'1198977',2118,,12733,4,,,0
190001029,'1198982',1718,,12734,4,,,0
190001029,'1199067',1933,,12735,4,,,0
190001029,'1199081',1119,,12736,4,,,0
190001029,'1199082',718,,12737,4,,,0
190001029,'1199103',1718,,12738,4,,,0
190001029,'1199165',1333,,12739,4,,,0
190001029,'1199204',1218,,12740,4,,,0
190001029,'1199210',1948,,12741,4,,,0
190001029,'1199221',1204,,12742,4,,,0
190001029,'1199226',1933,,12743,4,,,0
190001029,'1199256',1218,,12744,4,,,0
190001029,'1199270',1319,,12745,4,,,0
190001029,'1199289',1019,,12746,4,,,0
190001029,'1199303',633,,12747,4,,,0
190001029,'1199322',1049,,12748,4,,,0
190001029,'1199332',933,,12749,4,,,0
190001029,'1199345',1018,,12750,4,,,0
190001029,'1199364',1504,,12751,4,,,0
190001029,'1199390',1034,,12752,4,,,0
190001029,'1199391',1219,,12753,4,,,0
190001029,'1199399',1303,,12754,4,,,0
190001029,'1199406',1533,,12755,4,,,0
190001029,'1199432',1003,,12756,4,,,0
190001029,'1199451',948,,12757,4,,,0
190001029,'1199467',1903,,12758,4,,,0
190001029,'1199482',1633,,12759,4,,,0
190001029,'1199489',618,,12760,4,,,0
190001029,'1199514',1903,,12761,4,,,0
190001029,'1199524',2203,,12762,4,,,0
190001029,'1199526',2018,,12763,4,,,0
190001029,'1199555',818,,12764,4,,,0
190001029,'1199558',1618,,12765,4,,,0
190001029,'1199571',2003,,12766,4,,,0
190001029,'1199594',1603,,12767,4,,,0
190001029,'1199596',2133,,12768,4,,,0
190001029,'1199644',903,,12769,4,,,0
190001029,'1199650',1848,,12770,4,,,0
