14019,'1196890',1824,,10916,22,,,0
14019,'1196970',2054,,10917,22,,,0
14019,'1196984',1352,,10918,22,,,0
14019,'1197073',2154,,10919,22,,,0
14019,'1197090',752,,10920,22,,,0
14019,'1197106',1725,,10921,22,,,0
14019,'1197152',1555,,10922,22,,,0
14019,'1197163',1654,,10923,22,,,0
14019,'1197189',1952,,10924,22,,,0
14019,'1197473',954,,10925,22,,,0
14019,'1197576',1152,,10926,22,,,0
14019,'1197578',1852,,10927,22,,,0
14019,'1197606',852,,10928,22,,,0
14019,'1197719',1554,,10929,22,,,0
14019,'1197768',1655,,10930,22,,,0
14019,'1197774',1254,,10931,22,,,0
14019,'1197807',654,,10932,22,,,0
14019,'1197857',1252,,10933,22,,,0
14019,'1197872',754,,10934,22,,,0
14019,'1197899',2324,,10935,22,,,0
14019,'1197912',1652,,10936,22,,,0
14019,'1197929',1354,,10937,22,,,0
14019,'1197946',1954,,10938,22,,,0
14019,'1198043',2354,,10939,22,,,0
14019,'1198056',1924,,10940,22,,,0
14019,'1198057',654,,10941,22,,,0
14019,'1198062',1552,,10942,22,,,0
14019,'1198118',2024,,10943,22,,,0
14019,'1198151',1452,,10944,22,,,0
14019,'1198161',1455,,10945,22,,,0
14019,'1198262',1454,,10946,22,,,0
14019,'1198285',2254,,10947,22,,,0
14019,'1198312',954,,10948,22,,,0
14019,'1198386',1854,,10949,22,,,0
14019,'1198412',1155,,10950,22,,,0
14019,'1198436',854,,10951,22,,,0
14019,'1198460',1055,,10952,22,,,0
14019,'1198507',854,,10953,22,,,0
14019,'1198513',1255,,10954,22,,,0
14019,'1198539',1054,,10955,22,,,0
14019,'1198751',2052,,10956,22,,,0
14019,'1198810',2352,,10957,22,,,0
14019,'1198859',1525,,10958,22,,,0
14019,'1198869',924,,10959,22,,,0
14019,'1198890',2152,,10960,22,,,0
14019,'1199036',724,,10961,22,,,0
14019,'1199048',754,,10962,22,,,0
14019,'1199075',824,,10963,22,,,0
14019,'1199084',1052,,10964,22,,,0
14019,'1199131',2124,,10965,22,,,0
14019,'1199280',2252,,10966,22,,,0
14019,'1199286',952,,10967,22,,,0
14019,'1199393',1355,,10968,22,,,0
14019,'1199441',1625,,10969,22,,,0
14019,'1199444',1754,,10970,22,,,0
14019,'1199523',1752,,10971,22,,,0
14019,'1199538',1755,,10972,22,,,0
14019,'1199568',2224,,10973,22,,,0
14019,'1199582',1154,,10974,22,,,0
