12019,'1196839',2133,,10650,29,,,0
12019,'1196874',1134,,10651,29,,,0
12019,'1196885',1634,,10652,29,,,0
12019,'1196887',1604,,10653,29,,,0
12019,'1196940',1334,,10654,29,,,0
12019,'1196983',1933,,10655,29,,,0
12019,'1197026',2233,,10656,29,,,0
12019,'1197080',1833,,10657,29,,,0
12019,'1197104',1903,,10658,29,,,0
12019,'1197223',1804,,10659,29,,,0
12019,'1197306',1204,,10660,29,,,0
12019,'1197322',803,,10661,29,,,0
12019,'1197334',1634,,10662,29,,,0
12019,'1197339',1803,,10663,29,,,0
12019,'1197433',1003,,10664,29,,,0
12019,'1197490',1704,,10665,29,,,0
12019,'1197525',1604,,10666,29,,,0
12019,'1197602',903,,10667,29,,,0
12019,'1197615',1234,,10668,29,,,0
12019,'1197664',1804,,10669,29,,,0
12019,'1197701',2403,,10670,29,,,0
12019,'1197765',2403,,10671,29,,,0
12019,'1197813',1104,,10672,29,,,0
12019,'1197824',1303,,10673,29,,,0
12019,'1197891',2103,,10674,29,,,0
12019,'1197911',2003,,10675,29,,,0
12019,'1197945',1903,,10676,29,,,0
12019,'1197989',1504,,10677,29,,,0
12019,'1197991',1203,,10678,29,,,0
12019,'1198031',703,,10679,29,,,0
12019,'1198072',1403,,10680,29,,,0
12019,'1198097',1603,,10681,29,,,0
12019,'1198121',1704,,10682,29,,,0
12019,'1198127',1104,,10683,29,,,0
12019,'1198171',2203,,10684,29,,,0
12019,'1198224',2303,,10685,29,,,0
12019,'1198250',1334,,10686,29,,,0
12019,'1198260',1434,,10687,29,,,0
12019,'1198263',933,,10688,29,,,0
12019,'1198283',1534,,10689,29,,,0
12019,'1198358',1503,,10690,29,,,0
12019,'1198421',903,,10691,29,,,0
12019,'1198427',1234,,10692,29,,,0
12019,'1198442',1734,,10693,29,,,0
12019,'1198497',2203,,10694,29,,,0
12019,'1198582',903,,10695,29,,,0
12019,'1198588',633,,10696,29,,,0
12019,'1198592',1734,,10697,29,,,0
12019,'1198618',1103,,10698,29,,,0
12019,'1198712',1204,,10699,29,,,0
12019,'1198727',1404,,10700,29,,,0
12019,'1198773',1404,,10701,29,,,0
12019,'1198774',1134,,10702,29,,,0
12019,'1198819',2333,,10703,29,,,0
12019,'1198842',1003,,10704,29,,,0
12019,'1198884',2003,,10705,29,,,0
12019,'1198912',803,,10706,29,,,0
12019,'1198945',1003,,10707,29,,,0
12019,'1199167',733,,10708,29,,,0
12019,'1199197',2103,,10709,29,,,0
12019,'1199223',1304,,10710,29,,,0
12019,'1199224',705,,10711,29,,,0
12019,'1199251',1033,,10712,29,,,0
12019,'1199291',1534,,10713,29,,,0
12019,'1199315',1304,,10714,29,,,0
12019,'1199416',2303,,10715,29,,,0
12019,'1199495',1434,,10716,29,,,0
12019,'1199513',833,,10717,29,,,0
12019,'1199578',1504,,10718,29,,,0
12019,'1199610',2033,,10719,29,,,0
12019,'1199616',803,,10720,29,,,0
12019,'1199625',1703,,10721,29,,,0
