11029,'1199774',1523,,10550,12,,,0
11029,'1199777',937,,10551,12,,,0
11029,'1199778',1323,,10552,12,,,0
11029,'1199779',2322,,10553,12,,,0
11029,'1199780',1222,,10554,12,,,0
11029,'1199781',1137,,10555,12,,,0
11029,'1199782',1638,,10556,12,,,0
11029,'1199783',2222,,10557,12,,,0
11029,'1199785',1322,,10558,12,,,0
11029,'1199786',807,,10559,12,,,0
11029,'1199787',1623,,10560,12,,,0
11029,'1199788',1553,,10561,12,,,0
11029,'1199789',1438,,10562,12,,,0
11029,'1199790',1452,,10563,12,,,0
11029,'1199791',1122,,10564,12,,,0
11029,'1199792',1538,,10565,12,,,0
11029,'1199793',2337,,10566,12,,,0
11029,'1199794',822,,10567,12,,,0
11029,'1199795',1453,,10568,12,,,0
11029,'1199796',1152,,10569,12,,,0
11029,'1199797',1753,,10570,12,,,0
11029,'1199799',737,,10571,12,,,0
11029,'1199800',1708,,10572,12,,,0
11029,'1199804',922,,10573,12,,,0
11029,'1199808',1022,,10574,12,,,0
11029,'1199809',1723,,10575,12,,,0
11029,'1199810',1052,,10576,12,,,0
11029,'1199811',1037,,10577,12,,,0
11029,'1199812',1552,,10578,12,,,0
11029,'1199813',2322,,10579,12,,,0
11029,'1199814',1223,,10580,12,,,0
11029,'1199815',1622,,10581,12,,,0
11029,'1199816',1152,,10582,12,,,0
11029,'1199818',722,,10583,12,,,0
11029,'1199819',1122,,10584,12,,,0
11029,'1199820',1738,,10585,12,,,0
11029,'1199821',1522,,10586,12,,,0
11029,'1199823',1252,,10587,12,,,0
11029,'1199825',2022,,10588,12,,,0
11029,'1199826',2357,,10589,12,,,0
11029,'1199828',1408,,10590,12,,,0
11029,'1199830',1308,,10591,12,,,0
11029,'1199831',2007,,10592,12,,,0
11029,'1199834',637,,10593,12,,,0
11029,'1199836',752,,10594,12,,,0
11029,'1199838',1508,,10595,12,,,0
11029,'1199839',722,,10596,12,,,0
11029,'1199843',1338,,10597,12,,,0
11029,'1199844',2022,,10598,12,,,0
11029,'1199846',1423,,10599,12,,,0
11029,'1199847',922,,10600,12,,,0
11029,'1199848',907,,10601,12,,,0
11029,'1199849',2122,,10602,12,,,0
11029,'1199850',1522,,10603,12,,,0
11029,'1199852',707,,10604,12,,,0
11029,'1199853',952,,10605,12,,,0
11029,'1199854',837,,10606,12,,,0
11029,'1199855',1622,,10607,12,,,0
11029,'1199856',2122,,10608,12,,,0
11029,'1199858',1608,,10609,12,,,0
11029,'1199860',1022,,10610,12,,,0
11029,'1199862',1937,,10611,12,,,0
11029,'1199863',822,,10612,12,,,0
11029,'1199864',1208,,10613,12,,,0
11029,'1199865',1722,,10614,12,,,0
11029,'1199866',1222,,10615,12,,,0
11029,'1199867',2037,,10616,12,,,0
11029,'1199869',1422,,10617,12,,,0
11029,'1199870',1322,,10618,12,,,0
11029,'1199871',1352,,10619,12,,,0
11029,'1199873',2207,,10620,12,,,0
11029,'1199874',1107,,10621,12,,,0
11029,'1199875',1007,,10622,12,,,0
11029,'1199876',652,,10623,12,,,0
11029,'1199877',1722,,10624,12,,,0
11029,'1199878',1653,,10625,12,,,0
11029,'1199881',1822,,10626,12,,,0
11029,'1199882',1907,,10627,12,,,0
11029,'1199883',1122,,10628,12,,,0
11029,'1199884',1922,,10629,12,,,0
11029,'1199886',1922,,10630,12,,,0
11029,'1199889',722,,10631,12,,,0
11029,'1199890',2107,,10632,12,,,0
11029,'1199891',2222,,10633,12,,,0
11029,'1199892',1822,,10634,12,,,0
11029,'1199893',1022,,10635,12,,,0
11029,'1199898',852,,10636,12,,,0
11029,'1199899',1837,,10637,12,,,0
11029,'1199902',1807,,10638,12,,,0
11029,'1199903',922,,10639,12,,,0
11029,'1199904',1652,,10640,12,,,0
11029,'1199906',622,,10641,12,,,0
11029,'1199907',2307,,10642,12,,,0
11029,'1199910',2237,,10643,12,,,0
11029,'1199911',2137,,10644,12,,,0
11029,'1199912',1353,,10645,12,,,0
11029,'1199913',1238,,10646,12,,,0
11029,'1199914',1253,,10647,12,,,0
11029,'1199919',822,,10648,12,,,0
11029,'1199920',1422,,10649,12,,,0
