28019,'1196931',2338,,11637,12,,,0
28019,'1196961',958,,11638,12,,,0
28019,'1197034',1138,,11639,12,,,0
28019,'1197242',1538,,11640,12,,,0
28019,'1197295',1358,,11641,12,,,0
28019,'1197458',1938,,11642,12,,,0
28019,'1197551',858,,11643,12,,,0
28019,'1197718',2138,,11644,12,,,0
28019,'1197726',1758,,11645,12,,,0
28019,'1197861',1838,,11646,12,,,0
28019,'1197862',1238,,11647,12,,,0
28019,'1198022',658,,11648,12,,,0
28019,'1198061',2058,,11649,12,,,0
28019,'1198096',1438,,11650,12,,,0
28019,'1198110',1158,,11651,12,,,0
28019,'1198319',1958,,11652,12,,,0
28019,'1198329',1638,,11653,12,,,0
28019,'1198345',1458,,11654,12,,,0
28019,'1198414',1058,,11655,12,,,0
28019,'1198454',1038,,11656,12,,,0
28019,'1198522',1558,,11657,12,,,0
28019,'1198672',938,,11658,12,,,0
28019,'1198739',2158,,11659,12,,,0
28019,'1198919',738,,11660,12,,,0
28019,'1198968',1258,,11661,12,,,0
28019,'1199033',2358,,11662,12,,,0
28019,'1199206',2038,,11663,12,,,0
28019,'1199243',2258,,11664,12,,,0
28019,'1199296',1858,,11665,12,,,0
28019,'1199344',1738,,11666,12,,,0
28019,'1199417',1658,,11667,12,,,0
28019,'1199450',838,,11668,12,,,0
28019,'1199529',1338,,11669,12,,,0
28019,'1199584',758,,11670,12,,,0
28019,'1199602',2238,,11671,12,,,0
28019,'1199775',1743,,11672,12,,,0
28019,'1199776',1713,,11673,12,,,0
28019,'1199784',1813,,11674,12,,,0
28019,'1199803',713,,11675,12,,,0
28019,'1199807',2013,,11676,12,,,0
28019,'1199817',2213,,11677,12,,,0
28019,'1199832',2313,,11678,12,,,0
28019,'1199835',1513,,11679,12,,,0
28019,'1199837',1643,,11680,12,,,0
28019,'1199842',1843,,11681,12,,,0
28019,'1199845',913,,11682,12,,,0
28019,'1199851',813,,11683,12,,,0
28019,'1199859',1913,,11684,12,,,0
28019,'1199861',843,,11685,12,,,0
28019,'1199868',1417,,11686,12,,,0
28019,'1199872',643,,11687,12,,,0
28019,'1199880',1313,,11688,12,,,0
28019,'1199885',743,,11689,12,,,0
28019,'1199887',1213,,11690,12,,,0
28019,'1199894',1613,,11691,12,,,0
28019,'1199897',613,,11692,12,,,0
28019,'1199900',2113,,11693,12,,,0
28019,'1199908',1013,,11694,12,,,0
28019,'1199917',1113,,11695,12,,,0
