103029,'1196853',1438,,11989,5,,,0
103029,'1196867',1308,,11990,5,,,0
103029,'1196892',1738,,11991,5,,,0
103029,'1196973',1729,,11992,5,,,0
103029,'1197031',1401,,11993,5,,,0
103029,'1197085',2038,,11994,5,,,0
103029,'1197108',1908,,11995,5,,,0
103029,'1197233',958,,11996,5,,,0
103029,'1197315',1231,,11997,5,,,0
103029,'1197321',1101,,11998,5,,,0
103029,'1197346',1429,,11999,5,,,0
103029,'1197499',1830,,12000,5,,,0
103029,'1197743',801,,12001,5,,,0
103029,'1197784',931,,12002,5,,,0
103029,'1197852',1259,,12003,5,,,0
103029,'1198282',1129,,12004,5,,,0
103029,'1198444',1531,,12005,5,,,0
103029,'1198568',658,,12006,5,,,0
103029,'1198723',2000,,12007,5,,,0
103029,'1198855',828,,12008,5,,,0
103029,'1198880',1514,,12009,5,,,0
103029,'1198882',631,,12010,5,,,0
103029,'1198911',2130,,12011,5,,,0
103029,'1198914',1644,,12012,5,,,0
103029,'1198921',838,,12013,5,,,0
103029,'1198928',743,,12014,5,,,0
103029,'1198990',913,,12015,5,,,0
103029,'1199021',1608,,12016,5,,,0
103029,'1199109',2300,,12017,5,,,0
103029,'1199145',2208,,12018,5,,,0
103029,'1199146',1138,,12019,5,,,0
103029,'1199172',2158,,12020,5,,,0
103029,'1199215',2328,,12021,5,,,0
103029,'1199475',1858,,12022,5,,,0
103029,'1199565',1008,,12023,5,,,0
103029,'1199579',1559,,12024,5,,,0
103029,'1199581',2028,,12025,5,,,0
103029,'1199593',1701,,12026,5,,,0
