26019,'1190721',1707,,8602,9,,,0
26019,'1190773',2107,,8603,9,,,0
26019,'1190845',2007,,8605,9,,,0
26019,'1190884',1107,,8606,9,,,0
26019,'1190966',1907,,8607,9,,,0
26019,'1191025',1137,,8610,9,,,0
26019,'1191095',2207,,8611,9,,,0
26019,'1191218',1807,,8613,9,,,0
26019,'1191263',1607,,8614,9,,,0
26019,'1191344',607,,8615,9,,,0
26019,'1191417',1907,,8617,9,,,0
26019,'1191428',1807,,8618,9,,,0
26019,'1191505',1407,,8619,9,,,0
26019,'1191650',907,,8623,9,,,0
26019,'1191698',1607,,8624,9,,,0
26019,'1191711',1707,,8625,9,,,0
26019,'1191759',1307,,8626,9,,,0
26019,'1191911',2207,,8628,9,,,0
26019,'1192083',707,,8629,9,,,0
26019,'1192096',607,,8630,9,,,0
26019,'1192137',1507,,8631,9,,,0
26019,'1192185',1337,,8632,9,,,0
26019,'1192434',1437,,8634,9,,,0
26019,'1192522',2307,,8636,9,,,0
26019,'1192547',1007,,8637,9,,,0
26019,'1192558',1507,,8639,9,,,0
26019,'1192615',2307,,8640,9,,,0
26019,'1192663',1007,,8641,9,,,0
26019,'1192853',1207,,8644,9,,,0
26019,'1192866',1037,,8645,9,,,0
26019,'1192909',807,,8646,9,,,0
26019,'1192944',2007,,8647,9,,,0
26019,'1192988',907,,8648,9,,,0
26019,'1193013',1237,,8649,9,,,0
26019,'1193014',2107,,8650,9,,,0
26019,'1193129',707,,8651,9,,,0
26019,'1193182',807,,8652,9,,,0
