10019,'1193663',2222,,7564,21,,,0
10019,'1193667',623,,7566,21,,,0
10019,'1193668',952,,7567,21,,,0
10019,'1193678',2152,,7569,21,,,0
10019,'1193679',1827,,7570,21,,,0
10019,'1193680',752,,7571,21,,,0
10019,'1193682',652,,7573,21,,,0
10019,'1193687',1057,,7575,21,,,0
10019,'1193691',1757,,7576,21,,,0
10019,'1193697',1857,,7577,21,,,0
10019,'1193698',1922,,7578,21,,,0
10019,'1193700',2052,,7579,21,,,0
10019,'1193707',952,,7583,21,,,0
10019,'1193708',852,,7584,21,,,0
10019,'1193710',1257,,7586,21,,,0
10019,'1193715',1257,,7588,21,,,0
10019,'1193717',2122,,7589,21,,,0
10019,'1193718',1357,,7590,21,,,0
10019,'1193720',1622,,7591,21,,,0
10019,'1193724',1457,,7592,21,,,0
10019,'1193725',2022,,7593,21,,,0
10019,'1193731',1457,,7595,21,,,0
10019,'1193732',2322,,7596,21,,,0
10019,'1193733',1757,,7597,21,,,0
10019,'1193734',1157,,7598,21,,,0
10019,'1193737',1057,,7600,21,,,0
10019,'1193738',1157,,7601,21,,,0
10019,'1193739',2252,,7602,21,,,0
10019,'1193740',1657,,7603,21,,,0
10019,'1193743',1522,,7604,21,,,0
10019,'1193747',2352,,7605,21,,,0
10019,'1193749',1952,,7606,21,,,0
10019,'1193752',722,,7607,21,,,0
10019,'1193754',1722,,7608,21,,,0
10019,'1193755',1557,,7609,21,,,0
10019,'1193759',1357,,7611,21,,,0
10019,'1193761',1657,,7612,21,,,0
10019,'1193765',653,,7613,21,,,0
10019,'1193767',822,,7615,21,,,0
10019,'1193768',922,,7616,21,,,0
10019,'1193771',752,,7619,21,,,0
10019,'1193772',1557,,7620,21,,,0
10019,'1193779',852,,7623,21,,,0
