14019,'1190713',1348,,8090,9,,,0
14019,'1190978',1648,,8092,9,,,0
14019,'1191058',2246,,8093,9,,,0
14019,'1191115',747,,8095,9,,,0
14019,'1191156',1518,,8096,9,,,0
14019,'1191216',1348,,8098,9,,,0
14019,'1191434',946,,8102,9,,,0
14019,'1191451',947,,8103,9,,,0
14019,'1191488',1248,,8104,9,,,0
14019,'1191517',647,,8105,9,,,0
14019,'1191609',2317,,8106,9,,,0
14019,'1191614',1817,,8107,9,,,0
14019,'1191636',1748,,8108,9,,,0
14019,'1191714',1148,,8109,9,,,0
14019,'1191747',1448,,8110,9,,,0
14019,'1191757',917,,8111,9,,,0
14019,'1191841',746,,8112,9,,,0
14019,'1191852',1917,,8113,9,,,0
14019,'1191970',2146,,8114,9,,,0
14019,'1191991',2046,,8115,9,,,0
14019,'1192119',2217,,8117,9,,,0
14019,'1192156',1548,,8118,9,,,0
14019,'1192341',717,,8121,9,,,0
14019,'1192538',1648,,8124,9,,,0
14019,'1192564',2346,,8125,9,,,0
14019,'1192713',1846,,8130,9,,,0
14019,'1192727',1248,,8131,9,,,0
14019,'1192788',1448,,8132,9,,,0
14019,'1192791',1148,,8133,9,,,0
14019,'1192803',817,,8134,9,,,0
14019,'1192837',847,,8136,9,,,0
14019,'1192840',1618,,8137,9,,,0
14019,'1192863',2117,,8138,9,,,0
14019,'1192916',1946,,8139,9,,,0
14019,'1192927',846,,8140,9,,,0
14019,'1192946',2017,,8141,9,,,0
14019,'1192962',1048,,8142,9,,,0
14019,'1192987',1748,,8143,9,,,0
14019,'1193071',1048,,8144,9,,,0
14019,'1193088',1718,,8145,9,,,0
14019,'1193127',1548,,8146,9,,,0
14019,'1193190',646,,8147,9,,,0
29019,'1190655',1226,,8929,9,,,0
29019,'1190658',2325,,8930,9,,,0
29019,'1190695',1341,,8931,9,,,0
29019,'1190921',1326,,8932,9,,,0
29019,'1190990',1441,,8933,9,,,0
29019,'1191402',925,,8934,9,,,0
29019,'1191425',2125,,8935,9,,,0
29019,'1191673',1526,,8936,9,,,0
29019,'1191834',1925,,8937,9,,,0
29019,'1192098',2225,,8938,9,,,0
29019,'1192125',941,,8939,9,,,0
29019,'1192367',825,,8940,9,,,0
29019,'1192396',1541,,8941,9,,,0
29019,'1192451',1141,,8942,9,,,0
29019,'1192468',1126,,8943,9,,,0
29019,'1192512',1041,,8944,9,,,0
29019,'1192534',2025,,8945,9,,,0
29019,'1192606',1825,,8946,9,,,0
29019,'1192704',725,,8947,9,,,0
29019,'1192724',1026,,8948,9,,,0
29019,'1193069',1726,,8949,9,,,0
29019,'1193082',1426,,8950,9,,,0
29019,'1193084',1241,,8951,9,,,0
29019,'1193185',1626,,8952,9,,,0
