3019,'1196834',1822,,10159,31,,,0
3019,'1196848',2122,,10160,31,,,0
3019,'1196854',722,,10161,31,,,0
3019,'1196968',1238,,10162,31,,,0
3019,'1196971',2022,,10163,31,,,0
3019,'1197069',723,,10164,31,,,0
3019,'1197076',2152,,10165,31,,,0
3019,'1197107',1253,,10166,31,,,0
3019,'1197120',2422,,10167,31,,,0
3019,'1197318',2222,,10168,31,,,0
3019,'1197369',2338,,10169,31,,,0
3019,'1197372',2238,,10170,31,,,0
3019,'1197378',922,,10171,31,,,0
3019,'1197462',923,,10172,31,,,0
3019,'1197478',1623,,10173,31,,,0
3019,'1197537',938,,10174,31,,,0
3019,'1197572',1353,,10175,31,,,0
3019,'1197590',853,,10176,31,,,0
3019,'1197618',1723,,10177,31,,,0
3019,'1197708',626,,10178,1,,,0
3019,'1197731',2022,,10179,31,,,0
3019,'1197748',1023,,10180,31,,,0
3019,'1197755',1053,,10181,31,,,0
3019,'1197810',1453,,10182,31,,,0
3019,'1197819',1922,,10183,31,,,0
3019,'1197850',1553,,10184,31,,,0
3019,'1197851',953,,10185,31,,,0
3019,'1197897',1123,,10186,31,,,0
3019,'1197923',1223,,10187,31,,,0
3019,'1197941',1523,,10188,31,,,0
3019,'1198025',1623,,10189,31,,,0
3019,'1198093',1852,,10190,31,,,0
3019,'1198098',1153,,10191,31,,,0
3019,'1198111',1022,,10192,31,,,0
3019,'1198119',1538,,10193,31,,,0
3019,'1198124',1423,,10194,31,,,0
3019,'1198153',1922,,10195,31,,,0
3019,'1198229',1523,,10196,31,,,0
3019,'1198237',1653,,10197,31,,,0
3019,'1198265',2122,,10198,31,,,0
3019,'1198278',1952,,10199,31,,,0
3019,'1198430',1638,,10200,31,,,0
3019,'1198432',1822,,10201,31,,,0
3019,'1198501',1723,,10202,31,,,0
3019,'1198514',653,,10203,31,,,0
3019,'1198654',1738,,10204,31,,,0
3019,'1198677',838,,10205,31,,,0
3019,'1198680',823,,10206,31,,,0
3019,'1198689',2412,,10207,31,,,0
3019,'1198691',1753,,10208,31,,,0
3019,'1198742',2222,,10209,31,,,0
3019,'1198777',1423,,10210,31,,,0
3019,'1198788',738,,10211,31,,,0
3019,'1198845',1038,,10212,31,,,0
3019,'1198989',2138,,10213,31,,,0
3019,'1198991',1838,,10214,31,,,0
3019,'1199009',1338,,10215,31,,,0
3019,'1199035',1223,,10216,31,,,0
3019,'1199052',2038,,10217,31,,,0
3019,'1199066',1138,,10218,31,,,0
3019,'1199133',1323,,10219,31,,,0
3019,'1199262',2322,,10220,31,,,0
3019,'1199277',753,,10221,31,,,0
3019,'1199346',1323,,10222,31,,,0
3019,'1199408',2052,,10223,31,,,0
3019,'1199412',1438,,10224,31,,,0
3019,'1199440',2322,,10225,31,,,0
3019,'1199509',822,,10226,31,,,0
3019,'1199597',626,,10227,1,,,0
3019,'1199600',1938,,10228,31,,,0
3019,'1199612',1123,,10229,31,,,0
