13029,'1190748',1556,,8029,13,,,0
13029,'1190784',1757,,8030,13,,,0
13029,'1190796',2125,,8031,13,,,0
13029,'1190969',1025,,8033,13,,,0
13029,'1191033',625,,8035,13,,,0
13029,'1191072',2055,,8037,13,,,0
13029,'1191114',1257,,8038,13,,,0
13029,'1191186',1457,,8041,13,,,0
13029,'1191368',1627,,8045,13,,,0
13029,'1191623',1157,,8046,13,,,0
13029,'1191693',1656,,8047,13,,,0
13029,'1191716',755,,8048,13,,,0
13029,'1191725',655,,8049,13,,,0
13029,'1191812',655,,8050,13,,,0
13029,'1191861',1955,,8051,13,,,0
13029,'1191866',755,,8052,13,,,0
13029,'1191929',1557,,8053,13,,,0
13029,'1191941',1855,,8054,13,,,0
13029,'1191987',1456,,8055,13,,,0
13029,'1192117',855,,8058,13,,,0
13029,'1192120',1356,,8059,13,,,0
13029,'1192134',2255,,8060,13,,,0
13029,'1192202',2155,,8065,13,,,0
13029,'1192230',1357,,8066,13,,,0
13029,'1192320',825,,8068,13,,,0
13029,'1192403',926,,8069,13,,,0
13029,'1192654',1727,,8071,13,,,0
13029,'1192739',2225,,8072,13,,,0
13029,'1192740',2325,,8073,13,,,0
13029,'1192743',1055,,8074,13,,,0
13029,'1192773',1657,,8076,13,,,0
13029,'1192843',2355,,8077,13,,,0
13029,'1192910',955,,8078,13,,,0
13029,'1192970',1528,,8079,14,,,0
13029,'1192977',1925,,8080,13,,,0
13029,'1193002',1156,,8081,13,,,0
13029,'1193005',1058,,8082,13,,,0
13029,'1193028',1825,,8083,13,,,0
13029,'1193062',725,,8084,13,,,0
13029,'1193086',2025,,8085,13,,,0
13029,'1193110',1756,,8086,13,,,0
13029,'1193245',956,,8087,13,,,0
13029,'1193295',1256,,8088,13,,,0
13029,'1193310',856,,8089,13,,,0
101019,'1190633',1211,,8977,46,,,0
101019,'1190779',1348,,8978,46,,,0
101019,'1190956',2148,,8980,46,,,0
101019,'1191198',611,,8981,46,,,0
101019,'1191333',2311,,8983,46,,,0
101019,'1191377',1548,,8984,46,,,0
101019,'1191432',1748,,8986,46,,,0
101019,'1191480',1413,,8987,46,,,0
101019,'1192063',911,,8990,46,,,0
101019,'1192135',1111,,8991,46,,,0
101019,'1192166',1911,,8992,46,,,0
101019,'1192271',1011,,8993,46,,,0
101019,'1192448',948,,8995,46,,,0
101019,'1192613',811,,8996,46,,,0
101019,'1192782',1713,,8997,46,,,0
101019,'1192859',1148,,8998,46,,,0
101019,'1192896',1948,,8999,46,,,0
101019,'1192958',2110,,9001,46,,,0
101019,'1192961',748,,9002,46,,,0
101019,'1192963',2348,,9003,46,,,0
101019,'1193022',1513,,9004,46,,,0
101019,'1193164',1613,,9006,46,,,0
101019,'1193193',1813,,9007,46,,,0
