27019,'1190698',1911,,8707,1,,,0
27019,'1190710',1741,,8708,1,,,0
27019,'1190723',2241,,8709,1,,,0
27019,'1190917',2311,,8710,1,,,0
27019,'1190996',741,,8712,1,,,0
27019,'1191047',1741,,8713,1,,,0
27019,'1191101',641,,8714,1,,,0
27019,'1191139',2211,,8715,1,,,0
27019,'1191209',1641,,8718,1,,,0
27019,'1191346',1141,,8720,1,,,0
27019,'1191460',1341,,8721,1,,,0
27019,'1191513',1441,,8722,1,,,0
27019,'1191616',941,,8723,1,,,0
27019,'1191740',941,,8725,1,,,0
27019,'1191746',841,,8726,1,,,0
27019,'1191829',2011,,8727,1,,,0
27019,'1191871',1441,,8728,1,,,0
27019,'1192223',1041,,8735,1,,,0
27019,'1192272',1341,,8736,1,,,0
27019,'1192334',641,,8737,1,,,0
27019,'1192456',1241,,8738,1,,,0
27019,'1192470',1041,,8739,1,,,0
27019,'1192604',841,,8740,1,,,0
27019,'1192609',1541,,8741,1,,,0
27019,'1192670',2341,,8742,1,,,0
27019,'1192710',1241,,8743,1,,,0
27019,'1192814',1941,,8745,1,,,0
27019,'1192867',1841,,8746,1,,,0
27019,'1192887',741,,8747,1,,,0
27019,'1192919',2141,,8748,1,,,0
27019,'1192945',1841,,8749,1,,,0
27019,'1193065',2041,,8751,1,,,0
27019,'1193144',1541,,8754,1,,,0
27019,'1193212',2111,,8756,1,,,0
27019,'1193249',1141,,8757,1,,,0
27019,'1193273',1641,,8758,1,,,0
27029,'1190690',638,,8760,14,4,,0
27029,'1190755',1641,,8761,14,4,,0
27029,'1190762',740,,8762,14,4,,0
27029,'1190844',1908,,8763,14,4,,0
27029,'1190914',2308,,8766,14,4,,0
27029,'1190963',1541,,8768,14,4,,0
27029,'1191011',2241,,8769,14,4,,0
27029,'1191075',938,,8771,14,4,,0
27029,'1191092',2141,,8772,14,4,,0
27029,'1191097',841,,8773,14,4,,0
27029,'1191103',1141,,8774,14,4,,0
27029,'1191106',1638,,8775,14,4,,0
27029,'1191387',1341,,8779,14,4,,0
27029,'1191390',1441,,8780,14,4,,0
27029,'1191514',1838,,8781,14,4,,0
27029,'1191552',1238,,8782,14,4,,0
27029,'1191574',2108,,8783,14,4,,0
27029,'1191706',941,,8784,14,4,,0
27029,'1191734',2008,,8785,14,4,,0
27029,'1191798',1941,,8786,14,4,,0
27029,'1191870',1241,,8787,14,4,,0
27029,'1192000',1741,,8788,14,4,,0
27029,'1192056',1338,,8790,14,4,,0
27029,'1192061',1038,,8791,14,4,,0
27029,'1192077',2041,,8792,14,4,,0
27029,'1192262',1738,,8794,14,4,,0
27029,'1192274',738,,8796,14,4,,0
27029,'1192617',1138,,8797,14,4,,0
27029,'1192676',1841,,8798,14,4,,0
27029,'1192776',1438,,8799,14,4,,0
27029,'1192855',640,,8801,14,4,,0
27029,'1192882',838,,8802,14,4,,0
27029,'1192888',2208,,8803,14,4,,0
27029,'1193118',1538,,8805,14,4,,0
27029,'1193139',1041,,8806,14,4,,0
27029,'1193254',2340,,8810,14,4,,0
