101019,'1190633',1141,,8977,16,,,0
101019,'1190779',1319,,8978,16,,,0
101019,'1190956',2119,,8980,16,,,0
101019,'1191198',541,,8981,16,,,0
101019,'1191333',2241,,8983,16,,,0
101019,'1191377',1519,,8984,16,,,0
101019,'1191432',1719,,8986,16,,,0
101019,'1191480',1343,,8987,16,,,0
101019,'1192063',841,,8990,16,,,0
101019,'1192135',1041,,8991,16,,,0
101019,'1192166',1841,,8992,16,,,0
101019,'1192271',941,,8993,16,,,0
101019,'1192448',919,,8995,16,,,0
101019,'1192613',741,,8996,16,,,0
101019,'1192782',1643,,8997,16,,,0
101019,'1192859',1119,,8998,16,,,0
101019,'1192896',1919,,8999,16,,,0
101019,'1192958',2040,,9001,16,,,0
101019,'1192961',719,,9002,16,,,0
101019,'1192963',2319,,9003,16,,,0
101019,'1193022',1443,,9004,16,,,0
101019,'1193164',1543,,9006,16,,,0
101019,'1193193',1743,,9007,16,,,0
101029,'1190605',1107,,9008,45,,,0
101029,'1190678',1309,,9009,45,,,0
101029,'1190957',1007,,9011,45,,,0
101029,'1191397',1609,,9015,45,,,0
101029,'1191454',1650,,9017,45,,,0
101029,'1191537',2050,,9018,45,,,0
101029,'1191600',1850,,9019,45,,,0
101029,'1191837',2250,,9020,45,,,0
101029,'1191844',1250,,9021,45,,,0
101029,'1191946',1409,,9022,45,,,0
101029,'1192220',2007,,9023,45,,,0
101029,'1192246',707,,9024,45,,,0
101029,'1192291',1450,,9025,45,,,0
101029,'1192305',2427,,9026,45,,,0
101029,'1192401',850,,9028,45,,,0
101029,'1192520',1709,,9029,45,,,0
101029,'1192600',2207,,9031,45,,,0
101029,'1192680',1509,,9032,45,,,0
101029,'1192726',1050,,9033,45,,,0
101029,'1192973',1807,,9034,45,,,0
101029,'1193049',807,,9035,45,,,0
101029,'1193166',650,,9037,45,,,0
101029,'1193226',907,,9038,45,,,0
