3019,'1196834',1805,,10159,8,,,0
3019,'1196848',2105,,10160,8,,,0
3019,'1196854',705,,10161,8,,,0
3019,'1196968',1221,,10162,8,,,0
3019,'1196971',2005,,10163,8,,,0
3019,'1197069',705,,10164,8,,,0
3019,'1197076',2135,,10165,8,,,0
3019,'1197107',1235,,10166,8,,,0
3019,'1197120',2405,,10167,8,,,0
3019,'1197318',2205,,10168,8,,,0
3019,'1197369',2321,,10169,8,,,0
3019,'1197372',2221,,10170,8,,,0
3019,'1197378',905,,10171,8,,,0
3019,'1197462',905,,10172,8,,,0
3019,'1197478',1605,,10173,8,,,0
3019,'1197537',921,,10174,8,,,0
3019,'1197572',1335,,10175,8,,,0
3019,'1197590',835,,10176,8,,,0
3019,'1197618',1705,,10177,8,,,0
3019,'1197731',2005,,10179,8,,,0
3019,'1197748',1005,,10180,8,,,0
3019,'1197755',1035,,10181,8,,,0
3019,'1197810',1435,,10182,8,,,0
3019,'1197819',1905,,10183,8,,,0
3019,'1197850',1535,,10184,8,,,0
3019,'1197851',935,,10185,8,,,0
3019,'1197897',1105,,10186,8,,,0
3019,'1197923',1205,,10187,8,,,0
3019,'1197941',1505,,10188,8,,,0
3019,'1198025',1605,,10189,8,,,0
3019,'1198093',1835,,10190,8,,,0
3019,'1198098',1135,,10191,8,,,0
3019,'1198111',1005,,10192,8,,,0
3019,'1198119',1521,,10193,8,,,0
3019,'1198124',1405,,10194,8,,,0
3019,'1198153',1905,,10195,8,,,0
3019,'1198229',1505,,10196,8,,,0
3019,'1198237',1635,,10197,8,,,0
3019,'1198265',2105,,10198,8,,,0
3019,'1198278',1935,,10199,8,,,0
3019,'1198430',1621,,10200,8,,,0
3019,'1198432',1805,,10201,8,,,0
3019,'1198501',1705,,10202,8,,,0
3019,'1198514',635,,10203,8,,,0
3019,'1198654',1721,,10204,8,,,0
3019,'1198677',821,,10205,8,,,0
3019,'1198680',805,,10206,8,,,0
3019,'1198689',2355,,10207,8,,,0
3019,'1198691',1735,,10208,8,,,0
3019,'1198742',2205,,10209,8,,,0
3019,'1198777',1405,,10210,8,,,0
3019,'1198788',721,,10211,8,,,0
3019,'1198845',1021,,10212,8,,,0
3019,'1198989',2121,,10213,8,,,0
3019,'1198991',1821,,10214,8,,,0
3019,'1199009',1321,,10215,8,,,0
3019,'1199035',1205,,10216,8,,,0
3019,'1199052',2021,,10217,8,,,0
3019,'1199066',1121,,10218,8,,,0
3019,'1199133',1305,,10219,8,,,0
3019,'1199262',2305,,10220,8,,,0
3019,'1199277',735,,10221,8,,,0
3019,'1199346',1305,,10222,8,,,0
3019,'1199408',2035,,10223,8,,,0
3019,'1199412',1421,,10224,8,,,0
3019,'1199440',2305,,10225,8,,,0
3019,'1199509',805,,10226,8,,,0
3019,'1199600',1921,,10228,8,,,0
3019,'1199612',1105,,10229,8,,,0
