10029,'1193661',1534,,7624,30,,,0
10029,'1193662',1134,,7625,30,,,0
10029,'1193664',2034,,7626,30,,,0
10029,'1193666',1334,,7627,30,,,0
10029,'1193669',2334,,7628,30,,,0
10029,'1193670',1634,,7629,30,,,0
10029,'1193672',904,,7631,30,,,0
10029,'1193673',2134,,7632,30,,,0
10029,'1193674',1434,,7633,30,,,0
10029,'1193676',1904,,7634,30,,,0
10029,'1193677',734,,7635,30,,,0
10029,'1193684',1734,,7637,30,,,0
10029,'1193685',1034,,7638,30,,,0
10029,'1193688',934,,7639,30,,,0
10029,'1193689',804,,7640,30,,,0
10029,'1193690',2004,,7641,30,,,0
10029,'1193692',2234,,7642,30,,,0
10029,'1193693',934,,7643,30,,,0
10029,'1193694',1334,,7644,30,,,0
10029,'1193695',704,,7645,30,,,0
10029,'1193696',634,,7646,30,,,0
10029,'1193699',2104,,7647,30,,,0
10029,'1193706',834,,7650,30,,,0
10029,'1193712',1834,,7651,30,,,0
10029,'1193713',2304,,7652,30,,,0
10029,'1193716',1934,,7654,30,,,0
10029,'1193719',1434,,7655,30,,,0
10029,'1193721',1034,,7656,30,,,0
10029,'1193726',1734,,7659,30,,,0
10029,'1193727',834,,7660,30,,,0
10029,'1193728',734,,7661,30,,,0
10029,'1193736',2409,,7663,30,,,0
10029,'1193741',2204,,7664,30,,,0
10029,'1193744',1504,,7666,30,,,0
10029,'1193745',1604,,7667,30,,,0
10029,'1193746',1134,,7668,30,,,0
10029,'1193757',1234,,7673,30,,,0
10029,'1193760',1234,,7675,30,,,0
10029,'1193762',1534,,7676,30,,,0
10029,'1193763',1704,,7677,30,,,0
10029,'1193777',1804,,7681,30,,,0
10029,'1193778',1634,,7682,30,,,0
