14019,'1196890',1827,,10916,30,,,0
14019,'1196970',2057,,10917,30,,,0
14019,'1196984',1355,,10918,30,,,0
14019,'1197073',2157,,10919,30,,,0
14019,'1197090',755,,10920,30,,,0
14019,'1197106',1729,,10921,30,,,0
14019,'1197152',1559,,10922,30,,,0
14019,'1197163',1658,,10923,30,,,0
14019,'1197189',1955,,10924,30,,,0
14019,'1197473',957,,10925,30,,,0
14019,'1197576',1155,,10926,30,,,0
14019,'1197578',1855,,10927,30,,,0
14019,'1197606',855,,10928,30,,,0
14019,'1197719',1558,,10929,30,,,0
14019,'1197768',1659,,10930,30,,,0
14019,'1197774',1258,,10931,30,,,0
14019,'1197807',657,,10932,30,,,0
14019,'1197857',1255,,10933,30,,,0
14019,'1197872',757,,10934,30,,,0
14019,'1197899',2327,,10935,30,,,0
14019,'1197912',1655,,10936,30,,,0
14019,'1197929',1358,,10937,30,,,0
14019,'1197946',1957,,10938,30,,,0
14019,'1198043',2357,,10939,30,,,0
14019,'1198056',1927,,10940,30,,,0
14019,'1198057',657,,10941,30,,,0
14019,'1198062',1555,,10942,30,,,0
14019,'1198118',2027,,10943,30,,,0
14019,'1198151',1455,,10944,30,,,0
14019,'1198161',1459,,10945,30,,,0
14019,'1198262',1458,,10946,30,,,0
14019,'1198285',2257,,10947,30,,,0
14019,'1198312',957,,10948,30,,,0
14019,'1198386',1857,,10949,30,,,0
14019,'1198412',1159,,10950,30,,,0
14019,'1198436',857,,10951,30,,,0
14019,'1198460',1059,,10952,30,,,0
14019,'1198507',857,,10953,30,,,0
14019,'1198513',1259,,10954,30,,,0
14019,'1198539',1057,,10955,30,,,0
14019,'1198751',2055,,10956,30,,,0
14019,'1198810',2355,,10957,30,,,0
14019,'1198859',1529,,10958,30,,,0
14019,'1198869',927,,10959,30,,,0
14019,'1198890',2155,,10960,30,,,0
14019,'1199036',727,,10961,30,,,0
14019,'1199048',757,,10962,30,,,0
14019,'1199075',827,,10963,30,,,0
14019,'1199084',1055,,10964,30,,,0
14019,'1199131',2127,,10965,30,,,0
14019,'1199280',2255,,10966,30,,,0
14019,'1199286',955,,10967,30,,,0
14019,'1199393',1359,,10968,30,,,0
14019,'1199441',1629,,10969,30,,,0
14019,'1199444',1758,,10970,30,,,0
14019,'1199523',1755,,10971,30,,,0
14019,'1199538',1759,,10972,30,,,0
14019,'1199568',2227,,10973,30,,,0
14019,'1199582',1158,,10974,30,,,0
