104029,'1196835',2009,,12074,35,,,0
104029,'1196857',809,,12075,35,,,0
104029,'1196889',809,,12076,35,,,0
104029,'1196928',1754,,12077,35,,,0
104029,'1197002',654,,12078,35,,,0
104029,'1197045',1550,,12079,35,,,0
104029,'1197133',839,,12080,35,,,0
104029,'1197341',1250,,12081,35,,,0
104029,'1197454',1809,,12082,35,,,0
104029,'1197461',724,,12083,35,,,0
104029,'1197467',2209,,12084,35,,,0
104029,'1197481',609,,12085,35,,,0
104029,'1197553',2139,,12086,35,,,0
104029,'1197574',924,,12087,35,,,0
104029,'1197583',2154,,12088,35,,,0
104029,'1197794',1809,,12089,35,,,0
104029,'1197965',1409,,12090,35,,,0
104029,'1197979',1539,,12091,35,,,0
104029,'1198234',1039,,12092,35,,,0
104029,'1198287',1635,,12093,35,,,0
104029,'1198288',1205,,12094,35,,,0
104029,'1198449',1309,,12095,35,,,0
104029,'1198458',1924,,12096,35,,,0
104029,'1198510',954,,12097,35,,,0
104029,'1198521',809,,12098,35,,,0
104029,'1198558',1654,,12099,35,,,0
104029,'1198578',1720,,12100,35,,,0
104029,'1198686',1420,,12101,35,,,0
104029,'1198694',1505,,12102,35,,,0
104029,'1198755',1009,,12103,35,,,0
104029,'1198909',1209,,12104,35,,,0
104029,'1198979',1154,,12105,35,,,0
104029,'1199045',2309,,12106,35,,,0
104029,'1199127',2309,,12107,35,,,0
104029,'1199159',1335,,12108,35,,,0
104029,'1199181',924,,12109,35,,,0
104029,'1199193',1609,,12110,35,,,0
104029,'1199356',1424,,12111,35,,,0
104029,'1199360',2039,,12112,35,,,0
104029,'1199374',654,,12113,35,,,0
104029,'1199380',1039,,12114,35,,,0
104029,'1199442',1839,,12115,35,,,0
104029,'1199577',2009,,12116,35,,,0
