14029,'1196849',1725,,10975,19,,,0
14029,'1196912',755,,10976,19,,,0
14029,'1197024',1525,,10977,19,,,0
14029,'1197041',2325,,10978,19,,,0
14029,'1197050',1624,,10979,19,,,0
14029,'1197119',1725,,10980,19,,,0
14029,'1197130',2224,,10981,19,,,0
14029,'1197219',1524,,10982,19,,,0
14029,'1197237',1324,,10983,19,,,0
14029,'1197250',625,,10984,19,,,0
14029,'1197265',1755,,10985,19,,,0
14029,'1197310',2225,,10986,19,,,0
14029,'1197323',1325,,10987,19,,,0
14029,'1197440',2124,,10988,19,,,0
14029,'1197456',1525,,10989,19,,,0
14029,'1197472',1124,,10990,19,,,0
14029,'1197493',1855,,10991,19,,,0
14029,'1197512',1625,,10992,19,,,0
14029,'1197515',1425,,10993,19,,,0
14029,'1197597',725,,10994,19,,,0
14029,'1197605',2255,,10995,19,,,0
14029,'1197639',1224,,10996,19,,,0
14029,'1197699',1955,,10997,19,,,0
14029,'1197717',1724,,10998,19,,,0
14029,'1197738',1024,,10999,19,,,0
14029,'1197809',1625,,11000,19,,,0
14029,'1197863',2400,,11001,19,,,0
14029,'1197882',1424,,11002,19,,,0
14029,'1197961',1225,,11003,19,,,0
14029,'1198040',1025,,11004,19,,,0
14029,'1198078',1125,,11005,19,,,0
14029,'1198100',855,,11006,19,,,0
14029,'1198198',2155,,11007,19,,,0
14029,'1198204',2055,,11008,19,,,0
14029,'1198269',655,,11009,19,,,0
14029,'1198326',924,,11010,19,,,0
14029,'1198404',725,,11011,19,,,0
14029,'1198426',2125,,11012,19,,,0
14029,'1198570',825,,11013,19,,,0
14029,'1198612',2324,,11014,19,,,0
14029,'1198728',824,,11015,19,,,0
14029,'1198772',1825,,11016,19,,,0
14029,'1198830',925,,11017,19,,,0
14029,'1198941',1125,,11018,19,,,0
14029,'1198956',1425,,11019,19,,,0
14029,'1199040',2025,,11020,19,,,0
14029,'1199065',1225,,11021,19,,,0
14029,'1199076',1824,,11022,19,,,0
14029,'1199083',1655,,11023,19,,,0
14029,'1199184',925,,11024,19,,,0
14029,'1199200',825,,11025,19,,,0
14029,'1199222',1555,,11026,19,,,0
14029,'1199266',1325,,11027,19,,,0
14029,'1199447',1925,,11028,19,,,0
14029,'1199472',2024,,11029,19,,,0
14029,'1199520',1025,,11030,19,,,0
14029,'1199554',724,,11031,19,,,0
14029,'1199573',1924,,11032,19,,,0
14029,'1199643',1455,,11033,19,,,0
