105019,'1196946',922,,12117,73,,,0
105019,'1197049',1832,,12118,73,,,0
105019,'1197077',610,,12119,73,,,0
105019,'1197115',1217,,12120,73,,,0
105019,'1197131',722,,12121,73,,,0
105019,'1197173',1224,,12122,73,,,0
105019,'1197181',1040,,12123,73,,,0
105019,'1197192',2209,,12124,73,,,0
105019,'1197197',1517,,12125,73,,,0
105019,'1197292',1324,,12126,73,,,0
105019,'1197296',1617,,12127,73,,,0
105019,'1197531',1424,,12128,73,,,0
105019,'1197548',1939,,12129,73,,,0
105019,'1197557',1624,,12130,73,,,0
105019,'1197588',840,,12131,73,,,0
105019,'1197596',2109,,12132,73,,,0
105019,'1197617',1524,,12133,73,,,0
105019,'1197633',1240,,12134,73,,,0
105019,'1197710',814,,12135,73,,,0
105019,'1197779',1802,,12136,73,,,0
105019,'1197825',1432,,12137,73,,,0
105019,'1197971',1117,,12138,73,,,0
105019,'1198112',640,,12139,73,,,0
105019,'1198338',1124,,12140,73,,,0
105019,'1198380',2240,,12141,73,,,0
105019,'1198385',1732,,12142,73,,,0
105019,'1198553',1332,,12143,73,,,0
105019,'1198560',2040,,12144,73,,,0
105019,'1198571',1640,,12145,73,,,0
105019,'1198621',744,,12146,73,,,0
105019,'1198667',1014,,12147,73,,,0
105019,'1198717',1547,,12148,73,,,0
105019,'1198741',914,,12149,73,,,0
105019,'1198746',1902,,12150,73,,,0
105019,'1198889',710,,12151,73,,,0
105019,'1199004',1440,,12152,73,,,0
105019,'1199054',1647,,12153,73,,,0
105019,'1199098',844,,12154,73,,,0
105019,'1199298',2409,,12155,73,,,0
105019,'1199347',2322,,12156,73,,,0
105019,'1199383',2309,,12157,73,,,0
105019,'1199400',1724,,12158,73,,,0
105019,'1199461',1840,,12159,73,,,0
105019,'1199511',1824,,12160,73,,,0
105019,'1199546',2122,,12161,73,,,0
105019,'1199574',1924,,12162,73,,,0
