101019,'1197003',534,,11803,8,,,0
101019,'1197056',2113,,11804,8,,,0
101019,'1197144',2313,,11805,8,,,0
101019,'1197150',1513,,11806,8,,,0
101019,'1197356',1313,,11807,8,,,0
101019,'1197394',1513,,11808,8,,,0
101019,'1197485',713,,11809,8,,,0
101019,'1197542',1313,,11810,8,,,0
101019,'1197666',1034,,11811,8,,,0
101019,'1197703',2113,,11812,8,,,0
101019,'1197735',1134,,11813,8,,,0
101019,'1197816',1113,,11814,8,,,0
101019,'1197893',734,,11815,8,,,0
101019,'1198002',1713,,11816,8,,,0
101019,'1198014',713,,11817,8,,,0
101019,'1198130',934,,11818,8,,,0
101019,'1198162',1337,,11819,8,,,0
101019,'1198212',1913,,11820,8,,,0
101019,'1198408',2033,,11821,8,,,0
101019,'1198684',913,,11822,8,,,0
101019,'1198907',1913,,11823,8,,,0
101019,'1199079',2234,,11824,8,,,0
101019,'1199178',1737,,11825,8,,,0
101019,'1199186',1537,,11826,8,,,0
101019,'1199279',1713,,11827,8,,,0
101019,'1199401',913,,11828,8,,,0
101019,'1199471',1834,,11829,8,,,0
101019,'1199497',1113,,11830,8,,,0
101019,'1199519',834,,11831,8,,,0
101019,'1199566',1437,,11832,8,,,0
101019,'1199626',1637,,11833,8,,,0
101019,'1199991',1337,,12771,8,,,0
101019,'1199992',2033,,12772,8,,,0
101019,'1199993',834,,12773,8,,,0
101019,'1199995',534,,12774,8,,,0
101019,'1199996',634,,12775,8,,,0
101019,'1200003',1637,,12776,8,,,0
101019,'1200004',1537,,12777,8,,,0
101019,'1200006',1834,,12778,8,,,0
101019,'1200008',734,,12779,8,,,0
101019,'1200009',2234,,12780,8,,,0
101019,'1200011',1034,,12781,8,,,0
101019,'1200013',1134,,12782,8,,,0
101019,'1200014',1437,,12783,8,,,0
101019,'1200015',1737,,12784,8,,,0
101019,'1200018',934,,12785,8,,,0
