105019,'1196946',935,,12117,93,,,0
105019,'1197049',1847,,12118,93,,,0
105019,'1197077',622,,12119,93,,,0
105019,'1197115',1232,,12120,93,,,0
105019,'1197131',735,,12121,93,,,0
105019,'1197173',1236,,12122,93,,,0
105019,'1197181',1051,,12123,93,,,0
105019,'1197192',2221,,12124,93,,,0
105019,'1197197',1532,,12125,93,,,0
105019,'1197292',1336,,12126,93,,,0
105019,'1197296',1632,,12127,93,,,0
105019,'1197531',1436,,12128,93,,,0
105019,'1197548',1951,,12129,93,,,0
105019,'1197557',1636,,12130,93,,,0
105019,'1197588',851,,12131,93,,,0
105019,'1197596',2121,,12132,93,,,0
105019,'1197617',1536,,12133,93,,,0
105019,'1197633',1251,,12134,93,,,0
105019,'1197710',829,,12135,93,,,0
105019,'1197779',1817,,12136,93,,,0
105019,'1197825',1447,,12137,93,,,0
105019,'1197971',1132,,12138,93,,,0
105019,'1198112',652,,12139,93,,,0
105019,'1198338',1136,,12140,93,,,0
105019,'1198380',2251,,12141,93,,,0
105019,'1198385',1747,,12142,93,,,0
105019,'1198553',1347,,12143,93,,,0
105019,'1198560',2051,,12144,93,,,0
105019,'1198571',1651,,12145,93,,,0
105019,'1198621',759,,12146,93,,,0
105019,'1198667',1029,,12147,93,,,0
105019,'1198717',1602,,12148,93,,,0
105019,'1198741',929,,12149,93,,,0
105019,'1198746',1917,,12150,93,,,0
105019,'1198889',722,,12151,93,,,0
105019,'1199004',1451,,12152,93,,,0
105019,'1199054',1702,,12153,93,,,0
105019,'1199098',859,,12154,93,,,0
105019,'1199298',2421,,12155,93,,,0
105019,'1199347',2335,,12156,93,,,0
105019,'1199383',2321,,12157,93,,,0
105019,'1199400',1736,,12158,93,,,0
105019,'1199461',1851,,12159,93,,,0
105019,'1199511',1836,,12160,93,,,0
105019,'1199546',2135,,12161,93,,,0
105019,'1199574',1936,,12162,93,,,0
106029,'1196836',1619,,12215,24,,,0
106029,'1196851',1734,,12216,24,,,0
106029,'1197042',1017,,12217,24,,,0
106029,'1197408',1849,,12218,24,,,0
106029,'1198086',747,,12219,24,,,0
106029,'1198615',902,,12220,24,,,0
