190001019,'1196837',1343,,12495,10,,,0
190001019,'1196862',1635,,12496,10,,,0
190001019,'1196877',1857,,12497,10,,,0
190001019,'1196883',1228,,12498,10,,,0
190001019,'1196901',627,,12499,10,,,0
190001019,'1196926',813,,12500,10,,,0
190001019,'1196927',1927,,12501,10,,,0
190001019,'1196941',2001,,12502,10,,,0
190001019,'1196956',1258,,12503,10,,,0
190001019,'1196974',1243,,12504,10,,,0
190001019,'1197019',1420,,12505,10,,,0
190001019,'1197037',1735,,12506,10,,,0
190001019,'1197055',1912,,12507,10,,,0
190001019,'1197061',1401,,12508,10,,,0
190001019,'1197062',1514,,12509,10,,,0
190001019,'1197067',1750,,12510,10,,,0
190001019,'1197087',1059,,12511,10,,,0
190001019,'1197116',727,,12512,10,,,0
190001019,'1197124',2327,,12513,10,,,0
190001019,'1197149',1213,,12514,10,,,0
190001019,'1197157',943,,12515,10,,,0
190001019,'1197183',2157,,12516,10,,,0
190001019,'1197196',1629,,12517,10,,,0
190001019,'1197239',1359,,12518,10,,,0
190001019,'1197241',928,,12519,10,,,0
190001019,'1197275',901,,12520,10,,,0
190001019,'1197336',1814,,12521,10,,,0
190001019,'1197358',1101,,12522,10,,,0
190001019,'1197359',828,,12523,10,,,0
190001019,'1197381',1714,,12524,10,,,0
190001019,'1197382',1701,,12525,10,,,0
190001019,'1197450',1757,,12526,10,,,0
190001019,'1197483',1114,,12527,10,,,0
190001019,'1197488',1429,,12528,10,,,0
190001019,'1197500',858,,12529,10,,,0
190001019,'1197524',927,,12530,10,,,0
190001019,'1197530',1614,,12531,10,,,0
190001019,'1197543',1601,,12532,10,,,0
190001019,'1197562',1957,,12533,10,,,0
190001019,'1197598',1450,,12534,10,,,0
190001019,'1197653',1028,,12535,10,,,0
190001019,'1197698',1012,,12536,10,,,0
190001019,'1197706',1001,,12537,10,,,0
190001019,'1197709',1113,,12538,10,,,0
190001019,'1197713',1759,,12539,10,,,0
190001019,'1197736',1344,,12540,10,,,0
190001019,'1197746',913,,12541,10,,,0
190001019,'1197811',1842,,12542,10,,,0
190001019,'1197845',1358,,12543,10,,,0
190001019,'1197867',2227,,12544,10,,,0
190001019,'1197877',1058,,12545,10,,,0
190001019,'1197919',1044,,12546,10,,,0
190001019,'1197924',1942,,12547,10,,,0
190001019,'1197933',1744,,12548,10,,,0
190001019,'1197942',1827,,12549,10,,,0
190001019,'1197950',1435,,12550,10,,,0
190001019,'1197953',1029,,12551,10,,,0
190001019,'1197956',1313,,12552,10,,,0
190001019,'1198005',1729,,12553,10,,,0
190001019,'1198015',2401,,12554,10,,,0
190001019,'1198030',2101,,12555,10,,,0
190001019,'1198047',1501,,12556,10,,,0
190001019,'1198065',2057,,12557,10,,,0
190001019,'1198066',658,,12558,10,,,0
190001019,'1198075',2157,,12559,10,,,0
190001019,'1198104',957,,12560,10,,,0
190001019,'1198135',2012,,12561,10,,,0
190001019,'1198157',2257,,12562,10,,,0
190001019,'1198172',1801,,12563,10,,,0
190001019,'1198202',1144,,12564,10,,,0
190001019,'1198216',1229,,12565,10,,,0
190001019,'1198221',2142,,12566,10,,,0
190001019,'1198238',758,,12567,10,,,0
190001019,'1198255',643,,12568,10,,,0
190001019,'1198261',1842,,12569,10,,,0
190001019,'1198292',1143,,12570,10,,,0
190001019,'1198298',1659,,12571,10,,,0
190001019,'1198311',1605,,12572,10,,,0
190001019,'1198339',1927,,12573,10,,,0
190001019,'1198343',1505,,12574,10,,,0
190001019,'1198372',801,,12575,10,,,0
190001019,'1198396',1720,,12576,10,,,0
190001019,'1198407',1158,,12577,10,,,0
190001019,'1198441',1620,,12578,10,,,0
190001019,'1198467',1827,,12579,10,,,0
190001019,'1198471',1544,,12580,10,,,0
190001019,'1198476',1301,,12581,10,,,0
190001019,'1198499',2301,,12582,10,,,0
190001019,'1198534',2357,,12583,10,,,0
190001019,'1198547',1013,,12584,10,,,0
190001019,'1198574',1529,,12585,10,,,0
190001019,'1198598',827,,12586,10,,,0
190001019,'1198607',857,,12587,10,,,0
190001019,'1198613',2227,,12588,10,,,0
190001019,'1198622',1957,,12589,10,,,0
190001019,'1198646',2112,,12590,10,,,0
190001019,'1198647',657,,12591,10,,,0
190001019,'1198653',2057,,12592,10,,,0
190001019,'1198674',1159,,12593,10,,,0
190001019,'1198678',2042,,12594,10,,,0
190001019,'1198685',2027,,12595,10,,,0
190001019,'1198700',1129,,12596,10,,,0
190001019,'1198707',1414,,12597,10,,,0
190001019,'1198721',1043,,12598,10,,,0
190001019,'1198724',1535,,12599,10,,,0
190001019,'1198784',1214,,12600,10,,,0
190001019,'1198792',1857,,12601,10,,,0
190001019,'1198804',1201,,12602,10,,,0
190001019,'1198821',713,,12603,10,,,0
190001019,'1198827',2127,,12604,10,,,0
190001019,'1198852',2201,,12605,10,,,0
190001019,'1198857',1644,,12606,10,,,0
190001019,'1198864',1812,,12607,10,,,0
190001019,'1198929',1559,,12608,10,,,0
190001019,'1198949',1244,,12609,10,,,0
190001019,'1198960',1901,,12610,10,,,0
190001019,'1198974',1259,,12611,10,,,0
190001019,'1198988',1329,,12612,10,,,0
190001019,'1198997',1444,,12613,10,,,0
190001019,'1199029',2257,,12614,10,,,0
190001019,'1199121',1650,,12615,10,,,0
190001019,'1199126',1328,,12616,10,,,0
190001019,'1199140',2417,,12617,10,,,0
190001019,'1199142',1128,,12618,10,,,0
190001019,'1199166',757,,12619,10,,,0
190001019,'1199192',2027,,12620,10,,,0
190001019,'1199228',743,,12621,10,,,0
190001019,'1199318',1520,,12622,10,,,0
190001019,'1199339',1705,,12623,10,,,0
190001019,'1199371',728,,12624,10,,,0
190001019,'1199373',843,,12625,10,,,0
190001019,'1199385',1314,,12626,10,,,0
190001019,'1199427',1459,,12627,10,,,0
190001019,'1199436',1550,,12628,10,,,0
190001019,'1199510',2327,,12629,10,,,0
190001019,'1199550',2357,,12630,10,,,0
190001019,'1199551',2127,,12631,10,,,0
190001019,'1199648',958,,12632,10,,,0
