11019,'1196876',1501,,10448,21,,,0
11019,'1196884',1301,,10449,25,,,0
11019,'1196914',1144,,10450,25,,,0
11019,'1196958',803,,10451,25,,,0
11019,'1197000',1301,,10452,21,,,0
11019,'1197070',1901,,10453,21,,,0
11019,'1197071',1843,,10454,25,,,0
11019,'1197114',929,,10455,25,,,0
11019,'1197185',2301,,10456,21,,,0
11019,'1197191',1501,,10457,25,,,0
11019,'1197229',1416,,10458,25,,,0
11019,'1197234',1715,,10459,25,,,0
11019,'1197264',1746,,10460,25,,,0
11019,'1197274',944,,10461,25,,,0
11019,'1197327',1345,,10462,25,,,0
11019,'1197343',744,,10463,25,,,0
11019,'1197351',1601,,10464,21,,,0
11019,'1197398',1831,,10465,25,,,0
11019,'1197412',2313,,10466,25,,,0
11019,'1197422',1646,,10467,25,,,0
11019,'1197446',2401,,10468,21,,,0
11019,'1197463',714,,10469,25,,,0
11019,'1197502',629,,10470,25,,,0
11019,'1197519',759,,10471,25,,,0
11019,'1197564',2303,,10472,25,,,0
11019,'1197573',1401,,10473,21,,,0
11019,'1197695',1114,,10474,25,,,0
11019,'1197696',814,,10475,25,,,0
11019,'1197753',901,,10476,21,,,0
11019,'1197763',1531,,10477,25,,,0
11019,'1197795',2043,,10478,25,,,0
11019,'1197832',1631,,10479,25,,,0
11019,'1197875',2430,,10480,25,,,0
11019,'1197917',2403,,10481,25,,,0
11019,'1197925',1129,,10482,25,,,0
11019,'1197934',1545,,10483,25,,,0
11019,'1197978',1913,,10484,25,,,0
11019,'1197990',1445,,10485,25,,,0
11019,'1198012',859,,10486,25,,,0
11019,'1198053',1003,,10487,25,,,0
11019,'1198076',2013,,10488,25,,,0
11019,'1198113',2113,,10489,25,,,0
11019,'1198146',2243,,10490,25,,,0
11019,'1198266',2003,,10491,25,,,0
11019,'1198296',1701,,10492,21,,,0
11019,'1198337',914,,10493,25,,,0
11019,'1198341',1203,,10494,25,,,0
11019,'1198362',2201,,10495,21,,,0
11019,'1198405',1903,,10496,25,,,0
11019,'1198419',1516,,10497,25,,,0
11019,'1198470',1316,,10498,25,,,0
11019,'1198493',1816,,10499,25,,,0
11019,'1198506',1103,,10500,25,,,0
11019,'1198543',1029,,10501,25,,,0
11019,'1198548',1616,,10502,25,,,0
11019,'1198573',1159,,10503,25,,,0
11019,'1198590',2001,,10504,21,,,0
11019,'1198610',1601,,10505,25,,,0
11019,'1198623',703,,10506,25,,,0
11019,'1198660',1315,,10507,25,,,0
11019,'1198662',1801,,10508,21,,,0
11019,'1198696',1446,,10509,25,,,0
11019,'1198771',1515,,10510,25,,,0
11019,'1198808',959,,10511,25,,,0
11019,'1198843',2101,,10512,21,,,0
11019,'1198927',1059,,10513,25,,,0
11019,'1198951',1731,,10514,25,,,0
11019,'1198978',1943,,10515,25,,,0
11019,'1199022',1243,,10516,25,,,0
11019,'1199024',2203,,10517,25,,,0
11019,'1199026',2213,,10518,25,,,0
11019,'1199059',1615,,10519,25,,,0
11019,'1199060',1401,,10520,25,,,0
11019,'1199064',1815,,10521,25,,,0
11019,'1199091',801,,10522,21,,,0
11019,'1199100',2143,,10523,25,,,0
11019,'1199118',1716,,10524,25,,,0
11019,'1199132',659,,10525,25,,,0
11019,'1199143',1745,,10526,25,,,0
11019,'1199154',1431,,10527,25,,,0
11019,'1199177',1701,,10528,25,,,0
11019,'1199180',2103,,10529,25,,,0
11019,'1199214',729,,10530,25,,,0
11019,'1199225',1546,,10531,25,,,0
11019,'1199227',1201,,10532,21,,,0
11019,'1199229',1415,,10533,25,,,0
11019,'1199253',1001,,10534,21,,,0
11019,'1199301',2340,,10535,25,,,0
11019,'1199306',1101,,10536,21,,,0
11019,'1199370',1801,,10537,25,,,0
11019,'1199376',844,,10538,25,,,0
11019,'1199394',903,,10539,25,,,0
11019,'1199403',829,,10540,25,,,0
11019,'1199410',1214,,10541,25,,,0
11019,'1199462',2410,,10542,25,,,0
11019,'1199476',1014,,10543,25,,,0
11019,'1199496',1331,,10544,25,,,0
11019,'1199508',1229,,10545,25,,,0
11019,'1199591',1645,,10546,25,,,0
11019,'1199603',1246,,10547,25,,,0
11019,'1199619',1044,,10548,25,,,0
11019,'1199623',1346,,10549,25,,,0
