13029,'1196882',1527,,10855,9,,,0
13029,'1196907',1253,,10856,8,,,0
13029,'1196917',1255,,10857,8,,,0
13029,'1196936',1755,,10858,8,,,0
13029,'1196965',753,,10859,8,,,0
13029,'1196972',1625,,10860,8,,,0
13029,'1197006',1453,,10861,8,,,0
13029,'1197082',1153,,10862,8,,,0
13029,'1197122',1053,,10863,8,,,0
13029,'1197184',1454,,10864,8,,,0
13029,'1197188',1923,,10865,8,,,0
13029,'1197193',753,,10866,8,,,0
13029,'1197215',2053,,10867,8,,,0
13029,'1197262',1654,,10868,8,,,0
13029,'1197363',924,,10869,8,,,0
13029,'1197365',2153,,10870,8,,,0
13029,'1197371',953,,10871,8,,,0
13029,'1197444',2253,,10872,8,,,0
13029,'1197556',2253,,10873,8,,,0
13029,'1197773',2023,,10874,8,,,0
13029,'1197812',1455,,10875,8,,,0
13029,'1197866',1353,,10876,8,,,0
13029,'1197909',854,,10877,8,,,0
13029,'1197997',1953,,10878,8,,,0
13029,'1198028',2053,,10879,8,,,0
13029,'1198074',2353,,10880,8,,,0
13029,'1198199',1553,,10881,8,,,0
13029,'1198248',2223,,10882,8,,,0
13029,'1198289',823,,10883,8,,,0
13029,'1198381',1725,,10884,8,,,0
13029,'1198389',1753,,10885,8,,,0
13029,'1198416',1554,,10886,8,,,0
13029,'1198437',1023,,10887,8,,,0
13029,'1198474',1056,,10888,8,,,0
13029,'1198488',1853,,10889,8,,,0
13029,'1198563',723,,10890,8,,,0
13029,'1198648',1053,,10891,8,,,0
13029,'1198673',1254,,10892,8,,,0
13029,'1198704',1853,,10893,8,,,0
13029,'1198733',753,,10894,8,,,0
13029,'1198756',853,,10895,8,,,0
13029,'1198793',953,,10896,8,,,0
13029,'1198811',1354,,10897,8,,,0
13029,'1198812',2353,,10898,8,,,0
13029,'1198828',1154,,10899,8,,,0
13029,'1198858',1555,,10900,8,,,0
13029,'1198910',623,,10901,8,,,0
13029,'1198998',853,,10902,8,,,0
13029,'1199115',653,,10903,8,,,0
13029,'1199250',2153,,10904,8,,,0
13029,'1199324',653,,10905,8,,,0
13029,'1199337',954,,10906,8,,,0
13029,'1199349',2123,,10907,8,,,0
13029,'1199379',2323,,10908,8,,,0
13029,'1199405',1754,,10909,8,,,0
13029,'1199419',1155,,10910,8,,,0
13029,'1199548',1355,,10911,8,,,0
13029,'1199559',1653,,10912,8,,,0
13029,'1199614',1823,,10913,8,,,0
13029,'1199653',1953,,10914,8,,,0
13029,'1199655',1655,,10915,8,,,0
