105019,'1196946',923,,12117,75,,,0
105019,'1197049',1834,,12118,75,,,0
105019,'1197077',612,,12119,75,,,0
105019,'1197115',1219,,12120,75,,,0
105019,'1197131',723,,12121,75,,,0
105019,'1197173',1225,,12122,75,,,0
105019,'1197181',1042,,12123,75,,,0
105019,'1197192',2210,,12124,75,,,0
105019,'1197197',1519,,12125,75,,,0
105019,'1197292',1325,,12126,75,,,0
105019,'1197296',1619,,12127,75,,,0
105019,'1197531',1425,,12128,75,,,0
105019,'1197548',1940,,12129,75,,,0
105019,'1197557',1625,,12130,75,,,0
105019,'1197588',842,,12131,75,,,0
105019,'1197596',2110,,12132,75,,,0
105019,'1197617',1525,,12133,75,,,0
105019,'1197633',1242,,12134,75,,,0
105019,'1197710',816,,12135,75,,,0
105019,'1197779',1804,,12136,75,,,0
105019,'1197825',1434,,12137,75,,,0
105019,'1197971',1119,,12138,75,,,0
105019,'1198112',642,,12139,75,,,0
105019,'1198338',1125,,12140,75,,,0
105019,'1198380',2242,,12141,75,,,0
105019,'1198385',1734,,12142,75,,,0
105019,'1198553',1334,,12143,75,,,0
105019,'1198560',2042,,12144,75,,,0
105019,'1198571',1642,,12145,75,,,0
105019,'1198621',746,,12146,75,,,0
105019,'1198667',1016,,12147,75,,,0
105019,'1198717',1549,,12148,75,,,0
105019,'1198741',916,,12149,75,,,0
105019,'1198746',1904,,12150,75,,,0
105019,'1198889',712,,12151,75,,,0
105019,'1199004',1442,,12152,75,,,0
105019,'1199054',1649,,12153,75,,,0
105019,'1199098',846,,12154,75,,,0
105019,'1199298',2410,,12155,75,,,0
105019,'1199347',2323,,12156,75,,,0
105019,'1199383',2310,,12157,75,,,0
105019,'1199400',1725,,12158,75,,,0
105019,'1199461',1842,,12159,75,,,0
105019,'1199511',1825,,12160,75,,,0
105019,'1199546',2123,,12161,75,,,0
105019,'1199574',1925,,12162,75,,,0
