3029,'1196871',642,,10230,14,,,0
3029,'1196875',2354,,10231,14,,,0
3029,'1196902',1543,,10232,14,,,0
3029,'1196918',1143,,10233,14,,,0
3029,'1196929',754,,10234,14,,,0
3029,'1197004',2142,,10235,14,,,0
3029,'1197012',1443,,10236,14,,,0
3029,'1197066',1854,,10237,14,,,0
3029,'1197101',1313,,10238,14,,,0
3029,'1197253',1554,,10239,14,,,0
3029,'1197290',812,,10240,14,,,0
3029,'1197380',2154,,10241,14,,,0
3029,'1197402',1613,,10242,14,,,0
3029,'1197413',2042,,10243,14,,,0
3029,'1197417',1054,,10244,14,,,0
3029,'1197427',2211,,10245,14,,,0
3029,'1197507',2342,,10246,14,,,0
3029,'1197510',1813,,10247,14,,,0
3029,'1197558',1012,,10248,14,,,0
3029,'1197601',942,,10249,14,,,0
3029,'1197654',1154,,10250,14,,,0
3029,'1197697',1213,,10251,14,,,0
3029,'1197823',1243,,10252,14,,,0
3029,'1197828',1413,,10253,14,,,0
3029,'1197856',1643,,10254,14,,,0
3029,'1197870',1343,,10255,14,,,0
3029,'1197895',2111,,10256,14,,,0
3029,'1197903',1942,,10257,14,,,0
3029,'1197920',1254,,10258,14,,,0
3029,'1197958',2242,,10259,14,,,0
3029,'1197998',2141,,10260,14,,,0
3029,'1198039',1654,,10261,14,,,0
3029,'1198070',1743,,10262,14,,,0
3029,'1198115',954,,10263,14,,,0
3029,'1198165',1754,,10264,14,,,0
3029,'1198246',1543,,10265,14,,,0
3029,'1198281',1743,,10266,14,,,0
3029,'1198295',742,,10267,14,,,0
3029,'1198310',2241,,10268,14,,,0
3029,'1198321',1042,,10269,14,,,0
3029,'1198363',1243,,10270,14,,,0
3029,'1198395',742,,10271,14,,,0
3029,'1198434',1513,,10272,14,,,0
3029,'1198445',1143,,10273,14,,,0
3029,'1198462',2041,,10274,14,,,0
3029,'1198484',2254,,10275,14,,,0
3029,'1198500',1713,,10276,14,,,0
3029,'1198518',942,,10277,14,,,0
3029,'1198562',1354,,10278,14,,,0
3029,'1198577',1443,,10279,14,,,0
3029,'1198614',642,,10280,14,,,0
3029,'1198734',1841,,10281,14,,,0
3029,'1198836',842,,10282,14,,,0
3029,'1198936',1454,,10283,14,,,0
3029,'1198983',2054,,10284,14,,,0
3029,'1199061',842,,10285,14,,,0
3029,'1199094',1941,,10286,14,,,0
3029,'1199112',2338,,10287,14,,,0
3029,'1199231',1954,,10288,14,,,0
3029,'1199421',1643,,10289,14,,,0
3029,'1199431',1042,,10290,14,,,0
3029,'1199453',1842,,10291,14,,,0
3029,'1199460',1343,,10292,14,,,0
3029,'1199521',912,,10293,14,,,0
3029,'1199533',1911,,10294,14,,,0
3029,'1199547',712,,10295,14,,,0
3029,'1199601',1112,,10296,14,,,0
3029,'1199629',854,,10297,14,,,0
3029,'1199646',2011,,10298,14,,,0
