104019,'1196891',2330,,12027,14,,,0
104019,'1197169',2406,,12028,14,,,0
104019,'1197256',1334,,12029,14,,,0
104019,'1197286',2130,,12030,14,,,0
104019,'1197298',1204,,12031,14,,,0
104019,'1197387',2231,,12032,14,,,0
104019,'1197452',2001,,12033,14,,,0
104019,'1197544',916,,12034,14,,,0
104019,'1197547',1231,,12035,14,,,0
104019,'1197640',1530,,12036,14,,,0
104019,'1197714',1801,,12037,14,,,0
104019,'1197725',2101,,12038,14,,,0
104019,'1197761',730,,12039,14,,,0
104019,'1197801',1001,,12040,14,,,0
104019,'1197820',801,,12042,14,,,0
104019,'1197873',616,,12043,14,,,0
104019,'1197937',1501,,12044,14,,,0
104019,'1198060',1730,,12045,14,,,0
104019,'1198073',2346,,12046,14,,,0
104019,'1198077',2231,,12047,14,,,0
104019,'1198194',1119,,12048,14,,,0
104019,'1198253',1130,,12049,14,,,0
104019,'1198313',1504,,12050,14,,,0
104019,'1198322',1616,,12051,14,,,0
104019,'1198353',1249,,12052,14,,,0
104019,'1198411',930,,12053,14,,,0
104019,'1198567',1731,,12055,14,,,0
104019,'1198664',846,,12056,14,,,0
104019,'1198683',1346,,12057,14,,,0
104019,'1198738',1931,,12058,14,,,0
104019,'1198750',1930,,12059,14,,,0
104019,'1198780',846,,12060,14,,,0
104019,'1198913',1419,,12061,14,,,0
104019,'1198958',646,,12062,14,,,0
104019,'1199185',731,,12064,14,,,0
104019,'1199190',1116,,12065,14,,,0
104019,'1199331',1330,,12066,14,,,0
104019,'1199407',1846,,12067,14,,,0
104019,'1199459',1716,,12068,14,,,0
104019,'1199490',1634,,12069,14,,,0
104019,'1199539',1001,,12070,14,,,0
104019,'1199564',731,,12071,14,,,0
104019,'1199583',1549,,12072,14,,,0
104019,'1199617',2116,,12073,14,,,0
