26019,'1196833',2208,,11427,10,,,0
26019,'1196844',2254,,11428,10,,,0
26019,'1196949',708,,11429,10,,,0
26019,'1197013',1954,,11430,10,,,0
26019,'1197027',1808,,11431,10,,,0
26019,'1197186',1108,,11432,10,,,0
26019,'1197303',1754,,11433,10,,,0
26019,'1197313',1908,,11434,10,,,0
26019,'1197393',1308,,11435,10,,,0
26019,'1197399',1008,,11436,10,,,0
26019,'1197400',1038,,11437,10,,,0
26019,'1197410',1154,,11438,10,,,0
26019,'1197475',1554,,11439,10,,,0
26019,'1197528',2008,,11440,10,,,0
26019,'1197539',854,,11441,10,,,0
26019,'1197549',2108,,11442,10,,,0
26019,'1197586',1708,,11443,10,,,0
26019,'1197594',1438,,11444,10,,,0
26019,'1197600',1354,,11445,10,,,0
26019,'1197749',754,,11446,10,,,0
26019,'1197787',1238,,11447,10,,,0
26019,'1197806',908,,11448,10,,,0
26019,'1197817',1408,,11449,10,,,0
26019,'1197995',1608,,11450,10,,,0
26019,'1198158',1254,,11451,10,,,0
26019,'1198274',1138,,11452,10,,,0
26019,'1198317',1454,,11453,10,,,0
26019,'1198334',1508,,11454,10,,,0
26019,'1198448',608,,11455,10,,,0
26019,'1198587',2308,,11456,10,,,0
26019,'1198626',808,,11457,10,,,0
26019,'1198633',908,,11458,10,,,0
26019,'1198635',708,,11459,10,,,0
26019,'1198640',2108,,11460,10,,,0
26019,'1198642',954,,11461,10,,,0
26019,'1198658',1054,,11462,10,,,0
26019,'1198670',1808,,11463,10,,,0
26019,'1198825',1508,,11464,10,,,0
26019,'1198834',1608,,11465,10,,,0
26019,'1198899',2008,,11466,10,,,0
26019,'1198969',1208,,11467,10,,,0
26019,'1199019',1654,,11468,10,,,0
26019,'1199155',808,,11469,10,,,0
26019,'1199246',1008,,11470,10,,,0
26019,'1199249',1338,,11471,10,,,0
26019,'1199290',608,,11472,10,,,0
26019,'1199307',2154,,11473,10,,,0
26019,'1199310',1708,,11474,10,,,0
26019,'1199313',2308,,11475,10,,,0
26019,'1199493',1908,,11476,10,,,0
26019,'1199515',1854,,11477,10,,,0
26019,'1199654',2208,,11478,10,,,0
26019,'1199656',2054,,11479,10,,,0
