104019,'1197815',2348,,12041,8,,,0
104019,'1198490',2424,,12054,8,,,0
104019,'1199025',2404,,12063,8,,,0
104029,'1196835',1949,,12074,8,,,0
104029,'1196857',749,,12075,8,,,0
104029,'1196889',748,,12076,8,,,0
104029,'1196928',1734,,12077,8,,,0
104029,'1197002',634,,12078,8,,,0
104029,'1197045',1528,,12079,8,,,0
104029,'1197133',819,,12080,8,,,0
104029,'1197341',1228,,12081,8,,,0
104029,'1197454',1748,,12082,8,,,0
104029,'1197461',704,,12083,8,,,0
104029,'1197467',2148,,12084,8,,,0
104029,'1197481',549,,12085,8,,,0
104029,'1197553',2119,,12086,8,,,0
104029,'1197574',904,,12087,8,,,0
104029,'1197583',2134,,12088,8,,,0
104029,'1197794',1749,,12089,8,,,0
104029,'1197965',1348,,12090,8,,,0
104029,'1197979',1519,,12091,8,,,0
104029,'1198234',1019,,12092,8,,,0
104029,'1198287',1613,,12093,8,,,0
104029,'1198288',1143,,12094,8,,,0
104029,'1198449',1249,,12095,8,,,0
104029,'1198458',1904,,12096,8,,,0
104029,'1198510',934,,12097,8,,,0
104029,'1198521',749,,12098,8,,,0
104029,'1198558',1634,,12099,8,,,0
104029,'1198578',1658,,12100,8,,,0
104029,'1198686',1358,,12101,8,,,0
104029,'1198694',1443,,12102,8,,,0
104029,'1198755',948,,12103,8,,,0
104029,'1198909',1148,,12104,8,,,0
104029,'1198979',1134,,12105,8,,,0
104029,'1199045',2249,,12106,8,,,0
104029,'1199127',2249,,12107,8,,,0
104029,'1199159',1313,,12108,8,,,0
104029,'1199181',904,,12109,8,,,0
104029,'1199193',1548,,12110,8,,,0
104029,'1199356',1404,,12111,8,,,0
104029,'1199360',2019,,12112,8,,,0
104029,'1199374',634,,12113,8,,,0
104029,'1199380',1019,,12114,8,,,0
104029,'1199442',1819,,12115,8,,,0
104029,'1199577',1948,,12116,8,,,0
