103029,'1196853',1445,,11989,20,,,0
103029,'1196867',1315,,11990,20,,,0
103029,'1196892',1745,,11991,20,,,0
103029,'1196973',1736,,11992,20,,,0
103029,'1197031',1408,,11993,20,,,0
103029,'1197085',2045,,11994,20,,,0
103029,'1197108',1915,,11995,20,,,0
103029,'1197233',1005,,11996,20,,,0
103029,'1197315',1238,,11997,20,,,0
103029,'1197321',1108,,11998,20,,,0
103029,'1197346',1436,,11999,20,,,0
103029,'1197499',1837,,12000,20,,,0
103029,'1197743',808,,12001,20,,,0
103029,'1197784',938,,12002,20,,,0
103029,'1197852',1306,,12003,20,,,0
103029,'1198282',1136,,12004,20,,,0
103029,'1198444',1538,,12005,20,,,0
103029,'1198568',705,,12006,20,,,0
103029,'1198723',2007,,12007,20,,,0
103029,'1198855',835,,12008,20,,,0
103029,'1198880',1521,,12009,20,,,0
103029,'1198882',638,,12010,20,,,0
103029,'1198911',2137,,12011,20,,,0
103029,'1198914',1651,,12012,20,,,0
103029,'1198921',845,,12013,20,,,0
103029,'1198928',750,,12014,20,,,0
103029,'1198990',920,,12015,20,,,0
103029,'1199021',1615,,12016,20,,,0
103029,'1199109',2307,,12017,20,,,0
103029,'1199145',2215,,12018,20,,,0
103029,'1199146',1145,,12019,20,,,0
103029,'1199172',2205,,12020,20,,,0
103029,'1199215',2335,,12021,20,,,0
103029,'1199475',1905,,12022,20,,,0
103029,'1199565',1015,,12023,20,,,0
103029,'1199579',1606,,12024,20,,,0
103029,'1199581',2035,,12025,20,,,0
103029,'1199593',1708,,12026,20,,,0
