10029,'1193661',1517,,7624,3,,,0
10029,'1193662',1117,,7625,3,,,0
10029,'1193664',2017,,7626,3,,,0
10029,'1193666',1317,,7627,3,,,0
10029,'1193669',2317,,7628,3,,,0
10029,'1193670',1617,,7629,3,,,0
10029,'1193672',847,,7631,3,,,0
10029,'1193673',2117,,7632,3,,,0
10029,'1193674',1417,,7633,3,,,0
10029,'1193676',1847,,7634,3,,,0
10029,'1193677',717,,7635,3,,,0
10029,'1193684',1717,,7637,3,,,0
10029,'1193685',1017,,7638,3,,,0
10029,'1193688',917,,7639,3,,,0
10029,'1193689',747,,7640,3,,,0
10029,'1193690',1947,,7641,3,,,0
10029,'1193692',2217,,7642,3,,,0
10029,'1193693',917,,7643,3,,,0
10029,'1193694',1317,,7644,3,,,0
10029,'1193695',647,,7645,3,,,0
10029,'1193696',617,,7646,3,,,0
10029,'1193699',2047,,7647,3,,,0
10029,'1193706',817,,7650,3,,,0
10029,'1193712',1817,,7651,3,,,0
10029,'1193713',2247,,7652,3,,,0
10029,'1193716',1917,,7654,3,,,0
10029,'1193719',1417,,7655,3,,,0
10029,'1193721',1017,,7656,3,,,0
10029,'1193726',1717,,7659,3,,,0
10029,'1193727',817,,7660,3,,,0
10029,'1193728',717,,7661,3,,,0
10029,'1193736',2352,,7663,3,,,0
10029,'1193741',2147,,7664,3,,,0
10029,'1193744',1447,,7666,3,,,0
10029,'1193745',1547,,7667,3,,,0
10029,'1193746',1117,,7668,3,,,0
10029,'1193757',1217,,7673,3,,,0
10029,'1193760',1217,,7675,3,,,0
10029,'1193762',1517,,7676,3,,,0
10029,'1193763',1647,,7677,3,,,0
10029,'1193777',1747,,7681,3,,,0
10029,'1193778',1617,,7682,3,,,0
