28019,'1190612',2017,,8811,18,,,0
28019,'1190648',1802,,8812,18,,,0
28019,'1190664',1517,,8813,18,,,0
28019,'1190675',2117,,8814,18,,,0
28019,'1190706',2317,,8815,18,,,0
28019,'1190722',1647,,8816,18,,,0
28019,'1190756',1017,,8817,18,,,0
28019,'1190827',1902,,8818,18,,,0
28019,'1190930',1717,,8819,18,,,0
28019,'1191056',1502,,8824,18,,,0
28019,'1191066',1102,,8825,18,,,0
28019,'1191068',817,,8826,18,,,0
28019,'1191153',2202,,8828,18,,,0
28019,'1191391',1847,,8829,18,,,0
28019,'1191424',847,,8830,18,,,0
28019,'1191516',702,,8831,18,,,0
28019,'1191816',1202,,8832,18,,,0
28019,'1191883',917,,8833,18,,,0
28019,'1191965',1602,,8835,18,,,0
28019,'1192008',1917,,8837,18,,,0
28019,'1192010',1302,,8838,18,,,0
28019,'1192015',1817,,8839,18,,,0
28019,'1192021',902,,8840,18,,,0
28019,'1192110',2402,,8842,18,,,0
28019,'1192287',747,,8844,18,,,0
28019,'1192288',1747,,8845,18,,,0
28019,'1192309',1617,,8846,18,,,0
28019,'1192311',1417,,8847,18,,,0
28019,'1192315',1317,,8848,18,,,0
28019,'1192316',1117,,8849,18,,,0
28019,'1192431',617,,8850,18,,,0
28019,'1192496',2102,,8852,18,,,0
28019,'1192602',2217,,8853,18,,,0
28019,'1192636',1702,,8854,18,,,0
28019,'1192669',802,,8855,18,,,0
28019,'1192750',2002,,8859,18,,,0
28019,'1192830',647,,8861,18,,,0
28019,'1192878',1402,,8863,18,,,0
28019,'1192900',2302,,8864,18,,,0
28019,'1193052',717,,8865,18,,,0
28019,'1193108',1002,,8866,18,,,0
28019,'1193283',1217,,8868,18,,,0
