26029,'1190602',1216,,8654,9,,,0
26029,'1190669',2216,,8656,9,,,0
26029,'1190686',1816,,8658,9,,,0
26029,'1190727',1716,,8660,9,,,0
26029,'1190889',615,,8661,9,,,0
26029,'1190895',1916,,8662,9,,,0
26029,'1190902',2116,,8663,9,,,0
26029,'1190943',1016,,8664,9,,,0
26029,'1191009',916,,8665,9,,,0
26029,'1191080',1516,,8666,9,,,0
26029,'1191118',1446,,8667,9,,,0
26029,'1191253',2215,,8669,9,,,0
26029,'1191440',816,,8671,9,,,0
26029,'1191491',715,,8673,9,,,0
26029,'1191544',1046,,8674,9,,,0
26029,'1191695',616,,8675,9,,,0
26029,'1191702',2116,,8676,9,,,0
26029,'1191808',2316,,8677,9,,,0
26029,'1191881',1716,,8678,9,,,0
26029,'1191902',815,,8679,9,,,0
26029,'1191938',1346,,8680,9,,,0
26029,'1191972',1316,,8682,9,,,0
26029,'1192047',1516,,8684,9,,,0
26029,'1192289',1116,,8687,9,,,0
26029,'1192423',1416,,8688,9,,,0
26029,'1192540',716,,8689,9,,,0
26029,'1192618',1617,,8690,9,,,0
26029,'1192622',2315,,8691,9,,,0
26029,'1192657',1816,,8693,9,,,0
26029,'1192671',1146,,8694,9,,,0
26029,'1192730',2016,,8695,9,,,0
26029,'1192852',915,,8697,9,,,0
26029,'1192966',1246,,8700,9,,,0
26029,'1193153',1616,,8702,9,,,0
26029,'1193187',2016,,8703,9,,,0
26029,'1193205',1016,,8704,9,,,0
26029,'1193297',1916,,8706,9,,,0
