10029,'1193661',1534,,7624,31,,,0
10029,'1193662',1134,,7625,31,,,0
10029,'1193664',2034,,7626,31,,,0
10029,'1193666',1334,,7627,31,,,0
10029,'1193669',2334,,7628,31,,,0
10029,'1193670',1634,,7629,31,,,0
10029,'1193672',904,,7631,31,,,0
10029,'1193673',2134,,7632,31,,,0
10029,'1193674',1434,,7633,31,,,0
10029,'1193676',1904,,7634,31,,,0
10029,'1193677',734,,7635,31,,,0
10029,'1193684',1734,,7637,31,,,0
10029,'1193685',1034,,7638,31,,,0
10029,'1193688',934,,7639,31,,,0
10029,'1193689',804,,7640,31,,,0
10029,'1193690',2004,,7641,31,,,0
10029,'1193692',2234,,7642,31,,,0
10029,'1193693',934,,7643,31,,,0
10029,'1193694',1334,,7644,31,,,0
10029,'1193695',704,,7645,31,,,0
10029,'1193696',634,,7646,31,,,0
10029,'1193699',2104,,7647,31,,,0
10029,'1193706',834,,7650,31,,,0
10029,'1193712',1834,,7651,31,,,0
10029,'1193713',2304,,7652,31,,,0
10029,'1193716',1934,,7654,31,,,0
10029,'1193719',1434,,7655,31,,,0
10029,'1193721',1034,,7656,31,,,0
10029,'1193726',1734,,7659,31,,,0
10029,'1193727',834,,7660,31,,,0
10029,'1193728',734,,7661,31,,,0
10029,'1193736',2409,,7663,31,,,0
10029,'1193741',2204,,7664,31,,,0
10029,'1193744',1504,,7666,31,,,0
10029,'1193745',1604,,7667,31,,,0
10029,'1193746',1134,,7668,31,,,0
10029,'1193757',1234,,7673,31,,,0
10029,'1193760',1234,,7675,31,,,0
10029,'1193762',1534,,7676,31,,,0
10029,'1193763',1704,,7677,31,,,0
10029,'1193777',1804,,7681,31,,,0
10029,'1193778',1634,,7682,31,,,0
