101029,'1196911',821,,11834,66,,,0
101029,'1197033',1904,,11835,66,,,0
101029,'1197060',921,,11836,66,,,0
101029,'1197096',1104,,11837,66,,,0
101029,'1197257',1121,,11838,66,,,0
101029,'1197272',1304,,11839,66,,,0
101029,'1197326',1624,,11840,66,,,0
101029,'1197581',2104,,11841,66,,,0
101029,'1197673',1504,,11842,66,,,0
101029,'1197747',2221,,11843,66,,,0
101029,'1197977',1704,,11844,66,,,0
101029,'1198059',704,,11845,66,,,0
101029,'1198116',1104,,11846,66,,,0
101029,'1198125',904,,11847,66,,,0
101029,'1198200',1304,,11848,66,,,0
101029,'1198251',1021,,11849,66,,,0
101029,'1198346',904,,11850,66,,,0
101029,'1198498',2304,,11851,66,,,0
101029,'1198530',2304,,11852,66,,,0
101029,'1198631',1724,,11853,66,,,0
101029,'1198644',2441,,11854,66,,,0
101029,'1198710',1704,,11855,66,,,0
101029,'1198715',1821,,11856,66,,,0
101029,'1198953',2104,,11857,66,,,0
101029,'1198984',1424,,11858,66,,,0
101029,'1199108',1324,,11859,66,,,0
101029,'1199117',721,,11860,66,,,0
101029,'1199304',1904,,11861,66,,,0
101029,'1199366',1504,,11862,66,,,0
101029,'1199567',2021,,11863,66,,,0
101029,'1199585',1524,,11864,66,,,0
101029,'1199990',1324,,12786,66,,,0
101029,'1199994',1624,,12787,66,,,0
101029,'1199997',821,,12788,66,,,0
101029,'1199998',1821,,12789,66,,,0
101029,'1199999',1121,,12790,66,,,0
101029,'1200000',2441,,12791,66,,,0
101029,'1200001',721,,12792,66,,,0
101029,'1200002',1724,,12793,66,,,0
101029,'1200005',1524,,12794,66,,,0
101029,'1200007',1021,,12795,66,,,0
101029,'1200010',1424,,12796,66,,,0
101029,'1200012',2021,,12797,66,,,0
101029,'1200016',2221,,12798,66,,,0
101029,'1200017',921,,12799,66,,,0
