103029,'1196853',1444,,11989,19,,,0
103029,'1196867',1314,,11990,19,,,0
103029,'1196892',1744,,11991,19,,,0
103029,'1196973',1736,,11992,19,,,0
103029,'1197031',1408,,11993,19,,,0
103029,'1197085',2044,,11994,19,,,0
103029,'1197108',1914,,11995,19,,,0
103029,'1197233',1005,,11996,19,,,0
103029,'1197315',1238,,11997,19,,,0
103029,'1197321',1108,,11998,19,,,0
103029,'1197346',1436,,11999,19,,,0
103029,'1197499',1837,,12000,19,,,0
103029,'1197743',808,,12001,19,,,0
103029,'1197784',938,,12002,19,,,0
103029,'1197852',1306,,12003,19,,,0
103029,'1198282',1136,,12004,19,,,0
103029,'1198444',1538,,12005,19,,,0
103029,'1198568',705,,12006,19,,,0
103029,'1198723',2007,,12007,19,,,0
103029,'1198855',835,,12008,19,,,0
103029,'1198880',1521,,12009,19,,,0
103029,'1198882',638,,12010,19,,,0
103029,'1198911',2137,,12011,19,,,0
103029,'1198914',1651,,12012,19,,,0
103029,'1198921',844,,12013,19,,,0
103029,'1198928',750,,12014,19,,,0
103029,'1198990',920,,12015,19,,,0
103029,'1199021',1614,,12016,19,,,0
103029,'1199109',2307,,12017,19,,,0
103029,'1199145',2214,,12018,19,,,0
103029,'1199146',1144,,12019,19,,,0
103029,'1199172',2205,,12020,19,,,0
103029,'1199215',2335,,12021,19,,,0
103029,'1199475',1905,,12022,19,,,0
103029,'1199565',1014,,12023,19,,,0
103029,'1199579',1606,,12024,19,,,0
103029,'1199581',2035,,12025,19,,,0
103029,'1199593',1708,,12026,19,,,0
