2019,'1196937',917,,9945,3,,,0
2019,'1196952',1917,,9946,3,,,0
2019,'1196959',717,,9947,3,,,0
2019,'1196966',1002,,9948,3,,,0
2019,'1196990',917,,9949,3,,,0
2019,'1196992',1648,,9950,3,,,0
2019,'1196993',2047,,9951,3,,,0
2019,'1197022',1317,,9952,3,,,0
2019,'1197046',2347,,9953,3,,,0
2019,'1197068',1202,,9954,3,,,0
2019,'1197140',817,,9955,3,,,0
2019,'1197142',2217,,9956,3,,,0
2019,'1197156',647,,9957,3,,,0
2019,'1197159',1233,,9958,3,,,0
2019,'1197165',1302,,9959,3,,,0
2019,'1197200',2032,,9960,3,,,0
2019,'1197205',2317,,9961,3,,,0
2019,'1197230',1548,,9962,3,,,0
2019,'1197258',1518,,9963,3,,,0
2019,'1197273',1817,,9964,3,,,0
2019,'1197277',1002,,9965,3,,,0
2019,'1197304',2017,,9966,3,,,0
2019,'1197311',1748,,9967,3,,,0
2019,'1197384',832,,9968,3,,,0
2019,'1197388',1502,,9969,3,,,0
2019,'1197409',1348,,9970,3,,,0
2019,'1197517',1533,,9971,3,,,0
2019,'1197526',1132,,9972,3,,,0
2019,'1197532',1217,,9973,3,,,0
2019,'1197541',1802,,9974,3,,,0
2019,'1197604',1932,,9975,3,,,0
2019,'1197630',1218,,9976,3,,,0
2019,'1197631',1732,,9977,3,,,0
2019,'1197670',932,,9978,3,,,0
2019,'1197671',1333,,9979,3,,,0
2019,'1197694',1902,,9980,3,,,0
2019,'1197780',1017,,9981,3,,,0
2019,'1197798',1832,,9982,3,,,0
2019,'1197818',1417,,9983,3,,,0
2019,'1197842',1248,,9984,3,,,0
2019,'1197864',2117,,9985,3,,,0
2019,'1197879',1402,,9986,3,,,0
2019,'1197881',1017,,9987,3,,,0
2019,'1197904',847,,9988,3,,,0
2019,'1197931',1147,,9989,3,,,0
2019,'1197939',1503,,9990,3,,,0
2019,'1197952',2352,,9991,3,,,0
2019,'1197970',917,,9992,3,,,0
2019,'1197994',1117,,9993,3,,,0
2019,'1198000',702,,9994,3,,,0
2019,'1198018',717,,9995,3,,,0
2019,'1198034',802,,9996,3,,,0
2019,'1198058',1603,,9997,3,,,0
2019,'1198063',1633,,9998,3,,,0
2019,'1198138',1632,,9999,3,,,0
2019,'1198180',1032,,10000,3,,,0
2019,'1198182',1203,,10001,3,,,0
2019,'1198197',2217,,10002,3,,,0
2019,'1198230',2102,,10003,3,,,0
2019,'1198247',1448,,10004,3,,,0
2019,'1198270',1917,,10005,3,,,0
2019,'1198273',732,,10006,3,,,0
2019,'1198286',747,,10007,3,,,0
2019,'1198328',1718,,10008,3,,,0
2019,'1198379',1733,,10010,3,,,0
2019,'1198387',1532,,10011,3,,,0
2019,'1198392',1132,,10012,3,,,0
2019,'1198443',2002,,10013,3,,,0
2019,'1198453',2132,,10014,3,,,0
2019,'1198468',1232,,10015,3,,,0
2019,'1198483',1717,,10016,3,,,0
2019,'1198564',1102,,10017,3,,,0
2019,'1198584',2302,,10018,3,,,0
2019,'1198637',1618,,10019,3,,,0
2019,'1198722',1517,,10020,3,,,0
2019,'1198740',902,,10021,3,,,0
2019,'1198744',1832,,10022,3,,,0
2019,'1198846',832,,10023,3,,,0
2019,'1198873',632,,10024,3,,,0
2019,'1198904',1332,,10025,3,,,0
2019,'1198940',2202,,10026,3,,,0
2019,'1199047',1303,,10027,3,,,0
2019,'1199073',1702,,10028,3,,,0
2019,'1199085',2132,,10029,3,,,0
2019,'1199096',1432,,10030,3,,,0
2019,'1199176',1032,,10031,3,,,0
2019,'1199234',2002,,10032,3,,,0
2019,'1199238',702,,10033,3,,,0
2019,'1199242',1117,,10034,3,,,0
2019,'1199272',947,,10035,3,,,0
2019,'1199326',2302,,10036,3,,,0
2019,'1199327',1403,,10037,3,,,0
2019,'1199334',1617,,10038,3,,,0
2019,'1199352',1703,,10039,3,,,0
2019,'1199368',1433,,10040,3,,,0
2019,'1199372',1802,,10041,3,,,0
2019,'1199378',1418,,10042,3,,,0
2019,'1199438',1047,,10043,3,,,0
2019,'1199439',747,,10044,3,,,0
2019,'1199485',1318,,10045,3,,,0
2019,'1199505',817,,10046,3,,,0
2019,'1199525',2232,,10047,3,,,0
2019,'1199540',1102,,10048,3,,,0
2019,'1199630',2332,,10049,3,,,0
2019,'1199652',1602,,10050,3,,,0
12029,'1196881',1118,,10722,3,,,0
12029,'1196886',1648,,10723,3,,,0
12029,'1196921',818,,10724,3,,,0
12029,'1196925',1618,,10725,3,,,0
12029,'1197005',2353,,10726,3,,,0
12029,'1197009',2318,,10727,3,,,0
12029,'1197092',1748,,10728,3,,,0
12029,'1197112',848,,10729,3,,,0
12029,'1197136',2248,,10730,3,,,0
12029,'1197164',718,,10731,3,,,0
12029,'1197202',1518,,10732,3,,,0
12029,'1197246',1348,,10733,3,,,0
12029,'1197415',1048,,10734,3,,,0
12029,'1197416',1518,,10735,3,,,0
12029,'1197484',1918,,10736,3,,,0
12029,'1197496',2148,,10737,3,,,0
12029,'1197608',1148,,10738,3,,,0
12029,'1197678',1818,,10739,3,,,0
12029,'1197742',1318,,10740,3,,,0
12029,'1197777',2318,,10741,3,,,0
12029,'1197790',2218,,10742,3,,,0
12029,'1197947',1718,,10743,3,,,0
12029,'1198008',1348,,10744,3,,,0
12029,'1198017',1848,,10745,3,,,0
12029,'1198020',1718,,10746,3,,,0
12029,'1198024',918,,10747,3,,,0
12029,'1198092',1818,,10748,3,,,0
12029,'1198139',1548,,10749,3,,,0
12029,'1198185',1148,,10750,3,,,0
12029,'1198205',818,,10751,3,,,0
12029,'1198239',948,,10752,3,,,0
12029,'1198318',718,,10753,3,,,0
12029,'1198336',1118,,10754,3,,,0
12029,'1198360',1018,,10755,3,,,0
12029,'1198400',718,,10756,3,,,0
12029,'1198511',2218,,10757,3,,,0
12029,'1198528',1518,,10758,3,,,0
12029,'1198538',1418,,10759,3,,,0
12029,'1198556',2048,,10760,3,,,0
12029,'1198681',1918,,10761,3,,,0
12029,'1198731',2018,,10762,3,,,0
12029,'1198732',1318,,10763,3,,,0
12029,'1198745',2118,,10764,3,,,0
12029,'1198748',918,,10765,3,,,0
12029,'1198775',1018,,10766,3,,,0
12029,'1198818',1718,,10767,3,,,0
12029,'1198856',1118,,10768,3,,,0
12029,'1198877',1248,,10769,3,,,0
12029,'1198898',818,,10770,3,,,0
12029,'1198947',618,,10771,3,,,0
12029,'1198959',1218,,10772,3,,,0
12029,'1198976',1648,,10773,3,,,0
12029,'1199093',1448,,10774,3,,,0
12029,'1199207',1448,,10775,3,,,0
12029,'1199281',1318,,10776,3,,,0
12029,'1199325',1618,,10777,3,,,0
12029,'1199340',1048,,10778,3,,,0
12029,'1199357',1418,,10779,3,,,0
12029,'1199382',748,,10780,3,,,0
12029,'1199384',918,,10781,3,,,0
12029,'1199423',1948,,10782,3,,,0
12029,'1199437',1418,,10783,3,,,0
12029,'1199445',2018,,10784,3,,,0
12029,'1199457',1618,,10785,3,,,0
12029,'1199487',1018,,10786,3,,,0
12029,'1199500',648,,10787,3,,,0
12029,'1199501',1548,,10788,3,,,0
12029,'1199531',1218,,10789,3,,,0
12029,'1199556',2118,,10790,3,,,0
12029,'1199590',1248,,10791,3,,,0
12029,'1199639',1218,,10792,3,,,0
