2019,'1196937',916,,9945,2,,,0
2019,'1196952',1916,,9946,2,,,0
2019,'1196959',716,,9947,2,,,0
2019,'1196966',1001,,9948,2,,,0
2019,'1196990',916,,9949,2,,,0
2019,'1196992',1647,,9950,2,,,0
2019,'1196993',2046,,9951,2,,,0
2019,'1197022',1316,,9952,2,,,0
2019,'1197046',2346,,9953,2,,,0
2019,'1197068',1201,,9954,2,,,0
2019,'1197140',816,,9955,2,,,0
2019,'1197142',2216,,9956,2,,,0
2019,'1197156',646,,9957,2,,,0
2019,'1197159',1232,,9958,2,,,0
2019,'1197165',1301,,9959,2,,,0
2019,'1197200',2031,,9960,2,,,0
2019,'1197205',2316,,9961,2,,,0
2019,'1197230',1547,,9962,2,,,0
2019,'1197258',1517,,9963,2,,,0
2019,'1197273',1816,,9964,2,,,0
2019,'1197277',1001,,9965,2,,,0
2019,'1197304',2016,,9966,2,,,0
2019,'1197311',1747,,9967,2,,,0
2019,'1197384',831,,9968,2,,,0
2019,'1197388',1501,,9969,2,,,0
2019,'1197409',1347,,9970,2,,,0
2019,'1197517',1532,,9971,2,,,0
2019,'1197526',1131,,9972,2,,,0
2019,'1197532',1216,,9973,2,,,0
2019,'1197541',1801,,9974,2,,,0
2019,'1197604',1931,,9975,2,,,0
2019,'1197630',1217,,9976,2,,,0
2019,'1197631',1731,,9977,2,,,0
2019,'1197670',931,,9978,2,,,0
2019,'1197671',1332,,9979,2,,,0
2019,'1197694',1901,,9980,2,,,0
2019,'1197780',1016,,9981,2,,,0
2019,'1197798',1831,,9982,2,,,0
2019,'1197818',1416,,9983,2,,,0
2019,'1197842',1247,,9984,2,,,0
2019,'1197864',2116,,9985,2,,,0
2019,'1197879',1401,,9986,2,,,0
2019,'1197881',1016,,9987,2,,,0
2019,'1197904',846,,9988,2,,,0
2019,'1197931',1146,,9989,2,,,0
2019,'1197939',1502,,9990,2,,,0
2019,'1197952',2351,,9991,2,,,0
2019,'1197970',916,,9992,2,,,0
2019,'1197994',1116,,9993,2,,,0
2019,'1198000',701,,9994,2,,,0
2019,'1198018',716,,9995,2,,,0
2019,'1198034',801,,9996,2,,,0
2019,'1198058',1602,,9997,2,,,0
2019,'1198063',1632,,9998,2,,,0
2019,'1198138',1631,,9999,2,,,0
2019,'1198180',1031,,10000,2,,,0
2019,'1198182',1202,,10001,2,,,0
2019,'1198197',2216,,10002,2,,,0
2019,'1198230',2101,,10003,2,,,0
2019,'1198247',1447,,10004,2,,,0
2019,'1198270',1916,,10005,2,,,0
2019,'1198273',731,,10006,2,,,0
2019,'1198286',746,,10007,2,,,0
2019,'1198328',1717,,10008,2,,,0
2019,'1198379',1732,,10010,2,,,0
2019,'1198387',1531,,10011,2,,,0
2019,'1198392',1131,,10012,2,,,0
2019,'1198443',2001,,10013,2,,,0
2019,'1198453',2131,,10014,2,,,0
2019,'1198468',1231,,10015,2,,,0
2019,'1198483',1716,,10016,2,,,0
2019,'1198564',1101,,10017,2,,,0
2019,'1198584',2301,,10018,2,,,0
2019,'1198637',1617,,10019,2,,,0
2019,'1198722',1516,,10020,2,,,0
2019,'1198740',901,,10021,2,,,0
2019,'1198744',1831,,10022,2,,,0
2019,'1198846',831,,10023,2,,,0
2019,'1198873',631,,10024,2,,,0
2019,'1198904',1331,,10025,2,,,0
2019,'1198940',2201,,10026,2,,,0
2019,'1199047',1302,,10027,2,,,0
2019,'1199073',1701,,10028,2,,,0
2019,'1199085',2131,,10029,2,,,0
2019,'1199096',1431,,10030,2,,,0
2019,'1199176',1031,,10031,2,,,0
2019,'1199234',2001,,10032,2,,,0
2019,'1199238',701,,10033,2,,,0
2019,'1199242',1116,,10034,2,,,0
2019,'1199272',946,,10035,2,,,0
2019,'1199326',2301,,10036,2,,,0
2019,'1199327',1402,,10037,2,,,0
2019,'1199334',1616,,10038,2,,,0
2019,'1199352',1702,,10039,2,,,0
2019,'1199368',1432,,10040,2,,,0
2019,'1199372',1801,,10041,2,,,0
2019,'1199378',1417,,10042,2,,,0
2019,'1199438',1046,,10043,2,,,0
2019,'1199439',746,,10044,2,,,0
2019,'1199485',1317,,10045,2,,,0
2019,'1199505',816,,10046,2,,,0
2019,'1199525',2231,,10047,2,,,0
2019,'1199540',1101,,10048,2,,,0
2019,'1199630',2331,,10049,2,,,0
2019,'1199652',1601,,10050,2,,,0
12029,'1196881',1117,,10722,2,,,0
12029,'1196886',1647,,10723,2,,,0
12029,'1196921',817,,10724,2,,,0
12029,'1196925',1617,,10725,2,,,0
12029,'1197005',2352,,10726,2,,,0
12029,'1197009',2317,,10727,2,,,0
12029,'1197092',1747,,10728,2,,,0
12029,'1197112',847,,10729,2,,,0
12029,'1197136',2247,,10730,2,,,0
12029,'1197164',717,,10731,2,,,0
12029,'1197202',1517,,10732,2,,,0
12029,'1197246',1347,,10733,2,,,0
12029,'1197415',1047,,10734,2,,,0
12029,'1197416',1517,,10735,2,,,0
12029,'1197484',1917,,10736,2,,,0
12029,'1197496',2147,,10737,2,,,0
12029,'1197608',1147,,10738,2,,,0
12029,'1197678',1817,,10739,2,,,0
12029,'1197742',1317,,10740,2,,,0
12029,'1197777',2317,,10741,2,,,0
12029,'1197790',2217,,10742,2,,,0
12029,'1197947',1717,,10743,2,,,0
12029,'1198008',1347,,10744,2,,,0
12029,'1198017',1847,,10745,2,,,0
12029,'1198020',1717,,10746,2,,,0
12029,'1198024',917,,10747,2,,,0
12029,'1198092',1817,,10748,2,,,0
12029,'1198139',1547,,10749,2,,,0
12029,'1198185',1147,,10750,2,,,0
12029,'1198205',817,,10751,2,,,0
12029,'1198239',947,,10752,2,,,0
12029,'1198318',717,,10753,2,,,0
12029,'1198336',1117,,10754,2,,,0
12029,'1198360',1017,,10755,2,,,0
12029,'1198400',717,,10756,2,,,0
12029,'1198511',2217,,10757,2,,,0
12029,'1198528',1517,,10758,2,,,0
12029,'1198538',1417,,10759,2,,,0
12029,'1198556',2047,,10760,2,,,0
12029,'1198681',1917,,10761,2,,,0
12029,'1198731',2017,,10762,2,,,0
12029,'1198732',1317,,10763,2,,,0
12029,'1198745',2117,,10764,2,,,0
12029,'1198748',917,,10765,2,,,0
12029,'1198775',1017,,10766,2,,,0
12029,'1198818',1717,,10767,2,,,0
12029,'1198856',1117,,10768,2,,,0
12029,'1198877',1247,,10769,2,,,0
12029,'1198898',817,,10770,2,,,0
12029,'1198947',617,,10771,2,,,0
12029,'1198959',1217,,10772,2,,,0
12029,'1198976',1647,,10773,2,,,0
12029,'1199093',1447,,10774,2,,,0
12029,'1199207',1447,,10775,2,,,0
12029,'1199281',1317,,10776,2,,,0
12029,'1199325',1617,,10777,2,,,0
12029,'1199340',1047,,10778,2,,,0
12029,'1199357',1417,,10779,2,,,0
12029,'1199382',747,,10780,2,,,0
12029,'1199384',917,,10781,2,,,0
12029,'1199423',1947,,10782,2,,,0
12029,'1199437',1417,,10783,2,,,0
12029,'1199445',2017,,10784,2,,,0
12029,'1199457',1617,,10785,2,,,0
12029,'1199487',1017,,10786,2,,,0
12029,'1199500',647,,10787,2,,,0
12029,'1199501',1547,,10788,2,,,0
12029,'1199531',1217,,10789,2,,,0
12029,'1199556',2117,,10790,2,,,0
12029,'1199590',1247,,10791,2,,,0
12029,'1199639',1217,,10792,2,,,0
27029,'1196843',1901,,11585,2,,,0
27029,'1196859',2101,,11586,2,,,0
27029,'1196865',846,,11587,2,,,0
27029,'1196870',731,,11588,2,,,0
27029,'1196893',1846,,11589,2,,,0
27029,'1196942',1331,,11590,2,,,0
27029,'1196964',1031,,11591,2,,,0
27029,'1197001',946,,11592,2,,,0
27029,'1197057',1231,,11593,2,,,0
27029,'1197063',2246,,11594,2,,,0
27029,'1197118',1046,,11595,2,,,0
27029,'1197126',2301,,11596,2,,,0
27029,'1197166',2201,,11597,2,,,0
27029,'1197167',1931,,11598,2,,,0
27029,'1197214',1431,,11599,2,,,0
27029,'1197280',1131,,11600,2,,,0
27029,'1197364',2146,,11601,2,,,0
27029,'1197383',1346,,11602,2,,,0
27029,'1197443',1831,,11603,2,,,0
27029,'1197521',1631,,11604,2,,,0
27029,'1197550',1331,,11605,2,,,0
27029,'1197552',2031,,11606,2,,,0
27029,'1197559',731,,11607,2,,,0
27029,'1197626',1531,,11608,2,,,0
27029,'1197628',931,,11609,2,,,0
27029,'1197674',1946,,11610,2,,,0
27029,'1197691',1746,,11611,2,,,0
27029,'1197744',2331,,11612,2,,,0
27029,'1197837',1246,,11613,2,,,0
27029,'1198123',2046,,11614,2,,,0
27029,'1198136',1431,,11615,2,,,0
27029,'1198179',631,,11616,2,,,0
27029,'1198240',831,,11617,2,,,0
27029,'1198277',1131,,11618,2,,,0
27029,'1198367',2001,,11619,2,,,0
27029,'1198569',1731,,11620,2,,,0
27029,'1198593',931,,11621,2,,,0
27029,'1198736',631,,11622,2,,,0
27029,'1198833',1631,,11623,2,,,0
27029,'1198915',1231,,11624,2,,,0
27029,'1199039',1646,,11625,2,,,0
27029,'1199051',2131,,11626,2,,,0
27029,'1199087',1731,,11627,2,,,0
27029,'1199141',1146,,11628,2,,,0
27029,'1199160',1531,,11629,2,,,0
27029,'1199187',1831,,11630,2,,,0
27029,'1199254',746,,11631,2,,,0
27029,'1199263',1031,,11632,2,,,0
27029,'1199429',831,,11633,2,,,0
27029,'1199527',1446,,11634,2,,,0
27029,'1199570',2231,,11635,2,,,0
27029,'1199640',1546,,11636,2,,,0
