11019,'1196876',1455,,10448,14,,,0
11019,'1196884',1254,,10449,18,,,0
11019,'1196914',1137,,10450,18,,,0
11019,'1196958',757,,10451,18,,,0
11019,'1197000',1255,,10452,14,,,0
11019,'1197070',1855,,10453,14,,,0
11019,'1197071',1836,,10454,18,,,0
11019,'1197114',922,,10455,18,,,0
11019,'1197185',2255,,10456,14,,,0
11019,'1197191',1454,,10457,18,,,0
11019,'1197229',1409,,10458,18,,,0
11019,'1197234',1708,,10459,18,,,0
11019,'1197264',1739,,10460,18,,,0
11019,'1197274',937,,10461,18,,,0
11019,'1197327',1338,,10462,18,,,0
11019,'1197343',737,,10463,18,,,0
11019,'1197351',1555,,10464,14,,,0
11019,'1197398',1824,,10465,18,,,0
11019,'1197412',2306,,10466,18,,,0
11019,'1197422',1639,,10467,18,,,0
11019,'1197446',2355,,10468,14,,,0
11019,'1197463',707,,10469,18,,,0
11019,'1197502',622,,10470,18,,,0
11019,'1197519',752,,10471,18,,,0
11019,'1197564',2257,,10472,18,,,0
11019,'1197573',1355,,10473,14,,,0
11019,'1197695',1107,,10474,18,,,0
11019,'1197696',807,,10475,18,,,0
11019,'1197753',855,,10476,14,,,0
11019,'1197763',1524,,10477,18,,,0
11019,'1197795',2036,,10478,18,,,0
11019,'1197832',1624,,10479,18,,,0
11019,'1197875',2423,,10480,18,,,0
11019,'1197917',2357,,10481,18,,,0
11019,'1197925',1122,,10482,18,,,0
11019,'1197934',1538,,10483,18,,,0
11019,'1197978',1906,,10484,18,,,0
11019,'1197990',1438,,10485,18,,,0
11019,'1198012',852,,10486,18,,,0
11019,'1198053',957,,10487,18,,,0
11019,'1198076',2006,,10488,18,,,0
11019,'1198113',2106,,10489,18,,,0
11019,'1198146',2236,,10490,18,,,0
11019,'1198266',1957,,10491,18,,,0
11019,'1198296',1655,,10492,14,,,0
11019,'1198337',907,,10493,18,,,0
11019,'1198341',1157,,10494,18,,,0
11019,'1198362',2155,,10495,14,,,0
11019,'1198405',1857,,10496,18,,,0
11019,'1198419',1509,,10497,18,,,0
11019,'1198470',1309,,10498,18,,,0
11019,'1198493',1809,,10499,18,,,0
11019,'1198506',1057,,10500,18,,,0
11019,'1198543',1022,,10501,18,,,0
11019,'1198548',1609,,10502,18,,,0
11019,'1198573',1152,,10503,18,,,0
11019,'1198590',1955,,10504,14,,,0
11019,'1198610',1554,,10505,18,,,0
11019,'1198623',657,,10506,18,,,0
11019,'1198660',1308,,10507,18,,,0
11019,'1198662',1755,,10508,14,,,0
11019,'1198696',1439,,10509,18,,,0
11019,'1198771',1508,,10510,18,,,0
11019,'1198808',952,,10511,18,,,0
11019,'1198843',2055,,10512,14,,,0
11019,'1198927',1052,,10513,18,,,0
11019,'1198951',1724,,10514,18,,,0
11019,'1198978',1936,,10515,18,,,0
11019,'1199022',1237,,10516,18,,,0
11019,'1199024',2157,,10517,18,,,0
11019,'1199026',2206,,10518,18,,,0
11019,'1199059',1608,,10519,18,,,0
11019,'1199060',1354,,10520,18,,,0
11019,'1199064',1808,,10521,18,,,0
11019,'1199091',755,,10522,14,,,0
11019,'1199100',2136,,10523,18,,,0
11019,'1199118',1709,,10524,18,,,0
11019,'1199132',652,,10525,18,,,0
11019,'1199143',1738,,10526,18,,,0
11019,'1199154',1424,,10527,18,,,0
11019,'1199177',1654,,10528,18,,,0
11019,'1199180',2057,,10529,18,,,0
11019,'1199214',722,,10530,18,,,0
11019,'1199225',1539,,10531,18,,,0
11019,'1199227',1155,,10532,14,,,0
11019,'1199229',1408,,10533,18,,,0
11019,'1199253',955,,10534,14,,,0
11019,'1199301',2333,,10535,18,,,0
11019,'1199306',1055,,10536,14,,,0
11019,'1199370',1754,,10537,18,,,0
11019,'1199376',837,,10538,18,,,0
11019,'1199394',857,,10539,18,,,0
11019,'1199403',822,,10540,18,,,0
11019,'1199410',1207,,10541,18,,,0
11019,'1199462',2403,,10542,18,,,0
11019,'1199476',1007,,10543,18,,,0
11019,'1199496',1324,,10544,18,,,0
11019,'1199508',1222,,10545,18,,,0
11019,'1199591',1638,,10546,18,,,0
11019,'1199603',1239,,10547,18,,,0
11019,'1199619',1037,,10548,18,,,0
11019,'1199623',1339,,10549,18,,,0
11029,'1199774',1530,,10550,18,,,0
11029,'1199777',944,,10551,18,,,0
11029,'1199778',1330,,10552,18,,,0
11029,'1199779',2329,,10553,18,,,0
11029,'1199780',1228,,10554,18,,,0
11029,'1199781',1144,,10555,18,,,0
11029,'1199782',1645,,10556,18,,,0
11029,'1199783',2228,,10557,18,,,0
11029,'1199785',1329,,10558,18,,,0
11029,'1199786',814,,10559,18,,,0
11029,'1199787',1630,,10560,18,,,0
11029,'1199788',1600,,10561,18,,,0
11029,'1199789',1445,,10562,18,,,0
11029,'1199790',1459,,10563,18,,,0
11029,'1199791',1129,,10564,18,,,0
11029,'1199792',1545,,10565,18,,,0
11029,'1199793',2344,,10566,18,,,0
11029,'1199794',829,,10567,18,,,0
11029,'1199795',1500,,10568,18,,,0
11029,'1199796',1159,,10569,18,,,0
11029,'1199797',1800,,10570,18,,,0
11029,'1199799',744,,10571,18,,,0
11029,'1199800',1715,,10572,18,,,0
11029,'1199804',929,,10573,18,,,0
11029,'1199808',1028,,10574,18,,,0
11029,'1199809',1730,,10575,18,,,0
11029,'1199810',1059,,10576,18,,,0
11029,'1199811',1044,,10577,18,,,0
11029,'1199812',1559,,10578,18,,,0
11029,'1199813',2328,,10579,18,,,0
11029,'1199814',1230,,10580,18,,,0
11029,'1199815',1629,,10581,18,,,0
11029,'1199816',1159,,10582,18,,,0
11029,'1199818',729,,10583,18,,,0
11029,'1199819',1129,,10584,18,,,0
11029,'1199820',1745,,10585,18,,,0
11029,'1199821',1529,,10586,18,,,0
11029,'1199823',1259,,10587,18,,,0
11029,'1199825',2029,,10588,18,,,0
11029,'1199826',2404,,10589,18,,,0
11029,'1199828',1415,,10590,18,,,0
11029,'1199830',1315,,10591,18,,,0
11029,'1199831',2014,,10592,18,,,0
11029,'1199834',644,,10593,18,,,0
11029,'1199836',759,,10594,18,,,0
11029,'1199838',1515,,10595,18,,,0
11029,'1199839',728,,10596,18,,,0
11029,'1199843',1345,,10597,18,,,0
11029,'1199844',2028,,10598,18,,,0
11029,'1199846',1430,,10599,18,,,0
11029,'1199847',928,,10600,18,,,0
11029,'1199848',914,,10601,18,,,0
11029,'1199849',2128,,10602,18,,,0
11029,'1199850',1528,,10603,18,,,0
11029,'1199852',714,,10604,18,,,0
11029,'1199853',959,,10605,18,,,0
11029,'1199854',844,,10606,18,,,0
11029,'1199855',1628,,10607,18,,,0
11029,'1199856',2129,,10608,18,,,0
11029,'1199858',1615,,10609,18,,,0
11029,'1199860',1029,,10610,18,,,0
11029,'1199862',1944,,10611,18,,,0
11029,'1199863',829,,10612,18,,,0
11029,'1199864',1215,,10613,18,,,0
11029,'1199865',1729,,10614,18,,,0
11029,'1199866',1229,,10615,18,,,0
11029,'1199867',2044,,10616,18,,,0
11029,'1199869',1429,,10617,18,,,0
11029,'1199870',1328,,10618,18,,,0
11029,'1199871',1359,,10619,18,,,0
11029,'1199873',2214,,10620,18,,,0
11029,'1199874',1114,,10621,18,,,0
11029,'1199875',1014,,10622,18,,,0
11029,'1199876',659,,10623,18,,,0
11029,'1199877',1728,,10624,18,,,0
11029,'1199878',1700,,10625,18,,,0
11029,'1199881',1829,,10626,18,,,0
11029,'1199882',1914,,10627,18,,,0
11029,'1199883',1128,,10628,18,,,0
11029,'1199884',1928,,10629,18,,,0
11029,'1199886',1929,,10630,18,,,0
11029,'1199889',729,,10631,18,,,0
11029,'1199890',2114,,10632,18,,,0
11029,'1199891',2229,,10633,18,,,0
11029,'1199892',1828,,10634,18,,,0
11029,'1199893',1029,,10635,18,,,0
11029,'1199898',859,,10636,18,,,0
11029,'1199899',1844,,10637,18,,,0
11029,'1199902',1814,,10638,18,,,0
11029,'1199903',929,,10639,18,,,0
11029,'1199904',1659,,10640,18,,,0
11029,'1199906',629,,10641,18,,,0
11029,'1199907',2314,,10642,18,,,0
11029,'1199910',2244,,10643,18,,,0
11029,'1199911',2144,,10644,18,,,0
11029,'1199912',1400,,10645,18,,,0
11029,'1199913',1245,,10646,18,,,0
11029,'1199914',1300,,10647,18,,,0
11029,'1199919',828,,10648,18,,,0
11029,'1199920',1428,,10649,18,,,0
