105029,'1196840',2319,,12163,59,,,0
105029,'1196987',1034,,12164,59,,,0
105029,'1196996',1707,,12165,59,,,0
105029,'1197020',1549,,12166,59,,,0
105029,'1197097',1807,,12167,59,,,0
105029,'1197137',2032,,12168,59,,,0
105029,'1197220',2019,,12169,59,,,0
105029,'1197228',1522,,12170,59,,,0
105029,'1197231',749,,12171,59,,,0
105029,'1197439',1149,,12172,59,,,0
105029,'1197501',1949,,12173,59,,,0
105029,'1197522',2149,,12174,59,,,0
105029,'1197561',1022,,12175,59,,,0
105029,'1197638',949,,12176,59,,,0
105029,'1197840',2119,,12177,59,,,0
105029,'1197853',2219,,12178,59,,,0
105029,'1197918',1849,,12179,59,,,0
105029,'1197968',2349,,12180,59,,,0
105029,'1198013',1349,,12181,59,,,0
105029,'1198037',1122,,12182,59,,,0
105029,'1198064',1834,,12183,59,,,0
105029,'1198187',1234,,12184,59,,,0
105029,'1198214',1749,,12185,59,,,0
105029,'1198417',1334,,12186,59,,,0
105029,'1198447',1737,,12187,59,,,0
105029,'1198529',1534,,12188,59,,,0
105029,'1198616',719,,12189,59,,,0
105029,'1198625',1637,,12190,59,,,0
105029,'1198711',1337,,12191,59,,,0
105029,'1198718',1552,,12192,59,,,0
105029,'1198725',1734,,12193,59,,,0
105029,'1198779',832,,12194,59,,,0
105029,'1198918',1434,,12195,59,,,0
105029,'1198922',2424,,12196,59,,,0
105029,'1198923',649,,12197,59,,,0
105029,'1199012',632,,12198,59,,,0
105029,'1199037',1422,,12199,59,,,0
105029,'1199107',1452,,12200,59,,,0
105029,'1199124',2432,,12201,59,,,0
105029,'1199144',1237,,12202,59,,,0
105029,'1199148',749,,12203,59,,,0
105029,'1199220',1134,,12204,59,,,0
105029,'1199470',2232,,12205,59,,,0
105029,'1199473',919,,12206,59,,,0
105029,'1199604',819,,12207,59,,,0
105029,'1199607',1634,,12208,59,,,0
