11029,'1199774',1525,,10550,16,,,0
11029,'1199777',939,,10551,16,,,0
11029,'1199778',1325,,10552,16,,,0
11029,'1199779',2324,,10553,16,,,0
11029,'1199780',1224,,10554,16,,,0
11029,'1199781',1139,,10555,16,,,0
11029,'1199782',1640,,10556,16,,,0
11029,'1199783',2224,,10557,16,,,0
11029,'1199785',1324,,10558,16,,,0
11029,'1199786',809,,10559,16,,,0
11029,'1199787',1625,,10560,16,,,0
11029,'1199788',1555,,10561,16,,,0
11029,'1199789',1440,,10562,16,,,0
11029,'1199790',1454,,10563,16,,,0
11029,'1199791',1124,,10564,16,,,0
11029,'1199792',1540,,10565,16,,,0
11029,'1199793',2339,,10566,16,,,0
11029,'1199794',824,,10567,16,,,0
11029,'1199795',1455,,10568,16,,,0
11029,'1199796',1154,,10569,16,,,0
11029,'1199797',1755,,10570,16,,,0
11029,'1199799',739,,10571,16,,,0
11029,'1199800',1710,,10572,16,,,0
11029,'1199804',924,,10573,16,,,0
11029,'1199808',1024,,10574,16,,,0
11029,'1199809',1725,,10575,16,,,0
11029,'1199810',1054,,10576,16,,,0
11029,'1199811',1039,,10577,16,,,0
11029,'1199812',1554,,10578,16,,,0
11029,'1199813',2324,,10579,16,,,0
11029,'1199814',1225,,10580,16,,,0
11029,'1199815',1624,,10581,16,,,0
11029,'1199816',1154,,10582,16,,,0
11029,'1199818',724,,10583,16,,,0
11029,'1199819',1124,,10584,16,,,0
11029,'1199820',1740,,10585,16,,,0
11029,'1199821',1524,,10586,16,,,0
11029,'1199823',1254,,10587,16,,,0
11029,'1199825',2024,,10588,16,,,0
11029,'1199826',2359,,10589,16,,,0
11029,'1199828',1410,,10590,16,,,0
11029,'1199830',1310,,10591,16,,,0
11029,'1199831',2009,,10592,16,,,0
11029,'1199834',639,,10593,16,,,0
11029,'1199836',754,,10594,16,,,0
11029,'1199838',1510,,10595,16,,,0
11029,'1199839',724,,10596,16,,,0
11029,'1199843',1340,,10597,16,,,0
11029,'1199844',2024,,10598,16,,,0
11029,'1199846',1425,,10599,16,,,0
11029,'1199847',924,,10600,16,,,0
11029,'1199848',909,,10601,16,,,0
11029,'1199849',2124,,10602,16,,,0
11029,'1199850',1524,,10603,16,,,0
11029,'1199852',709,,10604,16,,,0
11029,'1199853',954,,10605,16,,,0
11029,'1199854',839,,10606,16,,,0
11029,'1199855',1624,,10607,16,,,0
11029,'1199856',2124,,10608,16,,,0
11029,'1199858',1610,,10609,16,,,0
11029,'1199860',1024,,10610,16,,,0
11029,'1199862',1939,,10611,16,,,0
11029,'1199863',824,,10612,16,,,0
11029,'1199864',1210,,10613,16,,,0
11029,'1199865',1724,,10614,16,,,0
11029,'1199866',1224,,10615,16,,,0
11029,'1199867',2039,,10616,16,,,0
11029,'1199869',1424,,10617,16,,,0
11029,'1199870',1324,,10618,16,,,0
11029,'1199871',1354,,10619,16,,,0
11029,'1199873',2209,,10620,16,,,0
11029,'1199874',1109,,10621,16,,,0
11029,'1199875',1009,,10622,16,,,0
11029,'1199876',654,,10623,16,,,0
11029,'1199877',1724,,10624,16,,,0
11029,'1199878',1655,,10625,16,,,0
11029,'1199881',1824,,10626,16,,,0
11029,'1199882',1909,,10627,16,,,0
11029,'1199883',1124,,10628,16,,,0
11029,'1199884',1924,,10629,16,,,0
11029,'1199886',1924,,10630,16,,,0
11029,'1199889',724,,10631,16,,,0
11029,'1199890',2109,,10632,16,,,0
11029,'1199891',2224,,10633,16,,,0
11029,'1199892',1824,,10634,16,,,0
11029,'1199893',1024,,10635,16,,,0
11029,'1199898',854,,10636,16,,,0
11029,'1199899',1839,,10637,16,,,0
11029,'1199902',1809,,10638,16,,,0
11029,'1199903',924,,10639,16,,,0
11029,'1199904',1654,,10640,16,,,0
11029,'1199906',624,,10641,16,,,0
11029,'1199907',2309,,10642,16,,,0
11029,'1199910',2239,,10643,16,,,0
11029,'1199911',2139,,10644,16,,,0
11029,'1199912',1355,,10645,16,,,0
11029,'1199913',1240,,10646,16,,,0
11029,'1199914',1255,,10647,16,,,0
11029,'1199919',824,,10648,16,,,0
11029,'1199920',1424,,10649,16,,,0
