2029,'1196924',1522,,10051,22,,,0
2029,'1196985',1207,,10052,22,,,0
2029,'1196991',2250,,10053,22,,,0
2029,'1197028',2050,,10054,22,,,0
2029,'1197134',1837,,10055,22,,,0
2029,'1197139',936,,10056,22,,,0
2029,'1197143',2337,,10057,22,,,0
2029,'1197168',1622,,10058,22,,,0
2029,'1197170',652,,10059,22,,,0
2029,'1197175',1507,,10060,22,,,0
2029,'1197208',1453,,10061,22,,,0
2029,'1197209',907,,10062,22,,,0
2029,'1197218',721,,10063,22,,,0
2029,'1197261',1637,,10064,22,,,0
2029,'1197268',1707,,10065,22,,,0
2029,'1197282',651,,10066,22,,,0
2029,'1197288',2150,,10067,22,,,0
2029,'1197331',1633,,10068,22,,,0
2029,'1197332',2220,,10069,22,,,0
2029,'1197367',1433,,10070,22,,,0
2029,'1197375',906,,10071,22,,,0
2029,'1197411',1051,,10072,22,,,0
2029,'1197419',1337,,10073,22,,,0
2029,'1197430',706,,10074,22,,,0
2029,'1197437',1006,,10075,22,,,0
2029,'1197491',1403,,10076,22,,,0
2029,'1197508',806,,10077,22,,,0
2029,'1197527',1253,,10078,22,,,0
2029,'1197534',1053,,10079,22,,,0
2029,'1197599',1652,,10080,22,,,0
2029,'1197642',751,,10081,22,,,0
2029,'1197644',1822,,10082,22,,,0
2029,'1197647',951,,10083,22,,,0
2029,'1197651',2346,,10084,22,,,0
2029,'1197655',2416,,10085,22,,,0
2029,'1197665',1037,,10086,22,,,0
2029,'1197667',1953,,10087,22,,,0
2029,'1197739',1722,,10088,22,,,0
2029,'1197769',1153,,10089,22,,,0
2029,'1197800',1021,,10090,22,,,0
2029,'1197808',2020,,10091,22,,,0
2029,'1197821',753,,10092,22,,,0
2029,'1197871',821,,10093,22,,,0
2029,'1197901',851,,10094,22,,,0
2029,'1197910',1752,,10095,22,,,0
2029,'1198003',1107,,10096,22,,,0
2029,'1198023',1236,,10097,22,,,0
2029,'1198042',853,,10098,22,,,0
2029,'1198045',2253,,10099,22,,,0
2029,'1198089',921,,10100,22,,,0
2029,'1198144',1036,,10101,22,,,0
2029,'1198156',2320,,10102,22,,,0
2029,'1198168',2037,,10103,22,,,0
2029,'1198184',953,,10104,22,,,0
2029,'1198213',1422,,10105,22,,,0
2029,'1198215',1837,,10106,22,,,0
2029,'1198275',1151,,10107,22,,,0
2029,'1198291',1106,,10108,22,,,0
2029,'1198335',1950,,10109,22,,,0
2029,'1198359',1333,,10110,22,,,0
2029,'1198433',1352,,10111,22,,,0
2029,'1198455',1233,,10112,22,,,0
2029,'1198473',1803,,10113,22,,,0
2029,'1198494',1733,,10114,22,,,0
2029,'1198537',1753,,10115,22,,,0
2029,'1198581',1137,,10116,22,,,0
2029,'1198603',1553,,10117,22,,,0
2029,'1198608',952,,10118,22,,,0
2029,'1198619',2422,,10119,22,,,0
2029,'1198682',1437,,10120,22,,,0
2029,'1198743',2252,,10121,22,,,0
2029,'1198838',1353,,10122,22,,,0
2029,'1198840',1503,,10123,22,,,0
2029,'1198841',736,,10124,22,,,0
2029,'1198851',2120,,10125,22,,,0
2029,'1198854',1206,,10126,22,,,0
2029,'1198870',737,,10127,22,,,0
2029,'1198967',2353,,10128,22,,,0
2029,'1199005',1607,,10129,22,,,0
2029,'1199023',1533,,10130,22,,,0
2029,'1199042',1952,,10131,22,,,0
2029,'1199046',1850,,10132,22,,,0
2029,'1199049',1121,,10133,22,,,0
2029,'1199063',1322,,10134,22,,,0
2029,'1199099',1307,,10135,22,,,0
2029,'1199116',1737,,10136,22,,,0
2029,'1199173',1603,,10137,22,,,0
2029,'1199237',2153,,10138,22,,,0
2029,'1199240',836,,10139,22,,,0
2029,'1199269',1252,,10140,22,,,0
2029,'1199288',1552,,10141,22,,,0
2029,'1199299',2207,,10142,22,,,0
2029,'1199305',1221,,10143,22,,,0
2029,'1199316',1807,,10144,22,,,0
2029,'1199329',1653,,10145,22,,,0
2029,'1199333',822,,10146,22,,,0
2029,'1199335',1303,,10147,22,,,0
2029,'1199398',2053,,10148,22,,,0
2029,'1199466',1920,,10149,22,,,0
2029,'1199478',1853,,10150,22,,,0
2029,'1199484',1537,,10151,22,,,0
2029,'1199542',2436,,10152,22,,,0
2029,'1199552',1407,,10153,22,,,0
2029,'1199560',1907,,10154,22,,,0
2029,'1199580',2122,,10155,22,,,0
2029,'1199620',1452,,10156,22,,,0
2029,'1199621',1136,,10157,22,,,0
2029,'1199635',1703,,10158,22,,,0
12019,'1196839',2137,,10650,37,,,0
12019,'1196874',1139,,10651,37,,,0
12019,'1196885',1639,,10652,37,,,0
12019,'1196887',1609,,10653,37,,,0
12019,'1196940',1339,,10654,37,,,0
12019,'1196983',1937,,10655,37,,,0
12019,'1197026',2237,,10656,37,,,0
12019,'1197080',1837,,10657,37,,,0
12019,'1197104',1908,,10658,37,,,0
12019,'1197223',1809,,10659,37,,,0
12019,'1197306',1209,,10660,37,,,0
12019,'1197322',807,,10661,37,,,0
12019,'1197334',1639,,10662,37,,,0
12019,'1197339',1808,,10663,37,,,0
12019,'1197433',1008,,10664,37,,,0
12019,'1197490',1709,,10665,37,,,0
12019,'1197525',1609,,10666,37,,,0
12019,'1197602',908,,10667,37,,,0
12019,'1197615',1239,,10668,37,,,0
12019,'1197664',1809,,10669,37,,,0
12019,'1197701',2407,,10670,37,,,0
12019,'1197765',2408,,10671,37,,,0
12019,'1197813',1109,,10672,37,,,0
12019,'1197824',1308,,10673,37,,,0
12019,'1197891',2107,,10674,37,,,0
12019,'1197911',2007,,10675,37,,,0
12019,'1197945',1907,,10676,37,,,0
12019,'1197989',1509,,10677,37,,,0
12019,'1197991',1208,,10678,37,,,0
12019,'1198031',708,,10679,37,,,0
12019,'1198072',1408,,10680,37,,,0
12019,'1198097',1608,,10681,37,,,0
12019,'1198121',1709,,10682,37,,,0
12019,'1198127',1109,,10683,37,,,0
12019,'1198171',2208,,10684,37,,,0
12019,'1198224',2307,,10685,37,,,0
12019,'1198250',1339,,10686,37,,,0
12019,'1198260',1439,,10687,37,,,0
12019,'1198263',938,,10688,37,,,0
12019,'1198283',1539,,10689,37,,,0
12019,'1198358',1508,,10690,37,,,0
12019,'1198421',907,,10691,37,,,0
12019,'1198427',1239,,10692,37,,,0
12019,'1198442',1739,,10693,37,,,0
12019,'1198497',2207,,10694,37,,,0
12019,'1198582',908,,10695,37,,,0
12019,'1198588',638,,10696,37,,,0
12019,'1198592',1739,,10697,37,,,0
12019,'1198618',1108,,10698,37,,,0
12019,'1198712',1209,,10699,37,,,0
12019,'1198727',1409,,10700,37,,,0
12019,'1198773',1409,,10701,37,,,0
12019,'1198774',1139,,10702,37,,,0
12019,'1198819',2337,,10703,37,,,0
12019,'1198842',1008,,10704,37,,,0
12019,'1198884',2008,,10705,37,,,0
12019,'1198912',808,,10706,37,,,0
12019,'1198945',1007,,10707,37,,,0
12019,'1199167',738,,10708,37,,,0
12019,'1199197',2108,,10709,37,,,0
12019,'1199223',1309,,10710,37,,,0
12019,'1199224',709,,10711,37,,,0
12019,'1199251',1038,,10712,37,,,0
12019,'1199291',1539,,10713,37,,,0
12019,'1199315',1309,,10714,37,,,0
12019,'1199416',2308,,10715,37,,,0
12019,'1199495',1439,,10716,37,,,0
12019,'1199513',838,,10717,37,,,0
12019,'1199578',1509,,10718,37,,,0
12019,'1199610',2037,,10719,37,,,0
12019,'1199616',808,,10720,37,,,0
12019,'1199625',1708,,10721,37,,,0
