10029,'1193661',1541,,7624,46,,,0
10029,'1193662',1141,,7625,46,,,0
10029,'1193664',2041,,7626,46,,,0
10029,'1193666',1341,,7627,46,,,0
10029,'1193669',2341,,7628,46,,,0
10029,'1193670',1641,,7629,46,,,0
10029,'1193672',911,,7631,46,,,0
10029,'1193673',2141,,7632,46,,,0
10029,'1193674',1441,,7633,46,,,0
10029,'1193676',1911,,7634,46,,,0
10029,'1193677',741,,7635,46,,,0
10029,'1193684',1741,,7637,46,,,0
10029,'1193685',1041,,7638,46,,,0
10029,'1193688',941,,7639,46,,,0
10029,'1193689',811,,7640,46,,,0
10029,'1193690',2011,,7641,46,,,0
10029,'1193692',2241,,7642,46,,,0
10029,'1193693',941,,7643,46,,,0
10029,'1193694',1341,,7644,46,,,0
10029,'1193695',711,,7645,46,,,0
10029,'1193696',641,,7646,46,,,0
10029,'1193699',2111,,7647,46,,,0
10029,'1193706',841,,7650,46,,,0
10029,'1193712',1841,,7651,46,,,0
10029,'1193713',2311,,7652,46,,,0
10029,'1193716',1941,,7654,46,,,0
10029,'1193719',1441,,7655,46,,,0
10029,'1193721',1041,,7656,46,,,0
10029,'1193726',1741,,7659,46,,,0
10029,'1193727',841,,7660,46,,,0
10029,'1193728',741,,7661,46,,,0
10029,'1193736',2416,,7663,46,,,0
10029,'1193741',2211,,7664,46,,,0
10029,'1193744',1511,,7666,46,,,0
10029,'1193745',1611,,7667,46,,,0
10029,'1193746',1141,,7668,46,,,0
10029,'1193757',1241,,7673,46,,,0
10029,'1193760',1241,,7675,46,,,0
10029,'1193762',1541,,7676,46,,,0
10029,'1193763',1711,,7677,46,,,0
10029,'1193777',1811,,7681,46,,,0
10029,'1193778',1641,,7682,46,,,0
