12029,'1196881',1123,,10722,13,,,0
12029,'1196886',1653,,10723,13,,,0
12029,'1196921',824,,10724,13,,,0
12029,'1196925',1623,,10725,13,,,0
12029,'1197005',2358,,10726,13,,,0
12029,'1197009',2323,,10727,13,,,0
12029,'1197092',1753,,10728,13,,,0
12029,'1197112',853,,10729,13,,,0
12029,'1197136',2253,,10730,13,,,0
12029,'1197164',723,,10731,13,,,0
12029,'1197202',1523,,10732,13,,,0
12029,'1197246',1353,,10733,13,,,0
12029,'1197415',1053,,10734,13,,,0
12029,'1197416',1523,,10735,13,,,0
12029,'1197484',1924,,10736,13,,,0
12029,'1197496',2153,,10737,13,,,0
12029,'1197608',1153,,10738,13,,,0
12029,'1197678',1824,,10739,13,,,0
12029,'1197742',1323,,10740,13,,,0
12029,'1197777',2324,,10741,13,,,0
12029,'1197790',2223,,10742,13,,,0
12029,'1197947',1724,,10743,13,,,0
12029,'1198008',1353,,10744,13,,,0
12029,'1198017',1853,,10745,13,,,0
12029,'1198020',1723,,10746,13,,,0
12029,'1198024',923,,10747,13,,,0
12029,'1198092',1823,,10748,13,,,0
12029,'1198139',1553,,10749,13,,,0
12029,'1198185',1153,,10750,13,,,0
12029,'1198205',823,,10751,13,,,0
12029,'1198239',953,,10752,13,,,0
12029,'1198318',724,,10753,13,,,0
12029,'1198336',1123,,10754,13,,,0
12029,'1198360',1024,,10755,13,,,0
12029,'1198400',723,,10756,13,,,0
12029,'1198511',2224,,10757,13,,,0
12029,'1198528',1524,,10758,13,,,0
12029,'1198538',1423,,10759,13,,,0
12029,'1198556',2053,,10760,13,,,0
12029,'1198681',1923,,10761,13,,,0
12029,'1198731',2023,,10762,13,,,0
12029,'1198732',1323,,10763,13,,,0
12029,'1198745',2124,,10764,13,,,0
12029,'1198748',924,,10765,13,,,0
12029,'1198775',1023,,10766,13,,,0
12029,'1198818',1723,,10767,13,,,0
12029,'1198856',1124,,10768,13,,,0
12029,'1198877',1253,,10769,13,,,0
12029,'1198898',823,,10770,13,,,0
12029,'1198947',623,,10771,13,,,0
12029,'1198959',1223,,10772,13,,,0
12029,'1198976',1653,,10773,13,,,0
12029,'1199093',1453,,10774,13,,,0
12029,'1199207',1453,,10775,13,,,0
12029,'1199281',1324,,10776,13,,,0
12029,'1199325',1623,,10777,13,,,0
12029,'1199340',1053,,10778,13,,,0
12029,'1199357',1423,,10779,13,,,0
12029,'1199382',753,,10780,13,,,0
12029,'1199384',923,,10781,13,,,0
12029,'1199423',1953,,10782,13,,,0
12029,'1199437',1424,,10783,13,,,0
12029,'1199445',2024,,10784,13,,,0
12029,'1199457',1624,,10785,13,,,0
12029,'1199487',1023,,10786,13,,,0
12029,'1199500',653,,10787,13,,,0
12029,'1199501',1553,,10788,13,,,0
12029,'1199531',1223,,10789,13,,,0
12029,'1199556',2123,,10790,13,,,0
12029,'1199590',1253,,10791,13,,,0
12029,'1199639',1224,,10792,13,,,0
