105019,'1196946',859,,12117,28,,,0
105019,'1197049',1807,,12118,28,,,0
105019,'1197077',546,,12119,28,,,0
105019,'1197115',1152,,12120,28,,,0
105019,'1197131',659,,12121,28,,,0
105019,'1197173',1201,,12122,28,,,0
105019,'1197181',1019,,12123,28,,,0
105019,'1197192',2146,,12124,28,,,0
105019,'1197197',1452,,12125,28,,,0
105019,'1197292',1301,,12126,28,,,0
105019,'1197296',1552,,12127,28,,,0
105019,'1197531',1401,,12128,28,,,0
105019,'1197548',1916,,12129,28,,,0
105019,'1197557',1601,,12130,28,,,0
105019,'1197588',819,,12131,28,,,0
105019,'1197596',2046,,12132,28,,,0
105019,'1197617',1501,,12133,28,,,0
105019,'1197633',1219,,12134,28,,,0
105019,'1197710',749,,12135,28,,,0
105019,'1197779',1737,,12136,28,,,0
105019,'1197825',1407,,12137,28,,,0
105019,'1197971',1052,,12138,28,,,0
105019,'1198112',616,,12139,28,,,0
105019,'1198338',1101,,12140,28,,,0
105019,'1198380',2219,,12141,28,,,0
105019,'1198385',1707,,12142,28,,,0
105019,'1198553',1307,,12143,28,,,0
105019,'1198560',2019,,12144,28,,,0
105019,'1198571',1619,,12145,28,,,0
105019,'1198621',719,,12146,28,,,0
105019,'1198667',949,,12147,28,,,0
105019,'1198717',1522,,12148,28,,,0
105019,'1198741',849,,12149,28,,,0
105019,'1198746',1837,,12150,28,,,0
105019,'1198889',646,,12151,28,,,0
105019,'1199004',1419,,12152,28,,,0
105019,'1199054',1622,,12153,28,,,0
105019,'1199098',819,,12154,28,,,0
105019,'1199298',2346,,12155,28,,,0
105019,'1199347',2259,,12156,28,,,0
105019,'1199383',2246,,12157,28,,,0
105019,'1199400',1701,,12158,28,,,0
105019,'1199461',1819,,12159,28,,,0
105019,'1199511',1801,,12160,28,,,0
105019,'1199546',2059,,12161,28,,,0
105019,'1199574',1901,,12162,28,,,0
