10029,'1196869',1022,,10389,15,,,0
10029,'1196944',1852,,10390,15,,,0
10029,'1196948',1522,,10391,15,,,0
10029,'1197007',652,,10392,15,,,0
10029,'1197053',1322,,10393,15,,,0
10029,'1197093',1122,,10394,15,,,0
10029,'1197160',1722,,10395,15,,,0
10029,'1197269',1822,,10396,15,,,0
10029,'1197314',2152,,10397,15,,,0
10029,'1197362',2022,,10398,15,,,0
10029,'1197385',822,,10399,15,,,0
10029,'1197414',1422,,10400,15,,,0
10029,'1197492',1652,,10401,15,,,0
10029,'1197523',2222,,10402,15,,,0
10029,'1197565',622,,10403,15,,,0
10029,'1197669',822,,10404,15,,,0
10029,'1197675',2122,,10405,15,,,0
10029,'1197822',1722,,10406,15,,,0
10029,'1197831',1722,,10407,15,,,0
10029,'1197885',2022,,10408,15,,,0
10029,'1197887',1552,,10409,15,,,0
10029,'1197892',1222,,10410,15,,,0
10029,'1197908',2222,,10411,15,,,0
10029,'1197916',2252,,10412,15,,,0
10029,'1197980',2357,,10413,15,,,0
10029,'1198080',1622,,10414,15,,,0
10029,'1198150',1622,,10415,15,,,0
10029,'1198170',1122,,10416,15,,,0
10029,'1198181',1752,,10417,15,,,0
10029,'1198232',1522,,10418,15,,,0
10029,'1198314',1922,,10419,15,,,0
10029,'1198351',1222,,10420,15,,,0
10029,'1198466',2052,,10421,15,,,0
10029,'1198481',1422,,10422,15,,,0
10029,'1198536',1222,,10423,15,,,0
10029,'1198550',1622,,10424,15,,,0
10029,'1198565',2322,,10425,15,,,0
10029,'1198676',722,,10426,15,,,0
10029,'1198703',722,,10427,15,,,0
10029,'1198735',1022,,10428,15,,,0
10029,'1198754',1322,,10429,15,,,0
10029,'1198767',1122,,10430,15,,,0
10029,'1198887',852,,10431,15,,,0
10029,'1198905',1422,,10432,15,,,0
10029,'1198933',822,,10433,15,,,0
10029,'1199013',722,,10434,15,,,0
10029,'1199068',1022,,10435,15,,,0
10029,'1199078',1822,,10436,15,,,0
10029,'1199088',1952,,10437,15,,,0
10029,'1199134',1322,,10438,15,,,0
10029,'1199161',2322,,10439,15,,,0
10029,'1199245',1922,,10440,15,,,0
10029,'1199274',922,,10441,15,,,0
10029,'1199375',1452,,10442,15,,,0
10029,'1199396',752,,10443,15,,,0
10029,'1199411',2122,,10444,15,,,0
10029,'1199422',922,,10445,15,,,0
10029,'1199613',922,,10446,15,,,0
10029,'1199633',1522,,10447,15,,,0
