11019,'1196876',1500,,10448,16,,,0
11019,'1196884',1259,,10449,20,,,0
11019,'1196914',1142,,10450,20,,,0
11019,'1196958',801,,10451,20,,,0
11019,'1197000',1300,,10452,16,,,0
11019,'1197070',1900,,10453,16,,,0
11019,'1197071',1841,,10454,20,,,0
11019,'1197114',927,,10455,20,,,0
11019,'1197185',2300,,10456,16,,,0
11019,'1197191',1459,,10457,20,,,0
11019,'1197229',1414,,10458,20,,,0
11019,'1197234',1713,,10459,20,,,0
11019,'1197264',1744,,10460,20,,,0
11019,'1197274',942,,10461,20,,,0
11019,'1197327',1343,,10462,20,,,0
11019,'1197343',742,,10463,20,,,0
11019,'1197351',1600,,10464,16,,,0
11019,'1197398',1829,,10465,20,,,0
11019,'1197412',2311,,10466,20,,,0
11019,'1197422',1644,,10467,20,,,0
11019,'1197446',2400,,10468,16,,,0
11019,'1197463',712,,10469,20,,,0
11019,'1197502',627,,10470,20,,,0
11019,'1197519',757,,10471,20,,,0
11019,'1197564',2301,,10472,20,,,0
11019,'1197573',1400,,10473,16,,,0
11019,'1197695',1112,,10474,20,,,0
11019,'1197696',812,,10475,20,,,0
11019,'1197753',900,,10476,16,,,0
11019,'1197763',1529,,10477,20,,,0
11019,'1197795',2041,,10478,20,,,0
11019,'1197832',1629,,10479,20,,,0
11019,'1197875',2428,,10480,20,,,0
11019,'1197917',2401,,10481,20,,,0
11019,'1197925',1127,,10482,20,,,0
11019,'1197934',1543,,10483,20,,,0
11019,'1197978',1911,,10484,20,,,0
11019,'1197990',1443,,10485,20,,,0
11019,'1198012',857,,10486,20,,,0
11019,'1198053',1001,,10487,20,,,0
11019,'1198076',2011,,10488,20,,,0
11019,'1198113',2111,,10489,20,,,0
11019,'1198146',2241,,10490,20,,,0
11019,'1198266',2001,,10491,20,,,0
11019,'1198296',1700,,10492,16,,,0
11019,'1198337',912,,10493,20,,,0
11019,'1198341',1201,,10494,20,,,0
11019,'1198362',2200,,10495,16,,,0
11019,'1198405',1901,,10496,20,,,0
11019,'1198419',1514,,10497,20,,,0
11019,'1198470',1314,,10498,20,,,0
11019,'1198493',1814,,10499,20,,,0
11019,'1198506',1101,,10500,20,,,0
11019,'1198543',1027,,10501,20,,,0
11019,'1198548',1614,,10502,20,,,0
11019,'1198573',1157,,10503,20,,,0
11019,'1198590',2000,,10504,16,,,0
11019,'1198610',1559,,10505,20,,,0
11019,'1198623',701,,10506,20,,,0
11019,'1198660',1313,,10507,20,,,0
11019,'1198662',1800,,10508,16,,,0
11019,'1198696',1444,,10509,20,,,0
11019,'1198771',1513,,10510,20,,,0
11019,'1198808',957,,10511,20,,,0
11019,'1198843',2100,,10512,16,,,0
11019,'1198927',1057,,10513,20,,,0
11019,'1198951',1729,,10514,20,,,0
11019,'1198978',1941,,10515,20,,,0
11019,'1199022',1241,,10516,20,,,0
11019,'1199024',2201,,10517,20,,,0
11019,'1199026',2211,,10518,20,,,0
11019,'1199059',1613,,10519,20,,,0
11019,'1199060',1359,,10520,20,,,0
11019,'1199064',1813,,10521,20,,,0
11019,'1199091',800,,10522,16,,,0
11019,'1199100',2141,,10523,20,,,0
11019,'1199118',1714,,10524,20,,,0
11019,'1199132',657,,10525,20,,,0
11019,'1199143',1743,,10526,20,,,0
11019,'1199154',1429,,10527,20,,,0
11019,'1199177',1659,,10528,20,,,0
11019,'1199180',2101,,10529,20,,,0
11019,'1199214',727,,10530,20,,,0
11019,'1199225',1544,,10531,20,,,0
11019,'1199227',1200,,10532,16,,,0
11019,'1199229',1413,,10533,20,,,0
11019,'1199253',1000,,10534,16,,,0
11019,'1199301',2338,,10535,20,,,0
11019,'1199306',1100,,10536,16,,,0
11019,'1199370',1759,,10537,20,,,0
11019,'1199376',842,,10538,20,,,0
11019,'1199394',901,,10539,20,,,0
11019,'1199403',827,,10540,20,,,0
11019,'1199410',1212,,10541,20,,,0
11019,'1199462',2408,,10542,20,,,0
11019,'1199476',1012,,10543,20,,,0
11019,'1199496',1329,,10544,20,,,0
11019,'1199508',1227,,10545,20,,,0
11019,'1199591',1643,,10546,20,,,0
11019,'1199603',1244,,10547,20,,,0
11019,'1199619',1042,,10548,20,,,0
11019,'1199623',1344,,10549,20,,,0
