190001019,'1196837',1340,,12495,6,,,0
190001019,'1196862',1631,,12496,6,,,0
190001019,'1196877',1854,,12497,6,,,0
190001019,'1196883',1225,,12498,6,,,0
190001019,'1196901',624,,12499,6,,,0
190001019,'1196926',810,,12500,6,,,0
190001019,'1196927',1924,,12501,6,,,0
190001019,'1196941',1959,,12502,6,,,0
190001019,'1196956',1255,,12503,6,,,0
190001019,'1196974',1240,,12504,6,,,0
190001019,'1197019',1416,,12505,6,,,0
190001019,'1197037',1731,,12506,6,,,0
190001019,'1197055',1909,,12507,6,,,0
190001019,'1197061',1359,,12508,6,,,0
190001019,'1197062',1511,,12509,6,,,0
190001019,'1197067',1746,,12510,6,,,0
190001019,'1197087',1056,,12511,6,,,0
190001019,'1197116',724,,12512,6,,,0
190001019,'1197124',2324,,12513,6,,,0
190001019,'1197149',1210,,12514,6,,,0
190001019,'1197157',940,,12515,6,,,0
190001019,'1197183',2154,,12516,6,,,0
190001019,'1197196',1626,,12517,6,,,0
190001019,'1197239',1356,,12518,6,,,0
190001019,'1197241',925,,12519,6,,,0
190001019,'1197275',859,,12520,6,,,0
190001019,'1197336',1811,,12521,6,,,0
190001019,'1197358',1059,,12522,6,,,0
190001019,'1197359',825,,12523,6,,,0
190001019,'1197381',1711,,12524,6,,,0
190001019,'1197382',1659,,12525,6,,,0
190001019,'1197450',1754,,12526,6,,,0
190001019,'1197483',1111,,12527,6,,,0
190001019,'1197488',1426,,12528,6,,,0
190001019,'1197500',855,,12529,6,,,0
190001019,'1197524',924,,12530,6,,,0
190001019,'1197530',1611,,12531,6,,,0
190001019,'1197543',1559,,12532,6,,,0
190001019,'1197562',1954,,12533,6,,,0
190001019,'1197598',1446,,12534,6,,,0
190001019,'1197653',1025,,12535,6,,,0
190001019,'1197698',1009,,12536,6,,,0
190001019,'1197706',959,,12537,6,,,0
190001019,'1197709',1110,,12538,6,,,0
190001019,'1197713',1756,,12539,6,,,0
190001019,'1197736',1341,,12540,6,,,0
190001019,'1197746',910,,12541,6,,,0
190001019,'1197811',1839,,12542,6,,,0
190001019,'1197845',1355,,12543,6,,,0
190001019,'1197867',2224,,12544,6,,,0
190001019,'1197877',1055,,12545,6,,,0
190001019,'1197919',1041,,12546,6,,,0
190001019,'1197924',1939,,12547,6,,,0
190001019,'1197933',1741,,12548,6,,,0
190001019,'1197942',1824,,12549,6,,,0
190001019,'1197950',1431,,12550,6,,,0
190001019,'1197953',1026,,12551,6,,,0
190001019,'1197956',1310,,12552,6,,,0
190001019,'1198005',1726,,12553,6,,,0
190001019,'1198015',2359,,12554,6,,,0
190001019,'1198030',2059,,12555,6,,,0
190001019,'1198047',1459,,12556,6,,,0
190001019,'1198065',2054,,12557,6,,,0
190001019,'1198066',655,,12558,6,,,0
190001019,'1198075',2154,,12559,6,,,0
190001019,'1198104',954,,12560,6,,,0
190001019,'1198135',2009,,12561,6,,,0
190001019,'1198157',2254,,12562,6,,,0
190001019,'1198172',1759,,12563,6,,,0
190001019,'1198202',1141,,12564,6,,,0
190001019,'1198216',1226,,12565,6,,,0
190001019,'1198221',2139,,12566,6,,,0
190001019,'1198238',755,,12567,6,,,0
190001019,'1198255',640,,12568,6,,,0
190001019,'1198261',1839,,12569,6,,,0
190001019,'1198292',1140,,12570,6,,,0
190001019,'1198298',1656,,12571,6,,,0
190001019,'1198311',1601,,12572,6,,,0
190001019,'1198339',1924,,12573,6,,,0
190001019,'1198343',1501,,12574,6,,,0
190001019,'1198372',759,,12575,6,,,0
190001019,'1198396',1716,,12576,6,,,0
190001019,'1198407',1155,,12577,6,,,0
190001019,'1198441',1616,,12578,6,,,0
190001019,'1198467',1824,,12579,6,,,0
190001019,'1198471',1541,,12580,6,,,0
190001019,'1198476',1259,,12581,6,,,0
190001019,'1198499',2259,,12582,6,,,0
190001019,'1198534',2354,,12583,6,,,0
190001019,'1198547',1010,,12584,6,,,0
190001019,'1198574',1526,,12585,6,,,0
190001019,'1198598',824,,12586,6,,,0
190001019,'1198607',854,,12587,6,,,0
190001019,'1198613',2224,,12588,6,,,0
190001019,'1198622',1954,,12589,6,,,0
190001019,'1198646',2109,,12590,6,,,0
190001019,'1198647',654,,12591,6,,,0
190001019,'1198653',2054,,12592,6,,,0
190001019,'1198674',1156,,12593,6,,,0
190001019,'1198678',2039,,12594,6,,,0
190001019,'1198685',2024,,12595,6,,,0
190001019,'1198700',1126,,12596,6,,,0
190001019,'1198707',1411,,12597,6,,,0
190001019,'1198721',1040,,12598,6,,,0
190001019,'1198724',1531,,12599,6,,,0
190001019,'1198784',1211,,12600,6,,,0
190001019,'1198792',1854,,12601,6,,,0
190001019,'1198804',1159,,12602,6,,,0
190001019,'1198821',710,,12603,6,,,0
190001019,'1198827',2124,,12604,6,,,0
190001019,'1198852',2159,,12605,6,,,0
190001019,'1198857',1641,,12606,6,,,0
190001019,'1198864',1809,,12607,6,,,0
190001019,'1198929',1556,,12608,6,,,0
190001019,'1198949',1241,,12609,6,,,0
190001019,'1198960',1859,,12610,6,,,0
190001019,'1198974',1256,,12611,6,,,0
190001019,'1198988',1326,,12612,6,,,0
190001019,'1198997',1441,,12613,6,,,0
190001019,'1199029',2254,,12614,6,,,0
190001019,'1199121',1646,,12615,6,,,0
190001019,'1199126',1325,,12616,6,,,0
190001019,'1199140',2414,,12617,6,,,0
190001019,'1199142',1125,,12618,6,,,0
190001019,'1199166',754,,12619,6,,,0
190001019,'1199192',2024,,12620,6,,,0
190001019,'1199228',740,,12621,6,,,0
190001019,'1199318',1516,,12622,6,,,0
190001019,'1199339',1701,,12623,6,,,0
190001019,'1199371',725,,12624,6,,,0
190001019,'1199373',840,,12625,6,,,0
190001019,'1199385',1311,,12626,6,,,0
190001019,'1199427',1456,,12627,6,,,0
190001019,'1199436',1546,,12628,6,,,0
190001019,'1199510',2324,,12629,6,,,0
190001019,'1199550',2354,,12630,6,,,0
190001019,'1199551',2124,,12631,6,,,0
190001019,'1199648',955,,12632,6,,,0
