24019,'1190647',1206,,8361,6,,,0
24019,'1191048',604,,8365,6,,,0
24019,'1191082',2135,,8366,6,,,0
24019,'1191137',1536,,8368,6,,,0
24019,'1191141',1306,,8369,6,,,0
24019,'1191142',1406,,8370,6,,,0
24019,'1191201',1505,,8373,6,,,0
24019,'1191254',2035,,8374,6,,,0
24019,'1191255',1604,,8375,6,,,0
24019,'1191295',1904,,8376,6,,,0
24019,'1191545',2204,,8379,6,,,0
24019,'1191590',1105,,8380,6,,,0
24019,'1191601',804,,8381,6,,,0
24019,'1191611',1935,,8382,6,,,0
24019,'1191656',1205,,8383,6,,,0
24019,'1191707',705,,8384,6,,,0
24019,'1191927',2235,,8385,6,,,0
24019,'1191985',1606,,8387,6,,,0
24019,'1191988',2004,,8388,6,,,0
24019,'1192102',1405,,8389,6,,,0
24019,'1192138',1305,,8390,6,,,0
24019,'1192209',905,,8392,6,,,0
24019,'1192332',905,,8395,6,,,0
24019,'1192336',2355,,8396,6,,,0
24019,'1192345',1835,,8397,6,,,0
24019,'1192408',1636,,8398,6,,,0
24019,'1192447',1436,,8399,6,,,0
24019,'1192487',1706,,8401,6,,,0
24019,'1192521',805,,8402,6,,,0
24019,'1192603',635,,8403,6,,,0
24019,'1192660',704,,8404,6,,,0
24019,'1192685',2304,,8405,6,,,0
24019,'1192701',1506,,8406,6,,,0
24019,'1192783',735,,8408,6,,,0
24019,'1192879',1804,,8409,6,,,0
24019,'1192911',935,,8410,6,,,0
24019,'1192935',1736,,8411,6,,,0
24019,'1192971',2104,,8413,6,,,0
24019,'1193067',835,,8415,6,,,0
24019,'1193077',1005,,8416,6,,,0
24019,'1193230',1704,,8418,6,,,0
24019,'1193296',1106,,8419,6,,,0
24019,'1193299',1005,,8420,6,,,0
