13029,'1196882',1533,,10855,20,,,0
13029,'1196907',1259,,10856,19,,,0
13029,'1196917',1301,,10857,19,,,0
13029,'1196936',1801,,10858,19,,,0
13029,'1196965',758,,10859,19,,,0
13029,'1196972',1631,,10860,19,,,0
13029,'1197006',1459,,10861,19,,,0
13029,'1197082',1159,,10862,19,,,0
13029,'1197122',1059,,10863,19,,,0
13029,'1197184',1459,,10864,19,,,0
13029,'1197188',1929,,10865,19,,,0
13029,'1197193',759,,10866,19,,,0
13029,'1197215',2059,,10867,19,,,0
13029,'1197262',1659,,10868,19,,,0
13029,'1197363',930,,10869,19,,,0
13029,'1197365',2158,,10870,19,,,0
13029,'1197371',959,,10871,19,,,0
13029,'1197444',2258,,10872,19,,,0
13029,'1197556',2259,,10873,19,,,0
13029,'1197773',2029,,10874,19,,,0
13029,'1197812',1501,,10875,19,,,0
13029,'1197866',1359,,10876,19,,,0
13029,'1197909',900,,10877,19,,,0
13029,'1197997',1958,,10878,19,,,0
13029,'1198028',2058,,10879,19,,,0
13029,'1198074',2358,,10880,19,,,0
13029,'1198199',1559,,10881,19,,,0
13029,'1198248',2229,,10882,19,,,0
13029,'1198289',829,,10883,19,,,0
13029,'1198381',1731,,10884,19,,,0
13029,'1198389',1759,,10885,19,,,0
13029,'1198416',1559,,10886,19,,,0
13029,'1198437',1029,,10887,19,,,0
13029,'1198474',1102,,10888,19,,,0
13029,'1198488',1858,,10889,19,,,0
13029,'1198563',729,,10890,19,,,0
13029,'1198648',1058,,10891,19,,,0
13029,'1198673',1259,,10892,19,,,0
13029,'1198704',1859,,10893,19,,,0
13029,'1198733',759,,10894,19,,,0
13029,'1198756',859,,10895,19,,,0
13029,'1198793',958,,10896,19,,,0
13029,'1198811',1359,,10897,19,,,0
13029,'1198812',2359,,10898,19,,,0
13029,'1198828',1159,,10899,19,,,0
13029,'1198858',1601,,10900,19,,,0
13029,'1198910',629,,10901,19,,,0
13029,'1198998',858,,10902,19,,,0
13029,'1199115',659,,10903,19,,,0
13029,'1199250',2159,,10904,19,,,0
13029,'1199324',658,,10905,19,,,0
13029,'1199337',1000,,10906,19,,,0
13029,'1199349',2129,,10907,19,,,0
13029,'1199379',2329,,10908,19,,,0
13029,'1199405',1759,,10909,19,,,0
13029,'1199419',1201,,10910,19,,,0
13029,'1199548',1401,,10911,19,,,0
13029,'1199559',1659,,10912,19,,,0
13029,'1199614',1829,,10913,19,,,0
13029,'1199653',1959,,10914,19,,,0
13029,'1199655',1701,,10915,19,,,0
101019,'1197003',613,,11803,53,,,0
101019,'1197056',2151,,11804,53,,,0
101019,'1197144',2350,,11805,53,,,0
101019,'1197150',1550,,11806,53,,,0
101019,'1197356',1350,,11807,53,,,0
101019,'1197394',1551,,11808,53,,,0
101019,'1197485',751,,11809,53,,,0
101019,'1197542',1351,,11810,53,,,0
101019,'1197666',1113,,11811,53,,,0
101019,'1197703',2150,,11812,53,,,0
101019,'1197735',1213,,11813,53,,,0
101019,'1197816',1151,,11814,53,,,0
101019,'1197893',813,,11815,53,,,0
101019,'1198002',1750,,11816,53,,,0
101019,'1198014',750,,11817,53,,,0
101019,'1198130',1013,,11818,53,,,0
101019,'1198162',1415,,11819,53,,,0
101019,'1198212',1950,,11820,53,,,0
101019,'1198408',2112,,11821,53,,,0
101019,'1198684',951,,11822,53,,,0
101019,'1198907',1951,,11823,53,,,0
101019,'1199079',2313,,11824,53,,,0
101019,'1199178',1815,,11825,53,,,0
101019,'1199186',1615,,11826,53,,,0
101019,'1199279',1751,,11827,53,,,0
101019,'1199401',950,,11828,53,,,0
101019,'1199471',1913,,11829,53,,,0
101019,'1199497',1150,,11830,53,,,0
101019,'1199519',913,,11831,53,,,0
101019,'1199566',1515,,11832,53,,,0
101019,'1199626',1715,,11833,53,,,0
101019,'1199991',1415,,12771,53,,,0
101019,'1199992',2112,,12772,53,,,0
101019,'1199993',913,,12773,53,,,0
101019,'1199995',613,,12774,53,,,0
101019,'1199996',713,,12775,53,,,0
101019,'1200003',1715,,12776,53,,,0
101019,'1200004',1615,,12777,53,,,0
101019,'1200006',1913,,12778,53,,,0
101019,'1200008',813,,12779,53,,,0
101019,'1200009',2313,,12780,53,,,0
101019,'1200011',1113,,12781,53,,,0
101019,'1200013',1213,,12782,53,,,0
101019,'1200014',1515,,12783,53,,,0
101019,'1200015',1815,,12784,53,,,0
101019,'1200018',1013,,12785,53,,,0
