3019,'1190650',1319,,7432,27,,,0
3019,'1190836',1549,,7433,27,,,0
3019,'1190866',1019,,7435,27,,,0
3019,'1190945',1919,,7436,27,,,0
3019,'1190971',1249,,7437,27,,,0
3019,'1191126',2019,,7439,27,,,0
3019,'1191134',2019,,7440,27,,,0
3019,'1191168',1719,,7441,27,,,0
3019,'1191214',1749,,7442,27,,,0
3019,'1191270',1419,,7443,27,,,0
3019,'1191302',919,,7444,27,,,0
3019,'1191317',1919,,7445,27,,,0
3019,'1191328',719,,7446,27,,,0
3019,'1191509',2318,,7447,27,,,0
3019,'1191526',819,,7448,27,,,0
3019,'1191602',949,,7451,27,,,0
3019,'1191652',1619,,7452,27,,,0
3019,'1191729',2319,,7453,27,,,0
3019,'1191754',1149,,7454,27,,,0
3019,'1191767',1649,,7455,27,,,0
3019,'1191779',1119,,7456,27,,,0
3019,'1191856',1619,,7458,27,,,0
3019,'1191868',649,,7459,27,,,0
3019,'1191978',1349,,7461,27,,,0
3019,'1191997',1219,,7462,27,,,0
3019,'1192079',2219,,7464,27,,,0
3019,'1192105',2119,,7465,27,,,0
3019,'1192112',2419,,7466,27,,,0
3019,'1192146',1319,,7467,27,,,0
3019,'1192160',2119,,7468,27,,,0
3019,'1192171',819,,7469,27,,,0
3019,'1192197',1719,,7470,27,,,0
3019,'1192416',1049,,7473,27,,,0
3019,'1192454',849,,7475,27,,,0
3019,'1192640',1219,,7479,27,,,0
3019,'1192641',1119,,7480,27,,,0
3019,'1192643',2219,,7481,27,,,0
3019,'1192747',1419,,7485,27,,,0
3019,'1192824',2408,,7486,27,,,0
3019,'1192891',1449,,7487,27,,,0
3019,'1192906',749,,7488,27,,,0
3019,'1192964',1519,,7490,27,,,0
3019,'1192967',1019,,7491,27,,,0
3019,'1192982',719,,7492,27,,,0
3019,'1193008',1819,,7493,27,,,0
3019,'1193159',1819,,7496,27,,,0
3019,'1193189',919,,7497,27,,,0
3019,'1193294',1519,,7498,27,,,0
