104029,'1196835',2006,,12074,30,,,0
104029,'1196857',806,,12075,30,,,0
104029,'1196889',807,,12076,30,,,0
104029,'1196928',1751,,12077,30,,,0
104029,'1197002',651,,12078,30,,,0
104029,'1197045',1548,,12079,30,,,0
104029,'1197133',836,,12080,30,,,0
104029,'1197341',1248,,12081,30,,,0
104029,'1197454',1807,,12082,30,,,0
104029,'1197461',721,,12083,30,,,0
104029,'1197467',2207,,12084,30,,,0
104029,'1197481',606,,12085,30,,,0
104029,'1197553',2136,,12086,30,,,0
104029,'1197574',921,,12087,30,,,0
104029,'1197583',2151,,12088,30,,,0
104029,'1197794',1806,,12089,30,,,0
104029,'1197965',1407,,12090,30,,,0
104029,'1197979',1536,,12091,30,,,0
104029,'1198234',1036,,12092,30,,,0
104029,'1198287',1633,,12093,30,,,0
104029,'1198288',1203,,12094,30,,,0
104029,'1198449',1306,,12095,30,,,0
104029,'1198458',1921,,12096,30,,,0
104029,'1198510',951,,12097,30,,,0
104029,'1198521',806,,12098,30,,,0
104029,'1198558',1651,,12099,30,,,0
104029,'1198578',1718,,12100,30,,,0
104029,'1198686',1418,,12101,30,,,0
104029,'1198694',1503,,12102,30,,,0
104029,'1198755',1007,,12103,30,,,0
104029,'1198909',1207,,12104,30,,,0
104029,'1198979',1151,,12105,30,,,0
104029,'1199045',2306,,12106,30,,,0
104029,'1199127',2306,,12107,30,,,0
104029,'1199159',1333,,12108,30,,,0
104029,'1199181',921,,12109,30,,,0
104029,'1199193',1607,,12110,30,,,0
104029,'1199356',1421,,12111,30,,,0
104029,'1199360',2036,,12112,30,,,0
104029,'1199374',651,,12113,30,,,0
104029,'1199380',1036,,12114,30,,,0
104029,'1199442',1836,,12115,30,,,0
104029,'1199577',2007,,12116,30,,,0
