14019,'1190713',1405,,8090,42,,,0
14019,'1190978',1705,,8092,42,,,0
14019,'1191058',2302,,8093,42,,,0
14019,'1191115',803,,8095,42,,,0
14019,'1191156',1535,,8096,42,,,0
14019,'1191216',1405,,8098,42,,,0
14019,'1191434',1002,,8102,42,,,0
14019,'1191451',1003,,8103,42,,,0
14019,'1191488',1305,,8104,42,,,0
14019,'1191517',703,,8105,42,,,0
14019,'1191609',2333,,8106,42,,,0
14019,'1191614',1833,,8107,42,,,0
14019,'1191636',1805,,8108,42,,,0
14019,'1191714',1205,,8109,42,,,0
14019,'1191747',1505,,8110,42,,,0
14019,'1191757',933,,8111,42,,,0
14019,'1191841',802,,8112,42,,,0
14019,'1191852',1933,,8113,42,,,0
14019,'1191970',2202,,8114,42,,,0
14019,'1191991',2102,,8115,42,,,0
14019,'1192119',2233,,8117,42,,,0
14019,'1192156',1605,,8118,42,,,0
14019,'1192341',733,,8121,42,,,0
14019,'1192538',1705,,8124,42,,,0
14019,'1192564',2402,,8125,42,,,0
14019,'1192713',1902,,8130,42,,,0
14019,'1192727',1305,,8131,42,,,0
14019,'1192788',1505,,8132,42,,,0
14019,'1192791',1205,,8133,42,,,0
14019,'1192803',833,,8134,42,,,0
14019,'1192837',903,,8136,42,,,0
14019,'1192840',1635,,8137,42,,,0
14019,'1192863',2133,,8138,42,,,0
14019,'1192916',2002,,8139,42,,,0
14019,'1192927',902,,8140,42,,,0
14019,'1192946',2033,,8141,42,,,0
14019,'1192962',1105,,8142,42,,,0
14019,'1192987',1805,,8143,42,,,0
14019,'1193071',1105,,8144,42,,,0
14019,'1193088',1735,,8145,42,,,0
14019,'1193127',1605,,8146,42,,,0
14019,'1193190',702,,8147,42,,,0
