24019,'1196934',640,,11187,15,,,0
24019,'1196988',810,,11188,15,,,0
24019,'1197014',2109,,11189,15,,,0
24019,'1197021',2400,,11190,15,,,0
24019,'1197025',710,,11191,15,,,0
24019,'1197047',1442,,11192,15,,,0
24019,'1197094',1010,,11193,15,,,0
24019,'1197127',2240,,11194,15,,,0
24019,'1197154',925,,11195,15,,,0
24019,'1197203',1609,,11196,15,,,0
24019,'1197210',1325,,11197,15,,,0
24019,'1197244',609,,11198,15,,,0
24019,'1197285',1809,,11199,15,,,0
24019,'1197390',1709,,11200,15,,,0
24019,'1197431',1542,,11201,15,,,0
24019,'1197489',2225,,11202,15,,,0
24019,'1197506',1110,,11203,15,,,0
24019,'1197518',1712,,11204,15,,,0
24019,'1197546',1010,,11205,15,,,0
24019,'1197591',1909,,11206,15,,,0
24019,'1197620',910,,11207,15,,,0
24019,'1197680',1412,,11208,15,,,0
24019,'1197686',1925,,11209,15,,,0
24019,'1197707',1310,,11210,15,,,0
24019,'1197750',2140,,11211,15,,,0
24019,'1197764',1642,,11212,15,,,0
24019,'1197783',2125,,11213,15,,,0
24019,'1197805',740,,11214,15,,,0
24019,'1197843',1625,,11215,15,,,0
24019,'1197844',1210,,11216,15,,,0
24019,'1197878',1425,,11217,15,,,0
24019,'1197883',1312,,11218,15,,,0
24019,'1197954',1825,,11219,15,,,0
24019,'1197955',709,,11220,15,,,0
24019,'1197996',809,,11221,15,,,0
24019,'1198055',1410,,11222,15,,,0
24019,'1198087',1112,,11223,15,,,0
24019,'1198107',1525,,11224,15,,,0
24019,'1198126',2009,,11225,15,,,0
24019,'1198142',940,,11226,15,,,0
24019,'1198175',1612,,11227,15,,,0
24019,'1198559',1840,,11228,15,,,0
24019,'1198657',2325,,11229,15,,,0
24019,'1198659',825,,11230,15,,,0
24019,'1198709',1725,,11231,15,,,0
24019,'1198800',2025,,11232,15,,,0
24019,'1198948',910,,11233,15,,,0
24019,'1198975',1225,,11234,15,,,0
24019,'1199043',1025,,11235,15,,,0
24019,'1199106',725,,11236,15,,,0
24019,'1199219',2209,,11237,15,,,0
24019,'1199387',840,,11238,15,,,0
24019,'1199435',1125,,11239,15,,,0
24019,'1199454',2040,,11240,15,,,0
24019,'1199463',1512,,11241,15,,,0
24019,'1199504',1212,,11242,15,,,0
24019,'1199506',1510,,11243,15,,,0
24019,'1199592',1940,,11244,15,,,0
24019,'1199595',1742,,11245,15,,,0
24019,'1199609',2309,,11246,15,,,0
