13019,'1190607',920,,7967,6,,,0
13019,'1190640',1620,,7969,6,,,0
13019,'1190733',1020,,7970,6,,,0
13019,'1190801',1220,,7971,6,,,0
13019,'1190811',1920,,7972,6,,,0
13019,'1191064',950,,7974,6,,,0
13019,'1191079',850,,7975,6,,,0
13019,'1191259',720,,7976,6,,,0
13019,'1191324',720,,7977,6,,,0
13019,'1191439',1721,,7978,6,,,0
13019,'1191613',1521,,7983,6,,,0
13019,'1191629',2220,,7984,6,,,0
13019,'1191643',2050,,7986,6,,,0
13019,'1191663',1221,,7987,6,,,0
13019,'1191733',1021,,7988,6,,,0
13019,'1191945',1320,,7989,6,,,0
13019,'1192060',750,,7990,6,,,0
13019,'1192062',2150,,7991,6,,,0
13019,'1192072',1121,,7992,6,,,0
13019,'1192088',620,,7993,6,,,0
13019,'1192127',1451,,7994,6,,,0
13019,'1192154',1421,,7995,6,,,0
13019,'1192163',1420,,7996,6,,,0
13019,'1192228',820,,7997,6,,,0
13019,'1192313',820,,8000,6,,,0
13019,'1192426',1551,,8001,6,,,0
13019,'1192486',1651,,8002,6,,,0
13019,'1192492',1850,,8003,6,,,0
13019,'1192497',1120,,8004,6,,,0
13019,'1192498',1720,,8005,6,,,0
13019,'1192501',1750,,8006,6,,,0
13019,'1192637',2120,,8012,6,,,0
13019,'1192715',2250,,8014,6,,,0
13019,'1192811',2020,,8016,6,,,0
13019,'1192876',1621,,8017,6,,,0
13019,'1192895',920,,8018,6,,,0
13019,'1193039',1520,,8021,6,,,0
13019,'1193073',1950,,8022,6,,,0
13019,'1193083',2320,,8023,6,,,0
13019,'1193132',650,,8025,6,,,0
13019,'1193188',1820,,8026,6,,,0
13019,'1193199',2355,,8027,6,,,0
13019,'1193221',1321,,8028,6,,,0
101029,'1190605',1035,,9008,6,,,0
101029,'1190678',1236,,9009,6,,,0
101029,'1190957',935,,9011,6,,,0
101029,'1191397',1536,,9015,6,,,0
101029,'1191454',1620,,9017,6,,,0
101029,'1191537',2020,,9018,6,,,0
101029,'1191600',1820,,9019,6,,,0
101029,'1191837',2220,,9020,6,,,0
101029,'1191844',1220,,9021,6,,,0
101029,'1191946',1336,,9022,6,,,0
101029,'1192220',1935,,9023,6,,,0
101029,'1192246',635,,9024,6,,,0
101029,'1192291',1420,,9025,6,,,0
101029,'1192305',2355,,9026,6,,,0
101029,'1192401',820,,9028,6,,,0
101029,'1192520',1636,,9029,6,,,0
101029,'1192600',2135,,9031,6,,,0
101029,'1192680',1436,,9032,6,,,0
101029,'1192726',1020,,9033,6,,,0
101029,'1192973',1735,,9034,6,,,0
101029,'1193049',735,,9035,6,,,0
101029,'1193166',620,,9037,6,,,0
101029,'1193226',835,,9038,6,,,0
