28029,'1196904',1709,,11696,8,,,0
28029,'1196938',2109,,11697,8,,,0
28029,'1197017',1210,,11698,8,,,0
28029,'1197036',2209,,11699,8,,,0
28029,'1197051',1109,,11700,8,,,0
28029,'1197111',2409,,11701,8,,,0
28029,'1197374',1510,,11702,8,,,0
28029,'1197466',1410,,11703,8,,,0
28029,'1197529',1349,,11704,8,,,0
28029,'1197623',1249,,11705,8,,,0
28029,'1197715',2249,,11706,8,,,0
28029,'1197789',1809,,11707,8,,,0
28029,'1198258',1749,,11708,8,,,0
28029,'1198259',809,,11709,8,,,0
28029,'1198316',2049,,11710,8,,,0
28029,'1198478',1949,,11711,8,,,0
28029,'1198489',2009,,11712,8,,,0
28029,'1198555',1849,,11713,8,,,0
28029,'1198629',2149,,11714,8,,,0
28029,'1198861',1649,,11715,8,,,0
28029,'1198944',1549,,11716,8,,,0
28029,'1198995',849,,11717,8,,,0
28029,'1199105',1009,,11718,8,,,0
28029,'1199138',2309,,11719,8,,,0
28029,'1199194',1149,,11720,8,,,0
28029,'1199248',1049,,11721,8,,,0
28029,'1199271',1909,,11722,8,,,0
28029,'1199320',709,,11723,8,,,0
28029,'1199425',1310,,11724,8,,,0
28029,'1199562',749,,11725,8,,,0
28029,'1199587',2349,,11726,8,,,0
28029,'1199622',1449,,11727,8,,,0
28029,'1199627',909,,11728,8,,,0
28029,'1199647',1610,,11729,8,,,0
28029,'1199657',949,,11730,8,,,0
28029,'1199798',2324,,11731,8,,,0
28029,'1199801',854,,11732,8,,,0
28029,'1199802',1024,,11733,8,,,0
28029,'1199805',2124,,11734,8,,,0
28029,'1199806',924,,11735,8,,,0
28029,'1199822',1824,,11736,8,,,0
28029,'1199824',1324,,11737,8,,,0
28029,'1199827',1854,,11738,8,,,0
28029,'1199829',654,,11739,8,,,0
28029,'1199833',1654,,11740,8,,,0
28029,'1199840',1525,,11741,8,,,0
28029,'1199841',1624,,11742,8,,,0
28029,'1199857',1724,,11743,8,,,0
28029,'1199879',1428,,11744,8,,,0
28029,'1199888',1224,,11745,8,,,0
28029,'1199895',754,,11746,8,,,0
28029,'1199896',1754,,11747,8,,,0
28029,'1199901',2024,,11748,8,,,0
28029,'1199905',2224,,11749,8,,,0
28029,'1199909',1124,,11750,8,,,0
28029,'1199915',724,,11751,8,,,0
28029,'1199916',1924,,11752,8,,,0
28029,'1199918',824,,11753,8,,,0
28029,'1199921',624,,11754,8,,,0
