101029,'1196911',815,,11834,57,,,0
101029,'1197033',1858,,11835,57,,,0
101029,'1197060',915,,11836,57,,,0
101029,'1197096',1058,,11837,57,,,0
101029,'1197257',1115,,11838,57,,,0
101029,'1197272',1258,,11839,57,,,0
101029,'1197326',1618,,11840,57,,,0
101029,'1197581',2058,,11841,57,,,0
101029,'1197673',1458,,11842,57,,,0
101029,'1197747',2215,,11843,57,,,0
101029,'1197977',1658,,11844,57,,,0
101029,'1198059',658,,11845,57,,,0
101029,'1198116',1058,,11846,57,,,0
101029,'1198125',858,,11847,57,,,0
101029,'1198200',1258,,11848,57,,,0
101029,'1198251',1015,,11849,57,,,0
101029,'1198346',858,,11850,57,,,0
101029,'1198498',2258,,11851,57,,,0
101029,'1198530',2258,,11852,57,,,0
101029,'1198631',1718,,11853,57,,,0
101029,'1198644',2435,,11854,57,,,0
101029,'1198710',1658,,11855,57,,,0
101029,'1198715',1815,,11856,57,,,0
101029,'1198953',2058,,11857,57,,,0
101029,'1198984',1418,,11858,57,,,0
101029,'1199108',1318,,11859,57,,,0
101029,'1199117',715,,11860,57,,,0
101029,'1199304',1858,,11861,57,,,0
101029,'1199366',1458,,11862,57,,,0
101029,'1199567',2015,,11863,57,,,0
101029,'1199585',1518,,11864,57,,,0
