3019,'1190650',1304,,7432,7,,,0
3019,'1190836',1534,,7433,7,,,0
3019,'1190866',1004,,7435,7,,,0
3019,'1190945',1904,,7436,7,,,0
3019,'1190971',1234,,7437,7,,,0
3019,'1191126',2004,,7439,7,,,0
3019,'1191134',2004,,7440,7,,,0
3019,'1191168',1704,,7441,7,,,0
3019,'1191214',1734,,7442,7,,,0
3019,'1191270',1404,,7443,7,,,0
3019,'1191302',904,,7444,7,,,0
3019,'1191317',1904,,7445,7,,,0
3019,'1191328',704,,7446,7,,,0
3019,'1191509',2304,,7447,7,,,0
3019,'1191526',804,,7448,7,,,0
3019,'1191602',934,,7451,7,,,0
3019,'1191652',1604,,7452,7,,,0
3019,'1191729',2304,,7453,7,,,0
3019,'1191754',1134,,7454,7,,,0
3019,'1191767',1634,,7455,7,,,0
3019,'1191779',1104,,7456,7,,,0
3019,'1191856',1604,,7458,7,,,0
3019,'1191868',634,,7459,7,,,0
3019,'1191978',1334,,7461,7,,,0
3019,'1191997',1204,,7462,7,,,0
3019,'1192079',2204,,7464,7,,,0
3019,'1192105',2104,,7465,7,,,0
3019,'1192112',2404,,7466,7,,,0
3019,'1192146',1304,,7467,7,,,0
3019,'1192160',2104,,7468,7,,,0
3019,'1192171',804,,7469,7,,,0
3019,'1192197',1704,,7470,7,,,0
3019,'1192416',1034,,7473,7,,,0
3019,'1192454',834,,7475,7,,,0
3019,'1192640',1204,,7479,7,,,0
3019,'1192641',1104,,7480,7,,,0
3019,'1192643',2204,,7481,7,,,0
3019,'1192747',1404,,7485,7,,,0
3019,'1192824',2354,,7486,7,,,0
3019,'1192891',1434,,7487,7,,,0
3019,'1192906',734,,7488,7,,,0
3019,'1192964',1504,,7490,7,,,0
3019,'1192967',1004,,7491,7,,,0
3019,'1192982',704,,7492,7,,,0
3019,'1193008',1804,,7493,7,,,0
3019,'1193159',1804,,7496,7,,,0
3019,'1193189',904,,7497,7,,,0
3019,'1193294',1504,,7498,7,,,0
