25019,'1196864',1238,,11307,14,,,0
25019,'1196932',1738,,11308,14,,,0
25019,'1196994',1939,,11309,14,,,0
25019,'1197064',723,,11310,14,,,0
25019,'1197079',2359,,11311,14,,,0
25019,'1197084',2323,,11312,14,,,0
25019,'1197151',738,,11313,14,,,0
25019,'1197299',2139,,11314,14,,,0
25019,'1197317',1338,,11315,14,,,0
25019,'1197342',1739,,11316,14,,,0
25019,'1197442',1523,,11317,14,,,0
25019,'1197448',1609,,11318,14,,,0
25019,'1197471',1038,,11319,14,,,0
25019,'1197624',1839,,11320,14,,,0
25019,'1197657',2123,,11321,14,,,0
25019,'1197660',839,,11322,14,,,0
25019,'1197687',2338,,11323,14,,,0
25019,'1197702',1209,,11324,14,,,0
25019,'1197757',739,,11325,14,,,0
25019,'1197760',1539,,11326,14,,,0
25019,'1197771',2023,,11327,14,,,0
25019,'1198004',2223,,11328,14,,,0
25019,'1198021',709,,11329,14,,,0
25019,'1198071',1938,,11330,14,,,0
25019,'1198079',639,,11331,14,,,0
25019,'1198190',2039,,11332,14,,,0
25019,'1198267',2239,,11333,14,,,0
25019,'1198315',909,,11334,14,,,0
25019,'1198388',1409,,11335,14,,,0
25019,'1198435',2238,,11336,14,,,0
25019,'1198457',638,,11337,14,,,0
25019,'1198479',939,,11338,14,,,0
25019,'1198492',1438,,11339,14,,,0
25019,'1198496',1838,,11340,14,,,0
25019,'1198512',1723,,11341,14,,,0
25019,'1198566',1138,,11342,14,,,0
25019,'1198604',1423,,11343,14,,,0
25019,'1198759',1323,,11344,14,,,0
25019,'1198776',2138,,11345,14,,,0
25019,'1198803',1509,,11346,14,,,0
25019,'1198823',2038,,11347,14,,,0
25019,'1198862',1923,,11348,14,,,0
25019,'1198902',1439,,11349,14,,,0
25019,'1198938',838,,11350,14,,,0
25019,'1199011',1109,,11351,14,,,0
25019,'1199070',1009,,11352,14,,,0
25019,'1199074',823,,11353,14,,,0
25019,'1199097',809,,11354,14,,,0
25019,'1199125',923,,11355,14,,,0
25019,'1199183',1309,,11356,14,,,0
25019,'1199208',1223,,11357,14,,,0
25019,'1199212',1823,,11358,14,,,0
25019,'1199258',1639,,11359,14,,,0
25019,'1199359',1023,,11360,14,,,0
25019,'1199389',938,,11361,14,,,0
25019,'1199464',1638,,11362,14,,,0
25019,'1199480',1709,,11363,14,,,0
25019,'1199589',1123,,11364,14,,,0
25019,'1199634',1538,,11365,14,,,0
25019,'1199649',1623,,11366,14,,,0
