14019,'1196890',1825,,10916,25,,,0
14019,'1196970',2055,,10917,25,,,0
14019,'1196984',1353,,10918,25,,,0
14019,'1197073',2155,,10919,25,,,0
14019,'1197090',753,,10920,25,,,0
14019,'1197106',1727,,10921,25,,,0
14019,'1197152',1557,,10922,25,,,0
14019,'1197163',1656,,10923,25,,,0
14019,'1197189',1953,,10924,25,,,0
14019,'1197473',955,,10925,25,,,0
14019,'1197576',1153,,10926,25,,,0
14019,'1197578',1853,,10927,25,,,0
14019,'1197606',853,,10928,25,,,0
14019,'1197719',1556,,10929,25,,,0
14019,'1197768',1657,,10930,25,,,0
14019,'1197774',1256,,10931,25,,,0
14019,'1197807',655,,10932,25,,,0
14019,'1197857',1253,,10933,25,,,0
14019,'1197872',755,,10934,25,,,0
14019,'1197899',2325,,10935,25,,,0
14019,'1197912',1653,,10936,25,,,0
14019,'1197929',1356,,10937,25,,,0
14019,'1197946',1955,,10938,25,,,0
14019,'1198043',2355,,10939,25,,,0
14019,'1198056',1925,,10940,25,,,0
14019,'1198057',655,,10941,25,,,0
14019,'1198062',1553,,10942,25,,,0
14019,'1198118',2025,,10943,25,,,0
14019,'1198151',1453,,10944,25,,,0
14019,'1198161',1457,,10945,25,,,0
14019,'1198262',1456,,10946,25,,,0
14019,'1198285',2255,,10947,25,,,0
14019,'1198312',955,,10948,25,,,0
14019,'1198386',1855,,10949,25,,,0
14019,'1198412',1157,,10950,25,,,0
14019,'1198436',855,,10951,25,,,0
14019,'1198460',1057,,10952,25,,,0
14019,'1198507',855,,10953,25,,,0
14019,'1198513',1257,,10954,25,,,0
14019,'1198539',1055,,10955,25,,,0
14019,'1198751',2053,,10956,25,,,0
14019,'1198810',2353,,10957,25,,,0
14019,'1198859',1527,,10958,25,,,0
14019,'1198869',925,,10959,25,,,0
14019,'1198890',2153,,10960,25,,,0
14019,'1199036',725,,10961,25,,,0
14019,'1199048',755,,10962,25,,,0
14019,'1199075',825,,10963,25,,,0
14019,'1199084',1053,,10964,25,,,0
14019,'1199131',2125,,10965,25,,,0
14019,'1199280',2253,,10966,25,,,0
14019,'1199286',953,,10967,25,,,0
14019,'1199393',1357,,10968,25,,,0
14019,'1199441',1627,,10969,25,,,0
14019,'1199444',1756,,10970,25,,,0
14019,'1199523',1753,,10971,25,,,0
14019,'1199538',1757,,10972,25,,,0
14019,'1199568',2225,,10973,25,,,0
14019,'1199582',1156,,10974,25,,,0
