101029,'1196911',745,,11834,22,,,0
101029,'1197033',1829,,11835,22,,,0
101029,'1197060',845,,11836,22,,,0
101029,'1197096',1029,,11837,22,,,0
101029,'1197257',1045,,11838,22,,,0
101029,'1197272',1230,,11839,22,,,0
101029,'1197326',1547,,11840,22,,,0
101029,'1197581',2029,,11841,22,,,0
101029,'1197673',1430,,11842,22,,,0
101029,'1197747',2145,,11843,22,,,0
101029,'1197977',1630,,11844,22,,,0
101029,'1198059',630,,11845,22,,,0
101029,'1198116',1030,,11846,22,,,0
101029,'1198125',830,,11847,22,,,0
101029,'1198200',1229,,11848,22,,,0
101029,'1198251',945,,11849,22,,,0
101029,'1198346',829,,11850,22,,,0
101029,'1198498',2229,,11851,22,,,0
101029,'1198530',2230,,11852,22,,,0
101029,'1198631',1647,,11853,22,,,0
101029,'1198644',2405,,11854,22,,,0
101029,'1198710',1629,,11855,22,,,0
101029,'1198715',1745,,11856,22,,,0
101029,'1198953',2030,,11857,22,,,0
101029,'1198984',1347,,11858,22,,,0
101029,'1199108',1247,,11859,22,,,0
101029,'1199117',645,,11860,22,,,0
101029,'1199304',1830,,11861,22,,,0
101029,'1199366',1429,,11862,22,,,0
101029,'1199567',1945,,11863,22,,,0
101029,'1199585',1447,,11864,22,,,0
101029,'1199990',1247,,12786,22,,,0
101029,'1199994',1547,,12787,22,,,0
101029,'1199997',745,,12788,22,,,0
101029,'1199998',1745,,12789,22,,,0
101029,'1199999',1045,,12790,22,,,0
101029,'1200000',2405,,12791,22,,,0
101029,'1200001',645,,12792,22,,,0
101029,'1200002',1647,,12793,22,,,0
101029,'1200005',1447,,12794,22,,,0
101029,'1200007',945,,12795,22,,,0
101029,'1200010',1347,,12796,22,,,0
101029,'1200012',1945,,12797,22,,,0
101029,'1200016',2145,,12798,22,,,0
101029,'1200017',845,,12799,22,,,0
