10019,'1196894',2056,,10329,31,,,0
10019,'1196915',1656,,10330,31,,,0
10019,'1196923',1056,,10331,31,,,0
10019,'1197054',2226,,10332,31,,,0
10019,'1197091',1456,,10333,31,,,0
10019,'1197121',1057,,10334,31,,,0
10019,'1197207',956,,10335,31,,,0
10019,'1197335',826,,10336,31,,,0
10019,'1197345',2126,,10337,31,,,0
10019,'1197397',1457,,10338,31,,,0
10019,'1197418',2356,,10339,31,,,0
10019,'1197505',1556,,10340,31,,,0
10019,'1197587',926,,10341,31,,,0
10019,'1197595',1056,,10342,31,,,0
10019,'1197737',1357,,10343,31,,,0
10019,'1197756',1856,,10344,31,,,0
10019,'1197759',1527,,10345,31,,,0
10019,'1197766',2256,,10346,31,,,0
10019,'1197915',1956,,10347,31,,,0
10019,'1197927',756,,10348,31,,,0
10019,'1197935',656,,10349,31,,,0
10019,'1197985',956,,10350,31,,,0
10019,'1198010',1826,,10351,31,,,0
10019,'1198016',1956,,10352,31,,,0
10019,'1198164',656,,10353,31,,,0
10019,'1198167',1556,,10354,31,,,0
10019,'1198226',1356,,10355,31,,,0
10019,'1198257',1456,,10356,31,,,0
10019,'1198280',2326,,10357,31,,,0
10019,'1198300',1557,,10358,31,,,0
10019,'1198361',2156,,10359,31,,,0
10019,'1198366',856,,10360,31,,,0
10019,'1198390',1856,,10361,31,,,0
10019,'1198410',1756,,10362,31,,,0
10019,'1198440',756,,10363,31,,,0
10019,'1198475',1156,,10364,31,,,0
10019,'1198480',2156,,10365,31,,,0
10019,'1198509',627,,10366,31,,,0
10019,'1198520',1256,,10367,31,,,0
10019,'1198542',2356,,10368,31,,,0
10019,'1198583',2256,,10369,31,,,0
10019,'1198726',1926,,10370,31,,,0
10019,'1198809',856,,10371,31,,,0
10019,'1198815',1656,,10372,31,,,0
10019,'1198881',1627,,10373,31,,,0
10019,'1198903',856,,10374,31,,,0
10019,'1198955',1157,,10375,31,,,0
10019,'1198962',1657,,10376,31,,,0
10019,'1198993',1156,,10377,31,,,0
10019,'1199007',2056,,10378,31,,,0
10019,'1199032',1356,,10379,31,,,0
10019,'1199053',1757,,10380,31,,,0
10019,'1199056',1756,,10381,31,,,0
10019,'1199257',1727,,10382,31,,,0
10019,'1199300',1256,,10383,31,,,0
10019,'1199321',956,,10384,31,,,0
10019,'1199323',2026,,10385,31,,,0
10019,'1199353',1257,,10386,31,,,0
10019,'1199424',726,,10387,31,,,0
10019,'1199598',756,,10388,31,,,0
