105019,'1196946',923,,12117,74,,,0
105019,'1197049',1834,,12118,74,,,0
105019,'1197077',612,,12119,74,,,0
105019,'1197115',1219,,12120,74,,,0
105019,'1197131',723,,12121,74,,,0
105019,'1197173',1225,,12122,74,,,0
105019,'1197181',1042,,12123,74,,,0
105019,'1197192',2210,,12124,74,,,0
105019,'1197197',1519,,12125,74,,,0
105019,'1197292',1325,,12126,74,,,0
105019,'1197296',1619,,12127,74,,,0
105019,'1197531',1425,,12128,74,,,0
105019,'1197548',1940,,12129,74,,,0
105019,'1197557',1625,,12130,74,,,0
105019,'1197588',842,,12131,74,,,0
105019,'1197596',2110,,12132,74,,,0
105019,'1197617',1525,,12133,74,,,0
105019,'1197633',1242,,12134,74,,,0
105019,'1197710',816,,12135,74,,,0
105019,'1197779',1804,,12136,74,,,0
105019,'1197825',1434,,12137,74,,,0
105019,'1197971',1119,,12138,74,,,0
105019,'1198112',642,,12139,74,,,0
105019,'1198338',1125,,12140,74,,,0
105019,'1198380',2242,,12141,74,,,0
105019,'1198385',1734,,12142,74,,,0
105019,'1198553',1334,,12143,74,,,0
105019,'1198560',2042,,12144,74,,,0
105019,'1198571',1642,,12145,74,,,0
105019,'1198621',746,,12146,74,,,0
105019,'1198667',1016,,12147,74,,,0
105019,'1198717',1549,,12148,74,,,0
105019,'1198741',916,,12149,74,,,0
105019,'1198746',1904,,12150,74,,,0
105019,'1198889',712,,12151,74,,,0
105019,'1199004',1442,,12152,74,,,0
105019,'1199054',1649,,12153,74,,,0
105019,'1199098',846,,12154,74,,,0
105019,'1199298',2410,,12155,74,,,0
105019,'1199347',2323,,12156,74,,,0
105019,'1199383',2310,,12157,74,,,0
105019,'1199400',1725,,12158,74,,,0
105019,'1199461',1842,,12159,74,,,0
105019,'1199511',1825,,12160,74,,,0
105019,'1199546',2123,,12161,74,,,0
105019,'1199574',1925,,12162,74,,,0
