104019,'1196891',2324,,12027,8,,,0
104019,'1197169',2400,,12028,8,,,0
104019,'1197256',1327,,12029,8,,,0
104019,'1197286',2124,,12030,8,,,0
104019,'1197298',1157,,12031,8,,,0
104019,'1197387',2225,,12032,8,,,0
104019,'1197452',1955,,12033,8,,,0
104019,'1197544',910,,12034,8,,,0
104019,'1197547',1225,,12035,8,,,0
104019,'1197640',1524,,12036,8,,,0
104019,'1197714',1755,,12037,8,,,0
104019,'1197725',2055,,12038,8,,,0
104019,'1197761',724,,12039,8,,,0
104019,'1197801',955,,12040,8,,,0
104019,'1197820',755,,12042,8,,,0
104019,'1197873',610,,12043,8,,,0
104019,'1197937',1455,,12044,8,,,0
104019,'1198060',1724,,12045,8,,,0
104019,'1198073',2340,,12046,8,,,0
104019,'1198077',2225,,12047,8,,,0
104019,'1198194',1112,,12048,8,,,0
104019,'1198253',1124,,12049,8,,,0
104019,'1198313',1457,,12050,8,,,0
104019,'1198322',1610,,12051,8,,,0
104019,'1198353',1242,,12052,8,,,0
104019,'1198411',924,,12053,8,,,0
104019,'1198567',1725,,12055,8,,,0
104019,'1198664',840,,12056,8,,,0
104019,'1198683',1340,,12057,8,,,0
104019,'1198738',1925,,12058,8,,,0
104019,'1198750',1924,,12059,8,,,0
104019,'1198780',840,,12060,8,,,0
104019,'1198913',1412,,12061,8,,,0
104019,'1198958',640,,12062,8,,,0
104019,'1199185',725,,12064,8,,,0
104019,'1199190',1110,,12065,8,,,0
104019,'1199331',1324,,12066,8,,,0
104019,'1199407',1840,,12067,8,,,0
104019,'1199459',1710,,12068,8,,,0
104019,'1199490',1627,,12069,8,,,0
104019,'1199539',955,,12070,8,,,0
104019,'1199564',725,,12071,8,,,0
104019,'1199583',1542,,12072,8,,,0
104019,'1199617',2110,,12073,8,,,0
