101019,'1197003',552,,11803,33,,,0
101019,'1197056',2129,,11804,33,,,0
101019,'1197144',2330,,11805,33,,,0
101019,'1197150',1530,,11806,33,,,0
101019,'1197356',1330,,11807,33,,,0
101019,'1197394',1529,,11808,33,,,0
101019,'1197485',729,,11809,33,,,0
101019,'1197542',1329,,11810,33,,,0
101019,'1197666',1052,,11811,33,,,0
101019,'1197703',2130,,11812,33,,,0
101019,'1197735',1152,,11813,33,,,0
101019,'1197816',1129,,11814,33,,,0
101019,'1197893',752,,11815,33,,,0
101019,'1198002',1730,,11816,33,,,0
101019,'1198014',730,,11817,33,,,0
101019,'1198130',952,,11818,33,,,0
101019,'1198162',1354,,11819,33,,,0
101019,'1198212',1930,,11820,33,,,0
101019,'1198408',2051,,11821,33,,,0
101019,'1198684',929,,11822,33,,,0
101019,'1198907',1929,,11823,33,,,0
101019,'1199079',2252,,11824,33,,,0
101019,'1199178',1754,,11825,33,,,0
101019,'1199186',1554,,11826,33,,,0
101019,'1199279',1729,,11827,33,,,0
101019,'1199401',930,,11828,33,,,0
101019,'1199471',1852,,11829,33,,,0
101019,'1199497',1130,,11830,33,,,0
101019,'1199519',852,,11831,33,,,0
101019,'1199566',1454,,11832,33,,,0
101019,'1199626',1654,,11833,33,,,0
101019,'1199991',1354,,12771,33,,,0
101019,'1199992',2051,,12772,33,,,0
101019,'1199993',852,,12773,33,,,0
101019,'1199995',552,,12774,33,,,0
101019,'1199996',652,,12775,33,,,0
101019,'1200003',1654,,12776,33,,,0
101019,'1200004',1554,,12777,33,,,0
101019,'1200006',1852,,12778,33,,,0
101019,'1200008',752,,12779,33,,,0
101019,'1200009',2252,,12780,33,,,0
101019,'1200011',1052,,12781,33,,,0
101019,'1200013',1152,,12782,33,,,0
101019,'1200014',1454,,12783,33,,,0
101019,'1200015',1754,,12784,33,,,0
101019,'1200018',952,,12785,33,,,0
