2019,'1196937',921,,9945,10,,,0
2019,'1196952',1921,,9946,10,,,0
2019,'1196959',721,,9947,10,,,0
2019,'1196966',1006,,9948,10,,,0
2019,'1196990',921,,9949,10,,,0
2019,'1196992',1652,,9950,10,,,0
2019,'1196993',2051,,9951,10,,,0
2019,'1197022',1321,,9952,10,,,0
2019,'1197046',2351,,9953,10,,,0
2019,'1197068',1206,,9954,10,,,0
2019,'1197140',821,,9955,10,,,0
2019,'1197142',2221,,9956,10,,,0
2019,'1197156',651,,9957,10,,,0
2019,'1197159',1237,,9958,10,,,0
2019,'1197165',1306,,9959,10,,,0
2019,'1197200',2036,,9960,10,,,0
2019,'1197205',2321,,9961,10,,,0
2019,'1197230',1552,,9962,10,,,0
2019,'1197258',1522,,9963,10,,,0
2019,'1197273',1821,,9964,10,,,0
2019,'1197277',1006,,9965,10,,,0
2019,'1197304',2021,,9966,10,,,0
2019,'1197311',1752,,9967,10,,,0
2019,'1197384',836,,9968,10,,,0
2019,'1197388',1506,,9969,10,,,0
2019,'1197409',1352,,9970,10,,,0
2019,'1197517',1537,,9971,10,,,0
2019,'1197526',1136,,9972,10,,,0
2019,'1197532',1221,,9973,10,,,0
2019,'1197541',1806,,9974,10,,,0
2019,'1197604',1936,,9975,10,,,0
2019,'1197630',1222,,9976,10,,,0
2019,'1197631',1736,,9977,10,,,0
2019,'1197670',936,,9978,10,,,0
2019,'1197671',1337,,9979,10,,,0
2019,'1197694',1906,,9980,10,,,0
2019,'1197780',1021,,9981,10,,,0
2019,'1197798',1836,,9982,10,,,0
2019,'1197818',1421,,9983,10,,,0
2019,'1197842',1252,,9984,10,,,0
2019,'1197864',2121,,9985,10,,,0
2019,'1197879',1406,,9986,10,,,0
2019,'1197881',1021,,9987,10,,,0
2019,'1197904',851,,9988,10,,,0
2019,'1197931',1151,,9989,10,,,0
2019,'1197939',1507,,9990,10,,,0
2019,'1197952',2356,,9991,10,,,0
2019,'1197970',921,,9992,10,,,0
2019,'1197994',1121,,9993,10,,,0
2019,'1198000',706,,9994,10,,,0
2019,'1198018',721,,9995,10,,,0
2019,'1198034',806,,9996,10,,,0
2019,'1198058',1607,,9997,10,,,0
2019,'1198063',1637,,9998,10,,,0
2019,'1198138',1636,,9999,10,,,0
2019,'1198180',1036,,10000,10,,,0
2019,'1198182',1207,,10001,10,,,0
2019,'1198197',2221,,10002,10,,,0
2019,'1198230',2106,,10003,10,,,0
2019,'1198247',1452,,10004,10,,,0
2019,'1198270',1921,,10005,10,,,0
2019,'1198273',736,,10006,10,,,0
2019,'1198286',751,,10007,10,,,0
2019,'1198328',1722,,10008,10,,,0
2019,'1198379',1737,,10010,10,,,0
2019,'1198387',1536,,10011,10,,,0
2019,'1198392',1136,,10012,10,,,0
2019,'1198443',2006,,10013,10,,,0
2019,'1198453',2136,,10014,10,,,0
2019,'1198468',1236,,10015,10,,,0
2019,'1198483',1721,,10016,10,,,0
2019,'1198564',1106,,10017,10,,,0
2019,'1198584',2306,,10018,10,,,0
2019,'1198637',1622,,10019,10,,,0
2019,'1198722',1521,,10020,10,,,0
2019,'1198740',906,,10021,10,,,0
2019,'1198744',1836,,10022,10,,,0
2019,'1198846',836,,10023,10,,,0
2019,'1198873',636,,10024,10,,,0
2019,'1198904',1336,,10025,10,,,0
2019,'1198940',2206,,10026,10,,,0
2019,'1199047',1307,,10027,10,,,0
2019,'1199073',1706,,10028,10,,,0
2019,'1199085',2136,,10029,10,,,0
2019,'1199096',1436,,10030,10,,,0
2019,'1199176',1036,,10031,10,,,0
2019,'1199234',2006,,10032,10,,,0
2019,'1199238',706,,10033,10,,,0
2019,'1199242',1121,,10034,10,,,0
2019,'1199272',951,,10035,10,,,0
2019,'1199326',2306,,10036,10,,,0
2019,'1199327',1407,,10037,10,,,0
2019,'1199334',1621,,10038,10,,,0
2019,'1199352',1707,,10039,10,,,0
2019,'1199368',1437,,10040,10,,,0
2019,'1199372',1806,,10041,10,,,0
2019,'1199378',1422,,10042,10,,,0
2019,'1199438',1051,,10043,10,,,0
2019,'1199439',751,,10044,10,,,0
2019,'1199485',1322,,10045,10,,,0
2019,'1199505',821,,10046,10,,,0
2019,'1199525',2236,,10047,10,,,0
2019,'1199540',1106,,10048,10,,,0
2019,'1199630',2336,,10049,10,,,0
2019,'1199652',1606,,10050,10,,,0
