28019,'1190612',2008,,8811,4,,,0
28019,'1190648',1753,,8812,4,,,0
28019,'1190664',1508,,8813,4,,,0
28019,'1190675',2108,,8814,4,,,0
28019,'1190706',2308,,8815,4,,,0
28019,'1190722',1638,,8816,4,,,0
28019,'1190756',1008,,8817,4,,,0
28019,'1190827',1853,,8818,4,,,0
28019,'1190930',1708,,8819,4,,,0
28019,'1191056',1453,,8824,4,,,0
28019,'1191066',1053,,8825,4,,,0
28019,'1191068',808,,8826,4,,,0
28019,'1191153',2153,,8828,4,,,0
28019,'1191391',1838,,8829,4,,,0
28019,'1191424',838,,8830,4,,,0
28019,'1191516',653,,8831,4,,,0
28019,'1191816',1153,,8832,4,,,0
28019,'1191883',908,,8833,4,,,0
28019,'1191965',1553,,8835,4,,,0
28019,'1192008',1908,,8837,4,,,0
28019,'1192010',1253,,8838,4,,,0
28019,'1192015',1808,,8839,4,,,0
28019,'1192021',853,,8840,4,,,0
28019,'1192110',2353,,8842,4,,,0
28019,'1192287',738,,8844,4,,,0
28019,'1192288',1738,,8845,4,,,0
28019,'1192309',1608,,8846,4,,,0
28019,'1192311',1408,,8847,4,,,0
28019,'1192315',1308,,8848,4,,,0
28019,'1192316',1108,,8849,4,,,0
28019,'1192431',608,,8850,4,,,0
28019,'1192496',2053,,8852,4,,,0
28019,'1192602',2208,,8853,4,,,0
28019,'1192636',1653,,8854,4,,,0
28019,'1192669',753,,8855,4,,,0
28019,'1192750',1953,,8859,4,,,0
28019,'1192830',638,,8861,4,,,0
28019,'1192878',1353,,8863,4,,,0
28019,'1192900',2253,,8864,4,,,0
28019,'1193052',708,,8865,4,,,0
28019,'1193108',953,,8866,4,,,0
28019,'1193283',1208,,8868,4,,,0
