26019,'1196833',2203,,11427,4,,,0
26019,'1196844',2248,,11428,4,,,0
26019,'1196949',703,,11429,4,,,0
26019,'1197013',1948,,11430,4,,,0
26019,'1197027',1803,,11431,4,,,0
26019,'1197186',1103,,11432,4,,,0
26019,'1197303',1748,,11433,4,,,0
26019,'1197313',1903,,11434,4,,,0
26019,'1197393',1303,,11435,4,,,0
26019,'1197399',1003,,11436,4,,,0
26019,'1197400',1033,,11437,4,,,0
26019,'1197410',1148,,11438,4,,,0
26019,'1197475',1548,,11439,4,,,0
26019,'1197528',2003,,11440,4,,,0
26019,'1197539',848,,11441,4,,,0
26019,'1197549',2103,,11442,4,,,0
26019,'1197586',1703,,11443,4,,,0
26019,'1197594',1433,,11444,4,,,0
26019,'1197600',1348,,11445,4,,,0
26019,'1197749',748,,11446,4,,,0
26019,'1197787',1233,,11447,4,,,0
26019,'1197806',903,,11448,4,,,0
26019,'1197817',1403,,11449,4,,,0
26019,'1197995',1603,,11450,4,,,0
26019,'1198158',1248,,11451,4,,,0
26019,'1198274',1133,,11452,4,,,0
26019,'1198317',1448,,11453,4,,,0
26019,'1198334',1503,,11454,4,,,0
26019,'1198448',603,,11455,4,,,0
26019,'1198587',2303,,11456,4,,,0
26019,'1198626',803,,11457,4,,,0
26019,'1198633',903,,11458,4,,,0
26019,'1198635',703,,11459,4,,,0
26019,'1198640',2103,,11460,4,,,0
26019,'1198642',948,,11461,4,,,0
26019,'1198658',1048,,11462,4,,,0
26019,'1198670',1803,,11463,4,,,0
26019,'1198825',1503,,11464,4,,,0
26019,'1198834',1603,,11465,4,,,0
26019,'1198899',2003,,11466,4,,,0
26019,'1198969',1203,,11467,4,,,0
26019,'1199019',1648,,11468,4,,,0
26019,'1199155',803,,11469,4,,,0
26019,'1199246',1003,,11470,4,,,0
26019,'1199249',1333,,11471,4,,,0
26019,'1199290',603,,11472,4,,,0
26019,'1199307',2148,,11473,4,,,0
26019,'1199310',1703,,11474,4,,,0
26019,'1199313',2303,,11475,4,,,0
26019,'1199493',1903,,11476,4,,,0
26019,'1199515',1848,,11477,4,,,0
26019,'1199654',2203,,11478,4,,,0
26019,'1199656',2048,,11479,4,,,0
