10019,'1196894',2047,,10329,11,,,0
10019,'1196915',1647,,10330,11,,,0
10019,'1196923',1047,,10331,11,,,0
10019,'1197054',2217,,10332,11,,,0
10019,'1197091',1447,,10333,11,,,0
10019,'1197121',1047,,10334,11,,,0
10019,'1197207',947,,10335,11,,,0
10019,'1197335',817,,10336,11,,,0
10019,'1197345',2117,,10337,11,,,0
10019,'1197397',1447,,10338,11,,,0
10019,'1197418',2347,,10339,11,,,0
10019,'1197505',1547,,10340,11,,,0
10019,'1197587',917,,10341,11,,,0
10019,'1197595',1047,,10342,11,,,0
10019,'1197737',1347,,10343,11,,,0
10019,'1197756',1847,,10344,11,,,0
10019,'1197759',1517,,10345,11,,,0
10019,'1197766',2247,,10346,11,,,0
10019,'1197915',1947,,10347,11,,,0
10019,'1197927',747,,10348,11,,,0
10019,'1197935',647,,10349,11,,,0
10019,'1197985',947,,10350,11,,,0
10019,'1198010',1817,,10351,11,,,0
10019,'1198016',1947,,10352,11,,,0
10019,'1198164',647,,10353,11,,,0
10019,'1198167',1547,,10354,11,,,0
10019,'1198226',1347,,10355,11,,,0
10019,'1198257',1447,,10356,11,,,0
10019,'1198280',2317,,10357,11,,,0
10019,'1198300',1547,,10358,11,,,0
10019,'1198361',2147,,10359,11,,,0
10019,'1198366',847,,10360,11,,,0
10019,'1198390',1847,,10361,11,,,0
10019,'1198410',1747,,10362,11,,,0
10019,'1198440',747,,10363,11,,,0
10019,'1198475',1147,,10364,11,,,0
10019,'1198480',2147,,10365,11,,,0
10019,'1198509',618,,10366,11,,,0
10019,'1198520',1247,,10367,11,,,0
10019,'1198542',2347,,10368,11,,,0
10019,'1198583',2247,,10369,11,,,0
10019,'1198726',1917,,10370,11,,,0
10019,'1198809',847,,10371,11,,,0
10019,'1198815',1647,,10372,11,,,0
10019,'1198881',1617,,10373,11,,,0
10019,'1198903',847,,10374,11,,,0
10019,'1198955',1147,,10375,11,,,0
10019,'1198962',1647,,10376,11,,,0
10019,'1198993',1147,,10377,11,,,0
10019,'1199007',2047,,10378,11,,,0
10019,'1199032',1347,,10379,11,,,0
10019,'1199053',1747,,10380,11,,,0
10019,'1199056',1747,,10381,11,,,0
10019,'1199257',1717,,10382,11,,,0
10019,'1199300',1247,,10383,11,,,0
10019,'1199321',947,,10384,11,,,0
10019,'1199323',2017,,10385,11,,,0
10019,'1199353',1247,,10386,11,,,0
10019,'1199424',717,,10387,11,,,0
10019,'1199598',747,,10388,11,,,0
