24029,'1196855',2149,,11247,7,,,0
24029,'1196863',1619,,11248,7,,,0
24029,'1196903',1651,,11249,7,,,0
24029,'1196935',1534,,11250,7,,,0
24029,'1196998',949,,11251,7,,,0
24029,'1197011',618,,11252,7,,,0
24029,'1197043',2019,,11253,7,,,0
24029,'1197098',1020,,11254,7,,,0
24029,'1197100',1551,,11255,7,,,0
24029,'1197147',819,,11256,7,,,0
24029,'1197194',1721,,11257,7,,,0
24029,'1197347',1220,,11258,7,,,0
24029,'1197395',2334,,11259,7,,,0
24029,'1197401',1234,,11260,7,,,0
24029,'1197449',1520,,11261,7,,,0
24029,'1197535',1434,,11262,7,,,0
24029,'1197571',1949,,11263,7,,,0
24029,'1197636',834,,11264,7,,,0
24029,'1197711',1421,,11265,7,,,0
24029,'1197716',1420,,11266,7,,,0
24029,'1197740',1621,,11267,7,,,0
24029,'1197752',2249,,11268,7,,,0
24029,'1197838',919,,11269,7,,,0
24029,'1197859',920,,11270,7,,,0
24029,'1197868',2049,,11271,7,,,0
24029,'1198001',1321,,11272,7,,,0
24029,'1198033',718,,11273,7,,,0
24029,'1198069',1834,,11274,7,,,0
24029,'1198091',749,,11275,7,,,0
24029,'1198103',2034,,11276,7,,,0
24029,'1198109',734,,11277,7,,,0
24029,'1198307',2119,,11278,7,,,0
24029,'1198333',1034,,11279,7,,,0
24029,'1198357',1019,,11280,7,,,0
24029,'1198422',1734,,11281,7,,,0
24029,'1198495',1320,,11282,7,,,0
24029,'1198628',1934,,11283,7,,,0
24029,'1198699',1334,,11284,7,,,0
24029,'1198752',1121,,11285,7,,,0
24029,'1198764',1451,,11286,7,,,0
24029,'1198765',1719,,11287,7,,,0
24029,'1198785',2219,,11288,7,,,0
24029,'1198801',1221,,11289,7,,,0
24029,'1198831',1751,,11290,7,,,0
24029,'1198847',1634,,11291,7,,,0
24029,'1198886',719,,11292,7,,,0
24029,'1198954',1134,,11293,7,,,0
24029,'1198966',1521,,11294,7,,,0
24029,'1198971',2234,,11295,7,,,0
24029,'1199014',1919,,11296,7,,,0
24029,'1199150',2319,,11297,7,,,0
24029,'1199169',2409,,11298,7,,,0
24029,'1199217',1120,,11299,7,,,0
24029,'1199230',819,,11300,7,,,0
24029,'1199287',649,,11301,7,,,0
24029,'1199365',2134,,11302,7,,,0
24029,'1199397',849,,11303,7,,,0
24029,'1199530',934,,11304,7,,,0
24029,'1199545',1849,,11305,7,,,0
24029,'1199636',1819,,11306,7,,,0
105019,'1196946',948,,12117,109,,,0
105019,'1197049',1902,,12118,109,,,0
105019,'1197077',636,,12119,109,,,0
105019,'1197115',1247,,12120,109,,,0
105019,'1197131',748,,12121,109,,,0
105019,'1197173',1249,,12122,109,,,0
105019,'1197181',1103,,12123,109,,,0
105019,'1197192',2235,,12124,109,,,0
105019,'1197197',1547,,12125,109,,,0
105019,'1197292',1349,,12126,109,,,0
105019,'1197296',1647,,12127,109,,,0
105019,'1197531',1449,,12128,109,,,0
105019,'1197548',2005,,12129,109,,,0
105019,'1197557',1649,,12130,109,,,0
105019,'1197588',903,,12131,109,,,0
105019,'1197596',2135,,12132,109,,,0
105019,'1197617',1549,,12133,109,,,0
105019,'1197633',1303,,12134,109,,,0
105019,'1197710',844,,12135,109,,,0
105019,'1197779',1832,,12136,109,,,0
105019,'1197825',1502,,12137,109,,,0
105019,'1197971',1147,,12138,109,,,0
105019,'1198112',706,,12139,109,,,0
105019,'1198338',1149,,12140,109,,,0
105019,'1198380',2303,,12141,109,,,0
105019,'1198385',1802,,12142,109,,,0
105019,'1198553',1402,,12143,109,,,0
105019,'1198560',2103,,12144,109,,,0
105019,'1198571',1703,,12145,109,,,0
105019,'1198621',814,,12146,109,,,0
105019,'1198667',1044,,12147,109,,,0
105019,'1198717',1617,,12148,109,,,0
105019,'1198741',944,,12149,109,,,0
105019,'1198746',1932,,12150,109,,,0
105019,'1198889',736,,12151,109,,,0
105019,'1199004',1503,,12152,109,,,0
105019,'1199054',1717,,12153,109,,,0
105019,'1199098',914,,12154,109,,,0
105019,'1199298',2435,,12155,109,,,0
105019,'1199347',2348,,12156,109,,,0
105019,'1199383',2335,,12157,109,,,0
105019,'1199400',1749,,12158,109,,,0
105019,'1199461',1903,,12159,109,,,0
105019,'1199511',1849,,12160,109,,,0
105019,'1199546',2148,,12161,109,,,0
105019,'1199574',1949,,12162,109,,,0
106029,'1196836',1633,,12215,40,,,0
106029,'1196851',1748,,12216,40,,,0
106029,'1197042',1031,,12217,40,,,0
106029,'1197408',1903,,12218,40,,,0
106029,'1198086',801,,12219,40,,,0
106029,'1198615',916,,12220,40,,,0
140001019,'1196866',818,,12221,19,,,0
140001019,'1196880',2217,,12222,19,,,0
140001019,'1196896',1033,,12223,19,,,0
140001019,'1196898',2148,,12224,19,,,0
140001019,'1196900',1934,,12225,19,,,0
140001019,'1196905',1905,,12226,19,,,0
140001019,'1196939',2318,,12227,19,,,0
140001019,'1196943',1335,,12228,19,,,0
140001019,'1196945',2343,,12229,19,,,0
140001019,'1196967',648,,12230,19,,,0
140001019,'1197008',1405,,12231,19,,,0
140001019,'1197072',1427,,12232,19,,,0
140001019,'1197075',1550,,12233,19,,,0
140001019,'1197086',1849,,12234,19,,,0
140001019,'1197088',2048,,12235,19,,,0
140001019,'1197102',703,,12236,19,,,0
140001019,'1197146',1605,,12237,19,,,0
140001019,'1197212',1320,,12238,19,,,0
140001019,'1197216',933,,12239,19,,,0
140001019,'1197238',1205,,12240,19,,,0
140001019,'1197266',1505,,12241,19,,,0
140001019,'1197267',1635,,12242,19,,,0
140001019,'1197281',1642,,12243,19,,,0
140001019,'1197287',948,,12244,19,,,0
140001019,'1197324',1612,,12245,19,,,0
140001019,'1197328',1018,,12246,19,,,0
140001019,'1197350',1048,,12247,19,,,0
140001019,'1197407',1420,,12248,19,,,0
140001019,'1197438',1735,,12249,19,,,0
140001019,'1197459',1003,,12250,19,,,0
140001019,'1197465',1135,,12251,19,,,0
140001019,'1197470',1750,,12252,19,,,0
140001019,'1197474',1018,,12253,19,,,0
140001019,'1197516',1442,,12254,19,,,0
140001019,'1197563',1833,,12255,19,,,0
140001019,'1197567',1948,,12256,19,,,0
140001019,'1197593',1235,,12257,19,,,0
140001019,'1197607',1657,,12258,19,,,0
140001019,'1197613',1757,,12259,19,,,0
140001019,'1197621',1805,,12260,19,,,0
140001019,'1197622',2034,,12261,19,,,0
140001019,'1197646',1220,,12262,19,,,0
140001019,'1197676',1150,,12263,19,,,0
140001019,'1197685',1035,,12264,19,,,0
140001019,'1197688',1320,,12265,19,,,0
140001019,'1197689',1435,,12266,19,,,0
140001019,'1197693',1742,,12267,19,,,0
140001019,'1197729',2004,,12268,19,,,0
140001019,'1197734',1605,,12269,19,,,0
140001019,'1197741',1335,,12270,19,,,0
140001019,'1197745',1220,,12271,19,,,0
140001019,'1197767',1120,,12272,19,,,0
140001019,'1197797',2018,,12273,19,,,0
140001019,'1197802',903,,12274,19,,,0
140001019,'1197830',918,,12275,19,,,0
140001019,'1197894',1820,,12276,19,,,0
140001019,'1197944',1105,,12277,19,,,0
140001019,'1197964',1305,,12278,19,,,0
140001019,'1197966',1050,,12279,19,,,0
140001019,'1197987',1627,,12280,19,,,0
140001019,'1197988',748,,12281,19,,,0
140001019,'1198009',2104,,12282,19,,,0
140001019,'1198027',2305,,12283,19,,,0
140001019,'1198035',833,,12284,19,,,0
140001019,'1198147',2105,,12285,19,,,0
140001019,'1198155',1205,,12286,19,,,0
140001019,'1198177',2049,,12287,19,,,0
140001019,'1198195',1305,,12288,19,,,0
140001019,'1198235',1705,,12289,19,,,0
140001019,'1198264',1305,,12290,19,,,0
140001019,'1198294',1405,,12291,19,,,0
140001019,'1198302',2019,,12292,19,,,0
140001019,'1198324',1805,,12293,19,,,0
140001019,'1198349',733,,12294,19,,,0
140001019,'1198356',1720,,12295,19,,,0
140001019,'1198378',718,,12296,19,,,0
140001019,'1198384',1135,,12297,19,,,0
140001019,'1198418',1918,,12298,19,,,0
140001019,'1198429',1904,,12299,19,,,0
140001019,'1198452',1805,,12300,19,,,0
140001019,'1198461',848,,12301,19,,,0
140001019,'1198463',1834,,12302,19,,,0
140001019,'1198487',1848,,12303,19,,,0
140001019,'1198515',1235,,12304,19,,,0
140001019,'1198535',1712,,12305,19,,,0
140001019,'1198541',1103,,12306,19,,,0
140001019,'1198549',648,,12307,19,,,0
140001019,'1198579',1650,,12308,19,,,0
140001019,'1198595',2119,,12309,19,,,0
140001019,'1198601',1620,,12310,19,,,0
140001019,'1198665',2317,,12311,19,,,0
140001019,'1198666',805,,12312,19,,,0
140001019,'1198714',1457,,12313,19,,,0
140001019,'1198763',2418,,12314,19,,,0
140001019,'1198766',1005,,12315,19,,,0
140001019,'1198781',1819,,12316,19,,,0
140001019,'1198791',1520,,12317,19,,,0
140001019,'1198797',818,,12318,19,,,0
140001019,'1198813',1505,,12319,19,,,0
140001019,'1198814',2405,,12320,19,,,0
140001019,'1198835',1350,,12321,19,,,0
140001019,'1198872',848,,12322,19,,,0
140001019,'1198878',1250,,12323,19,,,0
140001019,'1198900',1512,,12324,19,,,0
140001019,'1198920',2118,,12325,19,,,0
140001019,'1198925',1118,,12326,19,,,0
140001019,'1198926',918,,12327,19,,,0
140001019,'1198932',1003,,12328,19,,,0
140001019,'1198964',1727,,12329,19,,,0
140001019,'1198965',1405,,12330,19,,,0
140001019,'1198980',1542,,12331,19,,,0
140001019,'1199018',2417,,12332,19,,,0
140001019,'1199069',2205,,12333,19,,,0
140001019,'1199136',1250,,12334,19,,,0
140001019,'1199170',748,,12335,19,,,0
140001019,'1199213',2347,,12336,19,,,0
140001019,'1199235',905,,12337,19,,,0
140001019,'1199268',803,,12338,19,,,0
140001019,'1199282',1105,,12339,19,,,0
140001019,'1199297',1527,,12340,19,,,0
140001019,'1199319',948,,12341,19,,,0
140001019,'1199330',1903,,12342,19,,,0
140001019,'1199354',1949,,12343,19,,,0
140001019,'1199367',2147,,12344,19,,,0
140001019,'1199377',1205,,12345,19,,,0
140001019,'1199402',1705,,12346,19,,,0
140001019,'1199414',1450,,12347,19,,,0
140001019,'1199449',1150,,12348,19,,,0
140001019,'1199458',1350,,12349,19,,,0
140001019,'1199468',2247,,12350,19,,,0
140001019,'1199492',1557,,12351,19,,,0
140001019,'1199516',2218,,12352,19,,,0
140001019,'1199563',2248,,12353,19,,,0
140001019,'1199606',1535,,12354,19,,,0
140001019,'1199624',1919,,12355,19,,,0
140001019,'1199632',718,,12356,19,,,0
140001019,'1199638',2005,,12357,19,,,0
