101019,'1197003',604,,11803,40,,,0
101019,'1197056',2141,,11804,40,,,0
101019,'1197144',2341,,11805,40,,,0
101019,'1197150',1541,,11806,40,,,0
101019,'1197356',1341,,11807,40,,,0
101019,'1197394',1541,,11808,40,,,0
101019,'1197485',741,,11809,40,,,0
101019,'1197542',1341,,11810,40,,,0
101019,'1197666',1104,,11811,40,,,0
101019,'1197703',2141,,11812,40,,,0
101019,'1197735',1204,,11813,40,,,0
101019,'1197816',1141,,11814,40,,,0
101019,'1197893',804,,11815,40,,,0
101019,'1198002',1741,,11816,40,,,0
101019,'1198014',741,,11817,40,,,0
101019,'1198130',1004,,11818,40,,,0
101019,'1198162',1406,,11819,40,,,0
101019,'1198212',1941,,11820,40,,,0
101019,'1198408',2103,,11821,40,,,0
101019,'1198684',941,,11822,40,,,0
101019,'1198907',1941,,11823,40,,,0
101019,'1199079',2304,,11824,40,,,0
101019,'1199178',1806,,11825,40,,,0
101019,'1199186',1606,,11826,40,,,0
101019,'1199279',1741,,11827,40,,,0
101019,'1199401',941,,11828,40,,,0
101019,'1199471',1904,,11829,40,,,0
101019,'1199497',1141,,11830,40,,,0
101019,'1199519',904,,11831,40,,,0
101019,'1199566',1506,,11832,40,,,0
101019,'1199626',1706,,11833,40,,,0
101019,'1199991',1406,,12771,40,,,0
101019,'1199992',2103,,12772,40,,,0
101019,'1199993',904,,12773,40,,,0
101019,'1199995',604,,12774,40,,,0
101019,'1199996',704,,12775,40,,,0
101019,'1200003',1706,,12776,40,,,0
101019,'1200004',1606,,12777,40,,,0
101019,'1200006',1904,,12778,40,,,0
101019,'1200008',804,,12779,40,,,0
101019,'1200009',2304,,12780,40,,,0
101019,'1200011',1104,,12781,40,,,0
101019,'1200013',1204,,12782,40,,,0
101019,'1200014',1506,,12783,40,,,0
101019,'1200015',1806,,12784,40,,,0
101019,'1200018',1004,,12785,40,,,0
