10019,'1193663',2218,,7564,14,,,0
10019,'1193667',618,,7566,14,,,0
10019,'1193668',948,,7567,14,,,0
10019,'1193678',2148,,7569,14,,,0
10019,'1193679',1823,,7570,14,,,0
10019,'1193680',748,,7571,14,,,0
10019,'1193682',648,,7573,14,,,0
10019,'1193687',1053,,7575,14,,,0
10019,'1193691',1753,,7576,14,,,0
10019,'1193697',1853,,7577,14,,,0
10019,'1193698',1918,,7578,14,,,0
10019,'1193700',2048,,7579,14,,,0
10019,'1193707',948,,7583,14,,,0
10019,'1193708',848,,7584,14,,,0
10019,'1193710',1253,,7586,14,,,0
10019,'1193715',1253,,7588,14,,,0
10019,'1193717',2118,,7589,14,,,0
10019,'1193718',1353,,7590,14,,,0
10019,'1193720',1618,,7591,14,,,0
10019,'1193724',1453,,7592,14,,,0
10019,'1193725',2018,,7593,14,,,0
10019,'1193731',1453,,7595,14,,,0
10019,'1193732',2318,,7596,14,,,0
10019,'1193733',1753,,7597,14,,,0
10019,'1193734',1153,,7598,14,,,0
10019,'1193737',1053,,7600,14,,,0
10019,'1193738',1153,,7601,14,,,0
10019,'1193739',2248,,7602,14,,,0
10019,'1193740',1653,,7603,14,,,0
10019,'1193743',1518,,7604,14,,,0
10019,'1193747',2348,,7605,14,,,0
10019,'1193749',1948,,7606,14,,,0
10019,'1193752',718,,7607,14,,,0
10019,'1193754',1718,,7608,14,,,0
10019,'1193755',1553,,7609,14,,,0
10019,'1193759',1353,,7611,14,,,0
10019,'1193761',1653,,7612,14,,,0
10019,'1193765',648,,7613,14,,,0
10019,'1193767',818,,7615,14,,,0
10019,'1193768',918,,7616,14,,,0
10019,'1193771',748,,7619,14,,,0
10019,'1193772',1553,,7620,14,,,0
10019,'1193779',848,,7623,14,,,0
12019,'1190645',1630,,7824,20,,,0
12019,'1190716',659,,7826,20,,,0
12019,'1190831',2158,,7830,20,,,0
12019,'1190872',859,,7831,20,,,0
12019,'1190905',858,,7833,20,,,0
12019,'1190925',2028,,7834,20,,,0
12019,'1190938',1630,,7835,20,,,0
12019,'1191207',1800,,7836,20,,,0
12019,'1191227',1730,,7837,20,,,0
12019,'1191300',1530,,7839,20,,,0
12019,'1191320',2328,,7840,20,,,0
12019,'1191414',1730,,7842,20,,,0
12019,'1191419',1500,,7843,20,,,0
12019,'1191420',2128,,7844,20,,,0
12019,'1191448',759,,7845,20,,,0
12019,'1191466',1700,,7846,20,,,0
12019,'1191470',1500,,7847,20,,,0
12019,'1191522',1100,,7848,20,,,0
12019,'1191598',1200,,7850,20,,,0
12019,'1191639',1230,,7851,20,,,0
12019,'1191674',1130,,7852,20,,,0
12019,'1191686',1330,,7853,20,,,0
12019,'1191803',1300,,7857,20,,,0
12019,'1191804',1600,,7858,20,,,0
12019,'1191818',1400,,7859,20,,,0
12019,'1191855',1858,,7860,20,,,0
12019,'1191973',1130,,7861,20,,,0
12019,'1192006',1029,,7863,20,,,0
12019,'1192018',1300,,7864,20,,,0
12019,'1192022',1928,,7865,20,,,0
12019,'1192099',829,,7866,20,,,0
12019,'1192145',1400,,7867,20,,,0
12019,'1192151',758,,7868,20,,,0
12019,'1192194',729,,7869,20,,,0
12019,'1192261',1200,,7870,20,,,0
12019,'1192280',2228,,7871,20,,,0
12019,'1192281',1330,,7872,20,,,0
12019,'1192301',1230,,7874,20,,,0
12019,'1192340',1430,,7875,20,,,0
12019,'1192366',1828,,7876,20,,,0
12019,'1192412',929,,7877,20,,,0
12019,'1192530',1530,,7879,20,,,0
12019,'1192561',2358,,7880,20,,,0
12019,'1192582',1958,,7881,20,,,0
12019,'1192611',2258,,7882,20,,,0
12019,'1192642',629,,7883,20,,,0
12019,'1193003',1600,,7884,20,,,0
12019,'1193055',1700,,7885,20,,,0
12019,'1193068',958,,7886,20,,,0
12019,'1193119',2058,,7887,20,,,0
12019,'1193147',1100,,7888,20,,,0
12019,'1193167',1430,,7889,20,,,0
12019,'1193176',700,,7890,20,,,0
12019,'1193229',1800,,7892,20,,,0
12019,'1193305',959,,7895,20,,,0
