104019,'1190814',2128,,9202,31,,,0
104019,'1190818',2113,,9203,31,,,0
104019,'1190892',813,,9204,31,,,0
104019,'1190936',1518,,9205,31,,,0
104019,'1190986',1813,,9207,31,,,0
104019,'1191017',743,,9209,31,,,0
104019,'1191094',1943,,9210,31,,,0
104019,'1191310',858,,9212,31,,,0
104019,'1191316',1603,,9214,31,,,0
104019,'1191321',2243,,9215,31,,,0
104019,'1191385',1728,,9217,31,,,0
104019,'1191418',1013,,9218,31,,,0
104019,'1191499',2358,,9219,31,,,0
104019,'1191536',1348,,9220,31,,,0
104019,'1191722',928,,9223,31,,,0
104019,'1191770',743,,9224,31,,,0
104019,'1191825',658,,9225,31,,,0
104019,'1191885',628,,9226,31,,,0
104019,'1191947',1133,,9227,31,,,0
104019,'1191953',1243,,9228,31,,,0
104019,'1191969',1303,,9230,31,,,0
104019,'1192007',1513,,9231,31,,,0
104019,'1192026',1858,,9232,31,,,0
104019,'1192203',858,,9234,31,,,0
104019,'1192446',1218,,9235,31,,,0
104019,'1192457',1743,,9236,31,,,0
104019,'1192466',1358,,9237,31,,,0
104019,'1192607',1128,,9238,31,,,0
104019,'1192810',1433,,9241,31,,,0
104019,'1192924',2013,,9242,31,,,0
104019,'1192954',1648,,9243,31,,,0
104019,'1192997',1013,,9244,31,,,0
104019,'1193072',2418,,9245,31,,,0
104019,'1193232',2243,,9246,31,,,0
104019,'1193244',1628,,9247,31,,,0
