27019,'1196842',1900,,11533,7,,,0
27019,'1196846',1645,,11534,7,,,0
27019,'1196878',945,,11535,7,,,0
27019,'1196919',1400,,11536,7,,,0
27019,'1196930',2115,,11537,7,,,0
27019,'1197039',845,,11538,7,,,0
27019,'1197044',1545,,11539,7,,,0
27019,'1197171',2315,,11540,7,,,0
27019,'1197352',945,,11541,7,,,0
27019,'1197376',1045,,11542,7,,,0
27019,'1197425',845,,11543,7,,,0
27019,'1197453',1915,,11544,7,,,0
27019,'1197540',2345,,11545,7,,,0
27019,'1197614',645,,11546,7,,,0
27019,'1197700',1000,,11547,7,,,0
27019,'1197712',1145,,11548,7,,,0
27019,'1197781',1745,,11549,7,,,0
27019,'1197786',1445,,11550,7,,,0
27019,'1197791',2215,,11551,7,,,0
27019,'1197796',1045,,11552,7,,,0
27019,'1197826',1100,,11553,7,,,0
27019,'1197858',2245,,11554,7,,,0
27019,'1197876',1145,,11555,7,,,0
27019,'1197898',900,,11556,7,,,0
27019,'1197907',1345,,11557,7,,,0
27019,'1197930',2100,,11558,7,,,0
27019,'1197969',2200,,11559,7,,,0
27019,'1197974',2145,,11560,7,,,0
27019,'1198068',1245,,11561,7,,,0
27019,'1198176',2015,,11562,7,,,0
27019,'1198217',1600,,11563,7,,,0
27019,'1198254',2300,,11564,7,,,0
27019,'1198284',2045,,11565,7,,,0
27019,'1198330',1700,,11566,7,,,0
27019,'1198516',1945,,11567,7,,,0
27019,'1198596',645,,11568,7,,,0
27019,'1198639',745,,11569,7,,,0
27019,'1198652',1645,,11570,7,,,0
27019,'1198762',1800,,11571,7,,,0
27019,'1198768',1500,,11572,7,,,0
27019,'1198893',1200,,11573,7,,,0
27019,'1198985',800,,11574,7,,,0
27019,'1199071',1445,,11575,7,,,0
27019,'1199163',745,,11576,7,,,0
27019,'1199201',1845,,11577,7,,,0
27019,'1199293',1745,,11578,7,,,0
27019,'1199295',1845,,11579,7,,,0
27019,'1199302',1245,,11580,7,,,0
27019,'1199381',2000,,11581,7,,,0
27019,'1199443',1345,,11582,7,,,0
27019,'1199543',1300,,11583,7,,,0
27019,'1199599',1545,,11584,7,,,0
