102019,'1190597',2059,,9039,12,,,0
102019,'1190683',1329,,9041,12,,,0
102019,'1190693',2229,,9042,12,,,0
102019,'1190718',1859,,9043,12,,,0
102019,'1190741',1129,,9044,12,,,0
102019,'1190958',2329,,9047,12,,,0
102019,'1191221',644,,9048,12,,,0
102019,'1191235',959,,9049,12,,,0
102019,'1191363',829,,9050,12,,,0
102019,'1191449',1629,,9053,12,,,0
102019,'1191519',1429,,9054,12,,,0
102019,'1191533',944,,9055,12,,,0
102019,'1191550',1559,,9057,12,,,0
102019,'1191628',1729,,9058,12,,,0
102019,'1191743',1259,,9059,12,,,0
102019,'1191774',859,,9060,12,,,0
102019,'1191788',1414,,9061,12,,,0
102019,'1191823',2029,,9062,12,,,0
102019,'1192080',1929,,9064,12,,,0
102019,'1192239',1159,,9065,12,,,0
102019,'1192244',2359,,9066,12,,,0
102019,'1192255',1029,,9067,12,,,0
102019,'1192441',559,,9068,12,,,0
102019,'1192464',659,,9069,12,,,0
102019,'1192484',814,,9071,12,,,0
102019,'1192625',1714,,9072,12,,,0
102019,'1192766',2159,,9073,12,,,0
102019,'1192942',1759,,9074,12,,,0
102019,'1193104',1544,,9077,12,,,0
102019,'1193216',1459,,9078,12,,,0
102019,'1193275',729,,9080,12,,,0
