13019,'1196852',1342,,10793,40,,,0
13019,'1196856',1740,,10794,40,,,0
13019,'1196922',639,,10795,14,,,0
13019,'1196999',941,,10796,40,,,0
13019,'1197035',640,,10797,40,,,0
13019,'1197132',1512,,10798,40,,,0
13019,'1197251',1612,,10799,40,,,0
13019,'1197279',740,,10800,40,,,0
13019,'1197353',2310,,10801,40,,,0
13019,'1197357',1840,,10802,40,,,0
13019,'1197451',2240,,10803,40,,,0
13019,'1197487',841,,10804,40,,,0
13019,'1197555',1642,,10805,40,,,0
13019,'1197570',940,,10806,40,,,0
13019,'1197575',1640,,10807,40,,,0
13019,'1197641',2040,,10808,40,,,0
13019,'1197645',1712,,10809,40,,,0
13019,'1197648',710,,10810,40,,,0
13019,'1197690',1640,,10811,40,,,0
13019,'1197692',1742,,10812,40,,,0
13019,'1197730',1442,,10813,40,,,0
13019,'1197762',2415,,10814,40,,,0
13019,'1197803',740,,10815,40,,,0
13019,'1197834',1240,,10816,40,,,0
13019,'1197854',2040,,10817,40,,,0
13019,'1197962',1340,,10818,40,,,0
13019,'1197975',1043,,10819,40,,,0
13019,'1198041',1140,,10820,40,,,0
13019,'1198094',1810,,10821,40,,,0
13019,'1198160',840,,10822,40,,,0
13019,'1198201',1240,,10823,40,,,0
13019,'1198243',1840,,10824,40,,,0
13019,'1198290',2210,,10825,40,,,0
13019,'1198352',740,,10826,40,,,0
13019,'1198355',1910,,10827,40,,,0
13019,'1198382',810,,10828,40,,,0
13019,'1198402',2240,,10829,40,,,0
13019,'1198552',2140,,10830,40,,,0
13019,'1198554',1940,,10831,40,,,0
13019,'1198602',1140,,10832,40,,,0
13019,'1198611',2010,,10833,40,,,0
13019,'1198630',1542,,10834,40,,,0
13019,'1198675',1242,,10835,40,,,0
13019,'1198690',610,,10836,14,,,0
13019,'1198716',1040,,10837,40,,,0
13019,'1198729',1010,,10838,40,,,0
13019,'1198761',1340,,10839,40,,,0
13019,'1198778',940,,10840,40,,,0
13019,'1198837',2340,,10841,40,,,0
13019,'1198874',1142,,10842,40,,,0
13019,'1198888',911,,10843,40,,,0
13019,'1199044',840,,10844,40,,,0
13019,'1199123',1040,,10845,40,,,0
13019,'1199151',1440,,10846,40,,,0
13019,'1199233',1440,,10847,40,,,0
13019,'1199276',1540,,10848,40,,,0
13019,'1199284',2110,,10849,40,,,0
13019,'1199418',1940,,10850,40,,,0
13019,'1199448',1740,,10851,40,,,0
13019,'1199536',2140,,10852,40,,,0
13019,'1199588',2340,,10853,40,,,0
13019,'1199631',1540,,10854,40,,,0
