14029,'1190709',1859,,8149,28,,,0
14029,'1190764',1759,,8150,28,,,0
14029,'1190906',659,,8151,28,,,0
14029,'1190927',1630,,8153,28,,,0
14029,'1191037',1500,,8155,28,,,0
14029,'1191042',1129,,8156,28,,,0
14029,'1191078',829,,8158,28,,,0
14029,'1191308',1429,,8161,28,,,0
14029,'1191322',1030,,8162,28,,,0
14029,'1191348',1230,,8163,28,,,0
14029,'1191415',2229,,8164,28,,,0
14029,'1191429',1829,,8165,28,,,0
14029,'1191520',1430,,8167,28,,,0
14029,'1191547',1529,,8168,28,,,0
14029,'1191620',1929,,8169,28,,,0
14029,'1191630',929,,8170,28,,,0
14029,'1191718',2329,,8173,28,,,0
14029,'1191777',929,,8174,28,,,0
14029,'1191810',729,,8175,28,,,0
14029,'1191865',759,,8177,28,,,0
14029,'1191921',859,,8178,28,,,0
14029,'1191955',829,,8180,28,,,0
14029,'1191980',2404,,8181,28,,,0
14029,'1192001',2259,,8182,28,,,0
14029,'1192051',1700,,8184,28,,,0
14029,'1192347',2159,,8186,28,,,0
14029,'1192388',629,,8189,28,,,0
14029,'1192435',1629,,8190,28,,,0
14029,'1192473',2029,,8191,28,,,0
14029,'1192489',1600,,8192,28,,,0
14029,'1192580',2129,,8193,28,,,0
14029,'1192627',1329,,8195,28,,,0
14029,'1192632',1229,,8196,28,,,0
14029,'1192674',1530,,8197,28,,,0
14029,'1192957',1729,,8200,28,,,0
14029,'1193009',1730,,8201,28,,,0
14029,'1193016',2059,,8202,28,,,0
14029,'1193023',1959,,8203,28,,,0
14029,'1193040',1130,,8204,28,,,0
14029,'1193048',729,,8205,28,,,0
14029,'1193064',1029,,8206,28,,,0
14029,'1193291',1330,,8207,28,,,0
