24019,'1190647',1206,,8361,7,,,0
24019,'1191048',604,,8365,7,,,0
24019,'1191082',2135,,8366,7,,,0
24019,'1191137',1536,,8368,7,,,0
24019,'1191141',1306,,8369,7,,,0
24019,'1191142',1406,,8370,7,,,0
24019,'1191201',1505,,8373,7,,,0
24019,'1191254',2035,,8374,7,,,0
24019,'1191255',1604,,8375,7,,,0
24019,'1191295',1904,,8376,7,,,0
24019,'1191545',2204,,8379,7,,,0
24019,'1191590',1105,,8380,7,,,0
24019,'1191601',804,,8381,7,,,0
24019,'1191611',1935,,8382,7,,,0
24019,'1191656',1205,,8383,7,,,0
24019,'1191707',705,,8384,7,,,0
24019,'1191927',2235,,8385,7,,,0
24019,'1191985',1606,,8387,7,,,0
24019,'1191988',2004,,8388,7,,,0
24019,'1192102',1405,,8389,7,,,0
24019,'1192138',1305,,8390,7,,,0
24019,'1192209',905,,8392,7,,,0
24019,'1192332',905,,8395,7,,,0
24019,'1192336',2355,,8396,7,,,0
24019,'1192345',1835,,8397,7,,,0
24019,'1192408',1636,,8398,7,,,0
24019,'1192447',1436,,8399,7,,,0
24019,'1192487',1706,,8401,7,,,0
24019,'1192521',805,,8402,7,,,0
24019,'1192603',635,,8403,7,,,0
24019,'1192660',704,,8404,7,,,0
24019,'1192685',2304,,8405,7,,,0
24019,'1192701',1506,,8406,7,,,0
24019,'1192783',735,,8408,7,,,0
24019,'1192879',1804,,8409,7,,,0
24019,'1192911',935,,8410,7,,,0
24019,'1192935',1736,,8411,7,,,0
24019,'1192971',2104,,8413,7,,,0
24019,'1193067',835,,8415,7,,,0
24019,'1193077',1005,,8416,7,,,0
24019,'1193230',1704,,8418,7,,,0
24019,'1193296',1106,,8419,7,,,0
24019,'1193299',1005,,8420,7,,,0
