101029,'1196911',821,,11834,65,,,0
101029,'1197033',1904,,11835,65,,,0
101029,'1197060',921,,11836,65,,,0
101029,'1197096',1104,,11837,65,,,0
101029,'1197257',1121,,11838,65,,,0
101029,'1197272',1304,,11839,65,,,0
101029,'1197326',1624,,11840,65,,,0
101029,'1197581',2104,,11841,65,,,0
101029,'1197673',1504,,11842,65,,,0
101029,'1197747',2221,,11843,65,,,0
101029,'1197977',1704,,11844,65,,,0
101029,'1198059',704,,11845,65,,,0
101029,'1198116',1104,,11846,65,,,0
101029,'1198125',904,,11847,65,,,0
101029,'1198200',1304,,11848,65,,,0
101029,'1198251',1021,,11849,65,,,0
101029,'1198346',904,,11850,65,,,0
101029,'1198498',2304,,11851,65,,,0
101029,'1198530',2304,,11852,65,,,0
101029,'1198631',1724,,11853,65,,,0
101029,'1198644',2441,,11854,65,,,0
101029,'1198710',1704,,11855,65,,,0
101029,'1198715',1821,,11856,65,,,0
101029,'1198953',2104,,11857,65,,,0
101029,'1198984',1424,,11858,65,,,0
101029,'1199108',1324,,11859,65,,,0
101029,'1199117',721,,11860,65,,,0
101029,'1199304',1904,,11861,65,,,0
101029,'1199366',1504,,11862,65,,,0
101029,'1199567',2021,,11863,65,,,0
101029,'1199585',1524,,11864,65,,,0
101029,'1199990',1324,,12786,65,,,0
101029,'1199994',1624,,12787,65,,,0
101029,'1199997',821,,12788,65,,,0
101029,'1199998',1821,,12789,65,,,0
101029,'1199999',1121,,12790,65,,,0
101029,'1200000',2441,,12791,65,,,0
101029,'1200001',721,,12792,65,,,0
101029,'1200002',1724,,12793,65,,,0
101029,'1200005',1524,,12794,65,,,0
101029,'1200007',1021,,12795,65,,,0
101029,'1200010',1424,,12796,65,,,0
101029,'1200012',2021,,12797,65,,,0
101029,'1200016',2221,,12798,65,,,0
101029,'1200017',921,,12799,65,,,0
