25019,'1196864',1239,,11307,15,,,0
25019,'1196932',1739,,11308,15,,,0
25019,'1196994',1940,,11309,15,,,0
25019,'1197064',723,,11310,15,,,0
25019,'1197079',2400,,11311,15,,,0
25019,'1197084',2323,,11312,15,,,0
25019,'1197151',738,,11313,15,,,0
25019,'1197299',2140,,11314,15,,,0
25019,'1197317',1339,,11315,15,,,0
25019,'1197342',1740,,11316,15,,,0
25019,'1197442',1523,,11317,15,,,0
25019,'1197448',1610,,11318,15,,,0
25019,'1197471',1039,,11319,15,,,0
25019,'1197624',1840,,11320,15,,,0
25019,'1197657',2123,,11321,15,,,0
25019,'1197660',840,,11322,15,,,0
25019,'1197687',2338,,11323,15,,,0
25019,'1197702',1210,,11324,15,,,0
25019,'1197757',740,,11325,15,,,0
25019,'1197760',1540,,11326,15,,,0
25019,'1197771',2023,,11327,15,,,0
25019,'1198004',2223,,11328,15,,,0
25019,'1198021',710,,11329,15,,,0
25019,'1198071',1939,,11330,15,,,0
25019,'1198079',640,,11331,15,,,0
25019,'1198190',2040,,11332,15,,,0
25019,'1198267',2240,,11333,15,,,0
25019,'1198315',910,,11334,15,,,0
25019,'1198388',1410,,11335,15,,,0
25019,'1198435',2239,,11336,15,,,0
25019,'1198457',638,,11337,15,,,0
25019,'1198479',940,,11338,15,,,0
25019,'1198492',1439,,11339,15,,,0
25019,'1198496',1839,,11340,15,,,0
25019,'1198512',1723,,11341,15,,,0
25019,'1198566',1139,,11342,15,,,0
25019,'1198604',1423,,11343,15,,,0
25019,'1198759',1323,,11344,15,,,0
25019,'1198776',2139,,11345,15,,,0
25019,'1198803',1510,,11346,15,,,0
25019,'1198823',2039,,11347,15,,,0
25019,'1198862',1923,,11348,15,,,0
25019,'1198902',1440,,11349,15,,,0
25019,'1198938',839,,11350,15,,,0
25019,'1199011',1110,,11351,15,,,0
25019,'1199070',1010,,11352,15,,,0
25019,'1199074',823,,11353,15,,,0
25019,'1199097',810,,11354,15,,,0
25019,'1199125',923,,11355,15,,,0
25019,'1199183',1310,,11356,15,,,0
25019,'1199208',1223,,11357,15,,,0
25019,'1199212',1823,,11358,15,,,0
25019,'1199258',1640,,11359,15,,,0
25019,'1199359',1023,,11360,15,,,0
25019,'1199389',939,,11361,15,,,0
25019,'1199464',1639,,11362,15,,,0
25019,'1199480',1710,,11363,15,,,0
25019,'1199589',1123,,11364,15,,,0
25019,'1199634',1539,,11365,15,,,0
25019,'1199649',1623,,11366,15,,,0
