14029,'1190709',1906,,8149,40,,,0
14029,'1190764',1806,,8150,40,,,0
14029,'1190906',706,,8151,40,,,0
14029,'1190927',1637,,8153,40,,,0
14029,'1191037',1507,,8155,40,,,0
14029,'1191042',1136,,8156,40,,,0
14029,'1191078',836,,8158,40,,,0
14029,'1191308',1436,,8161,40,,,0
14029,'1191322',1037,,8162,40,,,0
14029,'1191348',1237,,8163,40,,,0
14029,'1191415',2236,,8164,40,,,0
14029,'1191429',1836,,8165,40,,,0
14029,'1191520',1437,,8167,40,,,0
14029,'1191547',1536,,8168,40,,,0
14029,'1191620',1936,,8169,40,,,0
14029,'1191630',936,,8170,40,,,0
14029,'1191718',2336,,8173,40,,,0
14029,'1191777',936,,8174,40,,,0
14029,'1191810',736,,8175,40,,,0
14029,'1191865',806,,8177,40,,,0
14029,'1191921',906,,8178,40,,,0
14029,'1191955',836,,8180,40,,,0
14029,'1191980',2411,,8181,40,,,0
14029,'1192001',2306,,8182,40,,,0
14029,'1192051',1707,,8184,40,,,0
14029,'1192347',2206,,8186,40,,,0
14029,'1192388',636,,8189,40,,,0
14029,'1192435',1636,,8190,40,,,0
14029,'1192473',2036,,8191,40,,,0
14029,'1192489',1607,,8192,40,,,0
14029,'1192580',2136,,8193,40,,,0
14029,'1192627',1336,,8195,40,,,0
14029,'1192632',1236,,8196,40,,,0
14029,'1192674',1537,,8197,40,,,0
14029,'1192957',1736,,8200,40,,,0
14029,'1193009',1737,,8201,40,,,0
14029,'1193016',2106,,8202,40,,,0
14029,'1193023',2006,,8203,40,,,0
14029,'1193040',1137,,8204,40,,,0
14029,'1193048',736,,8205,40,,,0
14029,'1193064',1036,,8206,40,,,0
14029,'1193291',1337,,8207,40,,,0
