24029,'1196855',2151,,11247,10,,,0
24029,'1196863',1622,,11248,10,,,0
24029,'1196903',1653,,11249,10,,,0
24029,'1196935',1537,,11250,10,,,0
24029,'1196998',951,,11251,10,,,0
24029,'1197011',621,,11252,10,,,0
24029,'1197043',2021,,11253,10,,,0
24029,'1197098',1023,,11254,10,,,0
24029,'1197100',1553,,11255,10,,,0
24029,'1197147',821,,11256,10,,,0
24029,'1197194',1723,,11257,10,,,0
24029,'1197347',1223,,11258,10,,,0
24029,'1197395',2337,,11259,10,,,0
24029,'1197401',1237,,11260,10,,,0
24029,'1197449',1523,,11261,10,,,0
24029,'1197535',1437,,11262,10,,,0
24029,'1197571',1951,,11263,10,,,0
24029,'1197636',837,,11264,10,,,0
24029,'1197711',1423,,11265,10,,,0
24029,'1197716',1423,,11266,10,,,0
24029,'1197740',1623,,11267,10,,,0
24029,'1197752',2251,,11268,10,,,0
24029,'1197838',921,,11269,10,,,0
24029,'1197859',923,,11270,10,,,0
24029,'1197868',2051,,11271,10,,,0
24029,'1198001',1323,,11272,10,,,0
24029,'1198033',721,,11273,10,,,0
24029,'1198069',1837,,11274,10,,,0
24029,'1198091',751,,11275,10,,,0
24029,'1198103',2037,,11276,10,,,0
24029,'1198109',737,,11277,10,,,0
24029,'1198307',2121,,11278,10,,,0
24029,'1198333',1037,,11279,10,,,0
24029,'1198357',1021,,11280,10,,,0
24029,'1198422',1737,,11281,10,,,0
24029,'1198495',1323,,11282,10,,,0
24029,'1198628',1937,,11283,10,,,0
24029,'1198699',1337,,11284,10,,,0
24029,'1198752',1123,,11285,10,,,0
24029,'1198764',1453,,11286,10,,,0
24029,'1198765',1722,,11287,10,,,0
24029,'1198785',2221,,11288,10,,,0
24029,'1198801',1223,,11289,10,,,0
24029,'1198831',1753,,11290,10,,,0
24029,'1198847',1637,,11291,10,,,0
24029,'1198886',721,,11292,10,,,0
24029,'1198954',1137,,11293,10,,,0
24029,'1198966',1523,,11294,10,,,0
24029,'1198971',2237,,11295,10,,,0
24029,'1199014',1921,,11296,10,,,0
24029,'1199150',2321,,11297,10,,,0
24029,'1199169',2411,,11298,10,,,0
24029,'1199217',1123,,11299,10,,,0
24029,'1199230',822,,11300,10,,,0
24029,'1199287',651,,11301,10,,,0
24029,'1199365',2137,,11302,10,,,0
24029,'1199397',851,,11303,10,,,0
24029,'1199530',937,,11304,10,,,0
24029,'1199545',1851,,11305,10,,,0
24029,'1199636',1821,,11306,10,,,0
105019,'1196946',950,,12117,112,,,0
105019,'1197049',1905,,12118,112,,,0
105019,'1197077',638,,12119,112,,,0
105019,'1197115',1250,,12120,112,,,0
105019,'1197131',750,,12121,112,,,0
105019,'1197173',1252,,12122,112,,,0
105019,'1197181',1105,,12123,112,,,0
105019,'1197192',2238,,12124,112,,,0
105019,'1197197',1550,,12125,112,,,0
105019,'1197292',1352,,12126,112,,,0
105019,'1197296',1650,,12127,112,,,0
105019,'1197531',1452,,12128,112,,,0
105019,'1197548',2008,,12129,112,,,0
105019,'1197557',1652,,12130,112,,,0
105019,'1197588',905,,12131,112,,,0
105019,'1197596',2138,,12132,112,,,0
105019,'1197617',1552,,12133,112,,,0
105019,'1197633',1305,,12134,112,,,0
105019,'1197710',847,,12135,112,,,0
105019,'1197779',1835,,12136,112,,,0
105019,'1197825',1505,,12137,112,,,0
105019,'1197971',1150,,12138,112,,,0
105019,'1198112',708,,12139,112,,,0
105019,'1198338',1152,,12140,112,,,0
105019,'1198380',2305,,12141,112,,,0
105019,'1198385',1805,,12142,112,,,0
105019,'1198553',1405,,12143,112,,,0
105019,'1198560',2105,,12144,112,,,0
105019,'1198571',1705,,12145,112,,,0
105019,'1198621',817,,12146,112,,,0
105019,'1198667',1047,,12147,112,,,0
105019,'1198717',1620,,12148,112,,,0
105019,'1198741',947,,12149,112,,,0
105019,'1198746',1935,,12150,112,,,0
105019,'1198889',738,,12151,112,,,0
105019,'1199004',1505,,12152,112,,,0
105019,'1199054',1720,,12153,112,,,0
105019,'1199098',917,,12154,112,,,0
105019,'1199298',2438,,12155,112,,,0
105019,'1199347',2350,,12156,112,,,0
105019,'1199383',2338,,12157,112,,,0
105019,'1199400',1752,,12158,112,,,0
105019,'1199461',1905,,12159,112,,,0
105019,'1199511',1852,,12160,112,,,0
105019,'1199546',2150,,12161,112,,,0
105019,'1199574',1952,,12162,112,,,0
106029,'1196836',1636,,12215,43,,,0
106029,'1196851',1751,,12216,43,,,0
106029,'1197042',1034,,12217,43,,,0
106029,'1197408',1906,,12218,43,,,0
106029,'1198086',804,,12219,43,,,0
106029,'1198615',919,,12220,43,,,0
140001019,'1196866',821,,12221,22,,,0
140001019,'1196880',2219,,12222,22,,,0
140001019,'1196896',1036,,12223,22,,,0
140001019,'1196898',2151,,12224,22,,,0
140001019,'1196900',1937,,12225,22,,,0
140001019,'1196905',1908,,12226,22,,,0
140001019,'1196939',2321,,12227,22,,,0
140001019,'1196943',1338,,12228,22,,,0
140001019,'1196945',2346,,12229,22,,,0
140001019,'1196967',651,,12230,22,,,0
140001019,'1197008',1408,,12231,22,,,0
140001019,'1197072',1431,,12232,22,,,0
140001019,'1197075',1553,,12233,22,,,0
140001019,'1197086',1852,,12234,22,,,0
140001019,'1197088',2051,,12235,22,,,0
140001019,'1197102',706,,12236,22,,,0
140001019,'1197146',1608,,12237,22,,,0
140001019,'1197212',1323,,12238,22,,,0
140001019,'1197216',936,,12239,22,,,0
140001019,'1197238',1208,,12240,22,,,0
140001019,'1197266',1508,,12241,22,,,0
140001019,'1197267',1638,,12242,22,,,0
140001019,'1197281',1646,,12243,22,,,0
140001019,'1197287',951,,12244,22,,,0
140001019,'1197324',1616,,12245,22,,,0
140001019,'1197328',1021,,12246,22,,,0
140001019,'1197350',1051,,12247,22,,,0
140001019,'1197407',1423,,12248,22,,,0
140001019,'1197438',1738,,12249,22,,,0
140001019,'1197459',1006,,12250,22,,,0
140001019,'1197465',1138,,12251,22,,,0
140001019,'1197470',1753,,12252,22,,,0
140001019,'1197474',1021,,12253,22,,,0
140001019,'1197516',1446,,12254,22,,,0
140001019,'1197563',1836,,12255,22,,,0
140001019,'1197567',1951,,12256,22,,,0
140001019,'1197593',1238,,12257,22,,,0
140001019,'1197607',1701,,12258,22,,,0
140001019,'1197613',1801,,12259,22,,,0
140001019,'1197621',1808,,12260,22,,,0
140001019,'1197622',2037,,12261,22,,,0
140001019,'1197646',1223,,12262,22,,,0
140001019,'1197676',1153,,12263,22,,,0
140001019,'1197685',1038,,12264,22,,,0
140001019,'1197688',1323,,12265,22,,,0
140001019,'1197689',1438,,12266,22,,,0
140001019,'1197693',1746,,12267,22,,,0
140001019,'1197729',2007,,12268,22,,,0
140001019,'1197734',1608,,12269,22,,,0
140001019,'1197741',1338,,12270,22,,,0
140001019,'1197745',1223,,12271,22,,,0
140001019,'1197767',1123,,12272,22,,,0
140001019,'1197797',2021,,12273,22,,,0
140001019,'1197802',906,,12274,22,,,0
140001019,'1197830',921,,12275,22,,,0
140001019,'1197894',1823,,12276,22,,,0
140001019,'1197944',1108,,12277,22,,,0
140001019,'1197964',1308,,12278,22,,,0
140001019,'1197966',1053,,12279,22,,,0
140001019,'1197987',1631,,12280,22,,,0
140001019,'1197988',751,,12281,22,,,0
140001019,'1198009',2107,,12282,22,,,0
140001019,'1198027',2308,,12283,22,,,0
140001019,'1198035',836,,12284,22,,,0
140001019,'1198147',2108,,12285,22,,,0
140001019,'1198155',1208,,12286,22,,,0
140001019,'1198177',2052,,12287,22,,,0
140001019,'1198195',1308,,12288,22,,,0
140001019,'1198235',1708,,12289,22,,,0
140001019,'1198264',1308,,12290,22,,,0
140001019,'1198294',1408,,12291,22,,,0
140001019,'1198302',2022,,12292,22,,,0
140001019,'1198324',1808,,12293,22,,,0
140001019,'1198349',736,,12294,22,,,0
140001019,'1198356',1723,,12295,22,,,0
140001019,'1198378',721,,12296,22,,,0
140001019,'1198384',1138,,12297,22,,,0
140001019,'1198418',1921,,12298,22,,,0
140001019,'1198429',1907,,12299,22,,,0
140001019,'1198452',1808,,12300,22,,,0
140001019,'1198461',851,,12301,22,,,0
140001019,'1198463',1837,,12302,22,,,0
140001019,'1198487',1851,,12303,22,,,0
140001019,'1198515',1238,,12304,22,,,0
140001019,'1198535',1716,,12305,22,,,0
140001019,'1198541',1106,,12306,22,,,0
140001019,'1198549',651,,12307,22,,,0
140001019,'1198579',1653,,12308,22,,,0
140001019,'1198595',2122,,12309,22,,,0
140001019,'1198601',1623,,12310,22,,,0
140001019,'1198665',2319,,12311,22,,,0
140001019,'1198666',808,,12312,22,,,0
140001019,'1198714',1501,,12313,22,,,0
140001019,'1198763',2421,,12314,22,,,0
140001019,'1198766',1008,,12315,22,,,0
140001019,'1198781',1822,,12316,22,,,0
140001019,'1198791',1523,,12317,22,,,0
140001019,'1198797',821,,12318,22,,,0
140001019,'1198813',1508,,12319,22,,,0
140001019,'1198814',2408,,12320,22,,,0
140001019,'1198835',1353,,12321,22,,,0
140001019,'1198872',851,,12322,22,,,0
140001019,'1198878',1253,,12323,22,,,0
140001019,'1198900',1516,,12324,22,,,0
140001019,'1198920',2121,,12325,22,,,0
140001019,'1198925',1121,,12326,22,,,0
140001019,'1198926',921,,12327,22,,,0
140001019,'1198932',1006,,12328,22,,,0
140001019,'1198964',1731,,12329,22,,,0
140001019,'1198965',1408,,12330,22,,,0
140001019,'1198980',1546,,12331,22,,,0
140001019,'1199018',2419,,12332,22,,,0
140001019,'1199069',2208,,12333,22,,,0
140001019,'1199136',1253,,12334,22,,,0
140001019,'1199170',751,,12335,22,,,0
140001019,'1199213',2349,,12336,22,,,0
140001019,'1199235',908,,12337,22,,,0
140001019,'1199268',806,,12338,22,,,0
140001019,'1199282',1108,,12339,22,,,0
140001019,'1199297',1531,,12340,22,,,0
140001019,'1199319',951,,12341,22,,,0
140001019,'1199330',1906,,12342,22,,,0
140001019,'1199354',1952,,12343,22,,,0
140001019,'1199367',2149,,12344,22,,,0
140001019,'1199377',1208,,12345,22,,,0
140001019,'1199402',1708,,12346,22,,,0
140001019,'1199414',1453,,12347,22,,,0
140001019,'1199449',1153,,12348,22,,,0
140001019,'1199458',1353,,12349,22,,,0
140001019,'1199468',2249,,12350,22,,,0
140001019,'1199492',1601,,12351,22,,,0
140001019,'1199516',2221,,12352,22,,,0
140001019,'1199563',2251,,12353,22,,,0
140001019,'1199606',1538,,12354,22,,,0
140001019,'1199624',1922,,12355,22,,,0
140001019,'1199632',721,,12356,22,,,0
140001019,'1199638',2008,,12357,22,,,0
