105019,'1196946',847,,12117,6,,,0
105019,'1197049',1753,,12118,6,,,0
105019,'1197077',533,,12119,6,,,0
105019,'1197115',1138,,12120,6,,,0
105019,'1197131',647,,12121,6,,,0
105019,'1197173',1149,,12122,6,,,0
105019,'1197181',1006,,12123,6,,,0
105019,'1197192',2133,,12124,6,,,0
105019,'1197197',1438,,12125,6,,,0
105019,'1197292',1249,,12126,6,,,0
105019,'1197296',1538,,12127,6,,,0
105019,'1197531',1349,,12128,6,,,0
105019,'1197548',1903,,12129,6,,,0
105019,'1197557',1549,,12130,6,,,0
105019,'1197588',806,,12131,6,,,0
105019,'1197596',2033,,12132,6,,,0
105019,'1197617',1449,,12133,6,,,0
105019,'1197633',1206,,12134,6,,,0
105019,'1197710',735,,12135,6,,,0
105019,'1197779',1723,,12136,6,,,0
105019,'1197825',1353,,12137,6,,,0
105019,'1197971',1038,,12138,6,,,0
105019,'1198112',603,,12139,6,,,0
105019,'1198338',1049,,12140,6,,,0
105019,'1198380',2206,,12141,6,,,0
105019,'1198385',1653,,12142,6,,,0
105019,'1198553',1253,,12143,6,,,0
105019,'1198560',2006,,12144,6,,,0
105019,'1198571',1606,,12145,6,,,0
105019,'1198621',705,,12146,6,,,0
105019,'1198667',935,,12147,6,,,0
105019,'1198717',1508,,12148,6,,,0
105019,'1198741',835,,12149,6,,,0
105019,'1198746',1823,,12150,6,,,0
105019,'1198889',633,,12151,6,,,0
105019,'1199004',1406,,12152,6,,,0
105019,'1199054',1608,,12153,6,,,0
105019,'1199098',805,,12154,6,,,0
105019,'1199298',2333,,12155,6,,,0
105019,'1199347',2247,,12156,6,,,0
105019,'1199383',2233,,12157,6,,,0
105019,'1199400',1649,,12158,6,,,0
105019,'1199461',1806,,12159,6,,,0
105019,'1199511',1749,,12160,6,,,0
105019,'1199546',2047,,12161,6,,,0
105019,'1199574',1849,,12162,6,,,0
