24019,'1196934',645,,11187,20,4,,0
24019,'1196988',815,,11188,20,4,,0
24019,'1197014',2115,,11189,20,4,,0
24019,'1197021',2405,,11190,20,4,,0
24019,'1197025',715,,11191,20,4,,0
24019,'1197047',1447,,11192,20,4,,0
24019,'1197094',1015,,11193,20,4,,0
24019,'1197127',2245,,11194,20,4,,0
24019,'1197154',930,,11195,20,4,,0
24019,'1197203',1615,,11196,20,4,,0
24019,'1197210',1330,,11197,20,4,,0
24019,'1197244',614,,11198,20,4,,0
24019,'1197285',1815,,11199,20,4,,0
24019,'1197390',1715,,11200,20,4,,0
24019,'1197431',1547,,11201,20,4,,0
24019,'1197489',2230,,11202,20,4,,0
24019,'1197506',1116,,11203,20,4,,0
24019,'1197518',1717,,11204,20,4,,0
24019,'1197546',1016,,11205,20,4,,0
24019,'1197591',1915,,11206,20,4,,0
24019,'1197620',916,,11207,20,4,,0
24019,'1197680',1417,,11208,20,4,,0
24019,'1197686',1930,,11209,20,4,,0
24019,'1197707',1316,,11210,20,4,,0
24019,'1197750',2145,,11211,20,4,,0
24019,'1197764',1647,,11212,20,4,,0
24019,'1197783',2130,,11213,20,4,,0
24019,'1197805',745,,11214,20,4,,0
24019,'1197843',1630,,11215,20,4,,0
24019,'1197844',1216,,11216,20,4,,0
24019,'1197878',1430,,11217,20,4,,0
24019,'1197883',1317,,11218,20,4,,0
24019,'1197954',1830,,11219,20,4,,0
24019,'1197955',714,,11220,20,4,,0
24019,'1197996',815,,11221,20,4,,0
24019,'1198055',1416,,11222,20,4,,0
24019,'1198087',1117,,11223,20,4,,0
24019,'1198107',1530,,11224,20,4,,0
24019,'1198126',2015,,11225,20,4,,0
24019,'1198142',945,,11226,20,4,,0
24019,'1198175',1617,,11227,20,4,,0
24019,'1198559',1845,,11228,20,4,,0
24019,'1198657',2330,,11229,20,4,,0
24019,'1198659',830,,11230,20,4,,0
24019,'1198709',1730,,11231,20,4,,0
24019,'1198800',2030,,11232,20,4,,0
24019,'1198948',915,,11233,20,4,,0
24019,'1198975',1230,,11234,20,4,,0
24019,'1199043',1030,,11235,20,4,,0
24019,'1199106',730,,11236,20,4,,0
24019,'1199219',2215,,11237,20,4,,0
24019,'1199387',845,,11238,20,4,,0
24019,'1199435',1130,,11239,20,4,,0
24019,'1199454',2045,,11240,20,4,,0
24019,'1199463',1517,,11241,20,4,,0
24019,'1199504',1217,,11242,20,4,,0
24019,'1199506',1516,,11243,20,4,,0
24019,'1199592',1945,,11244,20,4,,0
24019,'1199595',1747,,11245,20,4,,0
24019,'1199609',2315,,11246,20,4,,0
24029,'1196855',2145,,11247,1,,,0
24029,'1196863',1615,,11248,1,,,0
24029,'1196903',1647,,11249,1,,,0
24029,'1196935',1530,,11250,1,,,0
24029,'1196998',945,,11251,1,,,0
24029,'1197011',614,,11252,1,,,0
24029,'1197043',2015,,11253,1,,,0
24029,'1197098',1016,,11254,1,,,0
24029,'1197100',1547,,11255,1,,,0
24029,'1197147',815,,11256,1,,,0
24029,'1197194',1717,,11257,1,,,0
24029,'1197347',1216,,11258,1,,,0
24029,'1197395',2330,,11259,1,,,0
24029,'1197401',1230,,11260,1,,,0
24029,'1197449',1516,,11261,1,,,0
24029,'1197535',1430,,11262,1,,,0
24029,'1197571',1945,,11263,1,,,0
24029,'1197636',830,,11264,1,,,0
24029,'1197711',1417,,11265,1,,,0
24029,'1197716',1416,,11266,1,,,0
24029,'1197740',1617,,11267,1,,,0
24029,'1197752',2245,,11268,1,,,0
24029,'1197838',915,,11269,1,,,0
24029,'1197859',916,,11270,1,,,0
24029,'1197868',2045,,11271,1,,,0
24029,'1198001',1317,,11272,1,,,0
24029,'1198033',714,,11273,1,,,0
24029,'1198069',1830,,11274,1,,,0
24029,'1198091',745,,11275,1,,,0
24029,'1198103',2030,,11276,1,,,0
24029,'1198109',730,,11277,1,,,0
24029,'1198307',2115,,11278,1,,,0
24029,'1198333',1030,,11279,1,,,0
24029,'1198357',1015,,11280,1,,,0
24029,'1198422',1730,,11281,1,,,0
24029,'1198495',1316,,11282,1,,,0
24029,'1198628',1930,,11283,1,,,0
24029,'1198699',1330,,11284,1,,,0
24029,'1198752',1117,,11285,1,,,0
24029,'1198764',1447,,11286,1,,,0
24029,'1198765',1715,,11287,1,,,0
24029,'1198785',2215,,11288,1,,,0
24029,'1198801',1217,,11289,1,,,0
24029,'1198831',1747,,11290,1,,,0
24029,'1198847',1630,,11291,1,,,0
24029,'1198886',715,,11292,1,,,0
24029,'1198954',1130,,11293,1,,,0
24029,'1198966',1517,,11294,1,,,0
24029,'1198971',2230,,11295,1,,,0
24029,'1199014',1915,,11296,1,,,0
24029,'1199150',2315,,11297,1,,,0
24029,'1199169',2405,,11298,1,,,0
24029,'1199217',1116,,11299,1,,,0
24029,'1199230',815,,11300,1,,,0
24029,'1199287',645,,11301,1,,,0
24029,'1199365',2130,,11302,1,,,0
24029,'1199397',845,,11303,1,,,0
24029,'1199530',930,,11304,1,,,0
24029,'1199545',1845,,11305,1,,,0
24029,'1199636',1815,,11306,1,,,0
