103019,'1191109',1851,,9127,14,,,0
103019,'1191130',1252,,9128,14,,,0
103019,'1191203',1722,,9130,14,,,0
103019,'1191247',2021,,9131,14,,,0
103019,'1191632',1522,,9134,14,,,0
103019,'1191705',2321,,9135,14,,,0
103019,'1191773',1422,,9136,14,,,0
103019,'1191800',1507,,9137,14,,,0
103019,'1191807',620,,9138,1,,,0
103019,'1191826',651,,9139,14,,,0
103019,'1191877',1122,,9141,14,,,0
103019,'1192012',2251,,9143,14,,,0
103019,'1192046',951,,9144,14,,,0
103019,'1192234',1552,,9146,14,,,0
103019,'1192444',821,,9147,14,,,0
103019,'1192450',1050,,9148,14,,,0
103019,'1192461',1821,,9149,14,,,0
103019,'1192624',906,,9150,14,,,0
103019,'1192801',920,,9151,14,,,0
103019,'1192848',750,,9152,14,,,0
103019,'1192864',2121,,9153,14,,,0
103019,'1192885',1951,,9154,14,,,0
103019,'1192886',1652,,9155,14,,,0
103019,'1192968',1637,,9157,14,,,0
103019,'1193060',736,,9159,14,,,0
103019,'1193217',2151,,9160,14,,,0
103019,'1193247',1352,,9161,14,,,0
103019,'1193317',1221,,9162,14,,,0
