26019,'1190721',1711,,8602,13,,,0
26019,'1190773',2111,,8603,13,,,0
26019,'1190845',2011,,8605,13,,,0
26019,'1190884',1111,,8606,13,,,0
26019,'1190966',1911,,8607,13,,,0
26019,'1191025',1141,,8610,13,,,0
26019,'1191095',2210,,8611,13,,,0
26019,'1191218',1811,,8613,13,,,0
26019,'1191263',1612,,8614,13,,,0
26019,'1191344',610,,8615,13,,,0
26019,'1191417',1911,,8617,13,,,0
26019,'1191428',1811,,8618,13,,,0
26019,'1191505',1411,,8619,13,,,0
26019,'1191650',910,,8623,13,,,0
26019,'1191698',1611,,8624,13,,,0
26019,'1191711',1711,,8625,13,,,0
26019,'1191759',1311,,8626,13,,,0
26019,'1191911',2211,,8628,13,,,0
26019,'1192083',710,,8629,13,,,0
26019,'1192096',611,,8630,13,,,0
26019,'1192137',1511,,8631,13,,,0
26019,'1192185',1341,,8632,13,,,0
26019,'1192434',1441,,8634,13,,,0
26019,'1192522',2310,,8636,13,,,0
26019,'1192547',1011,,8637,13,,,0
26019,'1192558',1511,,8639,13,,,0
26019,'1192615',2311,,8640,13,,,0
26019,'1192663',1011,,8641,13,,,0
26019,'1192853',1211,,8644,13,,,0
26019,'1192866',1041,,8645,13,,,0
26019,'1192909',811,,8646,13,,,0
26019,'1192944',2011,,8647,13,,,0
26019,'1192988',911,,8648,13,,,0
26019,'1193013',1241,,8649,13,,,0
26019,'1193014',2111,,8650,13,,,0
26019,'1193129',711,,8651,13,,,0
26019,'1193182',810,,8652,13,,,0
