27019,'1196842',1902,,11533,9,,,0
27019,'1196846',1647,,11534,9,,,0
27019,'1196878',947,,11535,9,,,0
27019,'1196919',1402,,11536,9,,,0
27019,'1196930',2117,,11537,9,,,0
27019,'1197039',847,,11538,9,,,0
27019,'1197044',1547,,11539,9,,,0
27019,'1197171',2317,,11540,9,,,0
27019,'1197352',947,,11541,9,,,0
27019,'1197376',1047,,11542,9,,,0
27019,'1197425',847,,11543,9,,,0
27019,'1197453',1917,,11544,9,,,0
27019,'1197540',2347,,11545,9,,,0
27019,'1197614',647,,11546,9,,,0
27019,'1197700',1002,,11547,9,,,0
27019,'1197712',1147,,11548,9,,,0
27019,'1197781',1747,,11549,9,,,0
27019,'1197786',1447,,11550,9,,,0
27019,'1197791',2217,,11551,9,,,0
27019,'1197796',1047,,11552,9,,,0
27019,'1197826',1102,,11553,9,,,0
27019,'1197858',2247,,11554,9,,,0
27019,'1197876',1147,,11555,9,,,0
27019,'1197898',902,,11556,9,,,0
27019,'1197907',1347,,11557,9,,,0
27019,'1197930',2102,,11558,9,,,0
27019,'1197969',2202,,11559,9,,,0
27019,'1197974',2147,,11560,9,,,0
27019,'1198068',1247,,11561,9,,,0
27019,'1198176',2017,,11562,9,,,0
27019,'1198217',1602,,11563,9,,,0
27019,'1198254',2302,,11564,9,,,0
27019,'1198284',2047,,11565,9,,,0
27019,'1198330',1702,,11566,9,,,0
27019,'1198516',1947,,11567,9,,,0
27019,'1198596',647,,11568,9,,,0
27019,'1198639',747,,11569,9,,,0
27019,'1198652',1647,,11570,9,,,0
27019,'1198762',1802,,11571,9,,,0
27019,'1198768',1502,,11572,9,,,0
27019,'1198893',1202,,11573,9,,,0
27019,'1198985',802,,11574,9,,,0
27019,'1199071',1447,,11575,9,,,0
27019,'1199163',747,,11576,9,,,0
27019,'1199201',1847,,11577,9,,,0
27019,'1199293',1747,,11578,9,,,0
27019,'1199295',1847,,11579,9,,,0
27019,'1199302',1247,,11580,9,,,0
27019,'1199381',2002,,11581,9,,,0
27019,'1199443',1347,,11582,9,,,0
27019,'1199543',1302,,11583,9,,,0
27019,'1199599',1547,,11584,9,,,0
