20019,'1196861',1644,,11034,14,,,0
20019,'1196920',2215,,11035,14,,,0
20019,'1196950',745,,11036,14,,,0
20019,'1196955',644,,11037,14,,,0
20019,'1197117',2015,,11038,14,,,0
20019,'1197128',2115,,11039,14,,,0
20019,'1197129',1544,,11040,14,,,0
20019,'1197174',1515,,11041,14,,,0
20019,'1197187',1538,,11042,14,,,0
20019,'1197300',2238,,11043,14,,,0
20019,'1197337',1938,,11044,14,,,0
20019,'1197360',2138,,11045,14,,,0
20019,'1197373',1244,,11046,14,,,0
20019,'1197429',1738,,11047,14,,,0
20019,'1197469',938,,11048,14,,,0
20019,'1197560',1038,,11049,14,,,0
20019,'1197585',644,,11050,14,,,0
20019,'1197629',1415,,11051,14,,,0
20019,'1197637',2145,,11052,14,,,0
20019,'1197672',1338,,11053,14,,,0
20019,'1197681',1044,,11054,14,,,0
20019,'1197724',1438,,11055,14,,,0
20019,'1197914',1238,,11056,14,,,0
20019,'1197984',1745,,11057,14,,,0
20019,'1197986',1344,,11058,14,,,0
20019,'1198036',1815,,11059,14,,,0
20019,'1198083',2415,,11060,14,,,0
20019,'1198114',944,,11061,14,,,0
20019,'1198133',1115,,11062,14,,,0
20019,'1198141',2045,,11063,14,,,0
20019,'1198152',1315,,11064,14,,,0
20019,'1198178',744,,11065,14,,,0
20019,'1198183',2245,,11066,14,,,0
20019,'1198191',614,,11067,14,,,0
20019,'1198203',2338,,11068,14,,,0
20019,'1198236',738,,11069,14,,,0
20019,'1198244',1945,,11070,14,,,0
20019,'1198268',2038,,11071,14,,,0
20019,'1198364',2315,,11072,14,,,0
20019,'1198377',1615,,11073,14,,,0
20019,'1198420',1715,,11074,14,,,0
20019,'1198431',915,,11075,14,,,0
20019,'1198465',1845,,11076,14,,,0
20019,'1198477',1838,,11077,14,,,0
20019,'1198580',715,,11078,14,,,0
20019,'1198586',815,,11079,14,,,0
20019,'1198656',844,,11080,14,,,0
20019,'1198669',1015,,11081,14,,,0
20019,'1198702',1744,,11082,14,,,0
20019,'1198708',1444,,11083,14,,,0
20019,'1198826',1645,,11084,14,,,0
20019,'1198871',1138,,11085,14,,,0
20019,'1198943',1915,,11086,14,,,0
20019,'1199137',2344,,11087,14,,,0
20019,'1199386',838,,11088,14,,,0
20019,'1199428',1215,,11089,14,,,0
20019,'1199534',1638,,11090,14,,,0
20019,'1199553',1144,,11091,14,,,0
