25029,'1190639',2249,,8542,5,,,0
25029,'1190681',1849,,8543,5,,,0
25029,'1190696',849,,8544,5,,,0
25029,'1190757',1319,,8545,5,,,0
25029,'1190867',2348,,8547,5,,,0
25029,'1191086',1719,,8549,5,,,0
25029,'1191121',949,,8551,5,,,0
25029,'1191148',1419,,8552,5,,,0
25029,'1191164',2049,,8553,5,,,0
25029,'1191248',1949,,8555,5,,,0
25029,'1191455',1449,,8557,5,,,0
25029,'1191704',1619,,8562,5,,,0
25029,'1191717',819,,8563,5,,,0
25029,'1191786',1219,,8566,5,,,0
25029,'1191806',1749,,8567,5,,,0
25029,'1191817',648,,8568,5,,,0
25029,'1191832',1649,,8569,5,,,0
25029,'1191940',1549,,8570,5,,,0
25029,'1191958',949,,8571,5,,,0
25029,'1191959',1549,,8572,5,,,0
25029,'1191976',1019,,8573,5,,,0
25029,'1192155',1449,,8575,5,,,0
25029,'1192159',1149,,8576,5,,,0
25029,'1192273',719,,8577,5,,,0
25029,'1192362',749,,8579,5,,,0
25029,'1192399',1749,,8580,5,,,0
25029,'1192480',1519,,8581,5,,,0
25029,'1192553',2249,,8582,5,,,0
25029,'1192707',1649,,8585,5,,,0
25029,'1192719',1349,,8586,5,,,0
25029,'1192746',1119,,8587,5,,,0
25029,'1192792',1249,,8588,5,,,0
25029,'1192820',748,,8589,5,,,0
25029,'1192892',2049,,8590,5,,,0
25029,'1192914',1049,,8591,5,,,0
25029,'1192943',2149,,8592,5,,,0
25029,'1192972',1849,,8593,5,,,0
25029,'1192978',2409,,8594,5,,,0
25029,'1193015',1949,,8595,5,,,0
25029,'1193160',2149,,8596,5,,,0
25029,'1193191',919,,8597,5,,,0
25029,'1193262',849,,8598,5,,,0
25029,'1193320',649,,8600,5,,,0
26029,'1190602',1220,,8654,14,,,0
26029,'1190669',2219,,8656,14,,,0
26029,'1190686',1819,,8658,14,,,0
26029,'1190727',1719,,8660,14,,,0
26029,'1190889',619,,8661,14,,,0
26029,'1190895',1919,,8662,14,,,0
26029,'1190902',2119,,8663,14,,,0
26029,'1190943',1020,,8664,14,,,0
26029,'1191009',919,,8665,14,,,0
26029,'1191080',1519,,8666,14,,,0
26029,'1191118',1449,,8667,14,,,0
26029,'1191253',2219,,8669,14,,,0
26029,'1191440',819,,8671,14,,,0
26029,'1191491',719,,8673,14,,,0
26029,'1191544',1049,,8674,14,,,0
26029,'1191695',619,,8675,14,,,0
26029,'1191702',2120,,8676,14,,,0
26029,'1191808',2319,,8677,14,,,0
26029,'1191881',1720,,8678,14,,,0
26029,'1191902',819,,8679,14,,,0
26029,'1191938',1349,,8680,14,,,0
26029,'1191972',1320,,8682,14,,,0
26029,'1192047',1520,,8684,14,,,0
26029,'1192289',1120,,8687,14,,,0
26029,'1192423',1420,,8688,14,,,0
26029,'1192540',719,,8689,14,,,0
26029,'1192618',1620,,8690,14,,,0
26029,'1192622',2319,,8691,14,,,0
26029,'1192657',1820,,8693,14,,,0
26029,'1192671',1149,,8694,14,,,0
26029,'1192730',2020,,8695,14,,,0
26029,'1192852',919,,8697,14,,,0
26029,'1192966',1249,,8700,14,,,0
26029,'1193153',1620,,8702,14,,,0
26029,'1193187',2019,,8703,14,,,0
26029,'1193205',1019,,8704,14,,,0
26029,'1193297',1920,,8706,14,,,0
104029,'1190618',1432,,9248,41,,,0
104029,'1190628',1819,,9249,41,,,0
104029,'1190725',819,,9250,41,,,0
104029,'1190754',1049,,9251,41,,,0
104029,'1190787',1319,,9252,41,,,0
104029,'1190793',1849,,9253,41,,,0
104029,'1190961',1704,,9254,41,,,0
104029,'1191015',1602,,9255,41,,,0
104029,'1191264',2319,,9258,41,,,0
104029,'1191265',934,,9259,41,,,0
104029,'1191297',704,,9260,41,,,0
104029,'1191332',1647,,9261,41,,,0
104029,'1191339',849,,9262,41,,,0
104029,'1191360',1549,,9263,41,,,0
104029,'1191502',1434,,9264,41,,,0
104029,'1191664',2049,,9266,41,,,0
104029,'1191668',2204,,9267,41,,,0
104029,'1191699',819,,9268,41,,,0
104029,'1191901',2019,,9269,41,,,0
104029,'1191931',619,,9270,41,,,0
104029,'1192264',1732,,9273,41,,,0
104029,'1192329',734,,9276,41,,,0
104029,'1192460',1049,,9277,41,,,0
104029,'1192482',1517,,9278,41,,,0
104029,'1192831',1934,,9279,41,,,0
104029,'1192874',1804,,9280,41,,,0
104029,'1192990',704,,9282,41,,,0
104029,'1193096',1004,,9283,41,,,0
104029,'1193112',934,,9284,41,,,0
104029,'1193117',1217,,9285,41,,,0
104029,'1193136',2319,,9286,41,,,0
104029,'1193149',1347,,9287,41,,,0
104029,'1193215',1302,,9288,41,,,0
104029,'1193253',2149,,9289,41,,,0
104029,'1193281',1204,,9290,41,,,0
