101019,'1197003',551,,11803,31,,,0
101019,'1197056',2128,,11804,31,,,0
101019,'1197144',2328,,11805,31,,,0
101019,'1197150',1528,,11806,31,,,0
101019,'1197356',1328,,11807,31,,,0
101019,'1197394',1528,,11808,31,,,0
101019,'1197485',728,,11809,31,,,0
101019,'1197542',1328,,11810,31,,,0
101019,'1197666',1051,,11811,31,,,0
101019,'1197703',2128,,11812,31,,,0
101019,'1197735',1151,,11813,31,,,0
101019,'1197816',1128,,11814,31,,,0
101019,'1197893',751,,11815,31,,,0
101019,'1198002',1728,,11816,31,,,0
101019,'1198014',728,,11817,31,,,0
101019,'1198130',951,,11818,31,,,0
101019,'1198162',1353,,11819,31,,,0
101019,'1198212',1928,,11820,31,,,0
101019,'1198408',2050,,11821,31,,,0
101019,'1198684',928,,11822,31,,,0
101019,'1198907',1928,,11823,31,,,0
101019,'1199079',2251,,11824,31,,,0
101019,'1199178',1753,,11825,31,,,0
101019,'1199186',1553,,11826,31,,,0
101019,'1199279',1728,,11827,31,,,0
101019,'1199401',928,,11828,31,,,0
101019,'1199471',1851,,11829,31,,,0
101019,'1199497',1128,,11830,31,,,0
101019,'1199519',851,,11831,31,,,0
101019,'1199566',1453,,11832,31,,,0
101019,'1199626',1653,,11833,31,,,0
