14029,'1190709',1857,,8149,25,,,0
14029,'1190764',1757,,8150,25,,,0
14029,'1190906',657,,8151,25,,,0
14029,'1190927',1628,,8153,25,,,0
14029,'1191037',1458,,8155,25,,,0
14029,'1191042',1127,,8156,25,,,0
14029,'1191078',827,,8158,25,,,0
14029,'1191308',1427,,8161,25,,,0
14029,'1191322',1028,,8162,25,,,0
14029,'1191348',1228,,8163,25,,,0
14029,'1191415',2227,,8164,25,,,0
14029,'1191429',1827,,8165,25,,,0
14029,'1191520',1428,,8167,25,,,0
14029,'1191547',1527,,8168,25,,,0
14029,'1191620',1927,,8169,25,,,0
14029,'1191630',927,,8170,25,,,0
14029,'1191718',2327,,8173,25,,,0
14029,'1191777',927,,8174,25,,,0
14029,'1191810',727,,8175,25,,,0
14029,'1191865',757,,8177,25,,,0
14029,'1191921',857,,8178,25,,,0
14029,'1191955',827,,8180,25,,,0
14029,'1191980',2402,,8181,25,,,0
14029,'1192001',2257,,8182,25,,,0
14029,'1192051',1658,,8184,25,,,0
14029,'1192347',2157,,8186,25,,,0
14029,'1192388',627,,8189,25,,,0
14029,'1192435',1627,,8190,25,,,0
14029,'1192473',2027,,8191,25,,,0
14029,'1192489',1558,,8192,25,,,0
14029,'1192580',2127,,8193,25,,,0
14029,'1192627',1327,,8195,25,,,0
14029,'1192632',1227,,8196,25,,,0
14029,'1192674',1528,,8197,25,,,0
14029,'1192957',1727,,8200,25,,,0
14029,'1193009',1728,,8201,25,,,0
14029,'1193016',2057,,8202,25,,,0
14029,'1193023',1957,,8203,25,,,0
14029,'1193040',1128,,8204,25,,,0
14029,'1193048',727,,8205,25,,,0
14029,'1193064',1027,,8206,25,,,0
14029,'1193291',1328,,8207,25,,,0
