4029,'1196947',1733,,10314,12,,,0
4029,'1196960',1433,,10315,12,,,0
4029,'1197081',1633,,10316,12,,,0
4029,'1197217',1703,,10317,12,,,0
4029,'1197243',833,,10318,12,,,0
4029,'1197423',1403,,10319,12,,,0
4029,'1198231',1803,,10320,12,,,0
4029,'1198271',1534,,10321,12,,,0
4029,'1198399',803,,10322,12,,,0
4029,'1198606',1003,,10323,12,,,0
4029,'1198651',1504,,10324,12,,,0
4029,'1199058',733,,10325,12,,,0
4029,'1199062',903,,10326,12,,,0
4029,'1199498',1604,,10327,12,,,0
4029,'1199611',933,,10328,12,,,0
190001019,'1196837',1350,,12495,19,,,0
190001019,'1196862',1642,,12496,19,,,0
190001019,'1196877',1903,,12497,19,,,0
190001019,'1196883',1235,,12498,19,,,0
190001019,'1196901',632,,12499,19,,,0
190001019,'1196926',818,,12500,19,,,0
190001019,'1196927',1933,,12501,19,,,0
190001019,'1196941',2006,,12502,19,,,0
190001019,'1196956',1305,,12503,19,,,0
190001019,'1196974',1250,,12504,19,,,0
190001019,'1197019',1427,,12505,19,,,0
190001019,'1197037',1742,,12506,19,,,0
190001019,'1197055',1918,,12507,19,,,0
190001019,'1197061',1406,,12508,19,,,0
190001019,'1197062',1519,,12509,19,,,0
190001019,'1197067',1757,,12510,19,,,0
190001019,'1197087',1104,,12511,19,,,0
190001019,'1197116',732,,12512,19,,,0
190001019,'1197124',2332,,12513,19,,,0
190001019,'1197149',1220,,12514,19,,,0
190001019,'1197157',948,,12515,19,,,0
190001019,'1197183',2202,,12516,19,,,0
190001019,'1197196',1634,,12517,19,,,0
190001019,'1197239',1404,,12518,19,,,0
190001019,'1197241',933,,12519,19,,,0
190001019,'1197275',906,,12520,19,,,0
190001019,'1197336',1819,,12521,19,,,0
190001019,'1197358',1106,,12522,19,,,0
190001019,'1197359',833,,12523,19,,,0
190001019,'1197381',1719,,12524,19,,,0
190001019,'1197382',1706,,12525,19,,,0
190001019,'1197450',1804,,12526,19,,,0
190001019,'1197483',1119,,12527,19,,,0
190001019,'1197488',1434,,12528,19,,,0
190001019,'1197500',903,,12529,19,,,0
190001019,'1197524',932,,12530,19,,,0
190001019,'1197530',1619,,12531,19,,,0
190001019,'1197543',1606,,12532,19,,,0
190001019,'1197562',2003,,12533,19,,,0
190001019,'1197598',1457,,12534,19,,,0
190001019,'1197653',1035,,12535,19,,,0
190001019,'1197698',1017,,12536,19,,,0
190001019,'1197706',1006,,12537,19,,,0
190001019,'1197709',1120,,12538,19,,,0
190001019,'1197713',1804,,12539,19,,,0
190001019,'1197736',1349,,12540,19,,,0
190001019,'1197746',918,,12541,19,,,0
190001019,'1197811',1847,,12542,19,,,0
190001019,'1197845',1405,,12543,19,,,0
190001019,'1197867',2232,,12544,19,,,0
190001019,'1197877',1105,,12545,19,,,0
190001019,'1197919',1049,,12546,19,,,0
190001019,'1197924',1948,,12547,19,,,0
190001019,'1197933',1749,,12548,19,,,0
190001019,'1197942',1832,,12549,19,,,0
190001019,'1197950',1442,,12550,19,,,0
190001019,'1197953',1034,,12551,19,,,0
190001019,'1197956',1320,,12552,19,,,0
190001019,'1198005',1734,,12553,19,,,0
190001019,'1198015',2406,,12554,19,,,0
190001019,'1198030',2106,,12555,19,,,0
190001019,'1198047',1506,,12556,19,,,0
190001019,'1198065',2102,,12557,19,,,0
190001019,'1198066',703,,12558,19,,,0
190001019,'1198075',2202,,12559,19,,,0
190001019,'1198104',1002,,12560,19,,,0
190001019,'1198135',2018,,12561,19,,,0
190001019,'1198157',2302,,12562,19,,,0
190001019,'1198172',1806,,12563,19,,,0
190001019,'1198202',1149,,12564,19,,,0
190001019,'1198216',1234,,12565,19,,,0
190001019,'1198221',2147,,12566,19,,,0
190001019,'1198238',803,,12567,19,,,0
190001019,'1198255',648,,12568,19,,,0
190001019,'1198261',1848,,12569,19,,,0
190001019,'1198292',1150,,12570,19,,,0
190001019,'1198298',1704,,12571,19,,,0
190001019,'1198311',1612,,12572,19,,,0
190001019,'1198339',1932,,12573,19,,,0
190001019,'1198343',1512,,12574,19,,,0
190001019,'1198372',806,,12575,19,,,0
190001019,'1198396',1727,,12576,19,,,0
190001019,'1198407',1205,,12577,19,,,0
190001019,'1198441',1627,,12578,19,,,0
190001019,'1198467',1833,,12579,19,,,0
190001019,'1198471',1549,,12580,19,,,0
190001019,'1198476',1306,,12581,19,,,0
190001019,'1198499',2306,,12582,19,,,0
190001019,'1198534',2402,,12583,19,,,0
190001019,'1198547',1018,,12584,19,,,0
190001019,'1198574',1534,,12585,19,,,0
190001019,'1198598',832,,12586,19,,,0
190001019,'1198607',902,,12587,19,,,0
190001019,'1198613',2232,,12588,19,,,0
190001019,'1198622',2002,,12589,19,,,0
190001019,'1198646',2118,,12590,19,,,0
190001019,'1198647',702,,12591,19,,,0
190001019,'1198653',2103,,12592,19,,,0
190001019,'1198674',1204,,12593,19,,,0
190001019,'1198678',2048,,12594,19,,,0
190001019,'1198685',2033,,12595,19,,,0
190001019,'1198700',1134,,12596,19,,,0
190001019,'1198707',1419,,12597,19,,,0
190001019,'1198721',1050,,12598,19,,,0
190001019,'1198724',1542,,12599,19,,,0
190001019,'1198784',1219,,12600,19,,,0
190001019,'1198792',1902,,12601,19,,,0
190001019,'1198804',1206,,12602,19,,,0
190001019,'1198821',718,,12603,19,,,0
190001019,'1198827',2132,,12604,19,,,0
190001019,'1198852',2206,,12605,19,,,0
190001019,'1198857',1649,,12606,19,,,0
190001019,'1198864',1818,,12607,19,,,0
190001019,'1198929',1604,,12608,19,,,0
190001019,'1198949',1249,,12609,19,,,0
190001019,'1198960',1906,,12610,19,,,0
190001019,'1198974',1304,,12611,19,,,0
190001019,'1198988',1334,,12612,19,,,0
190001019,'1198997',1449,,12613,19,,,0
190001019,'1199029',2302,,12614,19,,,0
190001019,'1199121',1657,,12615,19,,,0
190001019,'1199126',1335,,12616,19,,,0
190001019,'1199140',2422,,12617,19,,,0
190001019,'1199142',1135,,12618,19,,,0
190001019,'1199166',802,,12619,19,,,0
190001019,'1199192',2032,,12620,19,,,0
190001019,'1199228',748,,12621,19,,,0
190001019,'1199318',1527,,12622,19,,,0
190001019,'1199339',1712,,12623,19,,,0
190001019,'1199371',733,,12624,19,,,0
190001019,'1199373',848,,12625,19,,,0
190001019,'1199385',1319,,12626,19,,,0
190001019,'1199427',1504,,12627,19,,,0
190001019,'1199436',1557,,12628,19,,,0
190001019,'1199510',2332,,12629,19,,,0
190001019,'1199550',2402,,12630,19,,,0
190001019,'1199551',2132,,12631,19,,,0
190001019,'1199648',1003,,12632,19,,,0
