10029,'1193661',1520,,7624,10,,,0
10029,'1193662',1120,,7625,10,,,0
10029,'1193664',2020,,7626,10,,,0
10029,'1193666',1320,,7627,10,,,0
10029,'1193669',2320,,7628,10,,,0
10029,'1193670',1620,,7629,10,,,0
10029,'1193672',850,,7631,10,,,0
10029,'1193673',2120,,7632,10,,,0
10029,'1193674',1420,,7633,10,,,0
10029,'1193676',1850,,7634,10,,,0
10029,'1193677',720,,7635,10,,,0
10029,'1193684',1720,,7637,10,,,0
10029,'1193685',1020,,7638,10,,,0
10029,'1193688',920,,7639,10,,,0
10029,'1193689',750,,7640,10,,,0
10029,'1193690',1950,,7641,10,,,0
10029,'1193692',2220,,7642,10,,,0
10029,'1193693',920,,7643,10,,,0
10029,'1193694',1320,,7644,10,,,0
10029,'1193695',650,,7645,10,,,0
10029,'1193696',620,,7646,10,,,0
10029,'1193699',2050,,7647,10,,,0
10029,'1193706',820,,7650,10,,,0
10029,'1193712',1820,,7651,10,,,0
10029,'1193713',2250,,7652,10,,,0
10029,'1193716',1920,,7654,10,,,0
10029,'1193719',1420,,7655,10,,,0
10029,'1193721',1020,,7656,10,,,0
10029,'1193726',1720,,7659,10,,,0
10029,'1193727',820,,7660,10,,,0
10029,'1193728',720,,7661,10,,,0
10029,'1193736',2355,,7663,10,,,0
10029,'1193741',2150,,7664,10,,,0
10029,'1193744',1450,,7666,10,,,0
10029,'1193745',1550,,7667,10,,,0
10029,'1193746',1120,,7668,10,,,0
10029,'1193757',1220,,7673,10,,,0
10029,'1193760',1220,,7675,10,,,0
10029,'1193762',1520,,7676,10,,,0
10029,'1193763',1650,,7677,10,,,0
10029,'1193777',1750,,7681,10,,,0
10029,'1193778',1620,,7682,10,,,0
