2029,'1196924',1513,,10051,10,,,0
2029,'1196985',1158,,10052,10,,,0
2029,'1196991',2241,,10053,10,,,0
2029,'1197028',2041,,10054,10,,,0
2029,'1197134',1828,,10055,10,,,0
2029,'1197139',927,,10056,10,,,0
2029,'1197143',2328,,10057,10,,,0
2029,'1197168',1613,,10058,10,,,0
2029,'1197170',643,,10059,10,,,0
2029,'1197175',1458,,10060,10,,,0
2029,'1197208',1443,,10061,10,,,0
2029,'1197209',858,,10062,10,,,0
2029,'1197218',712,,10063,10,,,0
2029,'1197261',1628,,10064,10,,,0
2029,'1197268',1658,,10065,10,,,0
2029,'1197282',642,,10066,10,,,0
2029,'1197288',2141,,10067,10,,,0
2029,'1197331',1624,,10068,10,,,0
2029,'1197332',2211,,10069,10,,,0
2029,'1197367',1424,,10070,10,,,0
2029,'1197375',857,,10071,10,,,0
2029,'1197411',1042,,10072,10,,,0
2029,'1197419',1328,,10073,10,,,0
2029,'1197430',657,,10074,10,,,0
2029,'1197437',957,,10075,10,,,0
2029,'1197491',1354,,10076,10,,,0
2029,'1197508',757,,10077,10,,,0
2029,'1197527',1243,,10078,10,,,0
2029,'1197534',1043,,10079,10,,,0
2029,'1197599',1643,,10080,10,,,0
2029,'1197642',742,,10081,10,,,0
2029,'1197644',1813,,10082,10,,,0
2029,'1197647',942,,10083,10,,,0
2029,'1197651',2338,,10084,10,,,0
2029,'1197655',2408,,10085,10,,,0
2029,'1197665',1028,,10086,10,,,0
2029,'1197667',1943,,10087,10,,,0
2029,'1197739',1713,,10088,10,,,0
2029,'1197769',1143,,10089,10,,,0
2029,'1197800',1012,,10090,10,,,0
2029,'1197808',2011,,10091,10,,,0
2029,'1197821',743,,10092,10,,,0
2029,'1197871',812,,10093,10,,,0
2029,'1197901',842,,10094,10,,,0
2029,'1197910',1743,,10095,10,,,0
2029,'1198003',1058,,10096,10,,,0
2029,'1198023',1227,,10097,10,,,0
2029,'1198042',843,,10098,10,,,0
2029,'1198045',2243,,10099,10,,,0
2029,'1198089',912,,10100,10,,,0
2029,'1198144',1027,,10101,10,,,0
2029,'1198156',2311,,10102,10,,,0
2029,'1198168',2028,,10103,10,,,0
2029,'1198184',943,,10104,10,,,0
2029,'1198213',1413,,10105,10,,,0
2029,'1198215',1828,,10106,10,,,0
2029,'1198275',1142,,10107,10,,,0
2029,'1198291',1057,,10108,10,,,0
2029,'1198335',1941,,10109,10,,,0
2029,'1198359',1324,,10110,10,,,0
2029,'1198433',1343,,10111,10,,,0
2029,'1198455',1224,,10112,10,,,0
2029,'1198473',1754,,10113,10,,,0
2029,'1198494',1724,,10114,10,,,0
2029,'1198537',1743,,10115,10,,,0
2029,'1198581',1128,,10116,10,,,0
2029,'1198603',1543,,10117,10,,,0
2029,'1198608',943,,10118,10,,,0
2029,'1198619',2413,,10119,10,,,0
2029,'1198682',1428,,10120,10,,,0
2029,'1198743',2243,,10121,10,,,0
2029,'1198838',1343,,10122,10,,,0
2029,'1198840',1454,,10123,10,,,0
2029,'1198841',727,,10124,10,,,0
2029,'1198851',2111,,10125,10,,,0
2029,'1198854',1157,,10126,10,,,0
2029,'1198870',728,,10127,10,,,0
2029,'1198967',2343,,10128,10,,,0
2029,'1199005',1558,,10129,10,,,0
2029,'1199023',1524,,10130,10,,,0
2029,'1199042',1943,,10131,10,,,0
2029,'1199046',1841,,10132,10,,,0
2029,'1199049',1112,,10133,10,,,0
2029,'1199063',1313,,10134,10,,,0
2029,'1199099',1258,,10135,10,,,0
2029,'1199116',1728,,10136,10,,,0
2029,'1199173',1554,,10137,10,,,0
2029,'1199237',2143,,10138,10,,,0
2029,'1199240',827,,10139,10,,,0
2029,'1199269',1243,,10140,10,,,0
2029,'1199288',1543,,10141,10,,,0
2029,'1199299',2158,,10142,10,,,0
2029,'1199305',1212,,10143,10,,,0
2029,'1199316',1758,,10144,10,,,0
2029,'1199329',1643,,10145,10,,,0
2029,'1199333',813,,10146,10,,,0
2029,'1199335',1254,,10147,10,,,0
2029,'1199398',2043,,10148,10,,,0
2029,'1199466',1911,,10149,10,,,0
2029,'1199478',1843,,10150,10,,,0
2029,'1199484',1528,,10151,10,,,0
2029,'1199542',2428,,10152,10,,,0
2029,'1199552',1358,,10153,10,,,0
2029,'1199560',1858,,10154,10,,,0
2029,'1199580',2113,,10155,10,,,0
2029,'1199620',1443,,10156,10,,,0
2029,'1199621',1127,,10157,10,,,0
2029,'1199635',1654,,10158,10,,,0
23019,'1196858',943,,11169,16,,,0
23019,'1197650',913,,11170,16,,,0
23019,'1197677',1513,,11171,16,,,0
23019,'1198140',1713,,11172,16,,,0
23019,'1198693',1113,,11173,16,,,0
23019,'1198972',1344,,11174,16,,,0
23019,'1199104',1544,,11175,16,,,0
23019,'1199267',1314,,11176,16,,,0
23019,'1199355',1144,,11177,16,,,0
103019,'1196838',2018,,11950,5,,,0
103019,'1196888',938,,11951,5,,,0
103019,'1196969',1638,,11952,5,,,0
103019,'1196981',1208,,11953,5,,,0
103019,'1197294',2108,,11954,5,,,0
103019,'1197441',1038,,11955,5,,,0
103019,'1197545',1708,,11956,5,,,0
103019,'1197721',1338,,11957,5,,,0
103019,'1197732',853,,11958,5,,,0
103019,'1197772',1453,,11959,5,,,0
103019,'1197847',1538,,11960,5,,,0
103019,'1197900',2308,,11961,5,,,0
103019,'1197976',2138,,11962,5,,,0
103019,'1198084',738,,11963,5,,,0
103019,'1198108',1418,,11964,5,,,0
103019,'1198169',723,,11965,5,,,0
103019,'1198206',908,,11966,5,,,0
103019,'1198228',1108,,11967,5,,,0
103019,'1198242',1848,,11968,5,,,0
103019,'1198304',1408,,11969,5,,,0
103019,'1198348',2148,,11970,5,,,0
103019,'1198369',2238,,11971,5,,,0
103019,'1198383',1238,,11972,5,,,0
103019,'1198393',638,,11973,5,,,0
103019,'1198760',808,,11975,5,,,0
103019,'1198790',2318,,11976,5,,,0
103019,'1198820',1248,,11977,5,,,0
103019,'1198832',1718,,11978,5,,,0
103019,'1198901',2008,,11979,5,,,0
103019,'1198908',948,,11980,5,,,0
103019,'1198992',1548,,11981,5,,,0
103019,'1199041',1118,,11982,5,,,0
103019,'1199057',1508,,11983,5,,,0
103019,'1199120',1838,,11984,5,,,0
103019,'1199157',1808,,11985,5,,,0
103019,'1199198',818,,11986,5,,,0
103019,'1199232',1623,,11987,5,,,0
103019,'1199535',1938,,11988,5,,,0
