20019,'1190619',649,,8208,23,,,0
20019,'1190641',1721,,8209,23,,,0
20019,'1190738',619,,8210,23,,,0
20019,'1190758',1651,,8211,23,,,0
20019,'1190774',1850,,8212,23,,,0
20019,'1190805',1421,,8213,23,,,0
20019,'1190858',2349,,8216,23,,,0
20019,'1190997',821,,8218,23,,,0
20019,'1191053',849,,8219,23,,,0
20019,'1191089',2150,,8220,23,,,0
20019,'1191136',1921,,8221,23,,,0
20019,'1191180',1349,,8222,23,,,0
20019,'1191306',720,,8224,23,,,0
20019,'1191365',2120,,8225,23,,,0
20019,'1191367',2050,,8226,23,,,0
20019,'1191430',1549,,8228,23,,,0
20019,'1191441',1751,,8229,23,,,0
20019,'1191503',949,,8231,23,,,0
20019,'1191515',649,,8233,23,,,0
20019,'1191641',1821,,8234,23,,,0
20019,'1191735',1950,,8236,23,,,0
20019,'1191765',1049,,8237,23,,,0
20019,'1191882',2250,,8239,23,,,0
20019,'1191930',1649,,8240,23,,,0
20019,'1191994',1121,,8241,23,,,0
20019,'1192132',1321,,8242,23,,,0
20019,'1192365',1749,,8243,23,,,0
20019,'1192376',1221,,8244,23,,,0
20019,'1192518',750,,8248,23,,,0
20019,'1192714',1149,,8252,23,,,0
20019,'1192729',1021,,8253,23,,,0
20019,'1192784',2220,,8254,23,,,0
20019,'1192905',1621,,8255,23,,,0
20019,'1192933',2021,,8257,23,,,0
20019,'1193041',2320,,8258,23,,,0
20019,'1193116',2420,,8259,23,,,0
20019,'1193175',749,,8260,23,,,0
20019,'1193197',921,,8261,23,,,0
20019,'1193231',1249,,8262,23,,,0
20019,'1193236',1449,,8263,23,,,0
20019,'1193274',1521,,8265,23,,,0
