105019,'1196946',934,,12117,90,,,0
105019,'1197049',1846,,12118,90,,,0
105019,'1197077',621,,12119,90,,,0
105019,'1197115',1231,,12120,90,,,0
105019,'1197131',734,,12121,90,,,0
105019,'1197173',1235,,12122,90,,,0
105019,'1197181',1050,,12123,90,,,0
105019,'1197192',2220,,12124,90,,,0
105019,'1197197',1531,,12125,90,,,0
105019,'1197292',1335,,12126,90,,,0
105019,'1197296',1631,,12127,90,,,0
105019,'1197531',1435,,12128,90,,,0
105019,'1197548',1950,,12129,90,,,0
105019,'1197557',1635,,12130,90,,,0
105019,'1197588',850,,12131,90,,,0
105019,'1197596',2120,,12132,90,,,0
105019,'1197617',1535,,12133,90,,,0
105019,'1197633',1250,,12134,90,,,0
105019,'1197710',828,,12135,90,,,0
105019,'1197779',1816,,12136,90,,,0
105019,'1197825',1446,,12137,90,,,0
105019,'1197971',1131,,12138,90,,,0
105019,'1198112',651,,12139,90,,,0
105019,'1198338',1135,,12140,90,,,0
105019,'1198380',2250,,12141,90,,,0
105019,'1198385',1746,,12142,90,,,0
105019,'1198553',1346,,12143,90,,,0
105019,'1198560',2050,,12144,90,,,0
105019,'1198571',1650,,12145,90,,,0
105019,'1198621',758,,12146,90,,,0
105019,'1198667',1028,,12147,90,,,0
105019,'1198717',1601,,12148,90,,,0
105019,'1198741',928,,12149,90,,,0
105019,'1198746',1916,,12150,90,,,0
105019,'1198889',721,,12151,90,,,0
105019,'1199004',1450,,12152,90,,,0
105019,'1199054',1701,,12153,90,,,0
105019,'1199098',858,,12154,90,,,0
105019,'1199298',2420,,12155,90,,,0
105019,'1199347',2334,,12156,90,,,0
105019,'1199383',2320,,12157,90,,,0
105019,'1199400',1735,,12158,90,,,0
105019,'1199461',1850,,12159,90,,,0
105019,'1199511',1835,,12160,90,,,0
105019,'1199546',2134,,12161,90,,,0
105019,'1199574',1935,,12162,90,,,0
106029,'1196836',1618,,12215,21,,,0
106029,'1196851',1733,,12216,21,,,0
106029,'1197042',1016,,12217,21,,,0
106029,'1197408',1848,,12218,21,,,0
106029,'1198086',746,,12219,21,,,0
106029,'1198615',901,,12220,21,,,0
