3029,'1196871',645,,10230,17,,,0
3029,'1196875',2356,,10231,17,,,0
3029,'1196902',1546,,10232,17,,,0
3029,'1196918',1146,,10233,17,,,0
3029,'1196929',756,,10234,17,,,0
3029,'1197004',2145,,10235,17,,,0
3029,'1197012',1446,,10236,17,,,0
3029,'1197066',1856,,10237,17,,,0
3029,'1197101',1316,,10238,17,,,0
3029,'1197253',1556,,10239,17,,,0
3029,'1197290',815,,10240,17,,,0
3029,'1197380',2156,,10241,17,,,0
3029,'1197402',1616,,10242,17,,,0
3029,'1197413',2045,,10243,17,,,0
3029,'1197417',1056,,10244,17,,,0
3029,'1197427',2214,,10245,17,,,0
3029,'1197507',2345,,10246,17,,,0
3029,'1197510',1816,,10247,17,,,0
3029,'1197558',1015,,10248,17,,,0
3029,'1197601',945,,10249,17,,,0
3029,'1197654',1156,,10250,17,,,0
3029,'1197697',1216,,10251,17,,,0
3029,'1197823',1246,,10252,17,,,0
3029,'1197828',1416,,10253,17,,,0
3029,'1197856',1646,,10254,17,,,0
3029,'1197870',1346,,10255,17,,,0
3029,'1197895',2114,,10256,17,,,0
3029,'1197903',1945,,10257,17,,,0
3029,'1197920',1256,,10258,17,,,0
3029,'1197958',2245,,10259,17,,,0
3029,'1197998',2144,,10260,17,,,0
3029,'1198039',1656,,10261,17,,,0
3029,'1198070',1746,,10262,17,,,0
3029,'1198115',956,,10263,17,,,0
3029,'1198165',1756,,10264,17,,,0
3029,'1198246',1546,,10265,17,,,0
3029,'1198281',1746,,10266,17,,,0
3029,'1198295',745,,10267,17,,,0
3029,'1198310',2244,,10268,17,,,0
3029,'1198321',1045,,10269,17,,,0
3029,'1198363',1246,,10270,17,,,0
3029,'1198395',745,,10271,17,,,0
3029,'1198434',1516,,10272,17,,,0
3029,'1198445',1146,,10273,17,,,0
3029,'1198462',2044,,10274,17,,,0
3029,'1198484',2256,,10275,17,,,0
3029,'1198500',1716,,10276,17,,,0
3029,'1198518',945,,10277,17,,,0
3029,'1198562',1356,,10278,17,,,0
3029,'1198577',1446,,10279,17,,,0
3029,'1198614',645,,10280,17,,,0
3029,'1198734',1844,,10281,17,,,0
3029,'1198836',845,,10282,17,,,0
3029,'1198936',1456,,10283,17,,,0
3029,'1198983',2056,,10284,17,,,0
3029,'1199061',845,,10285,17,,,0
3029,'1199094',1944,,10286,17,,,0
3029,'1199112',2341,,10287,17,,,0
3029,'1199231',1956,,10288,17,,,0
3029,'1199421',1646,,10289,17,,,0
3029,'1199431',1045,,10290,17,,,0
3029,'1199453',1845,,10291,17,,,0
3029,'1199460',1346,,10292,17,,,0
3029,'1199521',915,,10293,17,,,0
3029,'1199533',1914,,10294,17,,,0
3029,'1199547',715,,10295,17,,,0
3029,'1199601',1115,,10296,17,,,0
3029,'1199629',856,,10297,17,,,0
3029,'1199646',2014,,10298,17,,,0
