25019,'1190672',2243,,8481,20,,,0
25019,'1190694',743,,8483,20,,,0
25019,'1190780',2341,,8484,20,,,0
25019,'1190819',713,,8485,20,,,0
25019,'1190912',1843,,8486,20,,,0
25019,'1191069',1942,,8488,20,,,0
25019,'1191124',2042,,8489,20,,,0
25019,'1191161',1642,,8490,20,,,0
25019,'1191327',1413,,8492,20,,,0
25019,'1191338',1042,,8493,20,,,0
25019,'1191351',1943,,8494,20,,,0
25019,'1191352',1443,,8495,20,,,0
25019,'1191409',942,,8496,20,,,0
25019,'1191478',2242,,8499,20,,,0
25019,'1191511',1743,,8500,20,,,0
25019,'1191525',1442,,8501,20,,,0
25019,'1191551',641,,8502,20,,,0
25019,'1191579',842,,8503,20,,,0
25019,'1191596',2143,,8505,20,,,0
25019,'1191642',813,,8506,20,,,0
25019,'1191842',1842,,8508,20,,,0
25019,'1191928',2043,,8509,20,,,0
25019,'1191935',843,,8510,20,,,0
25019,'1191950',1242,,8511,20,,,0
25019,'1191964',1542,,8512,20,,,0
25019,'1192103',2142,,8513,20,,,0
25019,'1192106',1213,,8514,20,,,0
25019,'1192259',1342,,8518,20,,,0
25019,'1192277',1742,,8519,20,,,0
25019,'1192343',1113,,8520,20,,,0
25019,'1192356',1543,,8521,20,,,0
25019,'1192432',1613,,8523,20,,,0
25019,'1192477',2403,,8525,20,,,0
25019,'1192596',1513,,8527,20,,,0
25019,'1192742',1013,,8528,20,,,0
25019,'1192751',1142,,8529,20,,,0
25019,'1192774',1713,,8530,20,,,0
25019,'1192796',1313,,8531,20,,,0
25019,'1192849',943,,8533,20,,,0
25019,'1192959',643,,8534,20,,,0
25019,'1193109',1643,,8535,20,,,0
25019,'1193121',741,,8536,20,,,0
25019,'1193315',913,,8540,20,,,0
