105029,'1196840',2321,,12163,61,,,0
105029,'1196987',1036,,12164,61,,,0
105029,'1196996',1709,,12165,61,,,0
105029,'1197020',1551,,12166,61,,,0
105029,'1197097',1809,,12167,61,,,0
105029,'1197137',2034,,12168,61,,,0
105029,'1197220',2021,,12169,61,,,0
105029,'1197228',1524,,12170,61,,,0
105029,'1197231',751,,12171,61,,,0
105029,'1197439',1151,,12172,61,,,0
105029,'1197501',1951,,12173,61,,,0
105029,'1197522',2151,,12174,61,,,0
105029,'1197561',1024,,12175,61,,,0
105029,'1197638',951,,12176,61,,,0
105029,'1197840',2121,,12177,61,,,0
105029,'1197853',2221,,12178,61,,,0
105029,'1197918',1851,,12179,61,,,0
105029,'1197968',2351,,12180,61,,,0
105029,'1198013',1351,,12181,61,,,0
105029,'1198037',1124,,12182,61,,,0
105029,'1198064',1836,,12183,61,,,0
105029,'1198187',1236,,12184,61,,,0
105029,'1198214',1751,,12185,61,,,0
105029,'1198417',1336,,12186,61,,,0
105029,'1198447',1739,,12187,61,,,0
105029,'1198529',1536,,12188,61,,,0
105029,'1198616',721,,12189,61,,,0
105029,'1198625',1639,,12190,61,,,0
105029,'1198711',1339,,12191,61,,,0
105029,'1198718',1554,,12192,61,,,0
105029,'1198725',1736,,12193,61,,,0
105029,'1198779',834,,12194,61,,,0
105029,'1198918',1436,,12195,61,,,0
105029,'1198922',2426,,12196,61,,,0
105029,'1198923',651,,12197,61,,,0
105029,'1199012',634,,12198,61,,,0
105029,'1199037',1424,,12199,61,,,0
105029,'1199107',1454,,12200,61,,,0
105029,'1199124',2434,,12201,61,,,0
105029,'1199144',1239,,12202,61,,,0
105029,'1199148',751,,12203,61,,,0
105029,'1199220',1136,,12204,61,,,0
105029,'1199470',2234,,12205,61,,,0
105029,'1199473',921,,12206,61,,,0
105029,'1199604',821,,12207,61,,,0
105029,'1199607',1636,,12208,61,,,0
