11019,'1196876',1450,,10448,12,,,0
11019,'1196884',1250,,10449,16,,,0
11019,'1196914',1133,,10450,16,,,0
11019,'1196958',753,,10451,16,,,0
11019,'1197000',1250,,10452,12,,,0
11019,'1197070',1850,,10453,12,,,0
11019,'1197071',1832,,10454,16,,,0
11019,'1197114',918,,10455,16,,,0
11019,'1197185',2250,,10456,12,,,0
11019,'1197191',1450,,10457,16,,,0
11019,'1197229',1405,,10458,16,,,0
11019,'1197234',1704,,10459,16,,,0
11019,'1197264',1735,,10460,16,,,0
11019,'1197274',933,,10461,16,,,0
11019,'1197327',1334,,10462,16,,,0
11019,'1197343',733,,10463,16,,,0
11019,'1197351',1550,,10464,12,,,0
11019,'1197398',1820,,10465,16,,,0
11019,'1197412',2302,,10466,16,,,0
11019,'1197422',1635,,10467,16,,,0
11019,'1197446',2350,,10468,12,,,0
11019,'1197463',703,,10469,16,,,0
11019,'1197502',618,,10470,16,,,0
11019,'1197519',748,,10471,16,,,0
11019,'1197564',2253,,10472,16,,,0
11019,'1197573',1350,,10473,12,,,0
11019,'1197695',1103,,10474,16,,,0
11019,'1197696',803,,10475,16,,,0
11019,'1197753',850,,10476,12,,,0
11019,'1197763',1520,,10477,16,,,0
11019,'1197795',2032,,10478,16,,,0
11019,'1197832',1620,,10479,16,,,0
11019,'1197875',2419,,10480,16,,,0
11019,'1197917',2353,,10481,16,,,0
11019,'1197925',1118,,10482,16,,,0
11019,'1197934',1534,,10483,16,,,0
11019,'1197978',1902,,10484,16,,,0
11019,'1197990',1434,,10485,16,,,0
11019,'1198012',848,,10486,16,,,0
11019,'1198053',953,,10487,16,,,0
11019,'1198076',2002,,10488,16,,,0
11019,'1198113',2102,,10489,16,,,0
11019,'1198146',2232,,10490,16,,,0
11019,'1198266',1953,,10491,16,,,0
11019,'1198296',1650,,10492,12,,,0
11019,'1198337',903,,10493,16,,,0
11019,'1198341',1153,,10494,16,,,0
11019,'1198362',2150,,10495,12,,,0
11019,'1198405',1853,,10496,16,,,0
11019,'1198419',1505,,10497,16,,,0
11019,'1198470',1305,,10498,16,,,0
11019,'1198493',1805,,10499,16,,,0
11019,'1198506',1053,,10500,16,,,0
11019,'1198543',1018,,10501,16,,,0
11019,'1198548',1605,,10502,16,,,0
11019,'1198573',1148,,10503,16,,,0
11019,'1198590',1950,,10504,12,,,0
11019,'1198610',1550,,10505,16,,,0
11019,'1198623',653,,10506,16,,,0
11019,'1198660',1304,,10507,16,,,0
11019,'1198662',1750,,10508,12,,,0
11019,'1198696',1435,,10509,16,,,0
11019,'1198771',1504,,10510,16,,,0
11019,'1198808',948,,10511,16,,,0
11019,'1198843',2050,,10512,12,,,0
11019,'1198927',1048,,10513,16,,,0
11019,'1198951',1720,,10514,16,,,0
11019,'1198978',1932,,10515,16,,,0
11019,'1199022',1233,,10516,16,,,0
11019,'1199024',2153,,10517,16,,,0
11019,'1199026',2202,,10518,16,,,0
11019,'1199059',1604,,10519,16,,,0
11019,'1199060',1350,,10520,16,,,0
11019,'1199064',1804,,10521,16,,,0
11019,'1199091',750,,10522,12,,,0
11019,'1199100',2132,,10523,16,,,0
11019,'1199118',1705,,10524,16,,,0
11019,'1199132',648,,10525,16,,,0
11019,'1199143',1734,,10526,16,,,0
11019,'1199154',1420,,10527,16,,,0
11019,'1199177',1650,,10528,16,,,0
11019,'1199180',2053,,10529,16,,,0
11019,'1199214',718,,10530,16,,,0
11019,'1199225',1535,,10531,16,,,0
11019,'1199227',1150,,10532,12,,,0
11019,'1199229',1404,,10533,16,,,0
11019,'1199253',950,,10534,12,,,0
11019,'1199301',2329,,10535,16,,,0
11019,'1199306',1050,,10536,12,,,0
11019,'1199370',1750,,10537,16,,,0
11019,'1199376',833,,10538,16,,,0
11019,'1199394',853,,10539,16,,,0
11019,'1199403',818,,10540,16,,,0
11019,'1199410',1203,,10541,16,,,0
11019,'1199462',2359,,10542,16,,,0
11019,'1199476',1003,,10543,16,,,0
11019,'1199496',1320,,10544,16,,,0
11019,'1199508',1218,,10545,16,,,0
11019,'1199591',1634,,10546,16,,,0
11019,'1199603',1235,,10547,16,,,0
11019,'1199619',1033,,10548,16,,,0
11019,'1199623',1335,,10549,16,,,0
140001019,'1196866',814,,12221,12,,,0
140001019,'1196880',2213,,12222,12,,,0
140001019,'1196896',1029,,12223,12,,,0
140001019,'1196898',2144,,12224,12,,,0
140001019,'1196900',1929,,12225,12,,,0
140001019,'1196905',1901,,12226,12,,,0
140001019,'1196939',2314,,12227,12,,,0
140001019,'1196943',1330,,12228,12,,,0
140001019,'1196945',2339,,12229,12,,,0
140001019,'1196967',644,,12230,12,,,0
140001019,'1197008',1401,,12231,12,,,0
140001019,'1197072',1421,,12232,12,,,0
140001019,'1197075',1545,,12233,12,,,0
140001019,'1197086',1844,,12234,12,,,0
140001019,'1197088',2044,,12235,12,,,0
140001019,'1197102',659,,12236,12,,,0
140001019,'1197146',1600,,12237,12,,,0
140001019,'1197212',1315,,12238,12,,,0
140001019,'1197216',929,,12239,12,,,0
140001019,'1197238',1200,,12240,12,,,0
140001019,'1197266',1500,,12241,12,,,0
140001019,'1197267',1630,,12242,12,,,0
140001019,'1197281',1636,,12243,12,,,0
140001019,'1197287',944,,12244,12,,,0
140001019,'1197324',1606,,12245,12,,,0
140001019,'1197328',1014,,12246,12,,,0
140001019,'1197350',1044,,12247,12,,,0
140001019,'1197407',1415,,12248,12,,,0
140001019,'1197438',1730,,12249,12,,,0
140001019,'1197459',959,,12250,12,,,0
140001019,'1197465',1130,,12251,12,,,0
140001019,'1197470',1745,,12252,12,,,0
140001019,'1197474',1014,,12253,12,,,0
140001019,'1197516',1436,,12254,12,,,0
140001019,'1197563',1829,,12255,12,,,0
140001019,'1197567',1944,,12256,12,,,0
140001019,'1197593',1230,,12257,12,,,0
140001019,'1197607',1651,,12258,12,,,0
140001019,'1197613',1751,,12259,12,,,0
140001019,'1197621',1800,,12260,12,,,0
140001019,'1197622',2029,,12261,12,,,0
140001019,'1197646',1215,,12262,12,,,0
140001019,'1197676',1145,,12263,12,,,0
140001019,'1197685',1030,,12264,12,,,0
140001019,'1197688',1315,,12265,12,,,0
140001019,'1197689',1430,,12266,12,,,0
140001019,'1197693',1736,,12267,12,,,0
140001019,'1197729',1959,,12268,12,,,0
140001019,'1197734',1601,,12269,12,,,0
140001019,'1197741',1330,,12270,12,,,0
140001019,'1197745',1215,,12271,12,,,0
140001019,'1197767',1115,,12272,12,,,0
140001019,'1197797',2014,,12273,12,,,0
140001019,'1197802',859,,12274,12,,,0
140001019,'1197830',914,,12275,12,,,0
140001019,'1197894',1815,,12276,12,,,0
140001019,'1197944',1101,,12277,12,,,0
140001019,'1197964',1300,,12278,12,,,0
140001019,'1197966',1045,,12279,12,,,0
140001019,'1197987',1621,,12280,12,,,0
140001019,'1197988',744,,12281,12,,,0
140001019,'1198009',2059,,12282,12,,,0
140001019,'1198027',2301,,12283,12,,,0
140001019,'1198035',829,,12284,12,,,0
140001019,'1198147',2101,,12285,12,,,0
140001019,'1198155',1200,,12286,12,,,0
140001019,'1198177',2044,,12287,12,,,0
140001019,'1198195',1300,,12288,12,,,0
140001019,'1198235',1700,,12289,12,,,0
140001019,'1198264',1301,,12290,12,,,0
140001019,'1198294',1400,,12291,12,,,0
140001019,'1198302',2014,,12292,12,,,0
140001019,'1198324',1800,,12293,12,,,0
140001019,'1198349',729,,12294,12,,,0
140001019,'1198356',1715,,12295,12,,,0
140001019,'1198378',714,,12296,12,,,0
140001019,'1198384',1130,,12297,12,,,0
140001019,'1198418',1914,,12298,12,,,0
140001019,'1198429',1859,,12299,12,,,0
140001019,'1198452',1801,,12300,12,,,0
140001019,'1198461',844,,12301,12,,,0
140001019,'1198463',1829,,12302,12,,,0
140001019,'1198487',1844,,12303,12,,,0
140001019,'1198515',1230,,12304,12,,,0
140001019,'1198535',1706,,12305,12,,,0
140001019,'1198541',1059,,12306,12,,,0
140001019,'1198549',644,,12307,12,,,0
140001019,'1198579',1645,,12308,12,,,0
140001019,'1198595',2114,,12309,12,,,0
140001019,'1198601',1615,,12310,12,,,0
140001019,'1198665',2313,,12311,12,,,0
140001019,'1198666',801,,12312,12,,,0
140001019,'1198714',1451,,12313,12,,,0
140001019,'1198763',2414,,12314,12,,,0
140001019,'1198766',1001,,12315,12,,,0
140001019,'1198781',1814,,12316,12,,,0
140001019,'1198791',1515,,12317,12,,,0
140001019,'1198797',814,,12318,12,,,0
140001019,'1198813',1501,,12319,12,,,0
140001019,'1198814',2401,,12320,12,,,0
140001019,'1198835',1345,,12321,12,,,0
140001019,'1198872',844,,12322,12,,,0
140001019,'1198878',1245,,12323,12,,,0
140001019,'1198900',1506,,12324,12,,,0
140001019,'1198920',2114,,12325,12,,,0
140001019,'1198925',1114,,12326,12,,,0
140001019,'1198926',914,,12327,12,,,0
140001019,'1198932',959,,12328,12,,,0
140001019,'1198964',1721,,12329,12,,,0
140001019,'1198965',1400,,12330,12,,,0
140001019,'1198980',1536,,12331,12,,,0
140001019,'1199018',2413,,12332,12,,,0
140001019,'1199069',2201,,12333,12,,,0
140001019,'1199136',1245,,12334,12,,,0
140001019,'1199170',744,,12335,12,,,0
140001019,'1199213',2343,,12336,12,,,0
140001019,'1199235',901,,12337,12,,,0
140001019,'1199268',759,,12338,12,,,0
140001019,'1199282',1100,,12339,12,,,0
140001019,'1199297',1521,,12340,12,,,0
140001019,'1199319',944,,12341,12,,,0
140001019,'1199330',1859,,12342,12,,,0
140001019,'1199354',1944,,12343,12,,,0
140001019,'1199367',2143,,12344,12,,,0
140001019,'1199377',1201,,12345,12,,,0
140001019,'1199402',1701,,12346,12,,,0
140001019,'1199414',1445,,12347,12,,,0
140001019,'1199449',1145,,12348,12,,,0
140001019,'1199458',1345,,12349,12,,,0
140001019,'1199468',2243,,12350,12,,,0
140001019,'1199492',1551,,12351,12,,,0
140001019,'1199516',2214,,12352,12,,,0
140001019,'1199563',2244,,12353,12,,,0
140001019,'1199606',1530,,12354,12,,,0
140001019,'1199624',1914,,12355,12,,,0
140001019,'1199632',714,,12356,12,,,0
140001019,'1199638',2001,,12357,12,,,0
