105019,'1196946',919,,12117,67,,,0
105019,'1197049',1829,,12118,67,,,0
105019,'1197077',607,,12119,67,,,0
105019,'1197115',1214,,12120,67,,,0
105019,'1197131',719,,12121,67,,,0
105019,'1197173',1221,,12122,67,,,0
105019,'1197181',1037,,12123,67,,,0
105019,'1197192',2206,,12124,67,,,0
105019,'1197197',1514,,12125,67,,,0
105019,'1197292',1321,,12126,67,,,0
105019,'1197296',1614,,12127,67,,,0
105019,'1197531',1421,,12128,67,,,0
105019,'1197548',1936,,12129,67,,,0
105019,'1197557',1621,,12130,67,,,0
105019,'1197588',837,,12131,67,,,0
105019,'1197596',2106,,12132,67,,,0
105019,'1197617',1521,,12133,67,,,0
105019,'1197633',1237,,12134,67,,,0
105019,'1197710',811,,12135,67,,,0
105019,'1197779',1759,,12136,67,,,0
105019,'1197825',1429,,12137,67,,,0
105019,'1197971',1114,,12138,67,,,0
105019,'1198112',637,,12139,67,,,0
105019,'1198338',1121,,12140,67,,,0
105019,'1198380',2237,,12141,67,,,0
105019,'1198385',1729,,12142,67,,,0
105019,'1198553',1329,,12143,67,,,0
105019,'1198560',2037,,12144,67,,,0
105019,'1198571',1637,,12145,67,,,0
105019,'1198621',741,,12146,67,,,0
105019,'1198667',1011,,12147,67,,,0
105019,'1198717',1544,,12148,67,,,0
105019,'1198741',911,,12149,67,,,0
105019,'1198746',1859,,12150,67,,,0
105019,'1198889',707,,12151,67,,,0
105019,'1199004',1437,,12152,67,,,0
105019,'1199054',1644,,12153,67,,,0
105019,'1199098',841,,12154,67,,,0
105019,'1199298',2406,,12155,67,,,0
105019,'1199347',2319,,12156,67,,,0
105019,'1199383',2306,,12157,67,,,0
105019,'1199400',1721,,12158,67,,,0
105019,'1199461',1837,,12159,67,,,0
105019,'1199511',1821,,12160,67,,,0
105019,'1199546',2119,,12161,67,,,0
105019,'1199574',1921,,12162,67,,,0
106029,'1196836',1617,,12215,18,,,0
106029,'1196851',1732,,12216,18,,,0
106029,'1197042',1015,,12217,18,,,0
106029,'1197408',1847,,12218,18,,,0
106029,'1198086',745,,12219,18,,,0
106029,'1198615',900,,12220,18,,,0
