104029,'1196835',2000,,12074,21,,,0
104029,'1196857',800,,12075,21,,,0
104029,'1196889',800,,12076,21,,,0
104029,'1196928',1745,,12077,21,,,0
104029,'1197002',645,,12078,21,,,0
104029,'1197045',1541,,12079,21,,,0
104029,'1197133',830,,12080,21,,,0
104029,'1197341',1241,,12081,21,,,0
104029,'1197454',1800,,12082,21,,,0
104029,'1197461',715,,12083,21,,,0
104029,'1197467',2200,,12084,21,,,0
104029,'1197481',600,,12085,21,,,0
104029,'1197553',2130,,12086,21,,,0
104029,'1197574',915,,12087,21,,,0
104029,'1197583',2145,,12088,21,,,0
104029,'1197794',1800,,12089,21,,,0
104029,'1197965',1400,,12090,21,,,0
104029,'1197979',1530,,12091,21,,,0
104029,'1198234',1030,,12092,21,,,0
104029,'1198287',1626,,12093,21,,,0
104029,'1198288',1156,,12094,21,,,0
104029,'1198449',1300,,12095,21,,,0
104029,'1198458',1915,,12096,21,,,0
104029,'1198510',945,,12097,21,,,0
104029,'1198521',800,,12098,21,,,0
104029,'1198558',1645,,12099,21,,,0
104029,'1198578',1711,,12100,21,,,0
104029,'1198686',1411,,12101,21,,,0
104029,'1198694',1456,,12102,21,,,0
104029,'1198755',1000,,12103,21,,,0
104029,'1198909',1200,,12104,21,,,0
104029,'1198979',1145,,12105,21,,,0
104029,'1199045',2300,,12106,21,,,0
104029,'1199127',2300,,12107,21,,,0
104029,'1199159',1326,,12108,21,,,0
104029,'1199181',915,,12109,21,,,0
104029,'1199193',1600,,12110,21,,,0
104029,'1199356',1415,,12111,21,,,0
104029,'1199360',2030,,12112,21,,,0
104029,'1199374',645,,12113,21,,,0
104029,'1199380',1030,,12114,21,,,0
104029,'1199442',1830,,12115,21,,,0
104029,'1199577',2000,,12116,21,,,0
