104019,'1196891',2319,,12027,6,,,0
104019,'1197169',2355,,12028,6,,,0
104019,'1197256',1321,,12029,6,,,0
104019,'1197286',2119,,12030,6,,,0
104019,'1197298',1151,,12031,6,,,0
104019,'1197387',2220,,12032,6,,,0
104019,'1197452',1950,,12033,6,,,0
104019,'1197544',905,,12034,6,,,0
104019,'1197547',1220,,12035,6,,,0
104019,'1197640',1519,,12036,6,,,0
104019,'1197714',1750,,12037,6,,,0
104019,'1197725',2050,,12038,6,,,0
104019,'1197761',719,,12039,6,,,0
104019,'1197801',950,,12040,6,,,0
104019,'1197820',750,,12042,6,,,0
104019,'1197873',605,,12043,6,,,0
104019,'1197937',1450,,12044,6,,,0
104019,'1198060',1719,,12045,6,,,0
104019,'1198073',2335,,12046,6,,,0
104019,'1198077',2220,,12047,6,,,0
104019,'1198194',1106,,12048,6,,,0
104019,'1198253',1119,,12049,6,,,0
104019,'1198313',1451,,12050,6,,,0
104019,'1198322',1605,,12051,6,,,0
104019,'1198353',1236,,12052,6,,,0
104019,'1198411',919,,12053,6,,,0
104019,'1198567',1720,,12055,6,,,0
104019,'1198664',835,,12056,6,,,0
104019,'1198683',1335,,12057,6,,,0
104019,'1198738',1920,,12058,6,,,0
104019,'1198750',1919,,12059,6,,,0
104019,'1198780',835,,12060,6,,,0
104019,'1198913',1406,,12061,6,,,0
104019,'1198958',635,,12062,6,,,0
104019,'1199185',720,,12064,6,,,0
104019,'1199190',1105,,12065,6,,,0
104019,'1199331',1319,,12066,6,,,0
104019,'1199407',1835,,12067,6,,,0
104019,'1199459',1705,,12068,6,,,0
104019,'1199490',1621,,12069,6,,,0
104019,'1199539',950,,12070,6,,,0
104019,'1199564',720,,12071,6,,,0
104019,'1199583',1536,,12072,6,,,0
104019,'1199617',2105,,12073,6,,,0
