105029,'1196840',2329,,12163,76,,,0
105029,'1196987',1044,,12164,76,,,0
105029,'1196996',1717,,12165,76,,,0
105029,'1197020',1601,,12166,76,,,0
105029,'1197097',1817,,12167,76,,,0
105029,'1197137',2042,,12168,76,,,0
105029,'1197220',2029,,12169,76,,,0
105029,'1197228',1532,,12170,76,,,0
105029,'1197231',759,,12171,76,,,0
105029,'1197439',1201,,12172,76,,,0
105029,'1197501',2001,,12173,76,,,0
105029,'1197522',2201,,12174,76,,,0
105029,'1197561',1032,,12175,76,,,0
105029,'1197638',1001,,12176,76,,,0
105029,'1197840',2129,,12177,76,,,0
105029,'1197853',2229,,12178,76,,,0
105029,'1197918',1859,,12179,76,,,0
105029,'1197968',2401,,12180,76,,,0
105029,'1198013',1401,,12181,76,,,0
105029,'1198037',1132,,12182,76,,,0
105029,'1198064',1844,,12183,76,,,0
105029,'1198187',1244,,12184,76,,,0
105029,'1198214',1801,,12185,76,,,0
105029,'1198417',1344,,12186,76,,,0
105029,'1198447',1747,,12187,76,,,0
105029,'1198529',1544,,12188,76,,,0
105029,'1198616',729,,12189,76,,,0
105029,'1198625',1647,,12190,76,,,0
105029,'1198711',1347,,12191,76,,,0
105029,'1198718',1602,,12192,76,,,0
105029,'1198725',1744,,12193,76,,,0
105029,'1198779',842,,12194,76,,,0
105029,'1198918',1444,,12195,76,,,0
105029,'1198922',2434,,12196,76,,,0
105029,'1198923',659,,12197,76,,,0
105029,'1199012',642,,12198,76,,,0
105029,'1199037',1432,,12199,76,,,0
105029,'1199107',1502,,12200,76,,,0
105029,'1199124',2442,,12201,76,,,0
105029,'1199144',1247,,12202,76,,,0
105029,'1199148',801,,12203,76,,,0
105029,'1199220',1144,,12204,76,,,0
105029,'1199470',2242,,12205,76,,,0
105029,'1199473',929,,12206,76,,,0
105029,'1199604',829,,12207,76,,,0
105029,'1199607',1644,,12208,76,,,0
