101019,'1197003',536,,11803,10,,,0
101019,'1197056',2115,,11804,10,,,0
101019,'1197144',2315,,11805,10,,,0
101019,'1197150',1515,,11806,10,,,0
101019,'1197356',1315,,11807,10,,,0
101019,'1197394',1515,,11808,10,,,0
101019,'1197485',715,,11809,10,,,0
101019,'1197542',1315,,11810,10,,,0
101019,'1197666',1036,,11811,10,,,0
101019,'1197703',2115,,11812,10,,,0
101019,'1197735',1136,,11813,10,,,0
101019,'1197816',1115,,11814,10,,,0
101019,'1197893',736,,11815,10,,,0
101019,'1198002',1715,,11816,10,,,0
101019,'1198014',715,,11817,10,,,0
101019,'1198130',936,,11818,10,,,0
101019,'1198162',1339,,11819,10,,,0
101019,'1198212',1915,,11820,10,,,0
101019,'1198408',2035,,11821,10,,,0
101019,'1198684',915,,11822,10,,,0
101019,'1198907',1915,,11823,10,,,0
101019,'1199079',2236,,11824,10,,,0
101019,'1199178',1739,,11825,10,,,0
101019,'1199186',1539,,11826,10,,,0
101019,'1199279',1715,,11827,10,,,0
101019,'1199401',915,,11828,10,,,0
101019,'1199471',1836,,11829,10,,,0
101019,'1199497',1115,,11830,10,,,0
101019,'1199519',836,,11831,10,,,0
101019,'1199566',1439,,11832,10,,,0
101019,'1199626',1639,,11833,10,,,0
101029,'1196911',803,,11834,40,,,0
101029,'1197033',1846,,11835,40,,,0
101029,'1197060',903,,11836,40,,,0
101029,'1197096',1046,,11837,40,,,0
101029,'1197257',1103,,11838,40,,,0
101029,'1197272',1246,,11839,40,,,0
101029,'1197326',1605,,11840,40,,,0
101029,'1197581',2046,,11841,40,,,0
101029,'1197673',1446,,11842,40,,,0
101029,'1197747',2203,,11843,40,,,0
101029,'1197977',1646,,11844,40,,,0
101029,'1198059',646,,11845,40,,,0
101029,'1198116',1046,,11846,40,,,0
101029,'1198125',846,,11847,40,,,0
101029,'1198200',1246,,11848,40,,,0
101029,'1198251',1003,,11849,40,,,0
101029,'1198346',846,,11850,40,,,0
101029,'1198498',2246,,11851,40,,,0
101029,'1198530',2246,,11852,40,,,0
101029,'1198631',1705,,11853,40,,,0
101029,'1198644',2423,,11854,40,,,0
101029,'1198710',1646,,11855,40,,,0
101029,'1198715',1803,,11856,40,,,0
101029,'1198953',2046,,11857,40,,,0
101029,'1198984',1405,,11858,40,,,0
101029,'1199108',1305,,11859,40,,,0
101029,'1199117',703,,11860,40,,,0
101029,'1199304',1846,,11861,40,,,0
101029,'1199366',1446,,11862,40,,,0
101029,'1199567',2003,,11863,40,,,0
101029,'1199585',1505,,11864,40,,,0
