14029,'1190709',1850,,8149,9,,,0
14029,'1190764',1750,,8150,9,,,0
14029,'1190906',650,,8151,9,,,0
14029,'1190927',1620,,8153,9,,,0
14029,'1191037',1450,,8155,9,,,0
14029,'1191042',1120,,8156,9,,,0
14029,'1191078',820,,8158,9,,,0
14029,'1191308',1420,,8161,9,,,0
14029,'1191322',1020,,8162,9,,,0
14029,'1191348',1220,,8163,9,,,0
14029,'1191415',2220,,8164,9,,,0
14029,'1191429',1820,,8165,9,,,0
14029,'1191520',1420,,8167,9,,,0
14029,'1191547',1520,,8168,9,,,0
14029,'1191620',1920,,8169,9,,,0
14029,'1191630',920,,8170,9,,,0
14029,'1191718',2320,,8173,9,,,0
14029,'1191777',920,,8174,9,,,0
14029,'1191810',720,,8175,9,,,0
14029,'1191865',750,,8177,9,,,0
14029,'1191921',850,,8178,9,,,0
14029,'1191955',820,,8180,9,,,0
14029,'1191980',2355,,8181,9,,,0
14029,'1192001',2250,,8182,9,,,0
14029,'1192051',1650,,8184,9,,,0
14029,'1192347',2150,,8186,9,,,0
14029,'1192388',620,,8189,9,,,0
14029,'1192435',1620,,8190,9,,,0
14029,'1192473',2020,,8191,9,,,0
14029,'1192489',1550,,8192,9,,,0
14029,'1192580',2120,,8193,9,,,0
14029,'1192627',1320,,8195,9,,,0
14029,'1192632',1220,,8196,9,,,0
14029,'1192674',1520,,8197,9,,,0
14029,'1192957',1720,,8200,9,,,0
14029,'1193009',1720,,8201,9,,,0
14029,'1193016',2050,,8202,9,,,0
14029,'1193023',1950,,8203,9,,,0
14029,'1193040',1120,,8204,9,,,0
14029,'1193048',720,,8205,9,,,0
14029,'1193064',1020,,8206,9,,,0
14029,'1193291',1320,,8207,9,,,0
