101019,'1197003',548,,11803,26,,,0
101019,'1197056',2125,,11804,26,,,0
101019,'1197144',2326,,11805,26,,,0
101019,'1197150',1526,,11806,26,,,0
101019,'1197356',1326,,11807,26,,,0
101019,'1197394',1525,,11808,26,,,0
101019,'1197485',725,,11809,26,,,0
101019,'1197542',1325,,11810,26,,,0
101019,'1197666',1048,,11811,26,,,0
101019,'1197703',2126,,11812,26,,,0
101019,'1197735',1148,,11813,26,,,0
101019,'1197816',1125,,11814,26,,,0
101019,'1197893',748,,11815,26,,,0
101019,'1198002',1726,,11816,26,,,0
101019,'1198014',726,,11817,26,,,0
101019,'1198130',948,,11818,26,,,0
101019,'1198162',1350,,11819,26,,,0
101019,'1198212',1926,,11820,26,,,0
101019,'1198408',2047,,11821,26,,,0
101019,'1198684',925,,11822,26,,,0
101019,'1198907',1925,,11823,26,,,0
101019,'1199079',2248,,11824,26,,,0
101019,'1199178',1750,,11825,26,,,0
101019,'1199186',1550,,11826,26,,,0
101019,'1199279',1725,,11827,26,,,0
101019,'1199401',926,,11828,26,,,0
101019,'1199471',1848,,11829,26,,,0
101019,'1199497',1126,,11830,26,,,0
101019,'1199519',848,,11831,26,,,0
101019,'1199566',1450,,11832,26,,,0
101019,'1199626',1650,,11833,26,,,0
101019,'1199991',1350,,12771,26,,,0
101019,'1199992',2047,,12772,26,,,0
101019,'1199993',848,,12773,26,,,0
101019,'1199995',548,,12774,26,,,0
101019,'1199996',648,,12775,26,,,0
101019,'1200003',1650,,12776,26,,,0
101019,'1200004',1550,,12777,26,,,0
101019,'1200006',1848,,12778,26,,,0
101019,'1200008',748,,12779,26,,,0
101019,'1200009',2248,,12780,26,,,0
101019,'1200011',1048,,12781,26,,,0
101019,'1200013',1148,,12782,26,,,0
101019,'1200014',1450,,12783,26,,,0
101019,'1200015',1750,,12784,26,,,0
101019,'1200018',948,,12785,26,,,0
