14029,'1190709',1852,,8149,13,,,0
14029,'1190764',1752,,8150,13,,,0
14029,'1190906',652,,8151,13,,,0
14029,'1190927',1622,,8153,13,,,0
14029,'1191037',1452,,8155,13,,,0
14029,'1191042',1122,,8156,13,,,0
14029,'1191078',822,,8158,13,,,0
14029,'1191308',1422,,8161,13,,,0
14029,'1191322',1022,,8162,13,,,0
14029,'1191348',1222,,8163,13,,,0
14029,'1191415',2222,,8164,13,,,0
14029,'1191429',1822,,8165,13,,,0
14029,'1191520',1422,,8167,13,,,0
14029,'1191547',1522,,8168,13,,,0
14029,'1191620',1922,,8169,13,,,0
14029,'1191630',922,,8170,13,,,0
14029,'1191718',2322,,8173,13,,,0
14029,'1191777',922,,8174,13,,,0
14029,'1191810',722,,8175,13,,,0
14029,'1191865',752,,8177,13,,,0
14029,'1191921',852,,8178,13,,,0
14029,'1191955',822,,8180,13,,,0
14029,'1191980',2357,,8181,13,,,0
14029,'1192001',2252,,8182,13,,,0
14029,'1192051',1652,,8184,13,,,0
14029,'1192347',2152,,8186,13,,,0
14029,'1192388',622,,8189,13,,,0
14029,'1192435',1622,,8190,13,,,0
14029,'1192473',2022,,8191,13,,,0
14029,'1192489',1552,,8192,13,,,0
14029,'1192580',2122,,8193,13,,,0
14029,'1192627',1322,,8195,13,,,0
14029,'1192632',1222,,8196,13,,,0
14029,'1192674',1522,,8197,13,,,0
14029,'1192957',1722,,8200,13,,,0
14029,'1193009',1722,,8201,13,,,0
14029,'1193016',2052,,8202,13,,,0
14029,'1193023',1952,,8203,13,,,0
14029,'1193040',1122,,8204,13,,,0
14029,'1193048',722,,8205,13,,,0
14029,'1193064',1022,,8206,13,,,0
14029,'1193291',1322,,8207,13,,,0
