14029,'1196849',1737,,10975,42,,,0
14029,'1196912',807,,10976,42,,,0
14029,'1197024',1537,,10977,42,,,0
14029,'1197041',2337,,10978,42,,,0
14029,'1197050',1635,,10979,42,,,0
14029,'1197119',1738,,10980,42,,,0
14029,'1197130',2235,,10981,42,,,0
14029,'1197219',1535,,10982,42,,,0
14029,'1197237',1335,,10983,42,,,0
14029,'1197250',637,,10984,42,,,0
14029,'1197265',1807,,10985,42,,,0
14029,'1197310',2237,,10986,42,,,0
14029,'1197323',1337,,10987,42,,,0
14029,'1197440',2135,,10988,42,,,0
14029,'1197456',1538,,10989,42,,,0
14029,'1197472',1135,,10990,42,,,0
14029,'1197493',1907,,10991,42,,,0
14029,'1197512',1638,,10992,42,,,0
14029,'1197515',1437,,10993,42,,,0
14029,'1197597',737,,10994,42,,,0
14029,'1197605',2307,,10995,42,,,0
14029,'1197639',1235,,10996,42,,,0
14029,'1197699',2007,,10997,42,,,0
14029,'1197717',1735,,10998,42,,,0
14029,'1197738',1035,,10999,42,,,0
14029,'1197809',1637,,11000,42,,,0
14029,'1197863',2412,,11001,42,,,0
14029,'1197882',1435,,11002,42,,,0
14029,'1197961',1237,,11003,42,,,0
14029,'1198040',1037,,11004,42,,,0
14029,'1198078',1137,,11005,42,,,0
14029,'1198100',907,,11006,42,,,0
14029,'1198198',2207,,11007,42,,,0
14029,'1198204',2107,,11008,42,,,0
14029,'1198269',707,,11009,42,,,0
14029,'1198326',935,,11010,42,,,0
14029,'1198404',737,,11011,42,,,0
14029,'1198426',2137,,11012,42,,,0
14029,'1198570',837,,11013,42,,,0
14029,'1198612',2335,,11014,42,,,0
14029,'1198728',835,,11015,42,,,0
14029,'1198772',1837,,11016,42,,,0
14029,'1198830',937,,11017,42,,,0
14029,'1198941',1138,,11018,42,,,0
14029,'1198956',1438,,11019,42,,,0
14029,'1199040',2037,,11020,42,,,0
14029,'1199065',1238,,11021,42,,,0
14029,'1199076',1835,,11022,42,,,0
14029,'1199083',1708,,11023,42,,,0
14029,'1199184',937,,11024,42,,,0
14029,'1199200',837,,11025,42,,,0
14029,'1199222',1608,,11026,42,,,0
14029,'1199266',1338,,11027,42,,,0
14029,'1199447',1937,,11028,42,,,0
14029,'1199472',2035,,11029,42,,,0
14029,'1199520',1038,,11030,42,,,0
14029,'1199554',735,,11031,42,,,0
14029,'1199573',1935,,11032,42,,,0
14029,'1199643',1508,,11033,42,,,0
190001029,'1196847',1115,,12633,20,,,0
190001029,'1196850',1326,,12634,20,,,0
190001029,'1196860',1800,,12635,20,,,0
190001029,'1196897',1647,,12636,20,,,0
190001029,'1196906',1745,,12637,20,,,0
190001029,'1196908',1400,,12638,20,,,0
190001029,'1196953',1215,,12639,20,,,0
190001029,'1196957',1245,,12640,20,,,0
190001029,'1196963',1630,,12641,20,,,0
190001029,'1197018',1402,,12642,20,,,0
190001029,'1197048',2405,,12643,20,,,0
190001029,'1197052',1745,,12644,20,,,0
190001029,'1197074',1317,,12645,20,,,0
190001029,'1197089',1830,,12646,20,,,0
190001029,'1197125',714,,12647,20,,,0
190001029,'1197135',1547,,12648,20,,,0
190001029,'1197148',1026,,12649,20,,,0
190001029,'1197153',1045,,12650,20,,,0
190001029,'1197176',1430,,12651,20,,,0
190001029,'1197177',2030,,12652,20,,,0
190001029,'1197199',1417,,12653,20,,,0
190001029,'1197224',1530,,12654,20,,,0
190001029,'1197245',1532,,12655,20,,,0
190001029,'1197247',2314,,12656,20,,,0
190001029,'1197252',1526,,12657,20,,,0
190001029,'1197260',1845,,12658,20,,,0
190001029,'1197284',1200,,12659,20,,,0
190001029,'1197289',700,,12660,20,,,0
190001029,'1197291',1302,,12661,20,,,0
190001029,'1197301',1330,,12662,20,,,0
190001029,'1197338',1702,,12663,20,,,0
190001029,'1197391',1829,,12664,20,,,0
190001029,'1197396',1117,,12665,20,,,0
190001029,'1197428',2015,,12666,20,,,0
190001029,'1197434',1500,,12667,20,,,0
190001029,'1197476',1130,,12668,20,,,0
190001029,'1197511',1515,,12669,20,,,0
190001029,'1197533',1415,,12670,20,,,0
190001029,'1197582',1632,,12671,20,,,0
190001029,'1197659',1617,,12672,20,,,0
190001029,'1197668',826,,12673,20,,,0
190001029,'1197682',1145,,12674,20,,,0
190001029,'1197683',2045,,12675,20,,,0
190001029,'1197684',1202,,12676,20,,,0
190001029,'1197778',1147,,12677,20,,,0
190001029,'1197833',1502,,12678,20,,,0
190001029,'1197836',1347,,12679,20,,,0
190001029,'1197848',2114,,12680,20,,,0
190001029,'1197886',1447,,12681,20,,,0
190001029,'1197890',800,,12682,20,,,0
190001029,'1197905',1017,,12683,20,,,0
190001029,'1197913',2215,,12684,20,,,0
190001029,'1197921',1300,,12685,20,,,0
190001029,'1197922',959,,12686,20,,,0
190001029,'1197992',1602,,12687,20,,,0
190001029,'1197993',914,,12688,20,,,0
190001029,'1198050',614,,12689,20,,,0
190001029,'1198051',1826,,12690,20,,,0
190001029,'1198052',844,,12691,20,,,0
190001029,'1198054',1426,,12692,20,,,0
190001029,'1198082',1700,,12693,20,,,0
190001029,'1198095',1930,,12694,20,,,0
190001029,'1198106',2244,,12695,20,,,0
190001029,'1198117',726,,12696,20,,,0
190001029,'1198128',1126,,12697,20,,,0
190001029,'1198174',945,,12698,20,,,0
190001029,'1198223',2326,,12699,20,,,0
190001029,'1198252',1432,,12700,20,,,0
190001029,'1198272',815,,12701,20,,,0
190001029,'1198293',1732,,12702,20,,,0
190001029,'1198306',900,,12703,20,,,0
190001029,'1198323',745,,12704,20,,,0
190001029,'1198373',1247,,12705,20,,,0
190001029,'1198398',2344,,12706,20,,,0
190001029,'1198415',926,,12707,20,,,0
190001029,'1198446',1815,,12708,20,,,0
190001029,'1198450',1800,,12709,20,,,0
190001029,'1198459',744,,12710,20,,,0
190001029,'1198491',2044,,12711,20,,,0
190001029,'1198504',845,,12712,20,,,0
190001029,'1198519',2345,,12713,20,,,0
190001029,'1198527',644,,12714,20,,,0
190001029,'1198576',2126,,12715,20,,,0
190001029,'1198589',2315,,12716,20,,,0
190001029,'1198594',814,,12717,20,,,0
190001029,'1198620',2226,,12718,20,,,0
190001029,'1198634',1445,,12719,20,,,0
190001029,'1198641',715,,12720,20,,,0
190001029,'1198687',1100,,12721,20,,,0
190001029,'1198747',930,,12722,20,,,0
190001029,'1198758',2100,,12723,20,,,0
190001029,'1198798',1715,,12724,20,,,0
190001029,'1198839',1844,,12725,20,,,0
190001029,'1198853',2144,,12726,20,,,0
190001029,'1198897',1600,,12727,20,,,0
190001029,'1198906',2115,,12728,20,,,0
190001029,'1198916',1717,,12729,20,,,0
190001029,'1198939',1814,,12730,20,,,0
190001029,'1198946',2245,,12731,20,,,0
190001029,'1198952',1926,,12732,20,,,0
190001029,'1198977',2130,,12733,20,,,0
190001029,'1198982',1726,,12734,20,,,0
190001029,'1199067',1945,,12735,20,,,0
190001029,'1199081',1132,,12736,20,,,0
190001029,'1199082',730,,12737,20,,,0
190001029,'1199103',1730,,12738,20,,,0
190001029,'1199165',1345,,12739,20,,,0
190001029,'1199204',1230,,12740,20,,,0
190001029,'1199210',2000,,12741,20,,,0
190001029,'1199221',1217,,12742,20,,,0
190001029,'1199226',1944,,12743,20,,,0
190001029,'1199256',1226,,12744,20,,,0
190001029,'1199270',1332,,12745,20,,,0
190001029,'1199289',1032,,12746,20,,,0
190001029,'1199303',645,,12747,20,,,0
190001029,'1199322',1102,,12748,20,,,0
190001029,'1199332',944,,12749,20,,,0
190001029,'1199345',1030,,12750,20,,,0
190001029,'1199364',1517,,12751,20,,,0
190001029,'1199390',1047,,12752,20,,,0
190001029,'1199391',1232,,12753,20,,,0
190001029,'1199399',1315,,12754,20,,,0
190001029,'1199406',1545,,12755,20,,,0
190001029,'1199432',1015,,12756,20,,,0
190001029,'1199451',1000,,12757,20,,,0
190001029,'1199467',1914,,12758,20,,,0
190001029,'1199482',1645,,12759,20,,,0
190001029,'1199489',630,,12760,20,,,0
190001029,'1199514',1915,,12761,20,,,0
190001029,'1199524',2214,,12762,20,,,0
190001029,'1199526',2026,,12763,20,,,0
190001029,'1199555',830,,12764,20,,,0
190001029,'1199558',1626,,12765,20,,,0
190001029,'1199571',2014,,12766,20,,,0
190001029,'1199594',1615,,12767,20,,,0
190001029,'1199596',2145,,12768,20,,,0
190001029,'1199644',915,,12769,20,,,0
190001029,'1199650',1900,,12770,20,,,0
