14019,'1196890',1828,,10916,31,,,0
14019,'1196970',2058,,10917,31,,,0
14019,'1196984',1356,,10918,31,,,0
14019,'1197073',2158,,10919,31,,,0
14019,'1197090',756,,10920,31,,,0
14019,'1197106',1730,,10921,31,,,0
14019,'1197152',1600,,10922,31,,,0
14019,'1197163',1659,,10923,31,,,0
14019,'1197189',1956,,10924,31,,,0
14019,'1197473',958,,10925,31,,,0
14019,'1197576',1156,,10926,31,,,0
14019,'1197578',1856,,10927,31,,,0
14019,'1197606',856,,10928,31,,,0
14019,'1197719',1559,,10929,31,,,0
14019,'1197768',1700,,10930,31,,,0
14019,'1197774',1259,,10931,31,,,0
14019,'1197807',658,,10932,31,,,0
14019,'1197857',1256,,10933,31,,,0
14019,'1197872',758,,10934,31,,,0
14019,'1197899',2328,,10935,31,,,0
14019,'1197912',1656,,10936,31,,,0
14019,'1197929',1359,,10937,31,,,0
14019,'1197946',1958,,10938,31,,,0
14019,'1198043',2358,,10939,31,,,0
14019,'1198056',1928,,10940,31,,,0
14019,'1198057',658,,10941,31,,,0
14019,'1198062',1556,,10942,31,,,0
14019,'1198118',2028,,10943,31,,,0
14019,'1198151',1456,,10944,31,,,0
14019,'1198161',1500,,10945,31,,,0
14019,'1198262',1459,,10946,31,,,0
14019,'1198285',2258,,10947,31,,,0
14019,'1198312',958,,10948,31,,,0
14019,'1198386',1858,,10949,31,,,0
14019,'1198412',1200,,10950,31,,,0
14019,'1198436',858,,10951,31,,,0
14019,'1198460',1100,,10952,31,,,0
14019,'1198507',858,,10953,31,,,0
14019,'1198513',1300,,10954,31,,,0
14019,'1198539',1058,,10955,31,,,0
14019,'1198751',2056,,10956,31,,,0
14019,'1198810',2356,,10957,31,,,0
14019,'1198859',1530,,10958,31,,,0
14019,'1198869',928,,10959,31,,,0
14019,'1198890',2156,,10960,31,,,0
14019,'1199036',728,,10961,31,,,0
14019,'1199048',758,,10962,31,,,0
14019,'1199075',828,,10963,31,,,0
14019,'1199084',1056,,10964,31,,,0
14019,'1199131',2128,,10965,31,,,0
14019,'1199280',2256,,10966,31,,,0
14019,'1199286',956,,10967,31,,,0
14019,'1199393',1400,,10968,31,,,0
14019,'1199441',1630,,10969,31,,,0
14019,'1199444',1759,,10970,31,,,0
14019,'1199523',1756,,10971,31,,,0
14019,'1199538',1800,,10972,31,,,0
14019,'1199568',2228,,10973,31,,,0
14019,'1199582',1159,,10974,31,,,0
