24019,'1196934',644,,11187,19,,,0
24019,'1196988',814,,11188,19,,,0
24019,'1197014',2114,,11189,19,,,0
24019,'1197021',2404,,11190,19,,,0
24019,'1197025',714,,11191,19,,,0
24019,'1197047',1446,,11192,19,,,0
24019,'1197094',1014,,11193,19,,,0
24019,'1197127',2244,,11194,19,,,0
24019,'1197154',929,,11195,19,,,0
24019,'1197203',1614,,11196,19,,,0
24019,'1197210',1329,,11197,19,,,0
24019,'1197244',613,,11198,19,,,0
24019,'1197285',1814,,11199,19,,,0
24019,'1197390',1714,,11200,19,,,0
24019,'1197431',1546,,11201,19,,,0
24019,'1197489',2229,,11202,19,,,0
24019,'1197506',1115,,11203,19,,,0
24019,'1197518',1716,,11204,19,,,0
24019,'1197546',1015,,11205,19,,,0
24019,'1197591',1914,,11206,19,,,0
24019,'1197620',915,,11207,19,,,0
24019,'1197680',1416,,11208,19,,,0
24019,'1197686',1929,,11209,19,,,0
24019,'1197707',1315,,11210,19,,,0
24019,'1197750',2144,,11211,19,,,0
24019,'1197764',1646,,11212,19,,,0
24019,'1197783',2129,,11213,19,,,0
24019,'1197805',744,,11214,19,,,0
24019,'1197843',1629,,11215,19,,,0
24019,'1197844',1215,,11216,19,,,0
24019,'1197878',1429,,11217,19,,,0
24019,'1197883',1316,,11218,19,,,0
24019,'1197954',1829,,11219,19,,,0
24019,'1197955',713,,11220,19,,,0
24019,'1197996',814,,11221,19,,,0
24019,'1198055',1415,,11222,19,,,0
24019,'1198087',1116,,11223,19,,,0
24019,'1198107',1529,,11224,19,,,0
24019,'1198126',2014,,11225,19,,,0
24019,'1198142',944,,11226,19,,,0
24019,'1198175',1616,,11227,19,,,0
24019,'1198559',1844,,11228,19,,,0
24019,'1198657',2329,,11229,19,,,0
24019,'1198659',829,,11230,19,,,0
24019,'1198709',1729,,11231,19,,,0
24019,'1198800',2029,,11232,19,,,0
24019,'1198948',914,,11233,19,,,0
24019,'1198975',1229,,11234,19,,,0
24019,'1199043',1029,,11235,19,,,0
24019,'1199106',729,,11236,19,,,0
24019,'1199219',2214,,11237,19,,,0
24019,'1199387',844,,11238,19,,,0
24019,'1199435',1129,,11239,19,,,0
24019,'1199454',2044,,11240,19,,,0
24019,'1199463',1516,,11241,19,,,0
24019,'1199504',1216,,11242,19,,,0
24019,'1199506',1515,,11243,19,,,0
24019,'1199592',1944,,11244,19,,,0
24019,'1199595',1746,,11245,19,,,0
24019,'1199609',2314,,11246,19,,,0
105029,'1196840',2252,,12163,10,,,0
105029,'1196987',1007,,12164,10,,,0
105029,'1196996',1638,,12165,10,,,0
105029,'1197020',1521,,12166,10,,,0
105029,'1197097',1738,,12167,10,,,0
105029,'1197137',2006,,12168,10,,,0
105029,'1197220',1952,,12169,10,,,0
105029,'1197228',1453,,12170,10,,,0
105029,'1197231',722,,12171,10,,,0
105029,'1197439',1121,,12172,10,,,0
105029,'1197501',1921,,12173,10,,,0
105029,'1197522',2121,,12174,10,,,0
105029,'1197561',953,,12175,10,,,0
105029,'1197638',921,,12176,10,,,0
105029,'1197840',2052,,12177,10,,,0
105029,'1197853',2152,,12178,10,,,0
105029,'1197918',1822,,12179,10,,,0
105029,'1197968',2321,,12180,10,,,0
105029,'1198013',1321,,12181,10,,,0
105029,'1198037',1053,,12182,10,,,0
105029,'1198064',1807,,12183,10,,,0
105029,'1198187',1207,,12184,10,,,0
105029,'1198214',1721,,12185,10,,,0
105029,'1198417',1307,,12186,10,,,0
105029,'1198447',1708,,12187,10,,,0
105029,'1198529',1507,,12188,10,,,0
105029,'1198616',652,,12189,10,,,0
105029,'1198625',1608,,12190,10,,,0
105029,'1198711',1308,,12191,10,,,0
105029,'1198718',1523,,12192,10,,,0
105029,'1198725',1707,,12193,10,,,0
105029,'1198779',806,,12194,10,,,0
105029,'1198918',1407,,12195,10,,,0
105029,'1198922',2357,,12196,10,,,0
105029,'1198923',622,,12197,10,,,0
105029,'1199012',606,,12198,10,,,0
105029,'1199037',1353,,12199,10,,,0
105029,'1199107',1423,,12200,10,,,0
105029,'1199124',2406,,12201,10,,,0
105029,'1199144',1208,,12202,10,,,0
105029,'1199148',721,,12203,10,,,0
105029,'1199220',1107,,12204,10,,,0
105029,'1199470',2206,,12205,10,,,0
105029,'1199473',852,,12206,10,,,0
105029,'1199604',752,,12207,10,,,0
105029,'1199607',1607,,12208,10,,,0
106019,'1196832',937,,12209,10,,,0
106019,'1196841',707,,12210,10,,,0
106019,'1197348',822,,12211,10,,,0
106019,'1197389',1808,,12212,10,,,0
106019,'1197951',1538,,12213,10,,,0
106019,'1198120',1653,,12214,10,,,0
140001029,'1196879',621,,12358,10,,,0
140001029,'1196954',952,,12359,10,,,0
140001029,'1196975',1023,,12360,10,,,0
140001029,'1196976',2321,,12361,10,,,0
140001029,'1197010',1338,,12362,10,,,0
140001029,'1197038',1108,,12363,10,,,0
140001029,'1197058',1836,,12364,10,,,0
140001029,'1197078',1122,,12365,10,,,0
140001029,'1197099',2251,,12366,10,,,0
140001029,'1197105',2322,,12367,10,,,0
140001029,'1197113',851,,12368,10,,,0
140001029,'1197141',1439,,12369,10,,,0
140001029,'1197155',1737,,12370,10,,,0
140001029,'1197162',936,,12371,10,,,0
140001029,'1197190',1554,,12372,10,,,0
140001029,'1197195',1654,,12373,10,,,0
140001029,'1197198',1354,,12374,10,,,0
140001029,'1197204',922,,12375,10,,,0
140001029,'1197222',1223,,12376,10,,,0
140001029,'1197249',1222,,12377,10,,,0
140001029,'1197271',1937,,12378,10,,,0
140001029,'1197276',1052,,12379,10,,,0
140001029,'1197293',1509,,12380,10,,,0
140001029,'1197305',1522,,12381,10,,,0
140001029,'1197370',1208,,12382,10,,,0
140001029,'1197377',2221,,12383,10,,,0
140001029,'1197379',751,,12384,10,,,0
140001029,'1197386',1822,,12385,10,,,0
140001029,'1197424',2051,,12386,10,,,0
140001029,'1197426',1007,,12387,10,,,0
140001029,'1197432',951,,12388,10,,,0
140001029,'1197460',2221,,12389,10,,,0
140001029,'1197482',622,,12390,10,,,0
140001029,'1197494',2356,,12391,10,,,0
140001029,'1197497',1652,,12392,10,,,0
140001029,'1197568',1322,,12393,10,,,0
140001029,'1197611',2251,,12394,10,,,0
140001029,'1197612',1539,,12395,10,,,0
140001029,'1197619',1821,,12396,10,,,0
140001029,'1197627',836,,12397,10,,,0
140001029,'1197635',2222,,12398,10,,,0
140001029,'1197649',1323,,12399,10,,,0
140001029,'1197658',1922,,12400,10,,,0
140001029,'1197662',1053,,12401,10,,,0
140001029,'1197723',922,,12402,10,,,0
140001029,'1197758',1238,,12403,10,,,0
140001029,'1197776',2022,,12404,10,,,0
140001029,'1197849',2151,,12405,10,,,0
140001029,'1197888',1951,,12406,10,,,0
140001029,'1197928',1422,,12407,10,,,0
140001029,'1197938',1409,,12408,10,,,0
140001029,'1197948',1454,,12409,10,,,0
140001029,'1197957',1607,,12410,10,,,0
140001029,'1197967',1709,,12411,10,,,0
140001029,'1197972',1552,,12412,10,,,0
140001029,'1197983',721,,12413,10,,,0
140001029,'1198007',2121,,12414,10,,,0
140001029,'1198048',736,,12415,10,,,0
140001029,'1198049',706,,12416,10,,,0
140001029,'1198081',1252,,12417,10,,,0
140001029,'1198099',937,,12418,10,,,0
140001029,'1198101',1123,,12419,10,,,0
140001029,'1198102',822,,12420,10,,,0
140001029,'1198131',2022,,12421,10,,,0
140001029,'1198132',1022,,12422,10,,,0
140001029,'1198186',1752,,12423,10,,,0
140001029,'1198207',651,,12424,10,,,0
140001029,'1198209',906,,12425,10,,,0
140001029,'1198299',1152,,12426,10,,,0
140001029,'1198347',636,,12427,10,,,0
140001029,'1198350',1907,,12428,10,,,0
140001029,'1198371',1424,,12429,10,,,0
140001029,'1198391',2037,,12430,10,,,0
140001029,'1198425',2021,,12431,10,,,0
140001029,'1198451',2351,,12432,10,,,0
140001029,'1198469',1622,,12433,10,,,0
140001029,'1198505',1422,,12434,10,,,0
140001029,'1198517',1153,,12435,10,,,0
140001029,'1198540',722,,12436,10,,,0
140001029,'1198546',1022,,12437,10,,,0
140001029,'1198572',1537,,12438,10,,,0
140001029,'1198636',806,,12439,10,,,0
140001029,'1198643',1222,,12440,10,,,0
140001029,'1198645',1722,,12441,10,,,0
140001029,'1198655',752,,12442,10,,,0
140001029,'1198697',852,,12443,10,,,0
140001029,'1198757',1622,,12444,10,,,0
140001029,'1198770',1952,,12445,10,,,0
140001029,'1198787',1609,,12446,10,,,0
140001029,'1198789',1922,,12447,10,,,0
140001029,'1198794',1038,,12448,10,,,0
140001029,'1198796',2151,,12449,10,,,0
140001029,'1198802',1107,,12450,10,,,0
140001029,'1198817',1507,,12451,10,,,0
140001029,'1198824',1138,,12452,10,,,0
140001029,'1198860',1806,,12453,10,,,0
140001029,'1198934',1707,,12454,10,,,0
140001029,'1198970',1739,,12455,10,,,0
140001029,'1198973',921,,12456,10,,,0
140001029,'1198981',1822,,12457,10,,,0
140001029,'1198986',2321,,12458,10,,,0
140001029,'1198999',1337,,12459,10,,,0
140001029,'1199001',722,,12460,10,,,0
140001029,'1199006',821,,12461,10,,,0
140001029,'1199010',1752,,12462,10,,,0
140001029,'1199031',1207,,12463,10,,,0
140001029,'1199086',1008,,12464,10,,,0
140001029,'1199101',652,,12465,10,,,0
140001029,'1199110',1137,,12466,10,,,0
140001029,'1199113',1637,,12467,10,,,0
140001029,'1199128',1037,,12468,10,,,0
140001029,'1199156',1921,,12469,10,,,0
140001029,'1199174',1308,,12470,10,,,0
140001029,'1199189',822,,12471,10,,,0
140001029,'1199191',1807,,12472,10,,,0
140001029,'1199203',2052,,12473,10,,,0
140001029,'1199247',1639,,12474,10,,,0
140001029,'1199259',1837,,12475,10,,,0
140001029,'1199261',1407,,12476,10,,,0
140001029,'1199275',1524,,12477,10,,,0
140001029,'1199283',1322,,12478,10,,,0
140001029,'1199312',1237,,12479,10,,,0
140001029,'1199341',2007,,12480,10,,,0
140001029,'1199351',1307,,12481,10,,,0
140001029,'1199395',1724,,12482,10,,,0
140001029,'1199415',1851,,12483,10,,,0
140001029,'1199446',1852,,12484,10,,,0
140001029,'1199456',1522,,12485,10,,,0
140001029,'1199465',1722,,12486,10,,,0
140001029,'1199469',2121,,12487,10,,,0
140001029,'1199481',1624,,12488,10,,,0
140001029,'1199494',1452,,12489,10,,,0
140001029,'1199502',1352,,12490,10,,,0
140001029,'1199522',1437,,12491,10,,,0
140001029,'1199528',2122,,12492,10,,,0
140001029,'1199569',1122,,12493,10,,,0
140001029,'1199608',1253,,12494,10,,,0
