14019,'1190713',1352,,8090,17,,,0
14019,'1190978',1652,,8092,17,,,0
14019,'1191058',2250,,8093,17,,,0
14019,'1191115',751,,8095,17,,,0
14019,'1191156',1522,,8096,17,,,0
14019,'1191216',1352,,8098,17,,,0
14019,'1191434',950,,8102,17,,,0
14019,'1191451',951,,8103,17,,,0
14019,'1191488',1252,,8104,17,,,0
14019,'1191517',651,,8105,17,,,0
14019,'1191609',2321,,8106,17,,,0
14019,'1191614',1821,,8107,17,,,0
14019,'1191636',1752,,8108,17,,,0
14019,'1191714',1152,,8109,17,,,0
14019,'1191747',1452,,8110,17,,,0
14019,'1191757',921,,8111,17,,,0
14019,'1191841',750,,8112,17,,,0
14019,'1191852',1921,,8113,17,,,0
14019,'1191970',2150,,8114,17,,,0
14019,'1191991',2050,,8115,17,,,0
14019,'1192119',2221,,8117,17,,,0
14019,'1192156',1552,,8118,17,,,0
14019,'1192341',721,,8121,17,,,0
14019,'1192538',1652,,8124,17,,,0
14019,'1192564',2350,,8125,17,,,0
14019,'1192713',1850,,8130,17,,,0
14019,'1192727',1252,,8131,17,,,0
14019,'1192788',1452,,8132,17,,,0
14019,'1192791',1152,,8133,17,,,0
14019,'1192803',821,,8134,17,,,0
14019,'1192837',851,,8136,17,,,0
14019,'1192840',1622,,8137,17,,,0
14019,'1192863',2121,,8138,17,,,0
14019,'1192916',1950,,8139,17,,,0
14019,'1192927',850,,8140,17,,,0
14019,'1192946',2021,,8141,17,,,0
14019,'1192962',1052,,8142,17,,,0
14019,'1192987',1752,,8143,17,,,0
14019,'1193071',1052,,8144,17,,,0
14019,'1193088',1722,,8145,17,,,0
14019,'1193127',1552,,8146,17,,,0
14019,'1193190',650,,8147,17,,,0
