104029,'1196835',2007,,12074,31,,,0
104029,'1196857',807,,12075,31,,,0
104029,'1196889',807,,12076,31,,,0
104029,'1196928',1752,,12077,31,,,0
104029,'1197002',652,,12078,31,,,0
104029,'1197045',1548,,12079,31,,,0
104029,'1197133',837,,12080,31,,,0
104029,'1197341',1248,,12081,31,,,0
104029,'1197454',1807,,12082,31,,,0
104029,'1197461',722,,12083,31,,,0
104029,'1197467',2207,,12084,31,,,0
104029,'1197481',607,,12085,31,,,0
104029,'1197553',2137,,12086,31,,,0
104029,'1197574',922,,12087,31,,,0
104029,'1197583',2152,,12088,31,,,0
104029,'1197794',1807,,12089,31,,,0
104029,'1197965',1407,,12090,31,,,0
104029,'1197979',1537,,12091,31,,,0
104029,'1198234',1037,,12092,31,,,0
104029,'1198287',1633,,12093,31,,,0
104029,'1198288',1203,,12094,31,,,0
104029,'1198449',1307,,12095,31,,,0
104029,'1198458',1922,,12096,31,,,0
104029,'1198510',952,,12097,31,,,0
104029,'1198521',807,,12098,31,,,0
104029,'1198558',1652,,12099,31,,,0
104029,'1198578',1718,,12100,31,,,0
104029,'1198686',1418,,12101,31,,,0
104029,'1198694',1503,,12102,31,,,0
104029,'1198755',1007,,12103,31,,,0
104029,'1198909',1207,,12104,31,,,0
104029,'1198979',1152,,12105,31,,,0
104029,'1199045',2307,,12106,31,,,0
104029,'1199127',2307,,12107,31,,,0
104029,'1199159',1333,,12108,31,,,0
104029,'1199181',922,,12109,31,,,0
104029,'1199193',1607,,12110,31,,,0
104029,'1199356',1422,,12111,31,,,0
104029,'1199360',2037,,12112,31,,,0
104029,'1199374',652,,12113,31,,,0
104029,'1199380',1037,,12114,31,,,0
104029,'1199442',1837,,12115,31,,,0
104029,'1199577',2007,,12116,31,,,0
