27029,'1190690',635,,8760,7,,,0
27029,'1190755',1635,,8761,7,,,0
27029,'1190762',735,,8762,7,,,0
27029,'1190844',1905,,8763,7,,,0
27029,'1190914',2305,,8766,7,,,0
27029,'1190963',1535,,8768,7,,,0
27029,'1191011',2235,,8769,7,,,0
27029,'1191075',935,,8771,7,,,0
27029,'1191092',2135,,8772,7,,,0
27029,'1191097',835,,8773,7,,,0
27029,'1191103',1135,,8774,7,,,0
27029,'1191106',1635,,8775,7,,,0
27029,'1191387',1335,,8779,7,,,0
27029,'1191390',1435,,8780,7,,,0
27029,'1191514',1835,,8781,7,,,0
27029,'1191552',1235,,8782,7,,,0
27029,'1191574',2105,,8783,7,,,0
27029,'1191706',935,,8784,7,,,0
27029,'1191734',2005,,8785,7,,,0
27029,'1191798',1935,,8786,7,,,0
27029,'1191870',1235,,8787,7,,,0
27029,'1192000',1735,,8788,7,,,0
27029,'1192056',1335,,8790,7,,,0
27029,'1192061',1035,,8791,7,,,0
27029,'1192077',2035,,8792,7,,,0
27029,'1192262',1735,,8794,7,,,0
27029,'1192274',735,,8796,7,,,0
27029,'1192617',1135,,8797,7,,,0
27029,'1192676',1835,,8798,7,,,0
27029,'1192776',1435,,8799,7,,,0
27029,'1192855',635,,8801,7,,,0
27029,'1192882',835,,8802,7,,,0
27029,'1192888',2205,,8803,7,,,0
27029,'1193118',1535,,8805,7,,,0
27029,'1193139',1035,,8806,7,,,0
27029,'1193254',2335,,8810,7,,,0
