105019,'1196946',851,,12117,20,,,0
105019,'1197049',1758,,12118,20,,,0
105019,'1197077',537,,12119,20,,,0
105019,'1197115',1143,,12120,20,,,0
105019,'1197131',651,,12121,20,,,0
105019,'1197173',1153,,12122,20,,,0
105019,'1197181',1010,,12123,20,,,0
105019,'1197192',2137,,12124,20,,,0
105019,'1197197',1443,,12125,20,,,0
105019,'1197292',1253,,12126,20,,,0
105019,'1197296',1543,,12127,20,,,0
105019,'1197531',1353,,12128,20,,,0
105019,'1197548',1907,,12129,20,,,0
105019,'1197557',1553,,12130,20,,,0
105019,'1197588',810,,12131,20,,,0
105019,'1197596',2037,,12132,20,,,0
105019,'1197617',1453,,12133,20,,,0
105019,'1197633',1210,,12134,20,,,0
105019,'1197710',740,,12135,20,,,0
105019,'1197779',1728,,12136,20,,,0
105019,'1197825',1358,,12137,20,,,0
105019,'1197971',1043,,12138,20,,,0
105019,'1198112',607,,12139,20,,,0
105019,'1198338',1053,,12140,20,,,0
105019,'1198380',2210,,12141,20,,,0
105019,'1198385',1658,,12142,20,,,0
105019,'1198553',1258,,12143,20,,,0
105019,'1198560',2010,,12144,20,,,0
105019,'1198571',1610,,12145,20,,,0
105019,'1198621',710,,12146,20,,,0
105019,'1198667',940,,12147,20,,,0
105019,'1198717',1513,,12148,20,,,0
105019,'1198741',840,,12149,20,,,0
105019,'1198746',1828,,12150,20,,,0
105019,'1198889',637,,12151,20,,,0
105019,'1199004',1410,,12152,20,,,0
105019,'1199054',1613,,12153,20,,,0
105019,'1199098',810,,12154,20,,,0
105019,'1199298',2337,,12155,20,,,0
105019,'1199347',2251,,12156,20,,,0
105019,'1199383',2237,,12157,20,,,0
105019,'1199400',1653,,12158,20,,,0
105019,'1199461',1810,,12159,20,,,0
105019,'1199511',1753,,12160,20,,,0
105019,'1199546',2051,,12161,20,,,0
105019,'1199574',1853,,12162,20,,,0
