105029,'1196840',2320,,12163,60,,,0
105029,'1196987',1035,,12164,60,,,0
105029,'1196996',1708,,12165,60,,,0
105029,'1197020',1550,,12166,60,,,0
105029,'1197097',1808,,12167,60,,,0
105029,'1197137',2033,,12168,60,,,0
105029,'1197220',2020,,12169,60,,,0
105029,'1197228',1523,,12170,60,,,0
105029,'1197231',750,,12171,60,,,0
105029,'1197439',1150,,12172,60,,,0
105029,'1197501',1950,,12173,60,,,0
105029,'1197522',2150,,12174,60,,,0
105029,'1197561',1023,,12175,60,,,0
105029,'1197638',950,,12176,60,,,0
105029,'1197840',2120,,12177,60,,,0
105029,'1197853',2220,,12178,60,,,0
105029,'1197918',1850,,12179,60,,,0
105029,'1197968',2350,,12180,60,,,0
105029,'1198013',1350,,12181,60,,,0
105029,'1198037',1123,,12182,60,,,0
105029,'1198064',1835,,12183,60,,,0
105029,'1198187',1235,,12184,60,,,0
105029,'1198214',1750,,12185,60,,,0
105029,'1198417',1335,,12186,60,,,0
105029,'1198447',1738,,12187,60,,,0
105029,'1198529',1535,,12188,60,,,0
105029,'1198616',720,,12189,60,,,0
105029,'1198625',1638,,12190,60,,,0
105029,'1198711',1338,,12191,60,,,0
105029,'1198718',1553,,12192,60,,,0
105029,'1198725',1735,,12193,60,,,0
105029,'1198779',833,,12194,60,,,0
105029,'1198918',1435,,12195,60,,,0
105029,'1198922',2425,,12196,60,,,0
105029,'1198923',650,,12197,60,,,0
105029,'1199012',633,,12198,60,,,0
105029,'1199037',1423,,12199,60,,,0
105029,'1199107',1453,,12200,60,,,0
105029,'1199124',2433,,12201,60,,,0
105029,'1199144',1238,,12202,60,,,0
105029,'1199148',750,,12203,60,,,0
105029,'1199220',1135,,12204,60,,,0
105029,'1199470',2233,,12205,60,,,0
105029,'1199473',920,,12206,60,,,0
105029,'1199604',820,,12207,60,,,0
105029,'1199607',1635,,12208,60,,,0
