105029,'1196840',2331,,12163,83,,,0
105029,'1196987',1045,,12164,83,,,0
105029,'1196996',1719,,12165,83,,,0
105029,'1197020',1603,,12166,83,,,0
105029,'1197097',1819,,12167,83,,,0
105029,'1197137',2043,,12168,83,,,0
105029,'1197220',2031,,12169,83,,,0
105029,'1197228',1534,,12170,83,,,0
105029,'1197231',801,,12171,83,,,0
105029,'1197439',1203,,12172,83,,,0
105029,'1197501',2003,,12173,83,,,0
105029,'1197522',2203,,12174,83,,,0
105029,'1197561',1034,,12175,83,,,0
105029,'1197638',1003,,12176,83,,,0
105029,'1197840',2131,,12177,83,,,0
105029,'1197853',2231,,12178,83,,,0
105029,'1197918',1901,,12179,83,,,0
105029,'1197968',2403,,12180,83,,,0
105029,'1198013',1403,,12181,83,,,0
105029,'1198037',1134,,12182,83,,,0
105029,'1198064',1845,,12183,83,,,0
105029,'1198187',1245,,12184,83,,,0
105029,'1198214',1803,,12185,83,,,0
105029,'1198417',1345,,12186,83,,,0
105029,'1198447',1749,,12187,83,,,0
105029,'1198529',1545,,12188,83,,,0
105029,'1198616',731,,12189,83,,,0
105029,'1198625',1649,,12190,83,,,0
105029,'1198711',1349,,12191,83,,,0
105029,'1198718',1604,,12192,83,,,0
105029,'1198725',1745,,12193,83,,,0
105029,'1198779',843,,12194,83,,,0
105029,'1198918',1445,,12195,83,,,0
105029,'1198922',2436,,12196,83,,,0
105029,'1198923',701,,12197,83,,,0
105029,'1199012',643,,12198,83,,,0
105029,'1199037',1434,,12199,83,,,0
105029,'1199107',1504,,12200,83,,,0
105029,'1199124',2443,,12201,83,,,0
105029,'1199144',1249,,12202,83,,,0
105029,'1199148',803,,12203,83,,,0
105029,'1199220',1145,,12204,83,,,0
105029,'1199470',2243,,12205,83,,,0
105029,'1199473',931,,12206,83,,,0
105029,'1199604',831,,12207,83,,,0
105029,'1199607',1645,,12208,83,,,0
