12029,'1196881',1121,,10722,9,,,0
12029,'1196886',1651,,10723,9,,,0
12029,'1196921',822,,10724,9,,,0
12029,'1196925',1621,,10725,9,,,0
12029,'1197005',2356,,10726,9,,,0
12029,'1197009',2321,,10727,9,,,0
12029,'1197092',1751,,10728,9,,,0
12029,'1197112',851,,10729,9,,,0
12029,'1197136',2251,,10730,9,,,0
12029,'1197164',721,,10731,9,,,0
12029,'1197202',1521,,10732,9,,,0
12029,'1197246',1351,,10733,9,,,0
12029,'1197415',1051,,10734,9,,,0
12029,'1197416',1521,,10735,9,,,0
12029,'1197484',1922,,10736,9,,,0
12029,'1197496',2151,,10737,9,,,0
12029,'1197608',1151,,10738,9,,,0
12029,'1197678',1822,,10739,9,,,0
12029,'1197742',1321,,10740,9,,,0
12029,'1197777',2322,,10741,9,,,0
12029,'1197790',2221,,10742,9,,,0
12029,'1197947',1722,,10743,9,,,0
12029,'1198008',1351,,10744,9,,,0
12029,'1198017',1851,,10745,9,,,0
12029,'1198020',1721,,10746,9,,,0
12029,'1198024',921,,10747,9,,,0
12029,'1198092',1821,,10748,9,,,0
12029,'1198139',1551,,10749,9,,,0
12029,'1198185',1151,,10750,9,,,0
12029,'1198205',821,,10751,9,,,0
12029,'1198239',951,,10752,9,,,0
12029,'1198318',722,,10753,9,,,0
12029,'1198336',1121,,10754,9,,,0
12029,'1198360',1022,,10755,9,,,0
12029,'1198400',721,,10756,9,,,0
12029,'1198511',2222,,10757,9,,,0
12029,'1198528',1522,,10758,9,,,0
12029,'1198538',1421,,10759,9,,,0
12029,'1198556',2051,,10760,9,,,0
12029,'1198681',1921,,10761,9,,,0
12029,'1198731',2021,,10762,9,,,0
12029,'1198732',1321,,10763,9,,,0
12029,'1198745',2122,,10764,9,,,0
12029,'1198748',922,,10765,9,,,0
12029,'1198775',1021,,10766,9,,,0
12029,'1198818',1721,,10767,9,,,0
12029,'1198856',1122,,10768,9,,,0
12029,'1198877',1251,,10769,9,,,0
12029,'1198898',821,,10770,9,,,0
12029,'1198947',621,,10771,9,,,0
12029,'1198959',1221,,10772,9,,,0
12029,'1198976',1651,,10773,9,,,0
12029,'1199093',1451,,10774,9,,,0
12029,'1199207',1451,,10775,9,,,0
12029,'1199281',1322,,10776,9,,,0
12029,'1199325',1621,,10777,9,,,0
12029,'1199340',1051,,10778,9,,,0
12029,'1199357',1421,,10779,9,,,0
12029,'1199382',751,,10780,9,,,0
12029,'1199384',921,,10781,9,,,0
12029,'1199423',1951,,10782,9,,,0
12029,'1199437',1422,,10783,9,,,0
12029,'1199445',2022,,10784,9,,,0
12029,'1199457',1622,,10785,9,,,0
12029,'1199487',1021,,10786,9,,,0
12029,'1199500',651,,10787,9,,,0
12029,'1199501',1551,,10788,9,,,0
12029,'1199531',1221,,10789,9,,,0
12029,'1199556',2121,,10790,9,,,0
12029,'1199590',1251,,10791,9,,,0
12029,'1199639',1222,,10792,9,,,0
