25019,'1196864',1243,,11307,23,,,0
25019,'1196932',1743,,11308,23,,,0
25019,'1196994',1944,,11309,23,,,0
25019,'1197064',728,,11310,23,,,0
25019,'1197079',2404,,11311,23,,,0
25019,'1197084',2328,,11312,23,,,0
25019,'1197151',742,,11313,23,,,0
25019,'1197299',2144,,11314,23,,,0
25019,'1197317',1343,,11315,23,,,0
25019,'1197342',1744,,11316,23,,,0
25019,'1197442',1528,,11317,23,,,0
25019,'1197448',1614,,11318,23,,,0
25019,'1197471',1043,,11319,23,,,0
25019,'1197624',1844,,11320,23,,,0
25019,'1197657',2128,,11321,23,,,0
25019,'1197660',844,,11322,23,,,0
25019,'1197687',2342,,11323,23,,,0
25019,'1197702',1214,,11324,23,,,0
25019,'1197757',744,,11325,23,,,0
25019,'1197760',1544,,11326,23,,,0
25019,'1197771',2028,,11327,23,,,0
25019,'1198004',2228,,11328,23,,,0
25019,'1198021',714,,11329,23,,,0
25019,'1198071',1943,,11330,23,,,0
25019,'1198079',644,,11331,23,,,0
25019,'1198190',2044,,11332,23,,,0
25019,'1198267',2244,,11333,23,,,0
25019,'1198315',914,,11334,23,,,0
25019,'1198388',1414,,11335,23,,,0
25019,'1198435',2243,,11336,23,,,0
25019,'1198457',642,,11337,23,,,0
25019,'1198479',944,,11338,23,,,0
25019,'1198492',1443,,11339,23,,,0
25019,'1198496',1843,,11340,23,,,0
25019,'1198512',1728,,11341,23,,,0
25019,'1198566',1143,,11342,23,,,0
25019,'1198604',1428,,11343,23,,,0
25019,'1198759',1328,,11344,23,,,0
25019,'1198776',2143,,11345,23,,,0
25019,'1198803',1514,,11346,23,,,0
25019,'1198823',2043,,11347,23,,,0
25019,'1198862',1928,,11348,23,,,0
25019,'1198902',1444,,11349,23,,,0
25019,'1198938',843,,11350,23,,,0
25019,'1199011',1114,,11351,23,,,0
25019,'1199070',1014,,11352,23,,,0
25019,'1199074',828,,11353,23,,,0
25019,'1199097',814,,11354,23,,,0
25019,'1199125',928,,11355,23,,,0
25019,'1199183',1314,,11356,23,,,0
25019,'1199208',1228,,11357,23,,,0
25019,'1199212',1828,,11358,23,,,0
25019,'1199258',1644,,11359,23,,,0
25019,'1199359',1028,,11360,23,,,0
25019,'1199389',943,,11361,23,,,0
25019,'1199464',1643,,11362,23,,,0
25019,'1199480',1714,,11363,23,,,0
25019,'1199589',1128,,11364,23,,,0
25019,'1199634',1543,,11365,23,,,0
25019,'1199649',1628,,11366,23,,,0
