105019,'1196946',851,,12117,21,,,0
105019,'1197049',1758,,12118,21,,,0
105019,'1197077',538,,12119,21,,,0
105019,'1197115',1143,,12120,21,,,0
105019,'1197131',651,,12121,21,,,0
105019,'1197173',1153,,12122,21,,,0
105019,'1197181',1011,,12123,21,,,0
105019,'1197192',2138,,12124,21,,,0
105019,'1197197',1443,,12125,21,,,0
105019,'1197292',1253,,12126,21,,,0
105019,'1197296',1543,,12127,21,,,0
105019,'1197531',1353,,12128,21,,,0
105019,'1197548',1908,,12129,21,,,0
105019,'1197557',1553,,12130,21,,,0
105019,'1197588',811,,12131,21,,,0
105019,'1197596',2038,,12132,21,,,0
105019,'1197617',1453,,12133,21,,,0
105019,'1197633',1211,,12134,21,,,0
105019,'1197710',740,,12135,21,,,0
105019,'1197779',1728,,12136,21,,,0
105019,'1197825',1358,,12137,21,,,0
105019,'1197971',1043,,12138,21,,,0
105019,'1198112',608,,12139,21,,,0
105019,'1198338',1053,,12140,21,,,0
105019,'1198380',2211,,12141,21,,,0
105019,'1198385',1658,,12142,21,,,0
105019,'1198553',1258,,12143,21,,,0
105019,'1198560',2011,,12144,21,,,0
105019,'1198571',1611,,12145,21,,,0
105019,'1198621',710,,12146,21,,,0
105019,'1198667',940,,12147,21,,,0
105019,'1198717',1513,,12148,21,,,0
105019,'1198741',840,,12149,21,,,0
105019,'1198746',1828,,12150,21,,,0
105019,'1198889',638,,12151,21,,,0
105019,'1199004',1411,,12152,21,,,0
105019,'1199054',1613,,12153,21,,,0
105019,'1199098',810,,12154,21,,,0
105019,'1199298',2338,,12155,21,,,0
105019,'1199347',2251,,12156,21,,,0
105019,'1199383',2238,,12157,21,,,0
105019,'1199400',1653,,12158,21,,,0
105019,'1199461',1811,,12159,21,,,0
105019,'1199511',1753,,12160,21,,,0
105019,'1199546',2051,,12161,21,,,0
105019,'1199574',1853,,12162,21,,,0
