101019,'1197003',532,,11803,6,,,0
101019,'1197056',2111,,11804,6,,,0
101019,'1197144',2312,,11805,6,,,0
101019,'1197150',1512,,11806,6,,,0
101019,'1197356',1312,,11807,6,,,0
101019,'1197394',1511,,11808,6,,,0
101019,'1197485',711,,11809,6,,,0
101019,'1197542',1311,,11810,6,,,0
101019,'1197666',1032,,11811,6,,,0
101019,'1197703',2112,,11812,6,,,0
101019,'1197735',1132,,11813,6,,,0
101019,'1197816',1111,,11814,6,,,0
101019,'1197893',732,,11815,6,,,0
101019,'1198002',1712,,11816,6,,,0
101019,'1198014',712,,11817,6,,,0
101019,'1198130',932,,11818,6,,,0
101019,'1198162',1335,,11819,6,,,0
101019,'1198212',1912,,11820,6,,,0
101019,'1198408',2031,,11821,6,,,0
101019,'1198684',911,,11822,6,,,0
101019,'1198907',1911,,11823,6,,,0
101019,'1199079',2232,,11824,6,,,0
101019,'1199178',1735,,11825,6,,,0
101019,'1199186',1535,,11826,6,,,0
101019,'1199279',1711,,11827,6,,,0
101019,'1199401',912,,11828,6,,,0
101019,'1199471',1832,,11829,6,,,0
101019,'1199497',1112,,11830,6,,,0
101019,'1199519',832,,11831,6,,,0
101019,'1199566',1435,,11832,6,,,0
101019,'1199626',1635,,11833,6,,,0
101019,'1199991',1335,,12771,6,,,0
101019,'1199992',2031,,12772,6,,,0
101019,'1199993',832,,12773,6,,,0
101019,'1199995',532,,12774,6,,,0
101019,'1199996',632,,12775,6,,,0
101019,'1200003',1635,,12776,6,,,0
101019,'1200004',1535,,12777,6,,,0
101019,'1200006',1832,,12778,6,,,0
101019,'1200008',732,,12779,6,,,0
101019,'1200009',2232,,12780,6,,,0
101019,'1200011',1032,,12781,6,,,0
101019,'1200013',1132,,12782,6,,,0
101019,'1200014',1435,,12783,6,,,0
101019,'1200015',1735,,12784,6,,,0
101019,'1200018',932,,12785,6,,,0
