102029,'1196895',1658,,11907,14,,,0
102029,'1196982',1345,,11908,14,,,0
102029,'1197029',2115,,11909,14,,,0
102029,'1197083',1528,,11910,14,,,0
102029,'1197178',1058,,11911,14,,,0
102029,'1197226',700,,11912,14,,,0
102029,'1197263',745,,11913,14,,,0
102029,'1197297',1444,,11914,14,,,0
102029,'1197309',1828,,11915,14,,,0
102029,'1197330',1730,,11916,14,,,0
102029,'1197420',1515,,11917,14,,,0
102029,'1197536',2258,,11918,14,,,0
102029,'1197603',1045,,11919,14,,,0
102029,'1197704',1014,,11920,14,,,0
102029,'1197770',2415,,11921,14,,,0
102029,'1197839',830,,11922,14,,,0
102029,'1198134',1314,,11923,14,,,0
102029,'1198173',928,,11924,14,,,0
102029,'1198220',1228,,11925,14,,,0
102029,'1198227',1744,,11926,14,,,0
102029,'1198249',1815,,11927,14,,,0
102029,'1198376',1600,,11928,14,,,0
102029,'1198502',1645,,11929,14,,,0
102029,'1198531',758,,11930,14,,,0
102029,'1198599',1614,,11931,14,,,0
102029,'1198638',2245,,11932,14,,,0
102029,'1198688',1144,,11933,14,,,0
102029,'1198705',2044,,11934,14,,,0
102029,'1198769',1958,,11935,14,,,0
102029,'1198816',2128,,11936,14,,,0
102029,'1198930',2214,,11937,14,,,0
102029,'1198996',615,,11938,14,,,0
102029,'1199090',844,,11939,14,,,0
102029,'1199168',915,,11940,14,,,0
102029,'1199202',1945,,11941,14,,,0
102029,'1199211',1914,,11942,14,,,0
102029,'1199244',1000,,11943,14,,,0
102029,'1199434',1215,,11944,14,,,0
102029,'1199477',2344,,11945,14,,,0
102029,'1199479',1430,,11946,14,,,0
102029,'1199488',633,,11947,14,,,0
102029,'1199537',1358,,11948,14,,,0
102029,'1199651',714,,11949,14,,,0
