26029,'1190602',1217,,8654,10,,,0
26029,'1190669',2216,,8656,10,,,0
26029,'1190686',1816,,8658,10,,,0
26029,'1190727',1716,,8660,10,,,0
26029,'1190889',616,,8661,10,,,0
26029,'1190895',1916,,8662,10,,,0
26029,'1190902',2116,,8663,10,,,0
26029,'1190943',1017,,8664,10,,,0
26029,'1191009',916,,8665,10,,,0
26029,'1191080',1516,,8666,10,,,0
26029,'1191118',1446,,8667,10,,,0
26029,'1191253',2216,,8669,10,,,0
26029,'1191440',816,,8671,10,,,0
26029,'1191491',716,,8673,10,,,0
26029,'1191544',1046,,8674,10,,,0
26029,'1191695',616,,8675,10,,,0
26029,'1191702',2117,,8676,10,,,0
26029,'1191808',2316,,8677,10,,,0
26029,'1191881',1717,,8678,10,,,0
26029,'1191902',816,,8679,10,,,0
26029,'1191938',1346,,8680,10,,,0
26029,'1191972',1317,,8682,10,,,0
26029,'1192047',1517,,8684,10,,,0
26029,'1192289',1117,,8687,10,,,0
26029,'1192423',1417,,8688,10,,,0
26029,'1192540',716,,8689,10,,,0
26029,'1192618',1617,,8690,10,,,0
26029,'1192622',2316,,8691,10,,,0
26029,'1192657',1817,,8693,10,,,0
26029,'1192671',1146,,8694,10,,,0
26029,'1192730',2017,,8695,10,,,0
26029,'1192852',916,,8697,10,,,0
26029,'1192966',1246,,8700,10,,,0
26029,'1193153',1617,,8702,10,,,0
26029,'1193187',2016,,8703,10,,,0
26029,'1193205',1016,,8704,10,,,0
26029,'1193297',1917,,8706,10,,,0
