25019,'1190672',2242,,8481,19,,,0
25019,'1190694',742,,8483,19,,,0
25019,'1190780',2340,,8484,19,,,0
25019,'1190819',712,,8485,19,,,0
25019,'1190912',1842,,8486,19,,,0
25019,'1191069',1941,,8488,19,,,0
25019,'1191124',2041,,8489,19,,,0
25019,'1191161',1641,,8490,19,,,0
25019,'1191327',1412,,8492,19,,,0
25019,'1191338',1041,,8493,19,,,0
25019,'1191351',1942,,8494,19,,,0
25019,'1191352',1442,,8495,19,,,0
25019,'1191409',941,,8496,19,,,0
25019,'1191478',2241,,8499,19,,,0
25019,'1191511',1742,,8500,19,,,0
25019,'1191525',1441,,8501,19,,,0
25019,'1191551',640,,8502,19,,,0
25019,'1191579',841,,8503,19,,,0
25019,'1191596',2142,,8505,19,,,0
25019,'1191642',812,,8506,19,,,0
25019,'1191842',1841,,8508,19,,,0
25019,'1191928',2042,,8509,19,,,0
25019,'1191935',842,,8510,19,,,0
25019,'1191950',1241,,8511,19,,,0
25019,'1191964',1541,,8512,19,,,0
25019,'1192103',2141,,8513,19,,,0
25019,'1192106',1212,,8514,19,,,0
25019,'1192259',1341,,8518,19,,,0
25019,'1192277',1741,,8519,19,,,0
25019,'1192343',1112,,8520,19,,,0
25019,'1192356',1542,,8521,19,,,0
25019,'1192432',1612,,8523,19,,,0
25019,'1192477',2402,,8525,19,,,0
25019,'1192596',1512,,8527,19,,,0
25019,'1192742',1012,,8528,19,,,0
25019,'1192751',1141,,8529,19,,,0
25019,'1192774',1712,,8530,19,,,0
25019,'1192796',1312,,8531,19,,,0
25019,'1192849',942,,8533,19,,,0
25019,'1192959',642,,8534,19,,,0
25019,'1193109',1642,,8535,19,,,0
25019,'1193121',740,,8536,19,,,0
25019,'1193315',912,,8540,19,,,0
