14029,'1196849',1726,,10975,22,,,0
14029,'1196912',756,,10976,22,,,0
14029,'1197024',1526,,10977,22,,,0
14029,'1197041',2326,,10978,22,,,0
14029,'1197050',1625,,10979,22,,,0
14029,'1197119',1727,,10980,22,,,0
14029,'1197130',2225,,10981,22,,,0
14029,'1197219',1525,,10982,22,,,0
14029,'1197237',1325,,10983,22,,,0
14029,'1197250',626,,10984,22,,,0
14029,'1197265',1756,,10985,22,,,0
14029,'1197310',2226,,10986,22,,,0
14029,'1197323',1326,,10987,22,,,0
14029,'1197440',2125,,10988,22,,,0
14029,'1197456',1527,,10989,22,,,0
14029,'1197472',1125,,10990,22,,,0
14029,'1197493',1856,,10991,22,,,0
14029,'1197512',1627,,10992,22,,,0
14029,'1197515',1426,,10993,22,,,0
14029,'1197597',726,,10994,22,,,0
14029,'1197605',2256,,10995,22,,,0
14029,'1197639',1225,,10996,22,,,0
14029,'1197699',1956,,10997,22,,,0
14029,'1197717',1725,,10998,22,,,0
14029,'1197738',1025,,10999,22,,,0
14029,'1197809',1626,,11000,22,,,0
14029,'1197863',2401,,11001,22,,,0
14029,'1197882',1425,,11002,22,,,0
14029,'1197961',1226,,11003,22,,,0
14029,'1198040',1026,,11004,22,,,0
14029,'1198078',1126,,11005,22,,,0
14029,'1198100',856,,11006,22,,,0
14029,'1198198',2156,,11007,22,,,0
14029,'1198204',2056,,11008,22,,,0
14029,'1198269',656,,11009,22,,,0
14029,'1198326',925,,11010,22,,,0
14029,'1198404',726,,11011,22,,,0
14029,'1198426',2126,,11012,22,,,0
14029,'1198570',826,,11013,22,,,0
14029,'1198612',2325,,11014,22,,,0
14029,'1198728',825,,11015,22,,,0
14029,'1198772',1826,,11016,22,,,0
14029,'1198830',926,,11017,22,,,0
14029,'1198941',1127,,11018,22,,,0
14029,'1198956',1427,,11019,22,,,0
14029,'1199040',2026,,11020,22,,,0
14029,'1199065',1227,,11021,22,,,0
14029,'1199076',1825,,11022,22,,,0
14029,'1199083',1657,,11023,22,,,0
14029,'1199184',926,,11024,22,,,0
14029,'1199200',826,,11025,22,,,0
14029,'1199222',1557,,11026,22,,,0
14029,'1199266',1327,,11027,22,,,0
14029,'1199447',1926,,11028,22,,,0
14029,'1199472',2025,,11029,22,,,0
14029,'1199520',1027,,11030,22,,,0
14029,'1199554',725,,11031,22,,,0
14029,'1199573',1925,,11032,22,,,0
14029,'1199643',1457,,11033,22,,,0
