2019,'1196937',915,,9945,1,,,0
2019,'1196952',1915,,9946,1,,,0
2019,'1196959',715,,9947,1,,,0
2019,'1196966',1000,,9948,1,,,0
2019,'1196990',915,,9949,1,,,0
2019,'1196992',1645,,9950,1,,,0
2019,'1196993',2045,,9951,1,,,0
2019,'1197022',1315,,9952,1,,,0
2019,'1197046',2345,,9953,1,,,0
2019,'1197068',1200,,9954,1,,,0
2019,'1197140',815,,9955,1,,,0
2019,'1197142',2215,,9956,1,,,0
2019,'1197156',645,,9957,1,,,0
2019,'1197159',1230,,9958,1,,,0
2019,'1197165',1300,,9959,1,,,0
2019,'1197200',2030,,9960,1,,,0
2019,'1197205',2315,,9961,1,,,0
2019,'1197230',1545,,9962,1,,,0
2019,'1197258',1515,,9963,1,,,0
2019,'1197273',1815,,9964,1,,,0
2019,'1197277',1000,,9965,1,,,0
2019,'1197304',2015,,9966,1,,,0
2019,'1197311',1745,,9967,1,,,0
2019,'1197384',830,,9968,1,,,0
2019,'1197388',1500,,9969,1,,,0
2019,'1197409',1345,,9970,1,,,0
2019,'1197517',1530,,9971,1,,,0
2019,'1197526',1130,,9972,1,,,0
2019,'1197532',1215,,9973,1,,,0
2019,'1197541',1800,,9974,1,,,0
2019,'1197604',1930,,9975,1,,,0
2019,'1197630',1215,,9976,1,,,0
2019,'1197631',1730,,9977,1,,,0
2019,'1197670',930,,9978,1,,,0
2019,'1197671',1330,,9979,1,,,0
2019,'1197694',1900,,9980,1,,,0
2019,'1197780',1015,,9981,1,,,0
2019,'1197798',1830,,9982,1,,,0
2019,'1197818',1415,,9983,1,,,0
2019,'1197842',1245,,9984,1,,,0
2019,'1197864',2115,,9985,1,,,0
2019,'1197879',1400,,9986,1,,,0
2019,'1197881',1015,,9987,1,,,0
2019,'1197904',845,,9988,1,,,0
2019,'1197931',1145,,9989,1,,,0
2019,'1197939',1500,,9990,1,,,0
2019,'1197952',2350,,9991,1,,,0
2019,'1197970',915,,9992,1,,,0
2019,'1197994',1115,,9993,1,,,0
2019,'1198000',700,,9994,1,,,0
2019,'1198018',715,,9995,1,,,0
2019,'1198034',800,,9996,1,,,0
2019,'1198058',1600,,9997,1,,,0
2019,'1198063',1630,,9998,1,,,0
2019,'1198138',1630,,9999,1,,,0
2019,'1198180',1030,,10000,1,,,0
2019,'1198182',1200,,10001,1,,,0
2019,'1198197',2215,,10002,1,,,0
2019,'1198230',2100,,10003,1,,,0
2019,'1198247',1445,,10004,1,,,0
2019,'1198270',1915,,10005,1,,,0
2019,'1198273',730,,10006,1,,,0
2019,'1198286',745,,10007,1,,,0
2019,'1198328',1715,,10008,1,,,0
2019,'1198368',800,,10009,1,0,7 8 9,0
2019,'1198379',1730,,10010,1,,,0
2019,'1198387',1530,,10011,1,,,0
2019,'1198392',1130,,10012,1,,,0
2019,'1198443',2000,,10013,1,,,0
2019,'1198453',2130,,10014,1,,,0
2019,'1198468',1230,,10015,1,,,0
2019,'1198483',1715,,10016,1,,,0
2019,'1198564',1100,,10017,1,,,0
2019,'1198584',2300,,10018,1,,,0
2019,'1198637',1615,,10019,1,,,0
2019,'1198722',1515,,10020,1,,,0
2019,'1198740',900,,10021,1,,,0
2019,'1198744',1830,,10022,1,,,0
2019,'1198846',830,,10023,1,,,0
2019,'1198873',630,,10024,1,,,0
2019,'1198904',1330,,10025,1,,,0
2019,'1198940',2200,,10026,1,,,0
2019,'1199047',1300,,10027,1,,,0
2019,'1199073',1700,,10028,1,,,0
2019,'1199085',2130,,10029,1,,,0
2019,'1199096',1430,,10030,1,,,0
2019,'1199176',1030,,10031,1,,,0
2019,'1199234',2000,,10032,1,,,0
2019,'1199238',700,,10033,1,,,0
2019,'1199242',1115,,10034,1,,,0
2019,'1199272',945,,10035,1,,,0
2019,'1199326',2300,,10036,1,,,0
2019,'1199327',1400,,10037,1,,,0
2019,'1199334',1615,,10038,1,,,0
2019,'1199352',1700,,10039,1,,,0
2019,'1199368',1430,,10040,1,,,0
2019,'1199372',1800,,10041,1,,,0
2019,'1199378',1415,,10042,1,,,0
2019,'1199438',1045,,10043,1,,,0
2019,'1199439',745,,10044,1,,,0
2019,'1199485',1315,,10045,1,,,0
2019,'1199505',815,,10046,1,,,0
2019,'1199525',2230,,10047,1,,,0
2019,'1199540',1100,,10048,1,,,0
2019,'1199630',2330,,10049,1,,,0
2019,'1199652',1600,,10050,1,,,0
2029,'1196924',1524,,10051,25,4,,0
2029,'1196985',1208,,10052,25,4,,0
2029,'1196991',2252,,10053,25,4,,0
2029,'1197028',2052,,10054,25,4,,0
2029,'1197134',1838,,10055,25,4,,0
2029,'1197139',938,,10056,25,4,,0
2029,'1197143',2338,,10057,25,4,,0
2029,'1197168',1624,,10058,25,4,,0
2029,'1197170',653,,10059,25,4,,0
2029,'1197175',1509,,10060,25,4,,0
2029,'1197208',1455,,10061,25,4,,0
2029,'1197209',908,,10062,25,4,,0
2029,'1197218',723,,10063,25,4,,0
2029,'1197261',1639,,10064,25,4,,0
2029,'1197268',1709,,10065,25,4,,0
2029,'1197282',653,,10066,25,4,,0
2029,'1197288',2152,,10067,25,4,,0
2029,'1197331',1635,,10068,25,4,,0
2029,'1197332',2222,,10069,25,4,,0
2029,'1197367',1435,,10070,25,4,,0
2029,'1197375',908,,10071,25,4,,0
2029,'1197411',1053,,10072,25,4,,0
2029,'1197419',1339,,10073,25,4,,0
2029,'1197430',708,,10074,25,4,,0
2029,'1197437',1008,,10075,25,4,,0
2029,'1197491',1405,,10076,25,4,,0
2029,'1197508',808,,10077,25,4,,0
2029,'1197527',1255,,10078,25,4,,0
2029,'1197534',1055,,10079,25,4,,0
2029,'1197599',1654,,10080,25,4,,0
2029,'1197642',753,,10081,25,4,,0
2029,'1197644',1824,,10082,25,4,,0
2029,'1197647',953,,10083,25,4,,0
2029,'1197651',2347,,10084,25,4,,0
2029,'1197655',2417,,10085,25,4,,0
2029,'1197665',1038,,10086,25,4,,0
2029,'1197667',1955,,10087,25,4,,0
2029,'1197739',1724,,10088,25,4,,0
2029,'1197769',1155,,10089,25,4,,0
2029,'1197800',1023,,10090,25,4,,0
2029,'1197808',2022,,10091,25,4,,0
2029,'1197821',755,,10092,25,4,,0
2029,'1197871',823,,10093,25,4,,0
2029,'1197901',853,,10094,25,4,,0
2029,'1197910',1754,,10095,25,4,,0
2029,'1198003',1108,,10096,25,4,,0
2029,'1198023',1238,,10097,25,4,,0
2029,'1198042',855,,10098,25,4,,0
2029,'1198045',2255,,10099,25,4,,0
2029,'1198089',923,,10100,25,4,,0
2029,'1198144',1038,,10101,25,4,,0
2029,'1198156',2322,,10102,25,4,,0
2029,'1198168',2038,,10103,25,4,,0
2029,'1198184',955,,10104,25,4,,0
2029,'1198213',1424,,10105,25,4,,0
2029,'1198215',1839,,10106,25,4,,0
2029,'1198275',1153,,10107,25,4,,0
2029,'1198291',1108,,10108,25,4,,0
2029,'1198335',1952,,10109,25,4,,0
2029,'1198359',1335,,10110,25,4,,0
2029,'1198433',1354,,10111,25,4,,0
2029,'1198455',1235,,10112,25,4,,0
2029,'1198473',1805,,10113,25,4,,0
2029,'1198494',1735,,10114,25,4,,0
2029,'1198537',1755,,10115,25,4,,0
2029,'1198581',1138,,10116,25,4,,0
2029,'1198603',1555,,10117,25,4,,0
2029,'1198608',953,,10118,25,4,,0
2029,'1198619',2423,,10119,25,4,,0
2029,'1198682',1439,,10120,25,4,,0
2029,'1198743',2253,,10121,25,4,,0
2029,'1198838',1355,,10122,25,4,,0
2029,'1198840',1505,,10123,25,4,,0
2029,'1198841',738,,10124,25,4,,0
2029,'1198851',2122,,10125,25,4,,0
2029,'1198854',1208,,10126,25,4,,0
2029,'1198870',738,,10127,25,4,,0
2029,'1198967',2355,,10128,25,4,,0
2029,'1199005',1609,,10129,25,4,,0
2029,'1199023',1535,,10130,25,4,,0
2029,'1199042',1953,,10131,25,4,,0
2029,'1199046',1852,,10132,25,4,,0
2029,'1199049',1123,,10133,25,4,,0
2029,'1199063',1324,,10134,25,4,,0
2029,'1199099',1309,,10135,25,4,,0
2029,'1199116',1739,,10136,25,4,,0
2029,'1199173',1605,,10137,25,4,,0
2029,'1199237',2155,,10138,25,4,,0
2029,'1199240',838,,10139,25,4,,0
2029,'1199269',1254,,10140,25,4,,0
2029,'1199288',1554,,10141,25,4,,0
2029,'1199299',2208,,10142,25,4,,0
2029,'1199305',1223,,10143,25,4,,0
2029,'1199316',1809,,10144,25,4,,0
2029,'1199329',1655,,10145,25,4,,0
2029,'1199333',823,,10146,25,4,,0
2029,'1199335',1305,,10147,25,4,,0
2029,'1199398',2055,,10148,25,4,,0
2029,'1199466',1922,,10149,25,4,,0
2029,'1199478',1855,,10150,25,4,,0
2029,'1199484',1539,,10151,25,4,,0
2029,'1199542',2437,,10152,25,4,,0
2029,'1199552',1409,,10153,25,4,,0
2029,'1199560',1908,,10154,25,4,,0
2029,'1199580',2123,,10155,25,4,,0
2029,'1199620',1454,,10156,25,4,,0
2029,'1199621',1138,,10157,25,4,,0
2029,'1199635',1705,,10158,25,4,,0
3019,'1196834',1800,,10159,1,,,0
3019,'1196848',2100,,10160,1,,,0
3019,'1196854',700,,10161,1,,,0
3019,'1196968',1215,,10162,1,,,0
3019,'1196971',2000,,10163,1,,,0
3019,'1197069',700,,10164,1,,,0
3019,'1197076',2130,,10165,1,,,0
3019,'1197107',1230,,10166,1,,,0
3019,'1197120',2400,,10167,1,,,0
3019,'1197318',2200,,10168,1,,,0
3019,'1197369',2315,,10169,1,,,0
3019,'1197372',2215,,10170,1,,,0
3019,'1197378',900,,10171,1,,,0
3019,'1197462',900,,10172,1,,,0
3019,'1197478',1600,,10173,1,,,0
3019,'1197537',915,,10174,1,,,0
3019,'1197572',1330,,10175,1,,,0
3019,'1197590',830,,10176,1,,,0
3019,'1197618',1700,,10177,1,,,0
3019,'1197731',2000,,10179,1,,,0
3019,'1197748',1000,,10180,1,,,0
3019,'1197755',1030,,10181,1,,,0
3019,'1197810',1430,,10182,1,,,0
3019,'1197819',1900,,10183,1,,,0
3019,'1197850',1530,,10184,1,,,0
3019,'1197851',930,,10185,1,,,0
3019,'1197897',1100,,10186,1,,,0
3019,'1197923',1200,,10187,1,,,0
3019,'1197941',1500,,10188,1,,,0
3019,'1198025',1600,,10189,1,,,0
3019,'1198093',1830,,10190,1,,,0
3019,'1198098',1130,,10191,1,,,0
3019,'1198111',1000,,10192,1,,,0
3019,'1198119',1515,,10193,1,,,0
3019,'1198124',1400,,10194,1,,,0
3019,'1198153',1900,,10195,1,,,0
3019,'1198229',1500,,10196,1,,,0
3019,'1198237',1630,,10197,1,,,0
3019,'1198265',2100,,10198,1,,,0
3019,'1198278',1930,,10199,1,,,0
3019,'1198430',1615,,10200,1,,,0
3019,'1198432',1800,,10201,1,,,0
3019,'1198501',1700,,10202,1,,,0
3019,'1198514',630,,10203,1,,,0
3019,'1198654',1715,,10204,1,,,0
3019,'1198677',815,,10205,1,,,0
3019,'1198680',800,,10206,1,,,0
3019,'1198689',2350,,10207,1,,,0
3019,'1198691',1730,,10208,1,,,0
3019,'1198742',2200,,10209,1,,,0
3019,'1198777',1400,,10210,1,,,0
3019,'1198788',715,,10211,1,,,0
3019,'1198845',1015,,10212,1,,,0
3019,'1198989',2115,,10213,1,,,0
3019,'1198991',1815,,10214,1,,,0
3019,'1199009',1315,,10215,1,,,0
3019,'1199035',1200,,10216,1,,,0
3019,'1199052',2015,,10217,1,,,0
3019,'1199066',1115,,10218,1,,,0
3019,'1199133',1300,,10219,1,,,0
3019,'1199262',2300,,10220,1,,,0
3019,'1199277',730,,10221,1,,,0
3019,'1199346',1300,,10222,1,,,0
3019,'1199408',2030,,10223,1,,,0
3019,'1199412',1415,,10224,1,,,0
3019,'1199440',2300,,10225,1,,,0
3019,'1199509',800,,10226,1,,,0
3019,'1199600',1915,,10228,1,,,0
3019,'1199612',1100,,10229,1,,,0
3029,'1196871',654,,10230,31,4,,0
3029,'1196875',2406,,10231,31,4,,0
3029,'1196902',1555,,10232,31,4,,0
3029,'1196918',1155,,10233,31,4,,0
3029,'1196929',806,,10234,31,4,,0
3029,'1197004',2153,,10235,31,4,,0
3029,'1197012',1455,,10236,31,4,,0
3029,'1197066',1906,,10237,31,4,,0
3029,'1197101',1325,,10238,31,4,,0
3029,'1197253',1606,,10239,31,4,,0
3029,'1197290',824,,10240,31,4,,0
3029,'1197380',2206,,10241,31,4,,0
3029,'1197402',1625,,10242,31,4,,0
3029,'1197413',2053,,10243,31,4,,0
3029,'1197417',1106,,10244,31,4,,0
3029,'1197427',2222,,10245,31,4,,0
3029,'1197507',2353,,10246,31,4,,0
3029,'1197510',1825,,10247,31,4,,0
3029,'1197558',1024,,10248,31,4,,0
3029,'1197601',954,,10249,31,4,,0
3029,'1197654',1206,,10250,31,4,,0
3029,'1197697',1225,,10251,31,4,,0
3029,'1197823',1255,,10252,31,4,,0
3029,'1197828',1425,,10253,31,4,,0
3029,'1197856',1655,,10254,31,4,,0
3029,'1197870',1355,,10255,31,4,,0
3029,'1197895',2122,,10256,31,4,,0
3029,'1197903',1953,,10257,31,4,,0
3029,'1197920',1306,,10258,31,4,,0
3029,'1197958',2253,,10259,31,4,,0
3029,'1197998',2152,,10260,31,4,,0
3029,'1198039',1706,,10261,31,4,,0
3029,'1198070',1755,,10262,31,4,,0
3029,'1198115',1006,,10263,31,4,,0
3029,'1198165',1806,,10264,31,4,,0
3029,'1198246',1555,,10265,31,4,,0
3029,'1198281',1755,,10266,31,4,,0
3029,'1198295',753,,10267,31,4,,0
3029,'1198310',2252,,10268,31,4,,0
3029,'1198321',1054,,10269,31,4,,0
3029,'1198363',1255,,10270,31,4,,0
3029,'1198395',754,,10271,31,4,,0
3029,'1198434',1525,,10272,31,4,,0
3029,'1198445',1155,,10273,31,4,,0
3029,'1198462',2052,,10274,31,4,,0
3029,'1198484',2306,,10275,31,4,,0
3029,'1198500',1725,,10276,31,4,,0
3029,'1198518',953,,10277,31,4,,0
3029,'1198562',1406,,10278,31,4,,0
3029,'1198577',1455,,10279,31,4,,0
3029,'1198614',653,,10280,31,4,,0
3029,'1198734',1852,,10281,31,4,,0
3029,'1198836',854,,10282,31,4,,0
3029,'1198936',1506,,10283,31,4,,0
3029,'1198983',2106,,10284,31,4,,0
3029,'1199061',853,,10285,31,4,,0
3029,'1199094',1952,,10286,31,4,,0
3029,'1199112',2348,,10287,31,4,,0
3029,'1199231',2006,,10288,31,4,,0
3029,'1199421',1655,,10289,31,4,,0
3029,'1199431',1053,,10290,31,4,,0
3029,'1199453',1853,,10291,31,4,,0
3029,'1199460',1355,,10292,31,4,,0
3029,'1199521',924,,10293,31,4,,0
3029,'1199533',1922,,10294,31,4,,0
3029,'1199547',724,,10295,31,4,,0
3029,'1199601',1124,,10296,31,4,,0
3029,'1199629',906,,10297,31,4,,0
3029,'1199646',2022,,10298,31,4,,0
4019,'1197123',700,,10299,1,,,0
4019,'1197392',1500,,10300,1,,,0
4019,'1197520',900,,10301,1,,,0
4019,'1197788',1530,,10302,1,,,0
4019,'1197874',1330,,10303,1,,,0
4019,'1198006',830,,10304,1,,,0
4019,'1198332',1730,,10305,1,,,0
4019,'1198394',1430,,10306,1,,,0
4019,'1198409',800,,10307,1,,,0
4019,'1198799',1400,,10308,1,,,0
4019,'1198924',1700,,10309,1,,,0
4019,'1199002',930,,10310,1,,,0
4019,'1199239',1600,,10311,1,,,0
4019,'1199517',730,,10312,1,,,0
4019,'1199645',1630,,10313,1,,,0
4029,'1196947',1741,,10314,19,4,,0
4029,'1196960',1441,,10315,19,4,,0
4029,'1197081',1642,,10316,19,4,,0
4029,'1197217',1711,,10317,19,4,,0
4029,'1197243',841,,10318,19,4,,0
4029,'1197423',1411,,10319,19,4,,0
4029,'1198231',1811,,10320,19,4,,0
4029,'1198271',1542,,10321,19,4,,0
4029,'1198399',811,,10322,19,4,,0
4029,'1198606',1011,,10323,19,4,,0
4029,'1198651',1512,,10324,19,4,,0
4029,'1199058',741,,10325,19,4,,0
4029,'1199062',911,,10326,19,4,,0
4029,'1199498',1612,,10327,19,4,,0
4029,'1199611',941,,10328,19,4,,0
10019,'1196894',2102,,10329,39,4,,0
10019,'1196915',1702,,10330,39,4,,0
10019,'1196923',1103,,10331,39,4,,0
10019,'1197054',2233,,10332,39,4,,0
10019,'1197091',1503,,10333,39,4,,0
10019,'1197121',1104,,10334,39,4,,0
10019,'1197207',1002,,10335,39,4,,0
10019,'1197335',833,,10336,39,4,,0
10019,'1197345',2133,,10337,39,4,,0
10019,'1197397',1504,,10338,39,4,,0
10019,'1197418',2402,,10339,39,4,,0
10019,'1197505',1603,,10340,39,4,,0
10019,'1197587',933,,10341,39,4,,0
10019,'1197595',1102,,10342,39,4,,0
10019,'1197737',1404,,10343,39,4,,0
10019,'1197756',1902,,10344,39,4,,0
10019,'1197759',1534,,10345,39,4,,0
10019,'1197766',2302,,10346,39,4,,0
10019,'1197915',2002,,10347,39,4,,0
10019,'1197927',802,,10348,39,4,,0
10019,'1197935',703,,10349,39,4,,0
10019,'1197985',1003,,10350,39,4,,0
10019,'1198010',1833,,10351,39,4,,0
10019,'1198016',2002,,10352,39,4,,0
10019,'1198164',702,,10353,39,4,,0
10019,'1198167',1602,,10354,39,4,,0
10019,'1198226',1402,,10355,39,4,,0
10019,'1198257',1502,,10356,39,4,,0
10019,'1198280',2333,,10357,39,4,,0
10019,'1198300',1604,,10358,39,4,,0
10019,'1198361',2202,,10359,39,4,,0
10019,'1198366',902,,10360,39,4,,0
10019,'1198390',1902,,10361,39,4,,0
10019,'1198410',1802,,10362,39,4,,0
10019,'1198440',802,,10363,39,4,,0
10019,'1198475',1202,,10364,39,4,,0
10019,'1198480',2202,,10365,39,4,,0
10019,'1198509',634,,10366,39,4,,0
10019,'1198520',1303,,10367,39,4,,0
10019,'1198542',2402,,10368,39,4,,0
10019,'1198583',2302,,10369,39,4,,0
10019,'1198726',1933,,10370,39,4,,0
10019,'1198809',902,,10371,39,4,,0
10019,'1198815',1703,,10372,39,4,,0
10019,'1198881',1634,,10373,39,4,,0
10019,'1198903',903,,10374,39,4,,0
10019,'1198955',1204,,10375,39,4,,0
10019,'1198962',1704,,10376,39,4,,0
10019,'1198993',1203,,10377,39,4,,0
10019,'1199007',2102,,10378,39,4,,0
10019,'1199032',1403,,10379,39,4,,0
10019,'1199053',1804,,10380,39,4,,0
10019,'1199056',1803,,10381,39,4,,0
10019,'1199257',1734,,10382,39,4,,0
10019,'1199300',1302,,10383,39,4,,0
10019,'1199321',1002,,10384,39,4,,0
10019,'1199323',2033,,10385,39,4,,0
10019,'1199353',1304,,10386,39,4,,0
10019,'1199424',733,,10387,39,4,,0
10019,'1199598',803,,10388,39,4,,0
10029,'1196869',1015,,10389,1,,,0
10029,'1196944',1845,,10390,1,,,0
10029,'1196948',1515,,10391,1,,,0
10029,'1197007',645,,10392,1,,,0
10029,'1197053',1315,,10393,1,,,0
10029,'1197093',1115,,10394,1,,,0
10029,'1197160',1715,,10395,1,,,0
10029,'1197269',1815,,10396,1,,,0
10029,'1197314',2145,,10397,1,,,0
10029,'1197362',2015,,10398,1,,,0
10029,'1197385',815,,10399,1,,,0
10029,'1197414',1415,,10400,1,,,0
10029,'1197492',1645,,10401,1,,,0
10029,'1197523',2215,,10402,1,,,0
10029,'1197565',615,,10403,1,,,0
10029,'1197669',815,,10404,1,,,0
10029,'1197675',2115,,10405,1,,,0
10029,'1197822',1715,,10406,1,,,0
10029,'1197831',1715,,10407,1,,,0
10029,'1197885',2015,,10408,1,,,0
10029,'1197887',1545,,10409,1,,,0
10029,'1197892',1215,,10410,1,,,0
10029,'1197908',2215,,10411,1,,,0
10029,'1197916',2245,,10412,1,,,0
10029,'1197980',2350,,10413,1,,,0
10029,'1198080',1615,,10414,1,,,0
10029,'1198150',1615,,10415,1,,,0
10029,'1198170',1115,,10416,1,,,0
10029,'1198181',1745,,10417,1,,,0
10029,'1198232',1515,,10418,1,,,0
10029,'1198314',1915,,10419,1,,,0
10029,'1198351',1215,,10420,1,,,0
10029,'1198466',2045,,10421,1,,,0
10029,'1198481',1415,,10422,1,,,0
10029,'1198536',1215,,10423,1,,,0
10029,'1198550',1615,,10424,1,,,0
10029,'1198565',2315,,10425,1,,,0
10029,'1198676',715,,10426,1,,,0
10029,'1198703',715,,10427,1,,,0
10029,'1198735',1015,,10428,1,,,0
10029,'1198754',1315,,10429,1,,,0
10029,'1198767',1115,,10430,1,,,0
10029,'1198887',845,,10431,1,,,0
10029,'1198905',1415,,10432,1,,,0
10029,'1198933',815,,10433,1,,,0
10029,'1199013',715,,10434,1,,,0
10029,'1199068',1015,,10435,1,,,0
10029,'1199078',1815,,10436,1,,,0
10029,'1199088',1945,,10437,1,,,0
10029,'1199134',1315,,10438,1,,,0
10029,'1199161',2315,,10439,1,,,0
10029,'1199245',1915,,10440,1,,,0
10029,'1199274',915,,10441,1,,,0
10029,'1199375',1445,,10442,1,,,0
10029,'1199396',745,,10443,1,,,0
10029,'1199411',2115,,10444,1,,,0
10029,'1199422',915,,10445,1,,,0
10029,'1199613',915,,10446,1,,,0
10029,'1199633',1515,,10447,1,,,0
11019,'1196876',1510,,10448,31,4,,0
11019,'1196884',1309,,10449,35,4,,0
11019,'1196914',1152,,10450,35,4,,0
11019,'1196958',810,,10451,35,4,,0
11019,'1197000',1310,,10452,31,4,,0
11019,'1197070',1910,,10453,31,4,,0
11019,'1197071',1850,,10454,35,4,,0
11019,'1197114',937,,10455,35,4,,0
11019,'1197185',2310,,10456,31,4,,0
11019,'1197191',1509,,10457,35,4,,0
11019,'1197229',1424,,10458,35,4,,0
11019,'1197234',1722,,10459,35,4,,0
11019,'1197264',1754,,10460,35,4,,0
11019,'1197274',952,,10461,35,4,,0
11019,'1197327',1352,,10462,35,4,,0
11019,'1197343',752,,10463,35,4,,0
11019,'1197351',1610,,10464,31,4,,0
11019,'1197398',1839,,10465,35,4,,0
11019,'1197412',2320,,10466,35,4,,0
11019,'1197422',1654,,10467,35,4,,0
11019,'1197446',2410,,10468,31,4,,0
11019,'1197463',722,,10469,35,4,,0
11019,'1197502',637,,10470,35,4,,0
11019,'1197519',807,,10471,35,4,,0
11019,'1197564',2310,,10472,35,4,,0
11019,'1197573',1410,,10473,31,4,,0
11019,'1197695',1122,,10474,35,4,,0
11019,'1197696',822,,10475,35,4,,0
11019,'1197753',910,,10476,31,4,,0
11019,'1197763',1539,,10477,35,4,,0
11019,'1197795',2050,,10478,35,4,,0
11019,'1197832',1639,,10479,35,4,,0
11019,'1197875',2437,,10480,35,4,,0
11019,'1197917',2410,,10481,35,4,,0
11019,'1197925',1137,,10482,35,4,,0
11019,'1197934',1552,,10483,35,4,,0
11019,'1197978',1920,,10484,35,4,,0
11019,'1197990',1452,,10485,35,4,,0
11019,'1198012',907,,10486,35,4,,0
11019,'1198053',1010,,10487,35,4,,0
11019,'1198076',2020,,10488,35,4,,0
11019,'1198113',2120,,10489,35,4,,0
11019,'1198146',2250,,10490,35,4,,0
11019,'1198266',2010,,10491,35,4,,0
11019,'1198296',1710,,10492,31,4,,0
11019,'1198337',922,,10493,35,4,,0
11019,'1198341',1210,,10494,35,4,,0
11019,'1198362',2210,,10495,31,4,,0
11019,'1198405',1910,,10496,35,4,,0
11019,'1198419',1524,,10497,35,4,,0
11019,'1198470',1324,,10498,35,4,,0
11019,'1198493',1824,,10499,35,4,,0
11019,'1198506',1110,,10500,35,4,,0
11019,'1198543',1037,,10501,35,4,,0
11019,'1198548',1624,,10502,35,4,,0
11019,'1198573',1207,,10503,35,4,,0
11019,'1198590',2010,,10504,31,4,,0
11019,'1198610',1609,,10505,35,4,,0
11019,'1198623',710,,10506,35,4,,0
11019,'1198660',1322,,10507,35,4,,0
11019,'1198662',1810,,10508,31,4,,0
11019,'1198696',1454,,10509,35,4,,0
11019,'1198771',1522,,10510,35,4,,0
11019,'1198808',1007,,10511,35,4,,0
11019,'1198843',2110,,10512,31,4,,0
11019,'1198927',1107,,10513,35,4,,0
11019,'1198951',1739,,10514,35,4,,0
11019,'1198978',1950,,10515,35,4,,0
11019,'1199022',1250,,10516,35,4,,0
11019,'1199024',2210,,10517,35,4,,0
11019,'1199026',2220,,10518,35,4,,0
11019,'1199059',1622,,10519,35,4,,0
11019,'1199060',1409,,10520,35,4,,0
11019,'1199064',1822,,10521,35,4,,0
11019,'1199091',810,,10522,31,4,,0
11019,'1199100',2150,,10523,35,4,,0
11019,'1199118',1724,,10524,35,4,,0
11019,'1199132',707,,10525,35,4,,0
11019,'1199143',1752,,10526,35,4,,0
11019,'1199154',1439,,10527,35,4,,0
11019,'1199177',1709,,10528,35,4,,0
11019,'1199180',2110,,10529,35,4,,0
11019,'1199214',737,,10530,35,4,,0
11019,'1199225',1554,,10531,35,4,,0
11019,'1199227',1210,,10532,31,4,,0
11019,'1199229',1422,,10533,35,4,,0
11019,'1199253',1010,,10534,31,4,,0
11019,'1199301',2347,,10535,35,4,,0
11019,'1199306',1110,,10536,31,4,,0
11019,'1199370',1809,,10537,35,4,,0
11019,'1199376',852,,10538,35,4,,0
11019,'1199394',910,,10539,35,4,,0
11019,'1199403',837,,10540,35,4,,0
11019,'1199410',1222,,10541,35,4,,0
11019,'1199462',2417,,10542,35,4,,0
11019,'1199476',1022,,10543,35,4,,0
11019,'1199496',1339,,10544,35,4,,0
11019,'1199508',1237,,10545,35,4,,0
11019,'1199591',1652,,10546,35,4,,0
11019,'1199603',1254,,10547,35,4,,0
11019,'1199619',1052,,10548,35,4,,0
11019,'1199623',1354,,10549,35,4,,0
11029,'1199774',1515,,10550,1,,,0
11029,'1199777',930,,10551,1,,,0
11029,'1199778',1315,,10552,1,,,0
11029,'1199779',2315,,10553,1,,,0
11029,'1199780',1215,,10554,1,,,0
11029,'1199781',1130,,10555,1,,,0
11029,'1199782',1630,,10556,1,,,0
11029,'1199783',2215,,10557,1,,,0
11029,'1199785',1315,,10558,1,,,0
11029,'1199786',800,,10559,1,,,0
11029,'1199787',1615,,10560,1,,,0
11029,'1199788',1545,,10561,1,,,0
11029,'1199789',1430,,10562,1,,,0
11029,'1199790',1445,,10563,1,,,0
11029,'1199791',1115,,10564,1,,,0
11029,'1199792',1530,,10565,1,,,0
11029,'1199793',2330,,10566,1,,,0
11029,'1199794',815,,10567,1,,,0
11029,'1199795',1445,,10568,1,,,0
11029,'1199796',1145,,10569,1,,,0
11029,'1199797',1745,,10570,1,,,0
11029,'1199799',730,,10571,1,,,0
11029,'1199800',1700,,10572,1,,,0
11029,'1199804',915,,10573,1,,,0
11029,'1199808',1015,,10574,1,,,0
11029,'1199809',1715,,10575,1,,,0
11029,'1199810',1045,,10576,1,,,0
11029,'1199811',1030,,10577,1,,,0
11029,'1199812',1545,,10578,1,,,0
11029,'1199813',2315,,10579,1,,,0
11029,'1199814',1215,,10580,1,,,0
11029,'1199815',1615,,10581,1,,,0
11029,'1199816',1145,,10582,1,,,0
11029,'1199818',715,,10583,1,,,0
11029,'1199819',1115,,10584,1,,,0
11029,'1199820',1730,,10585,1,,,0
11029,'1199821',1515,,10586,1,,,0
11029,'1199823',1245,,10587,1,,,0
11029,'1199825',2015,,10588,1,,,0
11029,'1199826',2350,,10589,1,,,0
11029,'1199828',1400,,10590,1,,,0
11029,'1199830',1300,,10591,1,,,0
11029,'1199831',2000,,10592,1,,,0
11029,'1199834',630,,10593,1,,,0
11029,'1199836',745,,10594,1,,,0
11029,'1199838',1500,,10595,1,,,0
11029,'1199839',715,,10596,1,,,0
11029,'1199843',1330,,10597,1,,,0
11029,'1199844',2015,,10598,1,,,0
11029,'1199846',1415,,10599,1,,,0
11029,'1199847',915,,10600,1,,,0
11029,'1199848',900,,10601,1,,,0
11029,'1199849',2115,,10602,1,,,0
11029,'1199850',1515,,10603,1,,,0
11029,'1199852',700,,10604,1,,,0
11029,'1199853',945,,10605,1,,,0
11029,'1199854',830,,10606,1,,,0
11029,'1199855',1615,,10607,1,,,0
11029,'1199856',2115,,10608,1,,,0
11029,'1199858',1600,,10609,1,,,0
11029,'1199860',1015,,10610,1,,,0
11029,'1199862',1930,,10611,1,,,0
11029,'1199863',815,,10612,1,,,0
11029,'1199864',1200,,10613,1,,,0
11029,'1199865',1715,,10614,1,,,0
11029,'1199866',1215,,10615,1,,,0
11029,'1199867',2030,,10616,1,,,0
11029,'1199869',1415,,10617,1,,,0
11029,'1199870',1315,,10618,1,,,0
11029,'1199871',1345,,10619,1,,,0
11029,'1199873',2200,,10620,1,,,0
11029,'1199874',1100,,10621,1,,,0
11029,'1199875',1000,,10622,1,,,0
11029,'1199876',645,,10623,1,,,0
11029,'1199877',1715,,10624,1,,,0
11029,'1199878',1645,,10625,1,,,0
11029,'1199881',1815,,10626,1,,,0
11029,'1199882',1900,,10627,1,,,0
11029,'1199883',1115,,10628,1,,,0
11029,'1199884',1915,,10629,1,,,0
11029,'1199886',1915,,10630,1,,,0
11029,'1199889',715,,10631,1,,,0
11029,'1199890',2100,,10632,1,,,0
11029,'1199891',2215,,10633,1,,,0
11029,'1199892',1815,,10634,1,,,0
11029,'1199893',1015,,10635,1,,,0
11029,'1199898',845,,10636,1,,,0
11029,'1199899',1830,,10637,1,,,0
11029,'1199902',1800,,10638,1,,,0
11029,'1199903',915,,10639,1,,,0
11029,'1199904',1645,,10640,1,,,0
11029,'1199906',615,,10641,1,,,0
11029,'1199907',2300,,10642,1,,,0
11029,'1199910',2230,,10643,1,,,0
11029,'1199911',2130,,10644,1,,,0
11029,'1199912',1345,,10645,1,,,0
11029,'1199913',1230,,10646,1,,,0
11029,'1199914',1245,,10647,1,,,0
11029,'1199919',815,,10648,1,,,0
11029,'1199920',1415,,10649,1,,,0
12019,'1196839',2138,,10650,40,4,,0
12019,'1196874',1140,,10651,40,4,,0
12019,'1196885',1640,,10652,40,4,,0
12019,'1196887',1610,,10653,40,4,,0
12019,'1196940',1340,,10654,40,4,,0
12019,'1196983',1938,,10655,40,4,,0
12019,'1197026',2238,,10656,40,4,,0
12019,'1197080',1838,,10657,40,4,,0
12019,'1197104',1910,,10658,40,4,,0
12019,'1197223',1810,,10659,40,4,,0
12019,'1197306',1210,,10660,40,4,,0
12019,'1197322',808,,10661,40,4,,0
12019,'1197334',1640,,10662,40,4,,0
12019,'1197339',1810,,10663,40,4,,0
12019,'1197433',1010,,10664,40,4,,0
12019,'1197490',1710,,10665,40,4,,0
12019,'1197525',1610,,10666,40,4,,0
12019,'1197602',909,,10667,40,4,,0
12019,'1197615',1240,,10668,40,4,,0
12019,'1197664',1810,,10669,40,4,,0
12019,'1197701',2408,,10670,40,4,,0
12019,'1197765',2410,,10671,40,4,,0
12019,'1197813',1110,,10672,40,4,,0
12019,'1197824',1310,,10673,40,4,,0
12019,'1197891',2108,,10674,40,4,,0
12019,'1197911',2008,,10675,40,4,,0
12019,'1197945',1908,,10676,40,4,,0
12019,'1197989',1510,,10677,40,4,,0
12019,'1197991',1210,,10678,40,4,,0
12019,'1198031',709,,10679,40,4,,0
12019,'1198072',1410,,10680,40,4,,0
12019,'1198097',1610,,10681,40,4,,0
12019,'1198121',1710,,10682,40,4,,0
12019,'1198127',1110,,10683,40,4,,0
12019,'1198171',2210,,10684,40,4,,0
12019,'1198224',2308,,10685,40,4,,0
12019,'1198250',1340,,10686,40,4,,0
12019,'1198260',1440,,10687,40,4,,0
12019,'1198263',939,,10688,40,4,,0
12019,'1198283',1540,,10689,40,4,,0
12019,'1198358',1510,,10690,40,4,,0
12019,'1198421',908,,10691,40,4,,0
12019,'1198427',1240,,10692,40,4,,0
12019,'1198442',1740,,10693,40,4,,0
12019,'1198497',2208,,10694,40,4,,0
12019,'1198582',910,,10695,40,4,,0
12019,'1198588',639,,10696,40,4,,0
12019,'1198592',1740,,10697,40,4,,0
12019,'1198618',1110,,10698,40,4,,0
12019,'1198712',1210,,10699,40,4,,0
12019,'1198727',1410,,10700,40,4,,0
12019,'1198773',1410,,10701,40,4,,0
12019,'1198774',1140,,10702,40,4,,0
12019,'1198819',2338,,10703,40,4,,0
12019,'1198842',1009,,10704,40,4,,0
12019,'1198884',2010,,10705,40,4,,0
12019,'1198912',810,,10706,40,4,,0
12019,'1198945',1008,,10707,40,4,,0
12019,'1199167',739,,10708,40,4,,0
12019,'1199197',2110,,10709,40,4,,0
12019,'1199223',1310,,10710,40,4,,0
12019,'1199224',710,,10711,40,4,,0
12019,'1199251',1039,,10712,40,4,,0
12019,'1199291',1540,,10713,40,4,,0
12019,'1199315',1310,,10714,40,4,,0
12019,'1199416',2310,,10715,40,4,,0
12019,'1199495',1440,,10716,40,4,,0
12019,'1199513',839,,10717,40,4,,0
12019,'1199578',1510,,10718,40,4,,0
12019,'1199610',2038,,10719,40,4,,0
12019,'1199616',809,,10720,40,4,,0
12019,'1199625',1710,,10721,40,4,,0
12029,'1196881',1115,,10722,1,,,0
12029,'1196886',1645,,10723,1,,,0
12029,'1196921',815,,10724,1,,,0
12029,'1196925',1615,,10725,1,,,0
12029,'1197005',2350,,10726,1,,,0
12029,'1197009',2315,,10727,1,,,0
12029,'1197092',1745,,10728,1,,,0
12029,'1197112',845,,10729,1,,,0
12029,'1197136',2245,,10730,1,,,0
12029,'1197164',715,,10731,1,,,0
12029,'1197202',1515,,10732,1,,,0
12029,'1197246',1345,,10733,1,,,0
12029,'1197415',1045,,10734,1,,,0
12029,'1197416',1515,,10735,1,,,0
12029,'1197484',1915,,10736,1,,,0
12029,'1197496',2145,,10737,1,,,0
12029,'1197608',1145,,10738,1,,,0
12029,'1197678',1815,,10739,1,,,0
12029,'1197742',1315,,10740,1,,,0
12029,'1197777',2315,,10741,1,,,0
12029,'1197790',2215,,10742,1,,,0
12029,'1197947',1715,,10743,1,,,0
12029,'1198008',1345,,10744,1,,,0
12029,'1198017',1845,,10745,1,,,0
12029,'1198020',1715,,10746,1,,,0
12029,'1198024',915,,10747,1,,,0
12029,'1198092',1815,,10748,1,,,0
12029,'1198139',1545,,10749,1,,,0
12029,'1198185',1145,,10750,1,,,0
12029,'1198205',815,,10751,1,,,0
12029,'1198239',945,,10752,1,,,0
12029,'1198318',715,,10753,1,,,0
12029,'1198336',1115,,10754,1,,,0
12029,'1198360',1015,,10755,1,,,0
12029,'1198400',715,,10756,1,,,0
12029,'1198511',2215,,10757,1,,,0
12029,'1198528',1515,,10758,1,,,0
12029,'1198538',1415,,10759,1,,,0
12029,'1198556',2045,,10760,1,,,0
12029,'1198681',1915,,10761,1,,,0
12029,'1198731',2015,,10762,1,,,0
12029,'1198732',1315,,10763,1,,,0
12029,'1198745',2115,,10764,1,,,0
12029,'1198748',915,,10765,1,,,0
12029,'1198775',1015,,10766,1,,,0
12029,'1198818',1715,,10767,1,,,0
12029,'1198856',1115,,10768,1,,,0
12029,'1198877',1245,,10769,1,,,0
12029,'1198898',815,,10770,1,,,0
12029,'1198947',615,,10771,1,,,0
12029,'1198959',1215,,10772,1,,,0
12029,'1198976',1645,,10773,1,,,0
12029,'1199093',1445,,10774,1,,,0
12029,'1199207',1445,,10775,1,,,0
12029,'1199281',1315,,10776,1,,,0
12029,'1199325',1615,,10777,1,,,0
12029,'1199340',1045,,10778,1,,,0
12029,'1199357',1415,,10779,1,,,0
12029,'1199382',745,,10780,1,,,0
12029,'1199384',915,,10781,1,,,0
12029,'1199423',1945,,10782,1,,,0
12029,'1199437',1415,,10783,1,,,0
12029,'1199445',2015,,10784,1,,,0
12029,'1199457',1615,,10785,1,,,0
12029,'1199487',1015,,10786,1,,,0
12029,'1199500',645,,10787,1,,,0
12029,'1199501',1545,,10788,1,,,0
12029,'1199531',1215,,10789,1,,,0
12029,'1199556',2115,,10790,1,,,0
12029,'1199590',1245,,10791,1,,,0
12029,'1199639',1215,,10792,1,,,0
13019,'1196852',1315,,10793,1,,,0
13019,'1196856',1715,,10794,1,,,0
13019,'1196999',915,,10796,1,,,0
13019,'1197035',615,,10797,1,,,0
13019,'1197132',1445,,10798,1,,,0
13019,'1197251',1545,,10799,1,,,0
13019,'1197279',715,,10800,1,,,0
13019,'1197353',2245,,10801,1,,,0
13019,'1197357',1815,,10802,1,,,0
13019,'1197451',2215,,10803,1,,,0
13019,'1197487',815,,10804,1,,,0
13019,'1197555',1615,,10805,1,,,0
13019,'1197570',915,,10806,1,,,0
13019,'1197575',1615,,10807,1,,,0
13019,'1197641',2015,,10808,1,,,0
13019,'1197645',1645,,10809,1,,,0
13019,'1197648',645,,10810,1,,,0
13019,'1197690',1615,,10811,1,,,0
13019,'1197692',1715,,10812,1,,,0
13019,'1197730',1415,,10813,1,,,0
13019,'1197762',2350,,10814,1,,,0
13019,'1197803',715,,10815,1,,,0
13019,'1197834',1215,,10816,1,,,0
13019,'1197854',2015,,10817,1,,,0
13019,'1197962',1315,,10818,1,,,0
13019,'1197975',1015,,10819,1,,,0
13019,'1198041',1115,,10820,1,,,0
13019,'1198094',1745,,10821,1,,,0
13019,'1198160',815,,10822,1,,,0
13019,'1198201',1215,,10823,1,,,0
13019,'1198243',1815,,10824,1,,,0
13019,'1198290',2145,,10825,1,,,0
13019,'1198352',715,,10826,1,,,0
13019,'1198355',1845,,10827,1,,,0
13019,'1198382',745,,10828,1,,,0
13019,'1198402',2215,,10829,1,,,0
13019,'1198552',2115,,10830,1,,,0
13019,'1198554',1915,,10831,1,,,0
13019,'1198602',1115,,10832,1,,,0
13019,'1198611',1945,,10833,1,,,0
13019,'1198630',1515,,10834,1,,,0
13019,'1198675',1215,,10835,1,,,0
13019,'1198716',1015,,10837,1,,,0
13019,'1198729',945,,10838,1,,,0
13019,'1198761',1315,,10839,1,,,0
13019,'1198778',915,,10840,1,,,0
13019,'1198837',2315,,10841,1,,,0
13019,'1198874',1115,,10842,1,,,0
13019,'1198888',845,,10843,1,,,0
13019,'1199044',815,,10844,1,,,0
13019,'1199123',1015,,10845,1,,,0
13019,'1199151',1415,,10846,1,,,0
13019,'1199233',1415,,10847,1,,,0
13019,'1199276',1515,,10848,1,,,0
13019,'1199284',2045,,10849,1,,,0
13019,'1199418',1915,,10850,1,,,0
13019,'1199448',1715,,10851,1,,,0
13019,'1199536',2115,,10852,1,,,0
13019,'1199588',2315,,10853,1,,,0
13019,'1199631',1515,,10854,1,,,0
13029,'1196882',1541,,10855,29,4,,0
13029,'1196907',1307,,10856,28,4,,0
13029,'1196917',1309,,10857,28,4,,0
13029,'1196936',1809,,10858,28,4,,0
13029,'1196965',806,,10859,28,4,,0
13029,'1196972',1639,,10860,28,4,,0
13029,'1197006',1507,,10861,28,4,,0
13029,'1197082',1207,,10862,28,4,,0
13029,'1197122',1107,,10863,28,4,,0
13029,'1197184',1508,,10864,28,4,,0
13029,'1197188',1936,,10865,28,4,,0
13029,'1197193',807,,10866,28,4,,0
13029,'1197215',2107,,10867,28,4,,0
13029,'1197262',1708,,10868,28,4,,0
13029,'1197363',938,,10869,28,4,,0
13029,'1197365',2206,,10870,28,4,,0
13029,'1197371',1007,,10871,28,4,,0
13029,'1197444',2306,,10872,28,4,,0
13029,'1197556',2307,,10873,28,4,,0
13029,'1197773',2036,,10874,28,4,,0
13029,'1197812',1509,,10875,28,4,,0
13029,'1197866',1407,,10876,28,4,,0
13029,'1197909',908,,10877,28,4,,0
13029,'1197997',2006,,10878,28,4,,0
13029,'1198028',2106,,10879,28,4,,0
13029,'1198074',2406,,10880,28,4,,0
13029,'1198199',1607,,10881,28,4,,0
13029,'1198248',2236,,10882,28,4,,0
13029,'1198289',837,,10883,28,4,,0
13029,'1198381',1739,,10884,28,4,,0
13029,'1198389',1807,,10885,28,4,,0
13029,'1198416',1608,,10886,28,4,,0
13029,'1198437',1037,,10887,28,4,,0
13029,'1198474',1110,,10888,28,4,,0
13029,'1198488',1906,,10889,28,4,,0
13029,'1198563',737,,10890,28,4,,0
13029,'1198648',1106,,10891,28,4,,0
13029,'1198673',1308,,10892,28,4,,0
13029,'1198704',1907,,10893,28,4,,0
13029,'1198733',807,,10894,28,4,,0
13029,'1198756',907,,10895,28,4,,0
13029,'1198793',1006,,10896,28,4,,0
13029,'1198811',1408,,10897,28,4,,0
13029,'1198812',2407,,10898,28,4,,0
13029,'1198828',1208,,10899,28,4,,0
13029,'1198858',1609,,10900,28,4,,0
13029,'1198910',637,,10901,28,4,,0
13029,'1198998',906,,10902,28,4,,0
13029,'1199115',707,,10903,28,4,,0
13029,'1199250',2207,,10904,28,4,,0
13029,'1199324',706,,10905,28,4,,0
13029,'1199337',1008,,10906,28,4,,0
13029,'1199349',2136,,10907,28,4,,0
13029,'1199379',2336,,10908,28,4,,0
13029,'1199405',1808,,10909,28,4,,0
13029,'1199419',1209,,10910,28,4,,0
13029,'1199548',1409,,10911,28,4,,0
13029,'1199559',1707,,10912,28,4,,0
13029,'1199614',1836,,10913,28,4,,0
13029,'1199653',2007,,10914,28,4,,0
13029,'1199655',1709,,10915,28,4,,0
14019,'1196890',1838,,10916,48,4,,0
14019,'1196970',2108,,10917,48,4,,0
14019,'1196984',1407,,10918,48,4,,0
14019,'1197073',2208,,10919,48,4,,0
14019,'1197090',807,,10920,48,4,,0
14019,'1197106',1740,,10921,48,4,,0
14019,'1197152',1610,,10922,48,4,,0
14019,'1197163',1709,,10923,48,4,,0
14019,'1197189',2007,,10924,48,4,,0
14019,'1197473',1008,,10925,48,4,,0
14019,'1197576',1207,,10926,48,4,,0
14019,'1197578',1907,,10927,48,4,,0
14019,'1197606',907,,10928,48,4,,0
14019,'1197719',1609,,10929,48,4,,0
14019,'1197768',1710,,10930,48,4,,0
14019,'1197774',1309,,10931,48,4,,0
14019,'1197807',708,,10932,48,4,,0
14019,'1197857',1307,,10933,48,4,,0
14019,'1197872',808,,10934,48,4,,0
14019,'1197899',2338,,10935,48,4,,0
14019,'1197912',1707,,10936,48,4,,0
14019,'1197929',1409,,10937,48,4,,0
14019,'1197946',2008,,10938,48,4,,0
14019,'1198043',2408,,10939,48,4,,0
14019,'1198056',1938,,10940,48,4,,0
14019,'1198057',708,,10941,48,4,,0
14019,'1198062',1607,,10942,48,4,,0
14019,'1198118',2038,,10943,48,4,,0
14019,'1198151',1507,,10944,48,4,,0
14019,'1198161',1510,,10945,48,4,,0
14019,'1198262',1509,,10946,48,4,,0
14019,'1198285',2308,,10947,48,4,,0
14019,'1198312',1008,,10948,48,4,,0
14019,'1198386',1908,,10949,48,4,,0
14019,'1198412',1210,,10950,48,4,,0
14019,'1198436',908,,10951,48,4,,0
14019,'1198460',1110,,10952,48,4,,0
14019,'1198507',908,,10953,48,4,,0
14019,'1198513',1310,,10954,48,4,,0
14019,'1198539',1108,,10955,48,4,,0
14019,'1198751',2107,,10956,48,4,,0
14019,'1198810',2407,,10957,48,4,,0
14019,'1198859',1540,,10958,48,4,,0
14019,'1198869',938,,10959,48,4,,0
14019,'1198890',2207,,10960,48,4,,0
14019,'1199036',738,,10961,48,4,,0
14019,'1199048',808,,10962,48,4,,0
14019,'1199075',838,,10963,48,4,,0
14019,'1199084',1107,,10964,48,4,,0
14019,'1199131',2138,,10965,48,4,,0
14019,'1199280',2307,,10966,48,4,,0
14019,'1199286',1007,,10967,48,4,,0
14019,'1199393',1410,,10968,48,4,,0
14019,'1199441',1640,,10969,48,4,,0
14019,'1199444',1809,,10970,48,4,,0
14019,'1199523',1807,,10971,48,4,,0
14019,'1199538',1810,,10972,48,4,,0
14019,'1199568',2238,,10973,48,4,,0
14019,'1199582',1209,,10974,48,4,,0
14029,'1196849',1715,,10975,1,,,0
14029,'1196912',745,,10976,1,,,0
14029,'1197024',1515,,10977,1,,,0
14029,'1197041',2315,,10978,1,,,0
14029,'1197050',1615,,10979,1,,,0
14029,'1197119',1715,,10980,1,,,0
14029,'1197130',2215,,10981,1,,,0
14029,'1197219',1515,,10982,1,,,0
14029,'1197237',1315,,10983,1,,,0
14029,'1197250',615,,10984,1,,,0
14029,'1197265',1745,,10985,1,,,0
14029,'1197310',2215,,10986,1,,,0
14029,'1197323',1315,,10987,1,,,0
14029,'1197440',2115,,10988,1,,,0
14029,'1197456',1515,,10989,1,,,0
14029,'1197472',1115,,10990,1,,,0
14029,'1197493',1845,,10991,1,,,0
14029,'1197512',1615,,10992,1,,,0
14029,'1197515',1415,,10993,1,,,0
14029,'1197597',715,,10994,1,,,0
14029,'1197605',2245,,10995,1,,,0
14029,'1197639',1215,,10996,1,,,0
14029,'1197699',1945,,10997,1,,,0
14029,'1197717',1715,,10998,1,,,0
14029,'1197738',1015,,10999,1,,,0
14029,'1197809',1615,,11000,1,,,0
14029,'1197863',2350,,11001,1,,,0
14029,'1197882',1415,,11002,1,,,0
14029,'1197961',1215,,11003,1,,,0
14029,'1198040',1015,,11004,1,,,0
14029,'1198078',1115,,11005,1,,,0
14029,'1198100',845,,11006,1,,,0
14029,'1198198',2145,,11007,1,,,0
14029,'1198204',2045,,11008,1,,,0
14029,'1198269',645,,11009,1,,,0
14029,'1198326',915,,11010,1,,,0
14029,'1198404',715,,11011,1,,,0
14029,'1198426',2115,,11012,1,,,0
14029,'1198570',815,,11013,1,,,0
14029,'1198612',2315,,11014,1,,,0
14029,'1198728',815,,11015,1,,,0
14029,'1198772',1815,,11016,1,,,0
14029,'1198830',915,,11017,1,,,0
14029,'1198941',1115,,11018,1,,,0
14029,'1198956',1415,,11019,1,,,0
14029,'1199040',2015,,11020,1,,,0
14029,'1199065',1215,,11021,1,,,0
14029,'1199076',1815,,11022,1,,,0
14029,'1199083',1645,,11023,1,,,0
14029,'1199184',915,,11024,1,,,0
14029,'1199200',815,,11025,1,,,0
14029,'1199222',1545,,11026,1,,,0
14029,'1199266',1315,,11027,1,,,0
14029,'1199447',1915,,11028,1,,,0
14029,'1199472',2015,,11029,1,,,0
14029,'1199520',1015,,11030,1,,,0
14029,'1199554',715,,11031,1,,,0
14029,'1199573',1915,,11032,1,,,0
14029,'1199643',1445,,11033,1,,,0
24019,'1196934',630,,11187,1,,,0
24019,'1196988',800,,11188,1,,,0
24019,'1197014',2100,,11189,1,,,0
24019,'1197021',2350,,11190,1,,,0
24019,'1197025',700,,11191,1,,,0
24019,'1197047',1430,,11192,1,,,0
24019,'1197094',1000,,11193,1,,,0
24019,'1197127',2230,,11194,1,,,0
24019,'1197154',915,,11195,1,,,0
24019,'1197203',1600,,11196,1,,,0
24019,'1197210',1315,,11197,1,,,0
24019,'1197244',600,,11198,1,,,0
24019,'1197285',1800,,11199,1,,,0
24019,'1197390',1700,,11200,1,,,0
24019,'1197431',1530,,11201,1,,,0
24019,'1197489',2215,,11202,1,,,0
24019,'1197506',1100,,11203,1,,,0
24019,'1197518',1700,,11204,1,,,0
24019,'1197546',1000,,11205,1,,,0
24019,'1197591',1900,,11206,1,,,0
24019,'1197620',900,,11207,1,,,0
24019,'1197680',1400,,11208,1,,,0
24019,'1197686',1915,,11209,1,,,0
24019,'1197707',1300,,11210,1,,,0
24019,'1197750',2130,,11211,1,,,0
24019,'1197764',1630,,11212,1,,,0
24019,'1197783',2115,,11213,1,,,0
24019,'1197805',730,,11214,1,,,0
24019,'1197843',1615,,11215,1,,,0
24019,'1197844',1200,,11216,1,,,0
24019,'1197878',1415,,11217,1,,,0
24019,'1197883',1300,,11218,1,,,0
24019,'1197954',1815,,11219,1,,,0
24019,'1197955',700,,11220,1,,,0
24019,'1197996',800,,11221,1,,,0
24019,'1198055',1400,,11222,1,,,0
24019,'1198087',1100,,11223,1,,,0
24019,'1198107',1515,,11224,1,,,0
24019,'1198126',2000,,11225,1,,,0
24019,'1198142',930,,11226,1,,,0
24019,'1198175',1600,,11227,1,,,0
24019,'1198559',1830,,11228,1,,,0
24019,'1198657',2315,,11229,1,,,0
24019,'1198659',815,,11230,1,,,0
24019,'1198709',1715,,11231,1,,,0
24019,'1198800',2015,,11232,1,,,0
24019,'1198948',900,,11233,1,,,0
24019,'1198975',1215,,11234,1,,,0
24019,'1199043',1015,,11235,1,,,0
24019,'1199106',715,,11236,1,,,0
24019,'1199219',2200,,11237,1,,,0
24019,'1199387',830,,11238,1,,,0
24019,'1199435',1115,,11239,1,,,0
24019,'1199454',2030,,11240,1,,,0
24019,'1199463',1500,,11241,1,,,0
24019,'1199504',1200,,11242,1,,,0
24019,'1199506',1500,,11243,1,,,0
24019,'1199592',1930,,11244,1,,,0
24019,'1199595',1730,,11245,1,,,0
24019,'1199609',2300,,11246,1,,,0
24029,'1196855',2153,,11247,13,4,,0
24029,'1196863',1624,,11248,13,4,,0
24029,'1196903',1655,,11249,13,4,,0
24029,'1196935',1540,,11250,13,4,,0
24029,'1196998',953,,11251,13,4,,0
24029,'1197011',623,,11252,13,4,,0
24029,'1197043',2023,,11253,13,4,,0
24029,'1197098',1025,,11254,13,4,,0
24029,'1197100',1555,,11255,13,4,,0
24029,'1197147',823,,11256,13,4,,0
24029,'1197194',1725,,11257,13,4,,0
24029,'1197347',1225,,11258,13,4,,0
24029,'1197395',2340,,11259,13,4,,0
24029,'1197401',1240,,11260,13,4,,0
24029,'1197449',1525,,11261,13,4,,0
24029,'1197535',1440,,11262,13,4,,0
24029,'1197571',1953,,11263,13,4,,0
24029,'1197636',840,,11264,13,4,,0
24029,'1197711',1425,,11265,13,4,,0
24029,'1197716',1425,,11266,13,4,,0
24029,'1197740',1625,,11267,13,4,,0
24029,'1197752',2253,,11268,13,4,,0
24029,'1197838',923,,11269,13,4,,0
24029,'1197859',925,,11270,13,4,,0
24029,'1197868',2053,,11271,13,4,,0
24029,'1198001',1325,,11272,13,4,,0
24029,'1198033',723,,11273,13,4,,0
24029,'1198069',1840,,11274,13,4,,0
24029,'1198091',753,,11275,13,4,,0
24029,'1198103',2040,,11276,13,4,,0
24029,'1198109',740,,11277,13,4,,0
24029,'1198307',2123,,11278,13,4,,0
24029,'1198333',1040,,11279,13,4,,0
24029,'1198357',1023,,11280,13,4,,0
24029,'1198422',1740,,11281,13,4,,0
24029,'1198495',1325,,11282,13,4,,0
24029,'1198628',1940,,11283,13,4,,0
24029,'1198699',1340,,11284,13,4,,0
24029,'1198752',1125,,11285,13,4,,0
24029,'1198764',1455,,11286,13,4,,0
24029,'1198765',1724,,11287,13,4,,0
24029,'1198785',2223,,11288,13,4,,0
24029,'1198801',1225,,11289,13,4,,0
24029,'1198831',1755,,11290,13,4,,0
24029,'1198847',1640,,11291,13,4,,0
24029,'1198886',723,,11292,13,4,,0
24029,'1198954',1140,,11293,13,4,,0
24029,'1198966',1525,,11294,13,4,,0
24029,'1198971',2240,,11295,13,4,,0
24029,'1199014',1923,,11296,13,4,,0
24029,'1199150',2323,,11297,13,4,,0
24029,'1199169',2413,,11298,13,4,,0
24029,'1199217',1125,,11299,13,4,,0
24029,'1199230',824,,11300,13,4,,0
24029,'1199287',653,,11301,13,4,,0
24029,'1199365',2140,,11302,13,4,,0
24029,'1199397',853,,11303,13,4,,0
24029,'1199530',940,,11304,13,4,,0
24029,'1199545',1853,,11305,13,4,,0
24029,'1199636',1823,,11306,13,4,,0
25019,'1196864',1230,,11307,1,,,0
25019,'1196932',1730,,11308,1,,,0
25019,'1196994',1930,,11309,1,,,0
25019,'1197064',715,,11310,1,,,0
25019,'1197079',2350,,11311,1,,,0
25019,'1197084',2315,,11312,1,,,0
25019,'1197151',730,,11313,1,,,0
25019,'1197299',2130,,11314,1,,,0
25019,'1197317',1330,,11315,1,,,0
25019,'1197342',1730,,11316,1,,,0
25019,'1197442',1515,,11317,1,,,0
25019,'1197448',1600,,11318,1,,,0
25019,'1197471',1030,,11319,1,,,0
25019,'1197624',1830,,11320,1,,,0
25019,'1197657',2115,,11321,1,,,0
25019,'1197660',830,,11322,1,,,0
25019,'1197687',2330,,11323,1,,,0
25019,'1197702',1200,,11324,1,,,0
25019,'1197757',730,,11325,1,,,0
25019,'1197760',1530,,11326,1,,,0
25019,'1197771',2015,,11327,1,,,0
25019,'1198004',2215,,11328,1,,,0
25019,'1198021',700,,11329,1,,,0
25019,'1198071',1930,,11330,1,,,0
25019,'1198079',630,,11331,1,,,0
25019,'1198190',2030,,11332,1,,,0
25019,'1198267',2230,,11333,1,,,0
25019,'1198315',900,,11334,1,,,0
25019,'1198388',1400,,11335,1,,,0
25019,'1198435',2230,,11336,1,,,0
25019,'1198457',630,,11337,1,,,0
25019,'1198479',930,,11338,1,,,0
25019,'1198492',1430,,11339,1,,,0
25019,'1198496',1830,,11340,1,,,0
25019,'1198512',1715,,11341,1,,,0
25019,'1198566',1130,,11342,1,,,0
25019,'1198604',1415,,11343,1,,,0
25019,'1198759',1315,,11344,1,,,0
25019,'1198776',2130,,11345,1,,,0
25019,'1198803',1500,,11346,1,,,0
25019,'1198823',2030,,11347,1,,,0
25019,'1198862',1915,,11348,1,,,0
25019,'1198902',1430,,11349,1,,,0
25019,'1198938',830,,11350,1,,,0
25019,'1199011',1100,,11351,1,,,0
25019,'1199070',1000,,11352,1,,,0
25019,'1199074',815,,11353,1,,,0
25019,'1199097',800,,11354,1,,,0
25019,'1199125',915,,11355,1,,,0
25019,'1199183',1300,,11356,1,,,0
25019,'1199208',1215,,11357,1,,,0
25019,'1199212',1815,,11358,1,,,0
25019,'1199258',1630,,11359,1,,,0
25019,'1199359',1015,,11360,1,,,0
25019,'1199389',930,,11361,1,,,0
25019,'1199464',1630,,11362,1,,,0
25019,'1199480',1700,,11363,1,,,0
25019,'1199589',1115,,11364,1,,,0
25019,'1199634',1530,,11365,1,,,0
25019,'1199649',1615,,11366,1,,,0
25029,'1196916',954,,11367,11,4,,0
25029,'1196933',1554,,11368,11,4,,0
25029,'1196986',1138,,11369,11,4,,0
25029,'1197030',2153,,11370,11,4,,0
25029,'1197059',652,,11371,11,4,,0
25029,'1197302',1853,,11372,11,4,,0
25029,'1197319',854,,11373,11,4,,0
25029,'1197349',1254,,11374,11,4,,0
25029,'1197435',2038,,11375,11,4,,0
25029,'1197457',2053,,11376,11,4,,0
25029,'1197616',2413,,11377,11,4,,0
25029,'1197705',2238,,11378,11,4,,0
25029,'1197793',1624,,11379,11,4,,0
25029,'1197804',738,,11380,11,4,,0
25029,'1197835',1654,,11381,11,4,,0
25029,'1197846',924,,11382,11,4,,0
25029,'1197932',724,,11383,11,4,,0
25029,'1198032',938,,11384,11,4,,0
25029,'1198046',1024,,11385,11,4,,0
25029,'1198129',1454,,11386,11,4,,0
25029,'1198137',2253,,11387,11,4,,0
25029,'1198143',1238,,11388,11,4,,0
25029,'1198148',1853,,11389,11,4,,0
25029,'1198154',1324,,11390,11,4,,0
25029,'1198159',754,,11391,11,4,,0
25029,'1198222',1938,,11392,11,4,,0
25029,'1198225',1554,,11393,11,4,,0
25029,'1198233',1724,,11394,11,4,,0
25029,'1198344',2153,,11395,11,4,,0
25029,'1198370',1454,,11396,11,4,,0
25029,'1198438',1224,,11397,11,4,,0
25029,'1198503',1654,,11398,11,4,,0
25029,'1198561',2338,,11399,11,4,,0
25029,'1198597',1054,,11400,11,4,,0
25029,'1198609',2053,,11401,11,4,,0
25029,'1198649',2138,,11402,11,4,,0
25029,'1198679',1754,,11403,11,4,,0
25029,'1198692',1154,,11404,11,4,,0
25029,'1198706',654,,11405,11,4,,0
25029,'1198719',2253,,11406,11,4,,0
25029,'1198720',1738,,11407,11,4,,0
25029,'1198786',1524,,11408,11,4,,0
25029,'1198863',1424,,11409,11,4,,0
25029,'1198875',853,,11410,11,4,,0
25029,'1198879',1953,,11411,11,4,,0
25029,'1198885',1038,,11412,11,4,,0
25029,'1198987',1838,,11413,11,4,,0
25029,'1198994',1538,,11414,11,4,,0
25029,'1199055',752,,11415,11,4,,0
25029,'1199102',2352,,11416,11,4,,0
25029,'1199182',824,,11417,11,4,,0
25029,'1199195',1124,,11418,11,4,,0
25029,'1199236',954,,11419,11,4,,0
25029,'1199255',1438,,11420,11,4,,0
25029,'1199294',1338,,11421,11,4,,0
25029,'1199362',1953,,11422,11,4,,0
25029,'1199541',1753,,11423,11,4,,0
25029,'1199549',1638,,11424,11,4,,0
25029,'1199576',1354,,11425,11,4,,0
25029,'1199642',838,,11426,11,4,,0
26019,'1196833',2200,,11427,1,,,0
26019,'1196844',2245,,11428,1,,,0
26019,'1196949',700,,11429,1,,,0
26019,'1197013',1945,,11430,1,,,0
26019,'1197027',1800,,11431,1,,,0
26019,'1197186',1100,,11432,1,,,0
26019,'1197303',1745,,11433,1,,,0
26019,'1197313',1900,,11434,1,,,0
26019,'1197393',1300,,11435,1,,,0
26019,'1197399',1000,,11436,1,,,0
26019,'1197400',1030,,11437,1,,,0
26019,'1197410',1145,,11438,1,,,0
26019,'1197475',1545,,11439,1,,,0
26019,'1197528',2000,,11440,1,,,0
26019,'1197539',845,,11441,1,,,0
26019,'1197549',2100,,11442,1,,,0
26019,'1197586',1700,,11443,1,,,0
26019,'1197594',1430,,11444,1,,,0
26019,'1197600',1345,,11445,1,,,0
26019,'1197749',745,,11446,1,,,0
26019,'1197787',1230,,11447,1,,,0
26019,'1197806',900,,11448,1,,,0
26019,'1197817',1400,,11449,1,,,0
26019,'1197995',1600,,11450,1,,,0
26019,'1198158',1245,,11451,1,,,0
26019,'1198274',1130,,11452,1,,,0
26019,'1198317',1445,,11453,1,,,0
26019,'1198334',1500,,11454,1,,,0
26019,'1198448',600,,11455,1,,,0
26019,'1198587',2300,,11456,1,,,0
26019,'1198626',800,,11457,1,,,0
26019,'1198633',900,,11458,1,,,0
26019,'1198635',700,,11459,1,,,0
26019,'1198640',2100,,11460,1,,,0
26019,'1198642',945,,11461,1,,,0
26019,'1198658',1045,,11462,1,,,0
26019,'1198670',1800,,11463,1,,,0
26019,'1198825',1500,,11464,1,,,0
26019,'1198834',1600,,11465,1,,,0
26019,'1198899',2000,,11466,1,,,0
26019,'1198969',1200,,11467,1,,,0
26019,'1199019',1645,,11468,1,,,0
26019,'1199155',800,,11469,1,,,0
26019,'1199246',1000,,11470,1,,,0
26019,'1199249',1330,,11471,1,,,0
26019,'1199290',600,,11472,1,,,0
26019,'1199307',2145,,11473,1,,,0
26019,'1199310',1700,,11474,1,,,0
26019,'1199313',2300,,11475,1,,,0
26019,'1199493',1900,,11476,1,,,0
26019,'1199515',1845,,11477,1,,,0
26019,'1199654',2200,,11478,1,,,0
26019,'1199656',2045,,11479,1,,,0
26029,'1196873',1810,,11480,21,4,,0
26029,'1196910',2310,,11481,21,4,,0
26029,'1196913',1125,,11482,21,4,,0
26029,'1196977',1624,,11483,21,4,,0
26029,'1196980',1026,,11484,21,4,,0
26029,'1197179',2024,,11485,21,4,,0
26029,'1197404',1256,,11486,21,4,,0
26029,'1197498',1925,,11487,21,4,,0
26029,'1197625',926,,11488,21,4,,0
26029,'1197661',1024,,11489,21,4,,0
26029,'1197679',1910,,11490,21,4,,0
26029,'1197751',2223,,11491,21,4,,0
26029,'1197754',623,,11492,21,4,,0
26029,'1197782',1525,,11493,21,4,,0
26029,'1197814',2225,,11494,21,4,,0
26029,'1197860',823,,11495,21,4,,0
26029,'1197884',810,,11496,21,4,,0
26029,'1197936',1325,,11497,21,4,,0
26029,'1197940',1225,,11498,21,4,,0
26029,'1197960',1156,,11499,21,4,,0
26029,'1197999',2124,,11500,21,4,,0
26029,'1198011',1610,,11501,21,4,,0
26029,'1198044',1410,,11502,21,4,,0
26029,'1198105',2125,,11503,21,4,,0
26029,'1198189',1824,,11504,21,4,,0
26029,'1198210',1056,,11505,21,4,,0
26029,'1198276',1627,,11506,21,4,,0
26029,'1198303',1210,,11507,21,4,,0
26029,'1198354',2025,,11508,21,4,,0
26029,'1198406',626,,11509,21,4,,0
26029,'1198482',1110,,11510,21,4,,0
26029,'1198544',1710,,11511,21,4,,0
26029,'1198822',2323,,11512,21,4,,0
26029,'1198850',1826,,11513,21,4,,0
26029,'1198867',1510,,11514,21,4,,0
26029,'1198935',723,,11515,21,4,,0
26029,'1198937',2010,,11516,21,4,,0
26029,'1199008',726,,11517,21,4,,0
26029,'1199034',1924,,11518,21,4,,0
26029,'1199114',2325,,11519,21,4,,0
26029,'1199122',1726,,11520,21,4,,0
26029,'1199135',1526,,11521,21,4,,0
26029,'1199139',1010,,11522,21,4,,0
26029,'1199216',2210,,11523,21,4,,0
26029,'1199265',1310,,11524,21,4,,0
26029,'1199273',910,,11525,21,4,,0
26029,'1199292',1724,,11526,21,4,,0
26029,'1199311',1456,,11527,21,4,,0
26029,'1199314',1356,,11528,21,4,,0
26029,'1199512',2110,,11529,21,4,,0
26029,'1199532',923,,11530,21,4,,0
26029,'1199605',1425,,11531,21,4,,0
26029,'1199628',826,,11532,21,4,,0
27019,'1196842',1905,,11533,12,4,,0
27019,'1196846',1650,,11534,12,4,,0
27019,'1196878',950,,11535,12,4,,0
27019,'1196919',1405,,11536,12,4,,0
27019,'1196930',2120,,11537,12,4,,0
27019,'1197039',850,,11538,12,4,,0
27019,'1197044',1550,,11539,12,4,,0
27019,'1197171',2320,,11540,12,4,,0
27019,'1197352',950,,11541,12,4,,0
27019,'1197376',1050,,11542,12,4,,0
27019,'1197425',850,,11543,12,4,,0
27019,'1197453',1920,,11544,12,4,,0
27019,'1197540',2350,,11545,12,4,,0
27019,'1197614',650,,11546,12,4,,0
27019,'1197700',1005,,11547,12,4,,0
27019,'1197712',1150,,11548,12,4,,0
27019,'1197781',1750,,11549,12,4,,0
27019,'1197786',1450,,11550,12,4,,0
27019,'1197791',2220,,11551,12,4,,0
27019,'1197796',1050,,11552,12,4,,0
27019,'1197826',1105,,11553,12,4,,0
27019,'1197858',2250,,11554,12,4,,0
27019,'1197876',1150,,11555,12,4,,0
27019,'1197898',905,,11556,12,4,,0
27019,'1197907',1350,,11557,12,4,,0
27019,'1197930',2105,,11558,12,4,,0
27019,'1197969',2205,,11559,12,4,,0
27019,'1197974',2150,,11560,12,4,,0
27019,'1198068',1250,,11561,12,4,,0
27019,'1198176',2020,,11562,12,4,,0
27019,'1198217',1605,,11563,12,4,,0
27019,'1198254',2305,,11564,12,4,,0
27019,'1198284',2050,,11565,12,4,,0
27019,'1198330',1705,,11566,12,4,,0
27019,'1198516',1950,,11567,12,4,,0
27019,'1198596',650,,11568,12,4,,0
27019,'1198639',750,,11569,12,4,,0
27019,'1198652',1650,,11570,12,4,,0
27019,'1198762',1805,,11571,12,4,,0
27019,'1198768',1505,,11572,12,4,,0
27019,'1198893',1205,,11573,12,4,,0
27019,'1198985',805,,11574,12,4,,0
27019,'1199071',1450,,11575,12,4,,0
27019,'1199163',750,,11576,12,4,,0
27019,'1199201',1850,,11577,12,4,,0
27019,'1199293',1750,,11578,12,4,,0
27019,'1199295',1850,,11579,12,4,,0
27019,'1199302',1250,,11580,12,4,,0
27019,'1199381',2005,,11581,12,4,,0
27019,'1199443',1350,,11582,12,4,,0
27019,'1199543',1305,,11583,12,4,,0
27019,'1199599',1550,,11584,12,4,,0
27029,'1196843',1900,,11585,1,,,0
27029,'1196859',2100,,11586,1,,,0
27029,'1196865',845,,11587,1,,,0
27029,'1196870',730,,11588,1,,,0
27029,'1196893',1845,,11589,1,,,0
27029,'1196942',1330,,11590,1,,,0
27029,'1196964',1030,,11591,1,,,0
27029,'1197001',945,,11592,1,,,0
27029,'1197057',1230,,11593,1,,,0
27029,'1197063',2245,,11594,1,,,0
27029,'1197118',1045,,11595,1,,,0
27029,'1197126',2300,,11596,1,,,0
27029,'1197166',2200,,11597,1,,,0
27029,'1197167',1930,,11598,1,,,0
27029,'1197214',1430,,11599,1,,,0
27029,'1197280',1130,,11600,1,,,0
27029,'1197364',2145,,11601,1,,,0
27029,'1197383',1345,,11602,1,,,0
27029,'1197443',1830,,11603,1,,,0
27029,'1197521',1630,,11604,1,,,0
27029,'1197550',1330,,11605,1,,,0
27029,'1197552',2030,,11606,1,,,0
27029,'1197559',730,,11607,1,,,0
27029,'1197626',1530,,11608,1,,,0
27029,'1197628',930,,11609,1,,,0
27029,'1197674',1945,,11610,1,,,0
27029,'1197691',1745,,11611,1,,,0
27029,'1197744',2330,,11612,1,,,0
27029,'1197837',1245,,11613,1,,,0
27029,'1198123',2045,,11614,1,,,0
27029,'1198136',1430,,11615,1,,,0
27029,'1198179',630,,11616,1,,,0
27029,'1198240',830,,11617,1,,,0
27029,'1198277',1130,,11618,1,,,0
27029,'1198367',2000,,11619,1,,,0
27029,'1198569',1730,,11620,1,,,0
27029,'1198593',930,,11621,1,,,0
27029,'1198736',630,,11622,1,,,0
27029,'1198833',1630,,11623,1,,,0
27029,'1198915',1230,,11624,1,,,0
27029,'1199039',1645,,11625,1,,,0
27029,'1199051',2130,,11626,1,,,0
27029,'1199087',1730,,11627,1,,,0
27029,'1199141',1145,,11628,1,,,0
27029,'1199160',1530,,11629,1,,,0
27029,'1199187',1830,,11630,1,,,0
27029,'1199254',745,,11631,1,,,0
27029,'1199263',1030,,11632,1,,,0
27029,'1199429',830,,11633,1,,,0
27029,'1199527',1445,,11634,1,,,0
27029,'1199570',2230,,11635,1,,,0
27029,'1199640',1545,,11636,1,,,0
101019,'1197003',619,,11803,61,4,,0
101019,'1197056',2157,,11804,61,4,,0
101019,'1197144',2356,,11805,61,4,,0
101019,'1197150',1556,,11806,61,4,,0
101019,'1197356',1356,,11807,61,4,,0
101019,'1197394',1557,,11808,61,4,,0
101019,'1197485',757,,11809,61,4,,0
101019,'1197542',1357,,11810,61,4,,0
101019,'1197666',1119,,11811,61,4,,0
101019,'1197703',2156,,11812,61,4,,0
101019,'1197735',1219,,11813,61,4,,0
101019,'1197816',1157,,11814,61,4,,0
101019,'1197893',819,,11815,61,4,,0
101019,'1198002',1756,,11816,61,4,,0
101019,'1198014',756,,11817,61,4,,0
101019,'1198130',1019,,11818,61,4,,0
101019,'1198162',1421,,11819,61,4,,0
101019,'1198212',1956,,11820,61,4,,0
101019,'1198408',2118,,11821,61,4,,0
101019,'1198684',957,,11822,61,4,,0
101019,'1198907',1957,,11823,61,4,,0
101019,'1199079',2319,,11824,61,4,,0
101019,'1199178',1821,,11825,61,4,,0
101019,'1199186',1621,,11826,61,4,,0
101019,'1199279',1757,,11827,61,4,,0
101019,'1199401',956,,11828,61,4,,0
101019,'1199471',1919,,11829,61,4,,0
101019,'1199497',1156,,11830,61,4,,0
101019,'1199519',919,,11831,61,4,,0
101019,'1199566',1521,,11832,61,4,,0
101019,'1199626',1721,,11833,61,4,,0
101029,'1196911',730,,11834,1,,,0
101029,'1197033',1815,,11835,1,,,0
101029,'1197060',830,,11836,1,,,0
101029,'1197096',1015,,11837,1,,,0
101029,'1197257',1030,,11838,1,,,0
101029,'1197272',1215,,11839,1,,,0
101029,'1197326',1530,,11840,1,,,0
101029,'1197581',2015,,11841,1,,,0
101029,'1197673',1415,,11842,1,,,0
101029,'1197747',2130,,11843,1,,,0
101029,'1197977',1615,,11844,1,,,0
101029,'1198059',615,,11845,1,,,0
101029,'1198116',1015,,11846,1,,,0
101029,'1198125',815,,11847,1,,,0
101029,'1198200',1215,,11848,1,,,0
101029,'1198251',930,,11849,1,,,0
101029,'1198346',815,,11850,1,,,0
101029,'1198498',2215,,11851,1,,,0
101029,'1198530',2215,,11852,1,,,0
101029,'1198631',1630,,11853,1,,,0
101029,'1198644',2350,,11854,1,,,0
101029,'1198710',1615,,11855,1,,,0
101029,'1198715',1730,,11856,1,,,0
101029,'1198953',2015,,11857,1,,,0
101029,'1198984',1330,,11858,1,,,0
101029,'1199108',1230,,11859,1,,,0
101029,'1199117',630,,11860,1,,,0
101029,'1199304',1815,,11861,1,,,0
101029,'1199366',1415,,11862,1,,,0
101029,'1199567',1930,,11863,1,,,0
101029,'1199585',1430,,11864,1,,,0
104019,'1196891',2315,,12027,1,,,0
104019,'1197169',2350,,12028,1,,,0
104019,'1197256',1315,,12029,1,,,0
104019,'1197286',2115,,12030,1,,,0
104019,'1197298',1145,,12031,1,,,0
104019,'1197387',2215,,12032,1,,,0
104019,'1197452',1945,,12033,1,,,0
104019,'1197544',900,,12034,1,,,0
104019,'1197547',1215,,12035,1,,,0
104019,'1197640',1515,,12036,1,,,0
104019,'1197714',1745,,12037,1,,,0
104019,'1197725',2045,,12038,1,,,0
104019,'1197761',715,,12039,1,,,0
104019,'1197801',945,,12040,1,,,0
104019,'1197820',745,,12042,1,,,0
104019,'1197873',600,,12043,1,,,0
104019,'1197937',1445,,12044,1,,,0
104019,'1198060',1715,,12045,1,,,0
104019,'1198073',2330,,12046,1,,,0
104019,'1198077',2215,,12047,1,,,0
104019,'1198194',1100,,12048,1,,,0
104019,'1198253',1115,,12049,1,,,0
104019,'1198313',1445,,12050,1,,,0
104019,'1198322',1600,,12051,1,,,0
104019,'1198353',1230,,12052,1,,,0
104019,'1198411',915,,12053,1,,,0
104019,'1198567',1715,,12055,1,,,0
104019,'1198664',830,,12056,1,,,0
104019,'1198683',1330,,12057,1,,,0
104019,'1198738',1915,,12058,1,,,0
104019,'1198750',1915,,12059,1,,,0
104019,'1198780',830,,12060,1,,,0
104019,'1198913',1400,,12061,1,,,0
104019,'1198958',630,,12062,1,,,0
104019,'1199185',715,,12064,1,,,0
104019,'1199190',1100,,12065,1,,,0
104019,'1199331',1315,,12066,1,,,0
104019,'1199407',1830,,12067,1,,,0
104019,'1199459',1700,,12068,1,,,0
104019,'1199490',1615,,12069,1,,,0
104019,'1199539',945,,12070,1,,,0
104019,'1199564',715,,12071,1,,,0
104019,'1199583',1530,,12072,1,,,0
104019,'1199617',2100,,12073,1,,,0
104029,'1196835',2024,,12074,47,4,,0
104029,'1196857',824,,12075,47,4,,0
104029,'1196889',824,,12076,47,4,,0
104029,'1196928',1809,,12077,47,4,,0
104029,'1197002',709,,12078,47,4,,0
104029,'1197045',1607,,12079,47,4,,0
104029,'1197133',854,,12080,47,4,,0
104029,'1197341',1307,,12081,47,4,,0
104029,'1197454',1824,,12082,47,4,,0
104029,'1197461',739,,12083,47,4,,0
104029,'1197467',2224,,12084,47,4,,0
104029,'1197481',624,,12085,47,4,,0
104029,'1197553',2154,,12086,47,4,,0
104029,'1197574',939,,12087,47,4,,0
104029,'1197583',2209,,12088,47,4,,0
104029,'1197794',1824,,12089,47,4,,0
104029,'1197965',1424,,12090,47,4,,0
104029,'1197979',1554,,12091,47,4,,0
104029,'1198234',1054,,12092,47,4,,0
104029,'1198287',1652,,12093,47,4,,0
104029,'1198288',1222,,12094,47,4,,0
104029,'1198449',1324,,12095,47,4,,0
104029,'1198458',1939,,12096,47,4,,0
104029,'1198510',1009,,12097,47,4,,0
104029,'1198521',824,,12098,47,4,,0
104029,'1198558',1709,,12099,47,4,,0
104029,'1198578',1737,,12100,47,4,,0
104029,'1198686',1437,,12101,47,4,,0
104029,'1198694',1522,,12102,47,4,,0
104029,'1198755',1024,,12103,47,4,,0
104029,'1198909',1224,,12104,47,4,,0
104029,'1198979',1209,,12105,47,4,,0
104029,'1199045',2324,,12106,47,4,,0
104029,'1199127',2324,,12107,47,4,,0
104029,'1199159',1352,,12108,47,4,,0
104029,'1199181',939,,12109,47,4,,0
104029,'1199193',1624,,12110,47,4,,0
104029,'1199356',1439,,12111,47,4,,0
104029,'1199360',2054,,12112,47,4,,0
104029,'1199374',709,,12113,47,4,,0
104029,'1199380',1054,,12114,47,4,,0
104029,'1199442',1854,,12115,47,4,,0
104029,'1199577',2024,,12116,47,4,,0
105019,'1196946',952,,12117,115,4,,0
105019,'1197049',1907,,12118,115,4,,0
105019,'1197077',640,,12119,115,4,,0
105019,'1197115',1252,,12120,115,4,,0
105019,'1197131',752,,12121,115,4,,0
105019,'1197173',1254,,12122,115,4,,0
105019,'1197181',1107,,12123,115,4,,0
105019,'1197192',2240,,12124,115,4,,0
105019,'1197197',1552,,12125,115,4,,0
105019,'1197292',1354,,12126,115,4,,0
105019,'1197296',1652,,12127,115,4,,0
105019,'1197531',1454,,12128,115,4,,0
105019,'1197548',2010,,12129,115,4,,0
105019,'1197557',1654,,12130,115,4,,0
105019,'1197588',907,,12131,115,4,,0
105019,'1197596',2140,,12132,115,4,,0
105019,'1197617',1554,,12133,115,4,,0
105019,'1197633',1307,,12134,115,4,,0
105019,'1197710',849,,12135,115,4,,0
105019,'1197779',1837,,12136,115,4,,0
105019,'1197825',1507,,12137,115,4,,0
105019,'1197971',1152,,12138,115,4,,0
105019,'1198112',710,,12139,115,4,,0
105019,'1198338',1154,,12140,115,4,,0
105019,'1198380',2307,,12141,115,4,,0
105019,'1198385',1807,,12142,115,4,,0
105019,'1198553',1407,,12143,115,4,,0
105019,'1198560',2107,,12144,115,4,,0
105019,'1198571',1707,,12145,115,4,,0
105019,'1198621',819,,12146,115,4,,0
105019,'1198667',1049,,12147,115,4,,0
105019,'1198717',1622,,12148,115,4,,0
105019,'1198741',949,,12149,115,4,,0
105019,'1198746',1937,,12150,115,4,,0
105019,'1198889',740,,12151,115,4,,0
105019,'1199004',1507,,12152,115,4,,0
105019,'1199054',1722,,12153,115,4,,0
105019,'1199098',919,,12154,115,4,,0
105019,'1199298',2440,,12155,115,4,,0
105019,'1199347',2352,,12156,115,4,,0
105019,'1199383',2340,,12157,115,4,,0
105019,'1199400',1754,,12158,115,4,,0
105019,'1199461',1907,,12159,115,4,,0
105019,'1199511',1854,,12160,115,4,,0
105019,'1199546',2152,,12161,115,4,,0
105019,'1199574',1954,,12162,115,4,,0
105029,'1196840',2245,,12163,1,,,0
105029,'1196987',1000,,12164,1,,,0
105029,'1196996',1630,,12165,1,,,0
105029,'1197020',1515,,12166,1,,,0
105029,'1197097',1730,,12167,1,,,0
105029,'1197137',2000,,12168,1,,,0
105029,'1197220',1945,,12169,1,,,0
105029,'1197228',1445,,12170,1,,,0
105029,'1197231',715,,12171,1,,,0
105029,'1197439',1115,,12172,1,,,0
105029,'1197501',1915,,12173,1,,,0
105029,'1197522',2115,,12174,1,,,0
105029,'1197561',945,,12175,1,,,0
105029,'1197638',915,,12176,1,,,0
105029,'1197840',2045,,12177,1,,,0
105029,'1197853',2145,,12178,1,,,0
105029,'1197918',1815,,12179,1,,,0
105029,'1197968',2315,,12180,1,,,0
105029,'1198013',1315,,12181,1,,,0
105029,'1198037',1045,,12182,1,,,0
105029,'1198064',1800,,12183,1,,,0
105029,'1198187',1200,,12184,1,,,0
105029,'1198214',1715,,12185,1,,,0
105029,'1198417',1300,,12186,1,,,0
105029,'1198447',1700,,12187,1,,,0
105029,'1198529',1500,,12188,1,,,0
105029,'1198616',645,,12189,1,,,0
105029,'1198625',1600,,12190,1,,,0
105029,'1198711',1300,,12191,1,,,0
105029,'1198718',1515,,12192,1,,,0
105029,'1198725',1700,,12193,1,,,0
105029,'1198779',800,,12194,1,,,0
105029,'1198918',1400,,12195,1,,,0
105029,'1198922',2350,,12196,1,,,0
105029,'1198923',615,,12197,1,,,0
105029,'1199012',600,,12198,1,,,0
105029,'1199037',1345,,12199,1,,,0
105029,'1199107',1415,,12200,1,,,0
105029,'1199124',2400,,12201,1,,,0
105029,'1199144',1200,,12202,1,,,0
105029,'1199148',715,,12203,1,,,0
105029,'1199220',1100,,12204,1,,,0
105029,'1199470',2200,,12205,1,,,0
105029,'1199473',845,,12206,1,,,0
105029,'1199604',745,,12207,1,,,0
105029,'1199607',1600,,12208,1,,,0
106019,'1196832',930,,12209,1,,,0
106019,'1196841',700,,12210,1,,,0
106019,'1197348',815,,12211,1,,,0
106019,'1197389',1800,,12212,1,,,0
106019,'1197951',1530,,12213,1,,,0
106019,'1198120',1645,,12214,1,,,0
106029,'1196836',1638,,12215,46,4,,0
106029,'1196851',1753,,12216,46,4,,0
106029,'1197042',1036,,12217,46,4,,0
106029,'1197408',1908,,12218,46,4,,0
106029,'1198086',806,,12219,46,4,,0
106029,'1198615',921,,12220,46,4,,0
140001019,'1196866',823,,12221,25,4,,0
140001019,'1196880',2221,,12222,25,4,,0
140001019,'1196896',1038,,12223,25,4,,0
140001019,'1196898',2153,,12224,25,4,,0
140001019,'1196900',1939,,12225,25,4,,0
140001019,'1196905',1910,,12226,25,4,,0
140001019,'1196939',2323,,12227,25,4,,0
140001019,'1196943',1340,,12228,25,4,,0
140001019,'1196945',2348,,12229,25,4,,0
140001019,'1196967',653,,12230,25,4,,0
140001019,'1197008',1410,,12231,25,4,,0
140001019,'1197072',1434,,12232,25,4,,0
140001019,'1197075',1555,,12233,25,4,,0
140001019,'1197086',1854,,12234,25,4,,0
140001019,'1197088',2053,,12235,25,4,,0
140001019,'1197102',708,,12236,25,4,,0
140001019,'1197146',1610,,12237,25,4,,0
140001019,'1197212',1325,,12238,25,4,,0
140001019,'1197216',938,,12239,25,4,,0
140001019,'1197238',1210,,12240,25,4,,0
140001019,'1197266',1510,,12241,25,4,,0
140001019,'1197267',1640,,12242,25,4,,0
140001019,'1197281',1649,,12243,25,4,,0
140001019,'1197287',953,,12244,25,4,,0
140001019,'1197324',1619,,12245,25,4,,0
140001019,'1197328',1023,,12246,25,4,,0
140001019,'1197350',1053,,12247,25,4,,0
140001019,'1197407',1425,,12248,25,4,,0
140001019,'1197438',1740,,12249,25,4,,0
140001019,'1197459',1008,,12250,25,4,,0
140001019,'1197465',1140,,12251,25,4,,0
140001019,'1197470',1755,,12252,25,4,,0
140001019,'1197474',1023,,12253,25,4,,0
140001019,'1197516',1449,,12254,25,4,,0
140001019,'1197563',1838,,12255,25,4,,0
140001019,'1197567',1953,,12256,25,4,,0
140001019,'1197593',1240,,12257,25,4,,0
140001019,'1197607',1704,,12258,25,4,,0
140001019,'1197613',1804,,12259,25,4,,0
140001019,'1197621',1810,,12260,25,4,,0
140001019,'1197622',2039,,12261,25,4,,0
140001019,'1197646',1225,,12262,25,4,,0
140001019,'1197676',1155,,12263,25,4,,0
140001019,'1197685',1040,,12264,25,4,,0
140001019,'1197688',1325,,12265,25,4,,0
140001019,'1197689',1440,,12266,25,4,,0
140001019,'1197693',1749,,12267,25,4,,0
140001019,'1197729',2009,,12268,25,4,,0
140001019,'1197734',1610,,12269,25,4,,0
140001019,'1197741',1340,,12270,25,4,,0
140001019,'1197745',1225,,12271,25,4,,0
140001019,'1197767',1125,,12272,25,4,,0
140001019,'1197797',2023,,12273,25,4,,0
140001019,'1197802',908,,12274,25,4,,0
140001019,'1197830',923,,12275,25,4,,0
140001019,'1197894',1825,,12276,25,4,,0
140001019,'1197944',1110,,12277,25,4,,0
140001019,'1197964',1310,,12278,25,4,,0
140001019,'1197966',1055,,12279,25,4,,0
140001019,'1197987',1634,,12280,25,4,,0
140001019,'1197988',753,,12281,25,4,,0
140001019,'1198009',2109,,12282,25,4,,0
140001019,'1198027',2310,,12283,25,4,,0
140001019,'1198035',838,,12284,25,4,,0
140001019,'1198147',2110,,12285,25,4,,0
140001019,'1198155',1210,,12286,25,4,,0
140001019,'1198177',2054,,12287,25,4,,0
140001019,'1198195',1310,,12288,25,4,,0
140001019,'1198235',1710,,12289,25,4,,0
140001019,'1198264',1310,,12290,25,4,,0
140001019,'1198294',1410,,12291,25,4,,0
140001019,'1198302',2024,,12292,25,4,,0
140001019,'1198324',1810,,12293,25,4,,0
140001019,'1198349',738,,12294,25,4,,0
140001019,'1198356',1725,,12295,25,4,,0
140001019,'1198378',723,,12296,25,4,,0
140001019,'1198384',1140,,12297,25,4,,0
140001019,'1198418',1923,,12298,25,4,,0
140001019,'1198429',1909,,12299,25,4,,0
140001019,'1198452',1810,,12300,25,4,,0
140001019,'1198461',853,,12301,25,4,,0
140001019,'1198463',1839,,12302,25,4,,0
140001019,'1198487',1853,,12303,25,4,,0
140001019,'1198515',1240,,12304,25,4,,0
140001019,'1198535',1719,,12305,25,4,,0
140001019,'1198541',1108,,12306,25,4,,0
140001019,'1198549',653,,12307,25,4,,0
140001019,'1198579',1655,,12308,25,4,,0
140001019,'1198595',2124,,12309,25,4,,0
140001019,'1198601',1625,,12310,25,4,,0
140001019,'1198665',2321,,12311,25,4,,0
140001019,'1198666',810,,12312,25,4,,0
140001019,'1198714',1504,,12313,25,4,,0
140001019,'1198763',2423,,12314,25,4,,0
140001019,'1198766',1010,,12315,25,4,,0
140001019,'1198781',1824,,12316,25,4,,0
140001019,'1198791',1525,,12317,25,4,,0
140001019,'1198797',823,,12318,25,4,,0
140001019,'1198813',1510,,12319,25,4,,0
140001019,'1198814',2410,,12320,25,4,,0
140001019,'1198835',1355,,12321,25,4,,0
140001019,'1198872',853,,12322,25,4,,0
140001019,'1198878',1255,,12323,25,4,,0
140001019,'1198900',1519,,12324,25,4,,0
140001019,'1198920',2123,,12325,25,4,,0
140001019,'1198925',1123,,12326,25,4,,0
140001019,'1198926',923,,12327,25,4,,0
140001019,'1198932',1008,,12328,25,4,,0
140001019,'1198964',1734,,12329,25,4,,0
140001019,'1198965',1410,,12330,25,4,,0
140001019,'1198980',1549,,12331,25,4,,0
140001019,'1199018',2421,,12332,25,4,,0
140001019,'1199069',2210,,12333,25,4,,0
140001019,'1199136',1255,,12334,25,4,,0
140001019,'1199170',753,,12335,25,4,,0
140001019,'1199213',2351,,12336,25,4,,0
140001019,'1199235',910,,12337,25,4,,0
140001019,'1199268',808,,12338,25,4,,0
140001019,'1199282',1110,,12339,25,4,,0
140001019,'1199297',1534,,12340,25,4,,0
140001019,'1199319',953,,12341,25,4,,0
140001019,'1199330',1908,,12342,25,4,,0
140001019,'1199354',1954,,12343,25,4,,0
140001019,'1199367',2151,,12344,25,4,,0
140001019,'1199377',1210,,12345,25,4,,0
140001019,'1199402',1710,,12346,25,4,,0
140001019,'1199414',1455,,12347,25,4,,0
140001019,'1199449',1155,,12348,25,4,,0
140001019,'1199458',1355,,12349,25,4,,0
140001019,'1199468',2251,,12350,25,4,,0
140001019,'1199492',1604,,12351,25,4,,0
140001019,'1199516',2223,,12352,25,4,,0
140001019,'1199563',2253,,12353,25,4,,0
140001019,'1199606',1540,,12354,25,4,,0
140001019,'1199624',1924,,12355,25,4,,0
140001019,'1199632',723,,12356,25,4,,0
140001019,'1199638',2010,,12357,25,4,,0
140001029,'1196879',615,,12358,1,,,0
140001029,'1196954',945,,12359,1,,,0
140001029,'1196975',1015,,12360,1,,,0
140001029,'1196976',2315,,12361,1,,,0
140001029,'1197010',1330,,12362,1,,,0
140001029,'1197038',1100,,12363,1,,,0
140001029,'1197058',1830,,12364,1,,,0
140001029,'1197078',1115,,12365,1,,,0
140001029,'1197099',2245,,12366,1,,,0
140001029,'1197105',2315,,12367,1,,,0
140001029,'1197113',845,,12368,1,,,0
140001029,'1197141',1430,,12369,1,,,0
140001029,'1197155',1730,,12370,1,,,0
140001029,'1197162',930,,12371,1,,,0
140001029,'1197190',1545,,12372,1,,,0
140001029,'1197195',1645,,12373,1,,,0
140001029,'1197198',1345,,12374,1,,,0
140001029,'1197204',915,,12375,1,,,0
140001029,'1197222',1215,,12376,1,,,0
140001029,'1197249',1215,,12377,1,,,0
140001029,'1197271',1930,,12378,1,,,0
140001029,'1197276',1045,,12379,1,,,0
140001029,'1197293',1500,,12380,1,,,0
140001029,'1197305',1515,,12381,1,,,0
140001029,'1197370',1200,,12382,1,,,0
140001029,'1197377',2215,,12383,1,,,0
140001029,'1197379',745,,12384,1,,,0
140001029,'1197386',1815,,12385,1,,,0
140001029,'1197424',2045,,12386,1,,,0
140001029,'1197426',1000,,12387,1,,,0
140001029,'1197432',945,,12388,1,,,0
140001029,'1197460',2215,,12389,1,,,0
140001029,'1197482',615,,12390,1,,,0
140001029,'1197494',2350,,12391,1,,,0
140001029,'1197497',1645,,12392,1,,,0
140001029,'1197568',1315,,12393,1,,,0
140001029,'1197611',2245,,12394,1,,,0
140001029,'1197612',1530,,12395,1,,,0
140001029,'1197619',1815,,12396,1,,,0
140001029,'1197627',830,,12397,1,,,0
140001029,'1197635',2215,,12398,1,,,0
140001029,'1197649',1315,,12399,1,,,0
140001029,'1197658',1915,,12400,1,,,0
140001029,'1197662',1045,,12401,1,,,0
140001029,'1197723',915,,12402,1,,,0
140001029,'1197758',1230,,12403,1,,,0
140001029,'1197776',2015,,12404,1,,,0
140001029,'1197849',2145,,12405,1,,,0
140001029,'1197888',1945,,12406,1,,,0
140001029,'1197928',1415,,12407,1,,,0
140001029,'1197938',1400,,12408,1,,,0
140001029,'1197948',1445,,12409,1,,,0
140001029,'1197957',1600,,12410,1,,,0
140001029,'1197967',1700,,12411,1,,,0
140001029,'1197972',1545,,12412,1,,,0
140001029,'1197983',715,,12413,1,,,0
140001029,'1198007',2115,,12414,1,,,0
140001029,'1198048',730,,12415,1,,,0
140001029,'1198049',700,,12416,1,,,0
140001029,'1198081',1245,,12417,1,,,0
140001029,'1198099',930,,12418,1,,,0
140001029,'1198101',1115,,12419,1,,,0
140001029,'1198102',815,,12420,1,,,0
140001029,'1198131',2015,,12421,1,,,0
140001029,'1198132',1015,,12422,1,,,0
140001029,'1198186',1745,,12423,1,,,0
140001029,'1198207',645,,12424,1,,,0
140001029,'1198209',900,,12425,1,,,0
140001029,'1198299',1145,,12426,1,,,0
140001029,'1198347',630,,12427,1,,,0
140001029,'1198350',1900,,12428,1,,,0
140001029,'1198371',1415,,12429,1,,,0
140001029,'1198391',2030,,12430,1,,,0
140001029,'1198425',2015,,12431,1,,,0
140001029,'1198451',2345,,12432,1,,,0
140001029,'1198469',1615,,12433,1,,,0
140001029,'1198505',1415,,12434,1,,,0
140001029,'1198517',1145,,12435,1,,,0
140001029,'1198540',715,,12436,1,,,0
140001029,'1198546',1015,,12437,1,,,0
140001029,'1198572',1530,,12438,1,,,0
140001029,'1198636',800,,12439,1,,,0
140001029,'1198643',1215,,12440,1,,,0
140001029,'1198645',1715,,12441,1,,,0
140001029,'1198655',745,,12442,1,,,0
140001029,'1198697',845,,12443,1,,,0
140001029,'1198757',1615,,12444,1,,,0
140001029,'1198770',1945,,12445,1,,,0
140001029,'1198787',1600,,12446,1,,,0
140001029,'1198789',1915,,12447,1,,,0
140001029,'1198794',1030,,12448,1,,,0
140001029,'1198796',2145,,12449,1,,,0
140001029,'1198802',1100,,12450,1,,,0
140001029,'1198817',1500,,12451,1,,,0
140001029,'1198824',1130,,12452,1,,,0
140001029,'1198860',1800,,12453,1,,,0
140001029,'1198934',1700,,12454,1,,,0
140001029,'1198970',1730,,12455,1,,,0
140001029,'1198973',915,,12456,1,,,0
140001029,'1198981',1815,,12457,1,,,0
140001029,'1198986',2315,,12458,1,,,0
140001029,'1198999',1330,,12459,1,,,0
140001029,'1199001',715,,12460,1,,,0
140001029,'1199006',815,,12461,1,,,0
140001029,'1199010',1745,,12462,1,,,0
140001029,'1199031',1200,,12463,1,,,0
140001029,'1199086',1000,,12464,1,,,0
140001029,'1199101',645,,12465,1,,,0
140001029,'1199110',1130,,12466,1,,,0
140001029,'1199113',1630,,12467,1,,,0
140001029,'1199128',1030,,12468,1,,,0
140001029,'1199156',1915,,12469,1,,,0
140001029,'1199174',1300,,12470,1,,,0
140001029,'1199189',815,,12471,1,,,0
140001029,'1199191',1800,,12472,1,,,0
140001029,'1199203',2045,,12473,1,,,0
140001029,'1199247',1630,,12474,1,,,0
140001029,'1199259',1830,,12475,1,,,0
140001029,'1199261',1400,,12476,1,,,0
140001029,'1199275',1515,,12477,1,,,0
140001029,'1199283',1315,,12478,1,,,0
140001029,'1199312',1230,,12479,1,,,0
140001029,'1199341',2000,,12480,1,,,0
140001029,'1199351',1300,,12481,1,,,0
140001029,'1199395',1715,,12482,1,,,0
140001029,'1199415',1845,,12483,1,,,0
140001029,'1199446',1845,,12484,1,,,0
140001029,'1199456',1515,,12485,1,,,0
140001029,'1199465',1715,,12486,1,,,0
140001029,'1199469',2115,,12487,1,,,0
140001029,'1199481',1615,,12488,1,,,0
140001029,'1199494',1445,,12489,1,,,0
140001029,'1199502',1345,,12490,1,,,0
140001029,'1199522',1430,,12491,1,,,0
140001029,'1199528',2115,,12492,1,,,0
140001029,'1199569',1115,,12493,1,,,0
140001029,'1199608',1245,,12494,1,,,0
190001019,'1196837',1355,,12495,23,4,,0
190001019,'1196862',1648,,12496,23,4,,0
190001019,'1196877',1907,,12497,23,4,,0
190001019,'1196883',1240,,12498,23,4,,0
190001019,'1196901',636,,12499,23,4,,0
190001019,'1196926',823,,12500,23,4,,0
190001019,'1196927',1937,,12501,23,4,,0
190001019,'1196941',2010,,12502,23,4,,0
190001019,'1196956',1310,,12503,23,4,,0
190001019,'1196974',1255,,12504,23,4,,0
190001019,'1197019',1433,,12505,23,4,,0
190001019,'1197037',1748,,12506,23,4,,0
190001019,'1197055',1922,,12507,23,4,,0
190001019,'1197061',1410,,12508,23,4,,0
190001019,'1197062',1524,,12509,23,4,,0
190001019,'1197067',1803,,12510,23,4,,0
190001019,'1197087',1109,,12511,23,4,,0
190001019,'1197116',736,,12512,23,4,,0
190001019,'1197124',2336,,12513,23,4,,0
190001019,'1197149',1225,,12514,23,4,,0
190001019,'1197157',953,,12515,23,4,,0
190001019,'1197183',2206,,12516,23,4,,0
190001019,'1197196',1639,,12517,23,4,,0
190001019,'1197239',1409,,12518,23,4,,0
190001019,'1197241',938,,12519,23,4,,0
190001019,'1197275',910,,12520,23,4,,0
190001019,'1197336',1824,,12521,23,4,,0
190001019,'1197358',1110,,12522,23,4,,0
190001019,'1197359',838,,12523,23,4,,0
190001019,'1197381',1724,,12524,23,4,,0
190001019,'1197382',1710,,12525,23,4,,0
190001019,'1197450',1809,,12526,23,4,,0
190001019,'1197483',1124,,12527,23,4,,0
190001019,'1197488',1439,,12528,23,4,,0
190001019,'1197500',908,,12529,23,4,,0
190001019,'1197524',936,,12530,23,4,,0
190001019,'1197530',1624,,12531,23,4,,0
190001019,'1197543',1610,,12532,23,4,,0
190001019,'1197562',2007,,12533,23,4,,0
190001019,'1197598',1503,,12534,23,4,,0
190001019,'1197653',1040,,12535,23,4,,0
190001019,'1197698',1021,,12536,23,4,,0
190001019,'1197706',1010,,12537,23,4,,0
190001019,'1197709',1125,,12538,23,4,,0
190001019,'1197713',1809,,12539,23,4,,0
190001019,'1197736',1354,,12540,23,4,,0
190001019,'1197746',923,,12541,23,4,,0
190001019,'1197811',1851,,12542,23,4,,0
190001019,'1197845',1410,,12543,23,4,,0
190001019,'1197867',2236,,12544,23,4,,0
190001019,'1197877',1110,,12545,23,4,,0
190001019,'1197919',1054,,12546,23,4,,0
190001019,'1197924',1952,,12547,23,4,,0
190001019,'1197933',1754,,12548,23,4,,0
190001019,'1197942',1836,,12549,23,4,,0
190001019,'1197950',1448,,12550,23,4,,0
190001019,'1197953',1039,,12551,23,4,,0
190001019,'1197956',1325,,12552,23,4,,0
190001019,'1198005',1739,,12553,23,4,,0
190001019,'1198015',2410,,12554,23,4,,0
190001019,'1198030',2110,,12555,23,4,,0
190001019,'1198047',1510,,12556,23,4,,0
190001019,'1198065',2106,,12557,23,4,,0
190001019,'1198066',708,,12558,23,4,,0
190001019,'1198075',2206,,12559,23,4,,0
190001019,'1198104',1006,,12560,23,4,,0
190001019,'1198135',2022,,12561,23,4,,0
190001019,'1198157',2306,,12562,23,4,,0
190001019,'1198172',1810,,12563,23,4,,0
190001019,'1198202',1154,,12564,23,4,,0
190001019,'1198216',1239,,12565,23,4,,0
190001019,'1198221',2151,,12566,23,4,,0
190001019,'1198238',808,,12567,23,4,,0
190001019,'1198255',653,,12568,23,4,,0
190001019,'1198261',1852,,12569,23,4,,0
190001019,'1198292',1155,,12570,23,4,,0
190001019,'1198298',1709,,12571,23,4,,0
190001019,'1198311',1618,,12572,23,4,,0
190001019,'1198339',1936,,12573,23,4,,0
190001019,'1198343',1518,,12574,23,4,,0
190001019,'1198372',810,,12575,23,4,,0
190001019,'1198396',1733,,12576,23,4,,0
190001019,'1198407',1210,,12577,23,4,,0
190001019,'1198441',1633,,12578,23,4,,0
190001019,'1198467',1837,,12579,23,4,,0
190001019,'1198471',1554,,12580,23,4,,0
190001019,'1198476',1310,,12581,23,4,,0
190001019,'1198499',2310,,12582,23,4,,0
190001019,'1198534',2406,,12583,23,4,,0
190001019,'1198547',1023,,12584,23,4,,0
190001019,'1198574',1539,,12585,23,4,,0
190001019,'1198598',836,,12586,23,4,,0
190001019,'1198607',906,,12587,23,4,,0
190001019,'1198613',2236,,12588,23,4,,0
190001019,'1198622',2006,,12589,23,4,,0
190001019,'1198646',2122,,12590,23,4,,0
190001019,'1198647',706,,12591,23,4,,0
190001019,'1198653',2107,,12592,23,4,,0
190001019,'1198674',1209,,12593,23,4,,0
190001019,'1198678',2052,,12594,23,4,,0
190001019,'1198685',2037,,12595,23,4,,0
190001019,'1198700',1139,,12596,23,4,,0
190001019,'1198707',1424,,12597,23,4,,0
190001019,'1198721',1055,,12598,23,4,,0
190001019,'1198724',1548,,12599,23,4,,0
190001019,'1198784',1224,,12600,23,4,,0
190001019,'1198792',1906,,12601,23,4,,0
190001019,'1198804',1210,,12602,23,4,,0
190001019,'1198821',723,,12603,23,4,,0
190001019,'1198827',2136,,12604,23,4,,0
190001019,'1198852',2210,,12605,23,4,,0
190001019,'1198857',1654,,12606,23,4,,0
190001019,'1198864',1822,,12607,23,4,,0
190001019,'1198929',1609,,12608,23,4,,0
190001019,'1198949',1254,,12609,23,4,,0
190001019,'1198960',1910,,12610,23,4,,0
190001019,'1198974',1309,,12611,23,4,,0
190001019,'1198988',1339,,12612,23,4,,0
190001019,'1198997',1454,,12613,23,4,,0
190001019,'1199029',2306,,12614,23,4,,0
190001019,'1199121',1703,,12615,23,4,,0
190001019,'1199126',1340,,12616,23,4,,0
190001019,'1199140',2426,,12617,23,4,,0
190001019,'1199142',1140,,12618,23,4,,0
190001019,'1199166',806,,12619,23,4,,0
190001019,'1199192',2036,,12620,23,4,,0
190001019,'1199228',753,,12621,23,4,,0
190001019,'1199318',1533,,12622,23,4,,0
190001019,'1199339',1718,,12623,23,4,,0
190001019,'1199371',738,,12624,23,4,,0
190001019,'1199373',853,,12625,23,4,,0
190001019,'1199385',1324,,12626,23,4,,0
190001019,'1199427',1509,,12627,23,4,,0
190001019,'1199436',1603,,12628,23,4,,0
190001019,'1199510',2336,,12629,23,4,,0
190001019,'1199550',2406,,12630,23,4,,0
190001019,'1199551',2136,,12631,23,4,,0
190001019,'1199648',1008,,12632,23,4,,0
190001029,'1196847',1100,,12633,1,,,0
190001029,'1196850',1315,,12634,1,,,0
190001029,'1196860',1745,,12635,1,,,0
190001029,'1196897',1630,,12636,1,,,0
190001029,'1196906',1730,,12637,1,,,0
190001029,'1196908',1345,,12638,1,,,0
190001029,'1196953',1200,,12639,1,,,0
190001029,'1196957',1230,,12640,1,,,0
190001029,'1196963',1615,,12641,1,,,0
190001029,'1197018',1345,,12642,1,,,0
190001029,'1197048',2350,,12643,1,,,0
190001029,'1197052',1730,,12644,1,,,0
190001029,'1197074',1300,,12645,1,,,0
190001029,'1197089',1815,,12646,1,,,0
190001029,'1197125',700,,12647,1,,,0
190001029,'1197135',1530,,12648,1,,,0
190001029,'1197148',1015,,12649,1,,,0
190001029,'1197153',1030,,12650,1,,,0
190001029,'1197176',1415,,12651,1,,,0
190001029,'1197177',2015,,12652,1,,,0
190001029,'1197199',1400,,12653,1,,,0
190001029,'1197224',1515,,12654,1,,,0
190001029,'1197245',1515,,12655,1,,,0
190001029,'1197247',2300,,12656,1,,,0
190001029,'1197252',1515,,12657,1,,,0
190001029,'1197260',1830,,12658,1,,,0
190001029,'1197284',1145,,12659,1,,,0
190001029,'1197289',645,,12660,1,,,0
190001029,'1197291',1245,,12661,1,,,0
190001029,'1197301',1315,,12662,1,,,0
190001029,'1197338',1645,,12663,1,,,0
190001029,'1197391',1815,,12664,1,,,0
190001029,'1197396',1100,,12665,1,,,0
190001029,'1197428',2000,,12666,1,,,0
190001029,'1197434',1445,,12667,1,,,0
190001029,'1197476',1115,,12668,1,,,0
190001029,'1197511',1500,,12669,1,,,0
190001029,'1197533',1400,,12670,1,,,0
190001029,'1197582',1615,,12671,1,,,0
190001029,'1197659',1600,,12672,1,,,0
190001029,'1197668',815,,12673,1,,,0
190001029,'1197682',1130,,12674,1,,,0
190001029,'1197683',2030,,12675,1,,,0
190001029,'1197684',1145,,12676,1,,,0
190001029,'1197778',1130,,12677,1,,,0
190001029,'1197833',1445,,12678,1,,,0
190001029,'1197836',1330,,12679,1,,,0
190001029,'1197848',2100,,12680,1,,,0
190001029,'1197886',1430,,12681,1,,,0
190001029,'1197890',745,,12682,1,,,0
190001029,'1197905',1000,,12683,1,,,0
190001029,'1197913',2200,,12684,1,,,0
190001029,'1197921',1245,,12685,1,,,0
190001029,'1197922',945,,12686,1,,,0
190001029,'1197992',1545,,12687,1,,,0
190001029,'1197993',900,,12688,1,,,0
190001029,'1198050',600,,12689,1,,,0
190001029,'1198051',1815,,12690,1,,,0
190001029,'1198052',830,,12691,1,,,0
190001029,'1198054',1415,,12692,1,,,0
190001029,'1198082',1645,,12693,1,,,0
190001029,'1198095',1915,,12694,1,,,0
190001029,'1198106',2230,,12695,1,,,0
190001029,'1198117',715,,12696,1,,,0
190001029,'1198128',1115,,12697,1,,,0
190001029,'1198174',930,,12698,1,,,0
190001029,'1198223',2315,,12699,1,,,0
190001029,'1198252',1415,,12700,1,,,0
190001029,'1198272',800,,12701,1,,,0
190001029,'1198293',1715,,12702,1,,,0
190001029,'1198306',845,,12703,1,,,0
190001029,'1198323',730,,12704,1,,,0
190001029,'1198373',1230,,12705,1,,,0
190001029,'1198398',2330,,12706,1,,,0
190001029,'1198415',915,,12707,1,,,0
190001029,'1198446',1800,,12708,1,,,0
190001029,'1198450',1745,,12709,1,,,0
190001029,'1198459',730,,12710,1,,,0
190001029,'1198491',2030,,12711,1,,,0
190001029,'1198504',830,,12712,1,,,0
190001029,'1198519',2330,,12713,1,,,0
190001029,'1198527',630,,12714,1,,,0
190001029,'1198576',2115,,12715,1,,,0
190001029,'1198589',2300,,12716,1,,,0
190001029,'1198594',800,,12717,1,,,0
190001029,'1198620',2215,,12718,1,,,0
190001029,'1198634',1430,,12719,1,,,0
190001029,'1198641',700,,12720,1,,,0
190001029,'1198687',1045,,12721,1,,,0
190001029,'1198747',915,,12722,1,,,0
190001029,'1198758',2045,,12723,1,,,0
190001029,'1198798',1700,,12724,1,,,0
190001029,'1198839',1830,,12725,1,,,0
190001029,'1198853',2130,,12726,1,,,0
190001029,'1198897',1545,,12727,1,,,0
190001029,'1198906',2100,,12728,1,,,0
190001029,'1198916',1700,,12729,1,,,0
190001029,'1198939',1800,,12730,1,,,0
190001029,'1198946',2230,,12731,1,,,0
190001029,'1198952',1915,,12732,1,,,0
190001029,'1198977',2115,,12733,1,,,0
190001029,'1198982',1715,,12734,1,,,0
190001029,'1199067',1930,,12735,1,,,0
190001029,'1199081',1115,,12736,1,,,0
190001029,'1199082',715,,12737,1,,,0
190001029,'1199103',1715,,12738,1,,,0
190001029,'1199165',1330,,12739,1,,,0
190001029,'1199204',1215,,12740,1,,,0
190001029,'1199210',1945,,12741,1,,,0
190001029,'1199221',1200,,12742,1,,,0
190001029,'1199226',1930,,12743,1,,,0
190001029,'1199256',1215,,12744,1,,,0
190001029,'1199270',1315,,12745,1,,,0
190001029,'1199289',1015,,12746,1,,,0
190001029,'1199303',630,,12747,1,,,0
190001029,'1199322',1045,,12748,1,,,0
190001029,'1199332',930,,12749,1,,,0
190001029,'1199345',1015,,12750,1,,,0
190001029,'1199364',1500,,12751,1,,,0
190001029,'1199390',1030,,12752,1,,,0
190001029,'1199391',1215,,12753,1,,,0
190001029,'1199399',1300,,12754,1,,,0
190001029,'1199406',1530,,12755,1,,,0
190001029,'1199432',1000,,12756,1,,,0
190001029,'1199451',945,,12757,1,,,0
190001029,'1199467',1900,,12758,1,,,0
190001029,'1199482',1630,,12759,1,,,0
190001029,'1199489',615,,12760,1,,,0
190001029,'1199514',1900,,12761,1,,,0
190001029,'1199524',2200,,12762,1,,,0
190001029,'1199526',2015,,12763,1,,,0
190001029,'1199555',815,,12764,1,,,0
190001029,'1199558',1615,,12765,1,,,0
190001029,'1199571',2000,,12766,1,,,0
190001029,'1199594',1600,,12767,1,,,0
190001029,'1199596',2130,,12768,1,,,0
190001029,'1199644',900,,12769,1,,,0
190001029,'1199650',1845,,12770,1,,,0
