11019,'1196876',1506,,10448,27,,,0
11019,'1196884',1305,,10449,31,,,0
11019,'1196914',1148,,10450,31,,,0
11019,'1196958',807,,10451,31,,,0
11019,'1197000',1306,,10452,27,,,0
11019,'1197070',1906,,10453,27,,,0
11019,'1197071',1847,,10454,31,,,0
11019,'1197114',933,,10455,31,,,0
11019,'1197185',2306,,10456,27,,,0
11019,'1197191',1505,,10457,31,,,0
11019,'1197229',1420,,10458,31,,,0
11019,'1197234',1719,,10459,31,,,0
11019,'1197264',1750,,10460,31,,,0
11019,'1197274',948,,10461,31,,,0
11019,'1197327',1349,,10462,31,,,0
11019,'1197343',748,,10463,31,,,0
11019,'1197351',1606,,10464,27,,,0
11019,'1197398',1835,,10465,31,,,0
11019,'1197412',2317,,10466,31,,,0
11019,'1197422',1650,,10467,31,,,0
11019,'1197446',2406,,10468,27,,,0
11019,'1197463',718,,10469,31,,,0
11019,'1197502',633,,10470,31,,,0
11019,'1197519',803,,10471,31,,,0
11019,'1197564',2307,,10472,31,,,0
11019,'1197573',1406,,10473,27,,,0
11019,'1197695',1118,,10474,31,,,0
11019,'1197696',818,,10475,31,,,0
11019,'1197753',906,,10476,27,,,0
11019,'1197763',1535,,10477,31,,,0
11019,'1197795',2047,,10478,31,,,0
11019,'1197832',1635,,10479,31,,,0
11019,'1197875',2434,,10480,31,,,0
11019,'1197917',2407,,10481,31,,,0
11019,'1197925',1133,,10482,31,,,0
11019,'1197934',1549,,10483,31,,,0
11019,'1197978',1917,,10484,31,,,0
11019,'1197990',1449,,10485,31,,,0
11019,'1198012',903,,10486,31,,,0
11019,'1198053',1007,,10487,31,,,0
11019,'1198076',2017,,10488,31,,,0
11019,'1198113',2117,,10489,31,,,0
11019,'1198146',2247,,10490,31,,,0
11019,'1198266',2007,,10491,31,,,0
11019,'1198296',1706,,10492,27,,,0
11019,'1198337',918,,10493,31,,,0
11019,'1198341',1207,,10494,31,,,0
11019,'1198362',2206,,10495,27,,,0
11019,'1198405',1907,,10496,31,,,0
11019,'1198419',1520,,10497,31,,,0
11019,'1198470',1320,,10498,31,,,0
11019,'1198493',1820,,10499,31,,,0
11019,'1198506',1107,,10500,31,,,0
11019,'1198543',1033,,10501,31,,,0
11019,'1198548',1620,,10502,31,,,0
11019,'1198573',1203,,10503,31,,,0
11019,'1198590',2006,,10504,27,,,0
11019,'1198610',1605,,10505,31,,,0
11019,'1198623',707,,10506,31,,,0
11019,'1198660',1319,,10507,31,,,0
11019,'1198662',1806,,10508,27,,,0
11019,'1198696',1450,,10509,31,,,0
11019,'1198771',1519,,10510,31,,,0
11019,'1198808',1003,,10511,31,,,0
11019,'1198843',2106,,10512,27,,,0
11019,'1198927',1103,,10513,31,,,0
11019,'1198951',1735,,10514,31,,,0
11019,'1198978',1947,,10515,31,,,0
11019,'1199022',1247,,10516,31,,,0
11019,'1199024',2207,,10517,31,,,0
11019,'1199026',2217,,10518,31,,,0
11019,'1199059',1619,,10519,31,,,0
11019,'1199060',1405,,10520,31,,,0
11019,'1199064',1819,,10521,31,,,0
11019,'1199091',806,,10522,27,,,0
11019,'1199100',2147,,10523,31,,,0
11019,'1199118',1720,,10524,31,,,0
11019,'1199132',703,,10525,31,,,0
11019,'1199143',1749,,10526,31,,,0
11019,'1199154',1435,,10527,31,,,0
11019,'1199177',1705,,10528,31,,,0
11019,'1199180',2107,,10529,31,,,0
11019,'1199214',733,,10530,31,,,0
11019,'1199225',1550,,10531,31,,,0
11019,'1199227',1206,,10532,27,,,0
11019,'1199229',1419,,10533,31,,,0
11019,'1199253',1006,,10534,27,,,0
11019,'1199301',2344,,10535,31,,,0
11019,'1199306',1106,,10536,27,,,0
11019,'1199370',1805,,10537,31,,,0
11019,'1199376',848,,10538,31,,,0
11019,'1199394',907,,10539,31,,,0
11019,'1199403',833,,10540,31,,,0
11019,'1199410',1218,,10541,31,,,0
11019,'1199462',2414,,10542,31,,,0
11019,'1199476',1018,,10543,31,,,0
11019,'1199496',1335,,10544,31,,,0
11019,'1199508',1233,,10545,31,,,0
11019,'1199591',1649,,10546,31,,,0
11019,'1199603',1250,,10547,31,,,0
11019,'1199619',1048,,10548,31,,,0
11019,'1199623',1350,,10549,31,,,0
