14019,'1196890',1821,,10916,16,,,0
14019,'1196970',2051,,10917,16,,,0
14019,'1196984',1349,,10918,16,,,0
14019,'1197073',2151,,10919,16,,,0
14019,'1197090',749,,10920,16,,,0
14019,'1197106',1722,,10921,16,,,0
14019,'1197152',1552,,10922,16,,,0
14019,'1197163',1651,,10923,16,,,0
14019,'1197189',1949,,10924,16,,,0
14019,'1197473',951,,10925,16,,,0
14019,'1197576',1149,,10926,16,,,0
14019,'1197578',1849,,10927,16,,,0
14019,'1197606',849,,10928,16,,,0
14019,'1197719',1551,,10929,16,,,0
14019,'1197768',1652,,10930,16,,,0
14019,'1197774',1251,,10931,16,,,0
14019,'1197807',651,,10932,16,,,0
14019,'1197857',1249,,10933,16,,,0
14019,'1197872',751,,10934,16,,,0
14019,'1197899',2321,,10935,16,,,0
14019,'1197912',1649,,10936,16,,,0
14019,'1197929',1351,,10937,16,,,0
14019,'1197946',1951,,10938,16,,,0
14019,'1198043',2351,,10939,16,,,0
14019,'1198056',1921,,10940,16,,,0
14019,'1198057',651,,10941,16,,,0
14019,'1198062',1549,,10942,16,,,0
14019,'1198118',2021,,10943,16,,,0
14019,'1198151',1449,,10944,16,,,0
14019,'1198161',1452,,10945,16,,,0
14019,'1198262',1451,,10946,16,,,0
14019,'1198285',2251,,10947,16,,,0
14019,'1198312',951,,10948,16,,,0
14019,'1198386',1851,,10949,16,,,0
14019,'1198412',1152,,10950,16,,,0
14019,'1198436',851,,10951,16,,,0
14019,'1198460',1052,,10952,16,,,0
14019,'1198507',851,,10953,16,,,0
14019,'1198513',1252,,10954,16,,,0
14019,'1198539',1051,,10955,16,,,0
14019,'1198751',2049,,10956,16,,,0
14019,'1198810',2349,,10957,16,,,0
14019,'1198859',1522,,10958,16,,,0
14019,'1198869',921,,10959,16,,,0
14019,'1198890',2149,,10960,16,,,0
14019,'1199036',721,,10961,16,,,0
14019,'1199048',751,,10962,16,,,0
14019,'1199075',821,,10963,16,,,0
14019,'1199084',1049,,10964,16,,,0
14019,'1199131',2121,,10965,16,,,0
14019,'1199280',2249,,10966,16,,,0
14019,'1199286',949,,10967,16,,,0
14019,'1199393',1352,,10968,16,,,0
14019,'1199441',1622,,10969,16,,,0
14019,'1199444',1751,,10970,16,,,0
14019,'1199523',1749,,10971,16,,,0
14019,'1199538',1752,,10972,16,,,0
14019,'1199568',2221,,10973,16,,,0
14019,'1199582',1151,,10974,16,,,0
