103019,'1191109',1853,,9127,18,,,0
103019,'1191130',1254,,9128,18,,,0
103019,'1191203',1724,,9130,18,,,0
103019,'1191247',2023,,9131,18,,,0
103019,'1191632',1524,,9134,18,,,0
103019,'1191705',2323,,9135,18,,,0
103019,'1191773',1424,,9136,18,,,0
103019,'1191800',1509,,9137,18,,,0
103019,'1191807',622,,9138,5,,,0
103019,'1191826',653,,9139,18,,,0
103019,'1191877',1124,,9141,18,,,0
103019,'1192012',2253,,9143,18,,,0
103019,'1192046',953,,9144,18,,,0
103019,'1192234',1554,,9146,18,,,0
103019,'1192444',823,,9147,18,,,0
103019,'1192450',1052,,9148,18,,,0
103019,'1192461',1823,,9149,18,,,0
103019,'1192624',908,,9150,18,,,0
103019,'1192801',922,,9151,18,,,0
103019,'1192848',752,,9152,18,,,0
103019,'1192864',2123,,9153,18,,,0
103019,'1192885',1953,,9154,18,,,0
103019,'1192886',1654,,9155,18,,,0
103019,'1192968',1639,,9157,18,,,0
103019,'1193060',738,,9159,18,,,0
103019,'1193217',2153,,9160,18,,,0
103019,'1193247',1354,,9161,18,,,0
103019,'1193317',1223,,9162,18,,,0
