3019,'1196834',1802,,10159,4,,,0
3019,'1196848',2102,,10160,4,,,0
3019,'1196854',702,,10161,4,,,0
3019,'1196968',1218,,10162,4,,,0
3019,'1196971',2002,,10163,4,,,0
3019,'1197069',702,,10164,4,,,0
3019,'1197076',2132,,10165,4,,,0
3019,'1197107',1232,,10166,4,,,0
3019,'1197120',2402,,10167,4,,,0
3019,'1197318',2202,,10168,4,,,0
3019,'1197369',2318,,10169,4,,,0
3019,'1197372',2218,,10170,4,,,0
3019,'1197378',902,,10171,4,,,0
3019,'1197462',902,,10172,4,,,0
3019,'1197478',1602,,10173,4,,,0
3019,'1197537',918,,10174,4,,,0
3019,'1197572',1332,,10175,4,,,0
3019,'1197590',832,,10176,4,,,0
3019,'1197618',1702,,10177,4,,,0
3019,'1197731',2002,,10179,4,,,0
3019,'1197748',1002,,10180,4,,,0
3019,'1197755',1032,,10181,4,,,0
3019,'1197810',1432,,10182,4,,,0
3019,'1197819',1902,,10183,4,,,0
3019,'1197850',1532,,10184,4,,,0
3019,'1197851',932,,10185,4,,,0
3019,'1197897',1102,,10186,4,,,0
3019,'1197923',1202,,10187,4,,,0
3019,'1197941',1502,,10188,4,,,0
3019,'1198025',1602,,10189,4,,,0
3019,'1198093',1832,,10190,4,,,0
3019,'1198098',1132,,10191,4,,,0
3019,'1198111',1002,,10192,4,,,0
3019,'1198119',1518,,10193,4,,,0
3019,'1198124',1402,,10194,4,,,0
3019,'1198153',1902,,10195,4,,,0
3019,'1198229',1502,,10196,4,,,0
3019,'1198237',1632,,10197,4,,,0
3019,'1198265',2102,,10198,4,,,0
3019,'1198278',1932,,10199,4,,,0
3019,'1198430',1618,,10200,4,,,0
3019,'1198432',1802,,10201,4,,,0
3019,'1198501',1702,,10202,4,,,0
3019,'1198514',632,,10203,4,,,0
3019,'1198654',1718,,10204,4,,,0
3019,'1198677',818,,10205,4,,,0
3019,'1198680',802,,10206,4,,,0
3019,'1198689',2352,,10207,4,,,0
3019,'1198691',1732,,10208,4,,,0
3019,'1198742',2202,,10209,4,,,0
3019,'1198777',1402,,10210,4,,,0
3019,'1198788',718,,10211,4,,,0
3019,'1198845',1018,,10212,4,,,0
3019,'1198989',2118,,10213,4,,,0
3019,'1198991',1818,,10214,4,,,0
3019,'1199009',1318,,10215,4,,,0
3019,'1199035',1202,,10216,4,,,0
3019,'1199052',2018,,10217,4,,,0
3019,'1199066',1118,,10218,4,,,0
3019,'1199133',1302,,10219,4,,,0
3019,'1199262',2302,,10220,4,,,0
3019,'1199277',732,,10221,4,,,0
3019,'1199346',1302,,10222,4,,,0
3019,'1199408',2032,,10223,4,,,0
3019,'1199412',1418,,10224,4,,,0
3019,'1199440',2302,,10225,4,,,0
3019,'1199509',802,,10226,4,,,0
3019,'1199600',1918,,10228,4,,,0
3019,'1199612',1102,,10229,4,,,0
14029,'1196849',1717,,10975,4,,,0
14029,'1196912',747,,10976,4,,,0
14029,'1197024',1517,,10977,4,,,0
14029,'1197041',2317,,10978,4,,,0
14029,'1197050',1617,,10979,4,,,0
14029,'1197119',1717,,10980,4,,,0
14029,'1197130',2217,,10981,4,,,0
14029,'1197219',1517,,10982,4,,,0
14029,'1197237',1317,,10983,4,,,0
14029,'1197250',617,,10984,4,,,0
14029,'1197265',1747,,10985,4,,,0
14029,'1197310',2217,,10986,4,,,0
14029,'1197323',1317,,10987,4,,,0
14029,'1197440',2117,,10988,4,,,0
14029,'1197456',1517,,10989,4,,,0
14029,'1197472',1117,,10990,4,,,0
14029,'1197493',1847,,10991,4,,,0
14029,'1197512',1617,,10992,4,,,0
14029,'1197515',1417,,10993,4,,,0
14029,'1197597',717,,10994,4,,,0
14029,'1197605',2247,,10995,4,,,0
14029,'1197639',1217,,10996,4,,,0
14029,'1197699',1947,,10997,4,,,0
14029,'1197717',1717,,10998,4,,,0
14029,'1197738',1017,,10999,4,,,0
14029,'1197809',1617,,11000,4,,,0
14029,'1197863',2352,,11001,4,,,0
14029,'1197882',1417,,11002,4,,,0
14029,'1197961',1217,,11003,4,,,0
14029,'1198040',1017,,11004,4,,,0
14029,'1198078',1117,,11005,4,,,0
14029,'1198100',847,,11006,4,,,0
14029,'1198198',2147,,11007,4,,,0
14029,'1198204',2047,,11008,4,,,0
14029,'1198269',647,,11009,4,,,0
14029,'1198326',917,,11010,4,,,0
14029,'1198404',717,,11011,4,,,0
14029,'1198426',2117,,11012,4,,,0
14029,'1198570',817,,11013,4,,,0
14029,'1198612',2317,,11014,4,,,0
14029,'1198728',817,,11015,4,,,0
14029,'1198772',1817,,11016,4,,,0
14029,'1198830',917,,11017,4,,,0
14029,'1198941',1117,,11018,4,,,0
14029,'1198956',1417,,11019,4,,,0
14029,'1199040',2017,,11020,4,,,0
14029,'1199065',1217,,11021,4,,,0
14029,'1199076',1817,,11022,4,,,0
14029,'1199083',1647,,11023,4,,,0
14029,'1199184',917,,11024,4,,,0
14029,'1199200',817,,11025,4,,,0
14029,'1199222',1547,,11026,4,,,0
14029,'1199266',1317,,11027,4,,,0
14029,'1199447',1917,,11028,4,,,0
14029,'1199472',2017,,11029,4,,,0
14029,'1199520',1017,,11030,4,,,0
14029,'1199554',717,,11031,4,,,0
14029,'1199573',1917,,11032,4,,,0
14029,'1199643',1447,,11033,4,,,0
