13029,'1196882',1526,,10855,8,,,0
13029,'1196907',1253,,10856,7,,,0
13029,'1196917',1254,,10857,7,,,0
13029,'1196936',1754,,10858,7,,,0
13029,'1196965',752,,10859,7,,,0
13029,'1196972',1624,,10860,7,,,0
13029,'1197006',1453,,10861,7,,,0
13029,'1197082',1153,,10862,7,,,0
13029,'1197122',1053,,10863,7,,,0
13029,'1197184',1453,,10864,7,,,0
13029,'1197188',1922,,10865,7,,,0
13029,'1197193',753,,10866,7,,,0
13029,'1197215',2053,,10867,7,,,0
13029,'1197262',1653,,10868,7,,,0
13029,'1197363',923,,10869,7,,,0
13029,'1197365',2152,,10870,7,,,0
13029,'1197371',953,,10871,7,,,0
13029,'1197444',2252,,10872,7,,,0
13029,'1197556',2253,,10873,7,,,0
13029,'1197773',2022,,10874,7,,,0
13029,'1197812',1454,,10875,7,,,0
13029,'1197866',1353,,10876,7,,,0
13029,'1197909',853,,10877,7,,,0
13029,'1197997',1952,,10878,7,,,0
13029,'1198028',2052,,10879,7,,,0
13029,'1198074',2352,,10880,7,,,0
13029,'1198199',1553,,10881,7,,,0
13029,'1198248',2222,,10882,7,,,0
13029,'1198289',822,,10883,7,,,0
13029,'1198381',1724,,10884,7,,,0
13029,'1198389',1753,,10885,7,,,0
13029,'1198416',1553,,10886,7,,,0
13029,'1198437',1022,,10887,7,,,0
13029,'1198474',1055,,10888,7,,,0
13029,'1198488',1852,,10889,7,,,0
13029,'1198563',722,,10890,7,,,0
13029,'1198648',1052,,10891,7,,,0
13029,'1198673',1253,,10892,7,,,0
13029,'1198704',1853,,10893,7,,,0
13029,'1198733',752,,10894,7,,,0
13029,'1198756',853,,10895,7,,,0
13029,'1198793',952,,10896,7,,,0
13029,'1198811',1353,,10897,7,,,0
13029,'1198812',2353,,10898,7,,,0
13029,'1198828',1153,,10899,7,,,0
13029,'1198858',1554,,10900,7,,,0
13029,'1198910',622,,10901,7,,,0
13029,'1198998',852,,10902,7,,,0
13029,'1199115',652,,10903,7,,,0
13029,'1199250',2153,,10904,7,,,0
13029,'1199324',652,,10905,7,,,0
13029,'1199337',953,,10906,7,,,0
13029,'1199349',2122,,10907,7,,,0
13029,'1199379',2322,,10908,7,,,0
13029,'1199405',1753,,10909,7,,,0
13029,'1199419',1154,,10910,7,,,0
13029,'1199548',1354,,10911,7,,,0
13029,'1199559',1653,,10912,7,,,0
13029,'1199614',1822,,10913,7,,,0
13029,'1199653',1953,,10914,7,,,0
13029,'1199655',1654,,10915,7,,,0
