2029,'1196924',1505,,10051,2,,,0
2029,'1196985',1152,,10052,2,,,0
2029,'1196991',2235,,10053,2,,,0
2029,'1197028',2035,,10054,2,,,0
2029,'1197134',1822,,10055,2,,,0
2029,'1197139',920,,10056,2,,,0
2029,'1197143',2322,,10057,2,,,0
2029,'1197168',1605,,10058,2,,,0
2029,'1197170',637,,10059,2,,,0
2029,'1197175',1450,,10060,2,,,0
2029,'1197208',1437,,10061,2,,,0
2029,'1197209',852,,10062,2,,,0
2029,'1197218',705,,10063,2,,,0
2029,'1197261',1620,,10064,2,,,0
2029,'1197268',1650,,10065,2,,,0
2029,'1197282',635,,10066,2,,,0
2029,'1197288',2135,,10067,2,,,0
2029,'1197331',1617,,10068,2,,,0
2029,'1197332',2205,,10069,2,,,0
2029,'1197367',1417,,10070,2,,,0
2029,'1197375',850,,10071,2,,,0
2029,'1197411',1035,,10072,2,,,0
2029,'1197419',1320,,10073,2,,,0
2029,'1197430',650,,10074,2,,,0
2029,'1197437',950,,10075,2,,,0
2029,'1197491',1347,,10076,2,,,0
2029,'1197508',750,,10077,2,,,0
2029,'1197527',1237,,10078,2,,,0
2029,'1197534',1037,,10079,2,,,0
2029,'1197599',1635,,10080,2,,,0
2029,'1197642',735,,10081,2,,,0
2029,'1197644',1805,,10082,2,,,0
2029,'1197647',935,,10083,2,,,0
2029,'1197651',2332,,10084,2,,,0
2029,'1197655',2402,,10085,2,,,0
2029,'1197665',1022,,10086,2,,,0
2029,'1197667',1937,,10087,2,,,0
2029,'1197739',1705,,10088,2,,,0
2029,'1197769',1137,,10089,2,,,0
2029,'1197800',1005,,10090,2,,,0
2029,'1197808',2005,,10091,2,,,0
2029,'1197821',737,,10092,2,,,0
2029,'1197871',805,,10093,2,,,0
2029,'1197901',835,,10094,2,,,0
2029,'1197910',1735,,10095,2,,,0
2029,'1198003',1052,,10096,2,,,0
2029,'1198023',1220,,10097,2,,,0
2029,'1198042',837,,10098,2,,,0
2029,'1198045',2237,,10099,2,,,0
2029,'1198089',905,,10100,2,,,0
2029,'1198144',1020,,10101,2,,,0
2029,'1198156',2305,,10102,2,,,0
2029,'1198168',2022,,10103,2,,,0
2029,'1198184',937,,10104,2,,,0
2029,'1198213',1405,,10105,2,,,0
2029,'1198215',1820,,10106,2,,,0
2029,'1198275',1135,,10107,2,,,0
2029,'1198291',1050,,10108,2,,,0
2029,'1198335',1935,,10109,2,,,0
2029,'1198359',1317,,10110,2,,,0
2029,'1198433',1335,,10111,2,,,0
2029,'1198455',1217,,10112,2,,,0
2029,'1198473',1747,,10113,2,,,0
2029,'1198494',1717,,10114,2,,,0
2029,'1198537',1737,,10115,2,,,0
2029,'1198581',1122,,10116,2,,,0
2029,'1198603',1537,,10117,2,,,0
2029,'1198608',937,,10118,2,,,0
2029,'1198619',2407,,10119,2,,,0
2029,'1198682',1420,,10120,2,,,0
2029,'1198743',2237,,10121,2,,,0
2029,'1198838',1337,,10122,2,,,0
2029,'1198840',1447,,10123,2,,,0
2029,'1198841',720,,10124,2,,,0
2029,'1198851',2105,,10125,2,,,0
2029,'1198854',1150,,10126,2,,,0
2029,'1198870',722,,10127,2,,,0
2029,'1198967',2337,,10128,2,,,0
2029,'1199005',1550,,10129,2,,,0
2029,'1199023',1517,,10130,2,,,0
2029,'1199042',1937,,10131,2,,,0
2029,'1199046',1835,,10132,2,,,0
2029,'1199049',1105,,10133,2,,,0
2029,'1199063',1305,,10134,2,,,0
2029,'1199099',1250,,10135,2,,,0
2029,'1199116',1720,,10136,2,,,0
2029,'1199173',1547,,10137,2,,,0
2029,'1199237',2137,,10138,2,,,0
2029,'1199240',820,,10139,2,,,0
2029,'1199269',1235,,10140,2,,,0
2029,'1199288',1535,,10141,2,,,0
2029,'1199299',2152,,10142,2,,,0
2029,'1199305',1205,,10143,2,,,0
2029,'1199316',1750,,10144,2,,,0
2029,'1199329',1637,,10145,2,,,0
2029,'1199333',807,,10146,2,,,0
2029,'1199335',1247,,10147,2,,,0
2029,'1199398',2037,,10148,2,,,0
2029,'1199466',1905,,10149,2,,,0
2029,'1199478',1837,,10150,2,,,0
2029,'1199484',1520,,10151,2,,,0
2029,'1199542',2422,,10152,2,,,0
2029,'1199552',1350,,10153,2,,,0
2029,'1199560',1852,,10154,2,,,0
2029,'1199580',2107,,10155,2,,,0
2029,'1199620',1435,,10156,2,,,0
2029,'1199621',1120,,10157,2,,,0
2029,'1199635',1647,,10158,2,,,0
11019,'1196884',1240,,10449,2,,,0
11019,'1196914',1124,,10450,2,,,0
11019,'1196958',745,,10451,2,,,0
11019,'1197071',1823,,10454,2,,,0
11019,'1197114',909,,10455,2,,,0
11019,'1197191',1440,,10457,2,,,0
11019,'1197229',1355,,10458,2,,,0
11019,'1197234',1655,,10459,2,,,0
11019,'1197264',1725,,10460,2,,,0
11019,'1197274',924,,10461,2,,,0
11019,'1197327',1325,,10462,2,,,0
11019,'1197343',724,,10463,2,,,0
11019,'1197398',1810,,10465,2,,,0
11019,'1197412',2253,,10466,2,,,0
11019,'1197422',1625,,10467,2,,,0
11019,'1197463',654,,10469,2,,,0
11019,'1197502',609,,10470,2,,,0
11019,'1197519',739,,10471,2,,,0
11019,'1197564',2245,,10472,2,,,0
11019,'1197695',1054,,10474,2,,,0
11019,'1197696',754,,10475,2,,,0
11019,'1197763',1510,,10477,2,,,0
11019,'1197795',2023,,10478,2,,,0
11019,'1197832',1610,,10479,2,,,0
11019,'1197875',2410,,10480,2,,,0
11019,'1197917',2345,,10481,2,,,0
11019,'1197925',1109,,10482,2,,,0
11019,'1197934',1525,,10483,2,,,0
11019,'1197978',1853,,10484,2,,,0
11019,'1197990',1425,,10485,2,,,0
11019,'1198012',839,,10486,2,,,0
11019,'1198053',945,,10487,2,,,0
11019,'1198076',1953,,10488,2,,,0
11019,'1198113',2053,,10489,2,,,0
11019,'1198146',2223,,10490,2,,,0
11019,'1198266',1945,,10491,2,,,0
11019,'1198337',854,,10493,2,,,0
11019,'1198341',1145,,10494,2,,,0
11019,'1198405',1845,,10496,2,,,0
11019,'1198419',1455,,10497,2,,,0
11019,'1198470',1255,,10498,2,,,0
11019,'1198493',1755,,10499,2,,,0
11019,'1198506',1045,,10500,2,,,0
11019,'1198543',1009,,10501,2,,,0
11019,'1198548',1555,,10502,2,,,0
11019,'1198573',1139,,10503,2,,,0
11019,'1198610',1540,,10505,2,,,0
11019,'1198623',645,,10506,2,,,0
11019,'1198660',1255,,10507,2,,,0
11019,'1198696',1425,,10509,2,,,0
11019,'1198771',1455,,10510,2,,,0
11019,'1198808',939,,10511,2,,,0
11019,'1198927',1039,,10513,2,,,0
11019,'1198951',1710,,10514,2,,,0
11019,'1198978',1923,,10515,2,,,0
11019,'1199022',1225,,10516,2,,,0
11019,'1199024',2145,,10517,2,,,0
11019,'1199026',2153,,10518,2,,,0
11019,'1199059',1555,,10519,2,,,0
11019,'1199060',1340,,10520,2,,,0
11019,'1199064',1755,,10521,2,,,0
11019,'1199100',2123,,10523,2,,,0
11019,'1199118',1655,,10524,2,,,0
11019,'1199132',639,,10525,2,,,0
11019,'1199143',1725,,10526,2,,,0
11019,'1199154',1410,,10527,2,,,0
11019,'1199177',1640,,10528,2,,,0
11019,'1199180',2045,,10529,2,,,0
11019,'1199214',709,,10530,2,,,0
11019,'1199225',1525,,10531,2,,,0
11019,'1199229',1355,,10533,2,,,0
11019,'1199301',2320,,10535,2,,,0
11019,'1199370',1740,,10537,2,,,0
11019,'1199376',824,,10538,2,,,0
11019,'1199394',845,,10539,2,,,0
11019,'1199403',809,,10540,2,,,0
11019,'1199410',1154,,10541,2,,,0
11019,'1199462',2350,,10542,2,,,0
11019,'1199476',954,,10543,2,,,0
11019,'1199496',1310,,10544,2,,,0
11019,'1199508',1209,,10545,2,,,0
11019,'1199591',1625,,10546,2,,,0
11019,'1199603',1225,,10547,2,,,0
11019,'1199619',1024,,10548,2,,,0
11019,'1199623',1325,,10549,2,,,0
