105029,'1196840',2312,,12163,41,,,0
105029,'1196987',1027,,12164,41,,,0
105029,'1196996',1658,,12165,41,,,0
105029,'1197020',1543,,12166,41,,,0
105029,'1197097',1758,,12167,41,,,0
105029,'1197137',2025,,12168,41,,,0
105029,'1197220',2012,,12169,41,,,0
105029,'1197228',1513,,12170,41,,,0
105029,'1197231',742,,12171,41,,,0
105029,'1197439',1143,,12172,41,,,0
105029,'1197501',1943,,12173,41,,,0
105029,'1197522',2143,,12174,41,,,0
105029,'1197561',1013,,12175,41,,,0
105029,'1197638',943,,12176,41,,,0
105029,'1197840',2112,,12177,41,,,0
105029,'1197853',2212,,12178,41,,,0
105029,'1197918',1842,,12179,41,,,0
105029,'1197968',2343,,12180,41,,,0
105029,'1198013',1343,,12181,41,,,0
105029,'1198037',1113,,12182,41,,,0
105029,'1198064',1827,,12183,41,,,0
105029,'1198187',1227,,12184,41,,,0
105029,'1198214',1743,,12185,41,,,0
105029,'1198417',1327,,12186,41,,,0
105029,'1198447',1728,,12187,41,,,0
105029,'1198529',1527,,12188,41,,,0
105029,'1198616',712,,12189,41,,,0
105029,'1198625',1628,,12190,41,,,0
105029,'1198711',1328,,12191,41,,,0
105029,'1198718',1543,,12192,41,,,0
105029,'1198725',1727,,12193,41,,,0
105029,'1198779',825,,12194,41,,,0
105029,'1198918',1427,,12195,41,,,0
105029,'1198922',2417,,12196,41,,,0
105029,'1198923',642,,12197,41,,,0
105029,'1199012',625,,12198,41,,,0
105029,'1199037',1413,,12199,41,,,0
105029,'1199107',1443,,12200,41,,,0
105029,'1199124',2425,,12201,41,,,0
105029,'1199144',1228,,12202,41,,,0
105029,'1199148',743,,12203,41,,,0
105029,'1199220',1127,,12204,41,,,0
105029,'1199470',2225,,12205,41,,,0
105029,'1199473',912,,12206,41,,,0
105029,'1199604',812,,12207,41,,,0
105029,'1199607',1627,,12208,41,,,0
