105019,'1196946',920,,12117,68,,,0
105019,'1197049',1830,,12118,68,,,0
105019,'1197077',608,,12119,68,,,0
105019,'1197115',1215,,12120,68,,,0
105019,'1197131',720,,12121,68,,,0
105019,'1197173',1222,,12122,68,,,0
105019,'1197181',1038,,12123,68,,,0
105019,'1197192',2207,,12124,68,,,0
105019,'1197197',1515,,12125,68,,,0
105019,'1197292',1322,,12126,68,,,0
105019,'1197296',1615,,12127,68,,,0
105019,'1197531',1422,,12128,68,,,0
105019,'1197548',1937,,12129,68,,,0
105019,'1197557',1622,,12130,68,,,0
105019,'1197588',838,,12131,68,,,0
105019,'1197596',2107,,12132,68,,,0
105019,'1197617',1522,,12133,68,,,0
105019,'1197633',1238,,12134,68,,,0
105019,'1197710',812,,12135,68,,,0
105019,'1197779',1800,,12136,68,,,0
105019,'1197825',1430,,12137,68,,,0
105019,'1197971',1115,,12138,68,,,0
105019,'1198112',638,,12139,68,,,0
105019,'1198338',1122,,12140,68,,,0
105019,'1198380',2238,,12141,68,,,0
105019,'1198385',1730,,12142,68,,,0
105019,'1198553',1330,,12143,68,,,0
105019,'1198560',2038,,12144,68,,,0
105019,'1198571',1638,,12145,68,,,0
105019,'1198621',742,,12146,68,,,0
105019,'1198667',1012,,12147,68,,,0
105019,'1198717',1545,,12148,68,,,0
105019,'1198741',912,,12149,68,,,0
105019,'1198746',1900,,12150,68,,,0
105019,'1198889',708,,12151,68,,,0
105019,'1199004',1438,,12152,68,,,0
105019,'1199054',1645,,12153,68,,,0
105019,'1199098',842,,12154,68,,,0
105019,'1199298',2407,,12155,68,,,0
105019,'1199347',2320,,12156,68,,,0
105019,'1199383',2307,,12157,68,,,0
105019,'1199400',1722,,12158,68,,,0
105019,'1199461',1838,,12159,68,,,0
105019,'1199511',1822,,12160,68,,,0
105019,'1199546',2120,,12161,68,,,0
105019,'1199574',1922,,12162,68,,,0
