3029,'1196871',647,,10230,21,,,0
3029,'1196875',2358,,10231,21,,,0
3029,'1196902',1548,,10232,21,,,0
3029,'1196918',1148,,10233,21,,,0
3029,'1196929',758,,10234,21,,,0
3029,'1197004',2146,,10235,21,,,0
3029,'1197012',1448,,10236,21,,,0
3029,'1197066',1858,,10237,21,,,0
3029,'1197101',1318,,10238,21,,,0
3029,'1197253',1558,,10239,21,,,0
3029,'1197290',817,,10240,21,,,0
3029,'1197380',2158,,10241,21,,,0
3029,'1197402',1618,,10242,21,,,0
3029,'1197413',2046,,10243,21,,,0
3029,'1197417',1058,,10244,21,,,0
3029,'1197427',2215,,10245,21,,,0
3029,'1197507',2346,,10246,21,,,0
3029,'1197510',1818,,10247,21,,,0
3029,'1197558',1017,,10248,21,,,0
3029,'1197601',947,,10249,21,,,0
3029,'1197654',1158,,10250,21,,,0
3029,'1197697',1218,,10251,21,,,0
3029,'1197823',1248,,10252,21,,,0
3029,'1197828',1418,,10253,21,,,0
3029,'1197856',1648,,10254,21,,,0
3029,'1197870',1348,,10255,21,,,0
3029,'1197895',2115,,10256,21,,,0
3029,'1197903',1946,,10257,21,,,0
3029,'1197920',1258,,10258,21,,,0
3029,'1197958',2246,,10259,21,,,0
3029,'1197998',2145,,10260,21,,,0
3029,'1198039',1658,,10261,21,,,0
3029,'1198070',1748,,10262,21,,,0
3029,'1198115',958,,10263,21,,,0
3029,'1198165',1758,,10264,21,,,0
3029,'1198246',1548,,10265,21,,,0
3029,'1198281',1748,,10266,21,,,0
3029,'1198295',746,,10267,21,,,0
3029,'1198310',2245,,10268,21,,,0
3029,'1198321',1047,,10269,21,,,0
3029,'1198363',1248,,10270,21,,,0
3029,'1198395',747,,10271,21,,,0
3029,'1198434',1518,,10272,21,,,0
3029,'1198445',1148,,10273,21,,,0
3029,'1198462',2045,,10274,21,,,0
3029,'1198484',2258,,10275,21,,,0
3029,'1198500',1718,,10276,21,,,0
3029,'1198518',946,,10277,21,,,0
3029,'1198562',1358,,10278,21,,,0
3029,'1198577',1448,,10279,21,,,0
3029,'1198614',646,,10280,21,,,0
3029,'1198734',1845,,10281,21,,,0
3029,'1198836',847,,10282,21,,,0
3029,'1198936',1458,,10283,21,,,0
3029,'1198983',2058,,10284,21,,,0
3029,'1199061',846,,10285,21,,,0
3029,'1199094',1945,,10286,21,,,0
3029,'1199112',2342,,10287,21,,,0
3029,'1199231',1958,,10288,21,,,0
3029,'1199421',1648,,10289,21,,,0
3029,'1199431',1046,,10290,21,,,0
3029,'1199453',1846,,10291,21,,,0
3029,'1199460',1348,,10292,21,,,0
3029,'1199521',917,,10293,21,,,0
3029,'1199533',1915,,10294,21,,,0
3029,'1199547',717,,10295,21,,,0
3029,'1199601',1117,,10296,21,,,0
3029,'1199629',858,,10297,21,,,0
3029,'1199646',2015,,10298,21,,,0
