12019,'1190645',1622,,7824,8,,,0
12019,'1190716',651,,7826,8,,,0
12019,'1190831',2151,,7830,8,,,0
12019,'1190872',851,,7831,8,,,0
12019,'1190905',851,,7833,8,,,0
12019,'1190925',2021,,7834,8,,,0
12019,'1190938',1622,,7835,8,,,0
12019,'1191207',1752,,7836,8,,,0
12019,'1191227',1722,,7837,8,,,0
12019,'1191300',1522,,7839,8,,,0
12019,'1191320',2321,,7840,8,,,0
12019,'1191414',1722,,7842,8,,,0
12019,'1191419',1452,,7843,8,,,0
12019,'1191420',2121,,7844,8,,,0
12019,'1191448',751,,7845,8,,,0
12019,'1191466',1652,,7846,8,,,0
12019,'1191470',1452,,7847,8,,,0
12019,'1191522',1052,,7848,8,,,0
12019,'1191598',1152,,7850,8,,,0
12019,'1191639',1222,,7851,8,,,0
12019,'1191674',1122,,7852,8,,,0
12019,'1191686',1322,,7853,8,,,0
12019,'1191803',1252,,7857,8,,,0
12019,'1191804',1552,,7858,8,,,0
12019,'1191818',1352,,7859,8,,,0
12019,'1191855',1851,,7860,8,,,0
12019,'1191973',1122,,7861,8,,,0
12019,'1192006',1021,,7863,8,,,0
12019,'1192018',1252,,7864,8,,,0
12019,'1192022',1921,,7865,8,,,0
12019,'1192099',821,,7866,8,,,0
12019,'1192145',1352,,7867,8,,,0
12019,'1192151',751,,7868,8,,,0
12019,'1192194',721,,7869,8,,,0
12019,'1192261',1152,,7870,8,,,0
12019,'1192280',2221,,7871,8,,,0
12019,'1192281',1322,,7872,8,,,0
12019,'1192301',1222,,7874,8,,,0
12019,'1192340',1422,,7875,8,,,0
12019,'1192366',1821,,7876,8,,,0
12019,'1192412',921,,7877,8,,,0
12019,'1192530',1522,,7879,8,,,0
12019,'1192561',2351,,7880,8,,,0
12019,'1192582',1951,,7881,8,,,0
12019,'1192611',2251,,7882,8,,,0
12019,'1192642',621,,7883,8,,,0
12019,'1193003',1552,,7884,8,,,0
12019,'1193055',1652,,7885,8,,,0
12019,'1193068',951,,7886,8,,,0
12019,'1193119',2051,,7887,8,,,0
12019,'1193147',1052,,7888,8,,,0
12019,'1193167',1422,,7889,8,,,0
12019,'1193176',653,,7890,8,,,0
12019,'1193229',1752,,7892,8,,,0
12019,'1193305',951,,7895,8,,,0
