10029,'1193661',1540,,7624,43,,,0
10029,'1193662',1140,,7625,43,,,0
10029,'1193664',2040,,7626,43,,,0
10029,'1193666',1340,,7627,43,,,0
10029,'1193669',2340,,7628,43,,,0
10029,'1193670',1640,,7629,43,,,0
10029,'1193672',910,,7631,43,,,0
10029,'1193673',2140,,7632,43,,,0
10029,'1193674',1440,,7633,43,,,0
10029,'1193676',1910,,7634,43,,,0
10029,'1193677',740,,7635,43,,,0
10029,'1193684',1740,,7637,43,,,0
10029,'1193685',1040,,7638,43,,,0
10029,'1193688',940,,7639,43,,,0
10029,'1193689',810,,7640,43,,,0
10029,'1193690',2010,,7641,43,,,0
10029,'1193692',2240,,7642,43,,,0
10029,'1193693',940,,7643,43,,,0
10029,'1193694',1340,,7644,43,,,0
10029,'1193695',710,,7645,43,,,0
10029,'1193696',640,,7646,43,,,0
10029,'1193699',2110,,7647,43,,,0
10029,'1193706',840,,7650,43,,,0
10029,'1193712',1840,,7651,43,,,0
10029,'1193713',2310,,7652,43,,,0
10029,'1193716',1940,,7654,43,,,0
10029,'1193719',1440,,7655,43,,,0
10029,'1193721',1040,,7656,43,,,0
10029,'1193726',1740,,7659,43,,,0
10029,'1193727',840,,7660,43,,,0
10029,'1193728',740,,7661,43,,,0
10029,'1193736',2415,,7663,43,,,0
10029,'1193741',2210,,7664,43,,,0
10029,'1193744',1510,,7666,43,,,0
10029,'1193745',1610,,7667,43,,,0
10029,'1193746',1140,,7668,43,,,0
10029,'1193757',1240,,7673,43,,,0
10029,'1193760',1240,,7675,43,,,0
10029,'1193762',1540,,7676,43,,,0
10029,'1193763',1710,,7677,43,,,0
10029,'1193777',1810,,7681,43,,,0
10029,'1193778',1640,,7682,43,,,0
103019,'1191109',1845,,9127,10,,,0
103019,'1191130',1246,,9128,10,,,0
103019,'1191203',1716,,9130,10,,,0
103019,'1191247',2015,,9131,10,,,0
103019,'1191632',1516,,9134,10,,,0
103019,'1191705',2315,,9135,10,,,0
103019,'1191773',1416,,9136,10,,,0
103019,'1191800',1501,,9137,10,,,0
103019,'1191826',645,,9139,10,,,0
103019,'1191877',1116,,9141,10,,,0
103019,'1192012',2245,,9143,10,,,0
103019,'1192046',945,,9144,10,,,0
103019,'1192234',1546,,9146,10,,,0
103019,'1192444',815,,9147,10,,,0
103019,'1192450',1045,,9148,10,,,0
103019,'1192461',1815,,9149,10,,,0
103019,'1192624',900,,9150,10,,,0
103019,'1192801',915,,9151,10,,,0
103019,'1192848',745,,9152,10,,,0
103019,'1192864',2115,,9153,10,,,0
103019,'1192885',1945,,9154,10,,,0
103019,'1192886',1646,,9155,10,,,0
103019,'1192968',1631,,9157,10,,,0
103019,'1193060',730,,9159,10,,,0
103019,'1193217',2145,,9160,10,,,0
103019,'1193247',1346,,9161,10,,,0
103019,'1193317',1216,,9162,10,,,0
