105019,'1196946',907,,12117,43,,,0
105019,'1197049',1816,,12118,43,,,0
105019,'1197077',554,,12119,43,,,0
105019,'1197115',1201,,12120,43,,,0
105019,'1197131',707,,12121,43,,,0
105019,'1197173',1209,,12122,43,,,0
105019,'1197181',1026,,12123,43,,,0
105019,'1197192',2154,,12124,43,,,0
105019,'1197197',1501,,12125,43,,,0
105019,'1197292',1309,,12126,43,,,0
105019,'1197296',1601,,12127,43,,,0
105019,'1197531',1409,,12128,43,,,0
105019,'1197548',1924,,12129,43,,,0
105019,'1197557',1609,,12130,43,,,0
105019,'1197588',826,,12131,43,,,0
105019,'1197596',2054,,12132,43,,,0
105019,'1197617',1509,,12133,43,,,0
105019,'1197633',1226,,12134,43,,,0
105019,'1197710',758,,12135,43,,,0
105019,'1197779',1746,,12136,43,,,0
105019,'1197825',1416,,12137,43,,,0
105019,'1197971',1101,,12138,43,,,0
105019,'1198112',624,,12139,43,,,0
105019,'1198338',1109,,12140,43,,,0
105019,'1198380',2226,,12141,43,,,0
105019,'1198385',1716,,12142,43,,,0
105019,'1198553',1316,,12143,43,,,0
105019,'1198560',2026,,12144,43,,,0
105019,'1198571',1626,,12145,43,,,0
105019,'1198621',728,,12146,43,,,0
105019,'1198667',958,,12147,43,,,0
105019,'1198717',1531,,12148,43,,,0
105019,'1198741',858,,12149,43,,,0
105019,'1198746',1846,,12150,43,,,0
105019,'1198889',654,,12151,43,,,0
105019,'1199004',1426,,12152,43,,,0
105019,'1199054',1631,,12153,43,,,0
105019,'1199098',828,,12154,43,,,0
105019,'1199298',2354,,12155,43,,,0
105019,'1199347',2307,,12156,43,,,0
105019,'1199383',2254,,12157,43,,,0
105019,'1199400',1709,,12158,43,,,0
105019,'1199461',1826,,12159,43,,,0
105019,'1199511',1809,,12160,43,,,0
105019,'1199546',2107,,12161,43,,,0
105019,'1199574',1909,,12162,43,,,0
