2029,'1196924',1515,,10051,11,,,0
2029,'1196985',1200,,10052,11,,,0
2029,'1196991',2243,,10053,11,,,0
2029,'1197028',2043,,10054,11,,,0
2029,'1197134',1830,,10055,11,,,0
2029,'1197139',929,,10056,11,,,0
2029,'1197143',2330,,10057,11,,,0
2029,'1197168',1615,,10058,11,,,0
2029,'1197170',645,,10059,11,,,0
2029,'1197175',1500,,10060,11,,,0
2029,'1197208',1445,,10061,11,,,0
2029,'1197209',900,,10062,11,,,0
2029,'1197218',714,,10063,11,,,0
2029,'1197261',1630,,10064,11,,,0
2029,'1197268',1700,,10065,11,,,0
2029,'1197282',644,,10066,11,,,0
2029,'1197288',2143,,10067,11,,,0
2029,'1197331',1626,,10068,11,,,0
2029,'1197332',2213,,10069,11,,,0
2029,'1197367',1426,,10070,11,,,0
2029,'1197375',859,,10071,11,,,0
2029,'1197411',1044,,10072,11,,,0
2029,'1197419',1330,,10073,11,,,0
2029,'1197430',659,,10074,11,,,0
2029,'1197437',959,,10075,11,,,0
2029,'1197491',1356,,10076,11,,,0
2029,'1197508',759,,10077,11,,,0
2029,'1197527',1245,,10078,11,,,0
2029,'1197534',1045,,10079,11,,,0
2029,'1197599',1645,,10080,11,,,0
2029,'1197642',744,,10081,11,,,0
2029,'1197644',1815,,10082,11,,,0
2029,'1197647',944,,10083,11,,,0
2029,'1197651',2339,,10084,11,,,0
2029,'1197655',2409,,10085,11,,,0
2029,'1197665',1030,,10086,11,,,0
2029,'1197667',1945,,10087,11,,,0
2029,'1197739',1715,,10088,11,,,0
2029,'1197769',1145,,10089,11,,,0
2029,'1197800',1014,,10090,11,,,0
2029,'1197808',2013,,10091,11,,,0
2029,'1197821',745,,10092,11,,,0
2029,'1197871',814,,10093,11,,,0
2029,'1197901',844,,10094,11,,,0
2029,'1197910',1745,,10095,11,,,0
2029,'1198003',1100,,10096,11,,,0
2029,'1198023',1229,,10097,11,,,0
2029,'1198042',845,,10098,11,,,0
2029,'1198045',2245,,10099,11,,,0
2029,'1198089',914,,10100,11,,,0
2029,'1198144',1029,,10101,11,,,0
2029,'1198156',2313,,10102,11,,,0
2029,'1198168',2030,,10103,11,,,0
2029,'1198184',945,,10104,11,,,0
2029,'1198213',1415,,10105,11,,,0
2029,'1198215',1830,,10106,11,,,0
2029,'1198275',1144,,10107,11,,,0
2029,'1198291',1059,,10108,11,,,0
2029,'1198335',1943,,10109,11,,,0
2029,'1198359',1326,,10110,11,,,0
2029,'1198433',1345,,10111,11,,,0
2029,'1198455',1226,,10112,11,,,0
2029,'1198473',1756,,10113,11,,,0
2029,'1198494',1726,,10114,11,,,0
2029,'1198537',1745,,10115,11,,,0
2029,'1198581',1130,,10116,11,,,0
2029,'1198603',1545,,10117,11,,,0
2029,'1198608',945,,10118,11,,,0
2029,'1198619',2415,,10119,11,,,0
2029,'1198682',1430,,10120,11,,,0
2029,'1198743',2245,,10121,11,,,0
2029,'1198838',1345,,10122,11,,,0
2029,'1198840',1456,,10123,11,,,0
2029,'1198841',729,,10124,11,,,0
2029,'1198851',2113,,10125,11,,,0
2029,'1198854',1159,,10126,11,,,0
2029,'1198870',730,,10127,11,,,0
2029,'1198967',2345,,10128,11,,,0
2029,'1199005',1600,,10129,11,,,0
2029,'1199023',1526,,10130,11,,,0
2029,'1199042',1945,,10131,11,,,0
2029,'1199046',1843,,10132,11,,,0
2029,'1199049',1114,,10133,11,,,0
2029,'1199063',1315,,10134,11,,,0
2029,'1199099',1300,,10135,11,,,0
2029,'1199116',1730,,10136,11,,,0
2029,'1199173',1556,,10137,11,,,0
2029,'1199237',2145,,10138,11,,,0
2029,'1199240',829,,10139,11,,,0
2029,'1199269',1245,,10140,11,,,0
2029,'1199288',1545,,10141,11,,,0
2029,'1199299',2200,,10142,11,,,0
2029,'1199305',1214,,10143,11,,,0
2029,'1199316',1800,,10144,11,,,0
2029,'1199329',1645,,10145,11,,,0
2029,'1199333',815,,10146,11,,,0
2029,'1199335',1256,,10147,11,,,0
2029,'1199398',2045,,10148,11,,,0
2029,'1199466',1913,,10149,11,,,0
2029,'1199478',1845,,10150,11,,,0
2029,'1199484',1530,,10151,11,,,0
2029,'1199542',2429,,10152,11,,,0
2029,'1199552',1400,,10153,11,,,0
2029,'1199560',1900,,10154,11,,,0
2029,'1199580',2115,,10155,11,,,0
2029,'1199620',1445,,10156,11,,,0
2029,'1199621',1129,,10157,11,,,0
2029,'1199635',1656,,10158,11,,,0
23019,'1196858',945,,11169,17,4,,0
23019,'1197650',915,,11170,17,4,,0
23019,'1197677',1516,,11171,17,4,,0
23019,'1198140',1716,,11172,17,4,,0
23019,'1198693',1116,,11173,17,4,,0
23019,'1198972',1347,,11174,17,4,,0
23019,'1199104',1547,,11175,17,4,,0
23019,'1199267',1317,,11176,17,4,,0
23019,'1199355',1147,,11177,17,4,,0
23029,'1196989',1516,,11178,1,,,0
23029,'1197720',915,,11179,1,,,0
23029,'1197799',945,,11180,1,,,0
23029,'1197902',1317,,11181,1,,,0
23029,'1198145',1716,,11182,1,,,0
23029,'1198600',1116,,11183,1,,,0
23029,'1199027',1347,,11184,1,,,0
23029,'1199095',1547,,11185,1,,,0
23029,'1199388',1147,,11186,1,,,0
103019,'1196838',2019,,11950,6,,,0
103019,'1196888',938,,11951,6,,,0
103019,'1196969',1639,,11952,6,,,0
103019,'1196981',1209,,11953,6,,,0
103019,'1197294',2108,,11954,6,,,0
103019,'1197441',1038,,11955,6,,,0
103019,'1197545',1709,,11956,6,,,0
103019,'1197721',1339,,11957,6,,,0
103019,'1197732',853,,11958,6,,,0
103019,'1197772',1454,,11959,6,,,0
103019,'1197847',1539,,11960,6,,,0
103019,'1197900',2308,,11961,6,,,0
103019,'1197976',2138,,11962,6,,,0
103019,'1198084',738,,11963,6,,,0
103019,'1198108',1419,,11964,6,,,0
103019,'1198169',723,,11965,6,,,0
103019,'1198206',908,,11966,6,,,0
103019,'1198228',1109,,11967,6,,,0
103019,'1198242',1849,,11968,6,,,0
103019,'1198304',1409,,11969,6,,,0
103019,'1198348',2149,,11970,6,,,0
103019,'1198369',2238,,11971,6,,,0
103019,'1198383',1239,,11972,6,,,0
103019,'1198393',638,,11973,6,,,0
103019,'1198760',808,,11975,6,,,0
103019,'1198790',2319,,11976,6,,,0
103019,'1198820',1249,,11977,6,,,0
103019,'1198832',1719,,11978,6,,,0
103019,'1198901',2008,,11979,6,,,0
103019,'1198908',949,,11980,6,,,0
103019,'1198992',1549,,11981,6,,,0
103019,'1199041',1119,,11982,6,,,0
103019,'1199057',1509,,11983,6,,,0
103019,'1199120',1838,,11984,6,,,0
103019,'1199157',1808,,11985,6,,,0
103019,'1199198',819,,11986,6,,,0
103019,'1199232',1624,,11987,6,,,0
103019,'1199535',1938,,11988,6,,,0
