25019,'1196864',1236,,11307,9,,,0
25019,'1196932',1736,,11308,9,,,0
25019,'1196994',1937,,11309,9,,,0
25019,'1197064',721,,11310,9,,,0
25019,'1197079',2357,,11311,9,,,0
25019,'1197084',2321,,11312,9,,,0
25019,'1197151',736,,11313,9,,,0
25019,'1197299',2137,,11314,9,,,0
25019,'1197317',1336,,11315,9,,,0
25019,'1197342',1737,,11316,9,,,0
25019,'1197442',1521,,11317,9,,,0
25019,'1197448',1607,,11318,9,,,0
25019,'1197471',1036,,11319,9,,,0
25019,'1197624',1837,,11320,9,,,0
25019,'1197657',2121,,11321,9,,,0
25019,'1197660',837,,11322,9,,,0
25019,'1197687',2336,,11323,9,,,0
25019,'1197702',1207,,11324,9,,,0
25019,'1197757',737,,11325,9,,,0
25019,'1197760',1537,,11326,9,,,0
25019,'1197771',2021,,11327,9,,,0
25019,'1198004',2221,,11328,9,,,0
25019,'1198021',707,,11329,9,,,0
25019,'1198071',1936,,11330,9,,,0
25019,'1198079',637,,11331,9,,,0
25019,'1198190',2037,,11332,9,,,0
25019,'1198267',2237,,11333,9,,,0
25019,'1198315',907,,11334,9,,,0
25019,'1198388',1407,,11335,9,,,0
25019,'1198435',2236,,11336,9,,,0
25019,'1198457',636,,11337,9,,,0
25019,'1198479',937,,11338,9,,,0
25019,'1198492',1436,,11339,9,,,0
25019,'1198496',1836,,11340,9,,,0
25019,'1198512',1721,,11341,9,,,0
25019,'1198566',1136,,11342,9,,,0
25019,'1198604',1421,,11343,9,,,0
25019,'1198759',1321,,11344,9,,,0
25019,'1198776',2136,,11345,9,,,0
25019,'1198803',1507,,11346,9,,,0
25019,'1198823',2036,,11347,9,,,0
25019,'1198862',1921,,11348,9,,,0
25019,'1198902',1437,,11349,9,,,0
25019,'1198938',836,,11350,9,,,0
25019,'1199011',1107,,11351,9,,,0
25019,'1199070',1007,,11352,9,,,0
25019,'1199074',821,,11353,9,,,0
25019,'1199097',807,,11354,9,,,0
25019,'1199125',921,,11355,9,,,0
25019,'1199183',1307,,11356,9,,,0
25019,'1199208',1221,,11357,9,,,0
25019,'1199212',1821,,11358,9,,,0
25019,'1199258',1637,,11359,9,,,0
25019,'1199359',1021,,11360,9,,,0
25019,'1199389',936,,11361,9,,,0
25019,'1199464',1636,,11362,9,,,0
25019,'1199480',1707,,11363,9,,,0
25019,'1199589',1121,,11364,9,,,0
25019,'1199634',1536,,11365,9,,,0
25019,'1199649',1621,,11366,9,,,0
