25019,'1190672',2242,,8481,18,,,0
25019,'1190694',742,,8483,18,,,0
25019,'1190780',2340,,8484,18,,,0
25019,'1190819',712,,8485,18,,,0
25019,'1190912',1842,,8486,18,,,0
25019,'1191069',1941,,8488,18,,,0
25019,'1191124',2041,,8489,18,,,0
25019,'1191161',1641,,8490,18,,,0
25019,'1191327',1412,,8492,18,,,0
25019,'1191338',1041,,8493,18,,,0
25019,'1191351',1942,,8494,18,,,0
25019,'1191352',1442,,8495,18,,,0
25019,'1191409',941,,8496,18,,,0
25019,'1191478',2241,,8499,18,,,0
25019,'1191511',1742,,8500,18,,,0
25019,'1191525',1441,,8501,18,,,0
25019,'1191551',640,,8502,18,,,0
25019,'1191579',841,,8503,18,,,0
25019,'1191596',2142,,8505,18,,,0
25019,'1191642',812,,8506,18,,,0
25019,'1191842',1841,,8508,18,,,0
25019,'1191928',2042,,8509,18,,,0
25019,'1191935',842,,8510,18,,,0
25019,'1191950',1241,,8511,18,,,0
25019,'1191964',1541,,8512,18,,,0
25019,'1192103',2141,,8513,18,,,0
25019,'1192106',1212,,8514,18,,,0
25019,'1192259',1341,,8518,18,,,0
25019,'1192277',1741,,8519,18,,,0
25019,'1192343',1112,,8520,18,,,0
25019,'1192356',1542,,8521,18,,,0
25019,'1192432',1612,,8523,18,,,0
25019,'1192477',2402,,8525,18,,,0
25019,'1192596',1512,,8527,18,,,0
25019,'1192742',1012,,8528,18,,,0
25019,'1192751',1141,,8529,18,,,0
25019,'1192774',1712,,8530,18,,,0
25019,'1192796',1312,,8531,18,,,0
25019,'1192849',942,,8533,18,,,0
25019,'1192959',642,,8534,18,,,0
25019,'1193109',1642,,8535,18,,,0
25019,'1193121',740,,8536,18,,,0
25019,'1193315',912,,8540,18,,,0
