10019,'1196894',2049,,10329,16,,,0
10019,'1196915',1649,,10330,16,,,0
10019,'1196923',1049,,10331,16,,,0
10019,'1197054',2219,,10332,16,,,0
10019,'1197091',1449,,10333,16,,,0
10019,'1197121',1049,,10334,16,,,0
10019,'1197207',949,,10335,16,,,0
10019,'1197335',819,,10336,16,,,0
10019,'1197345',2119,,10337,16,,,0
10019,'1197397',1449,,10338,16,,,0
10019,'1197418',2349,,10339,16,,,0
10019,'1197505',1549,,10340,16,,,0
10019,'1197587',919,,10341,16,,,0
10019,'1197595',1049,,10342,16,,,0
10019,'1197737',1349,,10343,16,,,0
10019,'1197756',1849,,10344,16,,,0
10019,'1197759',1519,,10345,16,,,0
10019,'1197766',2249,,10346,16,,,0
10019,'1197915',1949,,10347,16,,,0
10019,'1197927',749,,10348,16,,,0
10019,'1197935',649,,10349,16,,,0
10019,'1197985',949,,10350,16,,,0
10019,'1198010',1819,,10351,16,,,0
10019,'1198016',1949,,10352,16,,,0
10019,'1198164',649,,10353,16,,,0
10019,'1198167',1549,,10354,16,,,0
10019,'1198226',1349,,10355,16,,,0
10019,'1198257',1449,,10356,16,,,0
10019,'1198280',2319,,10357,16,,,0
10019,'1198300',1549,,10358,16,,,0
10019,'1198361',2149,,10359,16,,,0
10019,'1198366',849,,10360,16,,,0
10019,'1198390',1849,,10361,16,,,0
10019,'1198410',1749,,10362,16,,,0
10019,'1198440',749,,10363,16,,,0
10019,'1198475',1149,,10364,16,,,0
10019,'1198480',2149,,10365,16,,,0
10019,'1198509',620,,10366,16,,,0
10019,'1198520',1249,,10367,16,,,0
10019,'1198542',2349,,10368,16,,,0
10019,'1198583',2249,,10369,16,,,0
10019,'1198726',1919,,10370,16,,,0
10019,'1198809',849,,10371,16,,,0
10019,'1198815',1649,,10372,16,,,0
10019,'1198881',1619,,10373,16,,,0
10019,'1198903',849,,10374,16,,,0
10019,'1198955',1149,,10375,16,,,0
10019,'1198962',1649,,10376,16,,,0
10019,'1198993',1149,,10377,16,,,0
10019,'1199007',2049,,10378,16,,,0
10019,'1199032',1349,,10379,16,,,0
10019,'1199053',1749,,10380,16,,,0
10019,'1199056',1749,,10381,16,,,0
10019,'1199257',1719,,10382,16,,,0
10019,'1199300',1249,,10383,16,,,0
10019,'1199321',949,,10384,16,,,0
10019,'1199323',2019,,10385,16,,,0
10019,'1199353',1249,,10386,16,,,0
10019,'1199424',719,,10387,16,,,0
10019,'1199598',749,,10388,16,,,0
12019,'1196839',2130,,10650,22,,,0
12019,'1196874',1131,,10651,22,,,0
12019,'1196885',1631,,10652,22,,,0
12019,'1196887',1601,,10653,22,,,0
12019,'1196940',1331,,10654,22,,,0
12019,'1196983',1930,,10655,22,,,0
12019,'1197026',2230,,10656,22,,,0
12019,'1197080',1830,,10657,22,,,0
12019,'1197104',1900,,10658,22,,,0
12019,'1197223',1801,,10659,22,,,0
12019,'1197306',1201,,10660,22,,,0
12019,'1197322',800,,10661,22,,,0
12019,'1197334',1631,,10662,22,,,0
12019,'1197339',1800,,10663,22,,,0
12019,'1197433',1000,,10664,22,,,0
12019,'1197490',1701,,10665,22,,,0
12019,'1197525',1601,,10666,22,,,0
12019,'1197602',900,,10667,22,,,0
12019,'1197615',1231,,10668,22,,,0
12019,'1197664',1801,,10669,22,,,0
12019,'1197701',2400,,10670,22,,,0
12019,'1197765',2400,,10671,22,,,0
12019,'1197813',1101,,10672,22,,,0
12019,'1197824',1300,,10673,22,,,0
12019,'1197891',2100,,10674,22,,,0
12019,'1197911',2000,,10675,22,,,0
12019,'1197945',1900,,10676,22,,,0
12019,'1197989',1501,,10677,22,,,0
12019,'1197991',1200,,10678,22,,,0
12019,'1198031',700,,10679,22,,,0
12019,'1198072',1400,,10680,22,,,0
12019,'1198097',1600,,10681,22,,,0
12019,'1198121',1701,,10682,22,,,0
12019,'1198127',1101,,10683,22,,,0
12019,'1198171',2200,,10684,22,,,0
12019,'1198224',2300,,10685,22,,,0
12019,'1198250',1331,,10686,22,,,0
12019,'1198260',1431,,10687,22,,,0
12019,'1198263',930,,10688,22,,,0
12019,'1198283',1531,,10689,22,,,0
12019,'1198358',1500,,10690,22,,,0
12019,'1198421',900,,10691,22,,,0
12019,'1198427',1231,,10692,22,,,0
12019,'1198442',1731,,10693,22,,,0
12019,'1198497',2200,,10694,22,,,0
12019,'1198582',900,,10695,22,,,0
12019,'1198588',630,,10696,22,,,0
12019,'1198592',1731,,10697,22,,,0
12019,'1198618',1100,,10698,22,,,0
12019,'1198712',1201,,10699,22,,,0
12019,'1198727',1401,,10700,22,,,0
12019,'1198773',1401,,10701,22,,,0
12019,'1198774',1131,,10702,22,,,0
12019,'1198819',2330,,10703,22,,,0
12019,'1198842',1000,,10704,22,,,0
12019,'1198884',2000,,10705,22,,,0
12019,'1198912',800,,10706,22,,,0
12019,'1198945',1000,,10707,22,,,0
12019,'1199167',730,,10708,22,,,0
12019,'1199197',2100,,10709,22,,,0
12019,'1199223',1301,,10710,22,,,0
12019,'1199224',702,,10711,22,,,0
12019,'1199251',1030,,10712,22,,,0
12019,'1199291',1531,,10713,22,,,0
12019,'1199315',1301,,10714,22,,,0
12019,'1199416',2300,,10715,22,,,0
12019,'1199495',1431,,10716,22,,,0
12019,'1199513',830,,10717,22,,,0
12019,'1199578',1501,,10718,22,,,0
12019,'1199610',2030,,10719,22,,,0
12019,'1199616',800,,10720,22,,,0
12019,'1199625',1700,,10721,22,,,0
