104019,'1196891',2329,,12027,13,,,0
104019,'1197169',2405,,12028,13,,,0
104019,'1197256',1333,,12029,13,,,0
104019,'1197286',2129,,12030,13,,,0
104019,'1197298',1203,,12031,13,,,0
104019,'1197387',2230,,12032,13,,,0
104019,'1197452',2000,,12033,13,,,0
104019,'1197544',915,,12034,13,,,0
104019,'1197547',1230,,12035,13,,,0
104019,'1197640',1529,,12036,13,,,0
104019,'1197714',1800,,12037,13,,,0
104019,'1197725',2100,,12038,13,,,0
104019,'1197761',729,,12039,13,,,0
104019,'1197801',1000,,12040,13,,,0
104019,'1197820',800,,12042,13,,,0
104019,'1197873',615,,12043,13,,,0
104019,'1197937',1500,,12044,13,,,0
104019,'1198060',1729,,12045,13,,,0
104019,'1198073',2345,,12046,13,,,0
104019,'1198077',2230,,12047,13,,,0
104019,'1198194',1118,,12048,13,,,0
104019,'1198253',1129,,12049,13,,,0
104019,'1198313',1503,,12050,13,,,0
104019,'1198322',1615,,12051,13,,,0
104019,'1198353',1248,,12052,13,,,0
104019,'1198411',929,,12053,13,,,0
104019,'1198567',1730,,12055,13,,,0
104019,'1198664',845,,12056,13,,,0
104019,'1198683',1345,,12057,13,,,0
104019,'1198738',1930,,12058,13,,,0
104019,'1198750',1929,,12059,13,,,0
104019,'1198780',845,,12060,13,,,0
104019,'1198913',1418,,12061,13,,,0
104019,'1198958',645,,12062,13,,,0
104019,'1199185',730,,12064,13,,,0
104019,'1199190',1115,,12065,13,,,0
104019,'1199331',1329,,12066,13,,,0
104019,'1199407',1845,,12067,13,,,0
104019,'1199459',1715,,12068,13,,,0
104019,'1199490',1633,,12069,13,,,0
104019,'1199539',1000,,12070,13,,,0
104019,'1199564',730,,12071,13,,,0
104019,'1199583',1548,,12072,13,,,0
104019,'1199617',2115,,12073,13,,,0
