2019,'1196937',919,,9945,8,,,0
2019,'1196952',1919,,9946,8,,,0
2019,'1196959',719,,9947,8,,,0
2019,'1196966',1004,,9948,8,,,0
2019,'1196990',919,,9949,8,,,0
2019,'1196992',1650,,9950,8,,,0
2019,'1196993',2049,,9951,8,,,0
2019,'1197022',1319,,9952,8,,,0
2019,'1197046',2349,,9953,8,,,0
2019,'1197068',1204,,9954,8,,,0
2019,'1197140',819,,9955,8,,,0
2019,'1197142',2219,,9956,8,,,0
2019,'1197156',649,,9957,8,,,0
2019,'1197159',1235,,9958,8,,,0
2019,'1197165',1304,,9959,8,,,0
2019,'1197200',2034,,9960,8,,,0
2019,'1197205',2319,,9961,8,,,0
2019,'1197230',1550,,9962,8,,,0
2019,'1197258',1520,,9963,8,,,0
2019,'1197273',1819,,9964,8,,,0
2019,'1197277',1004,,9965,8,,,0
2019,'1197304',2019,,9966,8,,,0
2019,'1197311',1750,,9967,8,,,0
2019,'1197384',834,,9968,8,,,0
2019,'1197388',1504,,9969,8,,,0
2019,'1197409',1350,,9970,8,,,0
2019,'1197517',1535,,9971,8,,,0
2019,'1197526',1134,,9972,8,,,0
2019,'1197532',1219,,9973,8,,,0
2019,'1197541',1804,,9974,8,,,0
2019,'1197604',1934,,9975,8,,,0
2019,'1197630',1220,,9976,8,,,0
2019,'1197631',1734,,9977,8,,,0
2019,'1197670',934,,9978,8,,,0
2019,'1197671',1335,,9979,8,,,0
2019,'1197694',1904,,9980,8,,,0
2019,'1197780',1019,,9981,8,,,0
2019,'1197798',1834,,9982,8,,,0
2019,'1197818',1419,,9983,8,,,0
2019,'1197842',1250,,9984,8,,,0
2019,'1197864',2119,,9985,8,,,0
2019,'1197879',1404,,9986,8,,,0
2019,'1197881',1019,,9987,8,,,0
2019,'1197904',849,,9988,8,,,0
2019,'1197931',1149,,9989,8,,,0
2019,'1197939',1505,,9990,8,,,0
2019,'1197952',2354,,9991,8,,,0
2019,'1197970',919,,9992,8,,,0
2019,'1197994',1119,,9993,8,,,0
2019,'1198000',704,,9994,8,,,0
2019,'1198018',719,,9995,8,,,0
2019,'1198034',804,,9996,8,,,0
2019,'1198058',1605,,9997,8,,,0
2019,'1198063',1635,,9998,8,,,0
2019,'1198138',1634,,9999,8,,,0
2019,'1198180',1034,,10000,8,,,0
2019,'1198182',1205,,10001,8,,,0
2019,'1198197',2219,,10002,8,,,0
2019,'1198230',2104,,10003,8,,,0
2019,'1198247',1450,,10004,8,,,0
2019,'1198270',1919,,10005,8,,,0
2019,'1198273',734,,10006,8,,,0
2019,'1198286',749,,10007,8,,,0
2019,'1198328',1720,,10008,8,,,0
2019,'1198379',1735,,10010,8,,,0
2019,'1198387',1534,,10011,8,,,0
2019,'1198392',1134,,10012,8,,,0
2019,'1198443',2004,,10013,8,,,0
2019,'1198453',2134,,10014,8,,,0
2019,'1198468',1234,,10015,8,,,0
2019,'1198483',1719,,10016,8,,,0
2019,'1198564',1104,,10017,8,,,0
2019,'1198584',2304,,10018,8,,,0
2019,'1198637',1620,,10019,8,,,0
2019,'1198722',1519,,10020,8,,,0
2019,'1198740',904,,10021,8,,,0
2019,'1198744',1834,,10022,8,,,0
2019,'1198846',834,,10023,8,,,0
2019,'1198873',634,,10024,8,,,0
2019,'1198904',1334,,10025,8,,,0
2019,'1198940',2204,,10026,8,,,0
2019,'1199047',1305,,10027,8,,,0
2019,'1199073',1704,,10028,8,,,0
2019,'1199085',2134,,10029,8,,,0
2019,'1199096',1434,,10030,8,,,0
2019,'1199176',1034,,10031,8,,,0
2019,'1199234',2004,,10032,8,,,0
2019,'1199238',704,,10033,8,,,0
2019,'1199242',1119,,10034,8,,,0
2019,'1199272',949,,10035,8,,,0
2019,'1199326',2304,,10036,8,,,0
2019,'1199327',1405,,10037,8,,,0
2019,'1199334',1619,,10038,8,,,0
2019,'1199352',1705,,10039,8,,,0
2019,'1199368',1435,,10040,8,,,0
2019,'1199372',1804,,10041,8,,,0
2019,'1199378',1420,,10042,8,,,0
2019,'1199438',1049,,10043,8,,,0
2019,'1199439',749,,10044,8,,,0
2019,'1199485',1320,,10045,8,,,0
2019,'1199505',819,,10046,8,,,0
2019,'1199525',2234,,10047,8,,,0
2019,'1199540',1104,,10048,8,,,0
2019,'1199630',2334,,10049,8,,,0
2019,'1199652',1604,,10050,8,,,0
12029,'1196881',1120,,10722,8,,,0
12029,'1196886',1650,,10723,8,,,0
12029,'1196921',821,,10724,8,,,0
12029,'1196925',1620,,10725,8,,,0
12029,'1197005',2355,,10726,8,,,0
12029,'1197009',2320,,10727,8,,,0
12029,'1197092',1750,,10728,8,,,0
12029,'1197112',850,,10729,8,,,0
12029,'1197136',2250,,10730,8,,,0
12029,'1197164',720,,10731,8,,,0
12029,'1197202',1520,,10732,8,,,0
12029,'1197246',1350,,10733,8,,,0
12029,'1197415',1050,,10734,8,,,0
12029,'1197416',1520,,10735,8,,,0
12029,'1197484',1921,,10736,8,,,0
12029,'1197496',2150,,10737,8,,,0
12029,'1197608',1150,,10738,8,,,0
12029,'1197678',1821,,10739,8,,,0
12029,'1197742',1320,,10740,8,,,0
12029,'1197777',2321,,10741,8,,,0
12029,'1197790',2220,,10742,8,,,0
12029,'1197947',1721,,10743,8,,,0
12029,'1198008',1350,,10744,8,,,0
12029,'1198017',1850,,10745,8,,,0
12029,'1198020',1720,,10746,8,,,0
12029,'1198024',920,,10747,8,,,0
12029,'1198092',1820,,10748,8,,,0
12029,'1198139',1550,,10749,8,,,0
12029,'1198185',1150,,10750,8,,,0
12029,'1198205',820,,10751,8,,,0
12029,'1198239',950,,10752,8,,,0
12029,'1198318',721,,10753,8,,,0
12029,'1198336',1120,,10754,8,,,0
12029,'1198360',1021,,10755,8,,,0
12029,'1198400',720,,10756,8,,,0
12029,'1198511',2221,,10757,8,,,0
12029,'1198528',1521,,10758,8,,,0
12029,'1198538',1420,,10759,8,,,0
12029,'1198556',2050,,10760,8,,,0
12029,'1198681',1920,,10761,8,,,0
12029,'1198731',2020,,10762,8,,,0
12029,'1198732',1320,,10763,8,,,0
12029,'1198745',2121,,10764,8,,,0
12029,'1198748',921,,10765,8,,,0
12029,'1198775',1020,,10766,8,,,0
12029,'1198818',1720,,10767,8,,,0
12029,'1198856',1121,,10768,8,,,0
12029,'1198877',1250,,10769,8,,,0
12029,'1198898',820,,10770,8,,,0
12029,'1198947',620,,10771,8,,,0
12029,'1198959',1220,,10772,8,,,0
12029,'1198976',1650,,10773,8,,,0
12029,'1199093',1450,,10774,8,,,0
12029,'1199207',1450,,10775,8,,,0
12029,'1199281',1321,,10776,8,,,0
12029,'1199325',1620,,10777,8,,,0
12029,'1199340',1050,,10778,8,,,0
12029,'1199357',1420,,10779,8,,,0
12029,'1199382',750,,10780,8,,,0
12029,'1199384',920,,10781,8,,,0
12029,'1199423',1950,,10782,8,,,0
12029,'1199437',1421,,10783,8,,,0
12029,'1199445',2021,,10784,8,,,0
12029,'1199457',1621,,10785,8,,,0
12029,'1199487',1020,,10786,8,,,0
12029,'1199500',650,,10787,8,,,0
12029,'1199501',1550,,10788,8,,,0
12029,'1199531',1220,,10789,8,,,0
12029,'1199556',2120,,10790,8,,,0
12029,'1199590',1250,,10791,8,,,0
12029,'1199639',1221,,10792,8,,,0
