3019,'1196834',1828,,10159,43,4,,0
3019,'1196848',2128,,10160,43,4,,0
3019,'1196854',728,,10161,43,4,,0
3019,'1196968',1244,,10162,43,4,,0
3019,'1196971',2028,,10163,43,4,,0
3019,'1197069',729,,10164,43,4,,0
3019,'1197076',2158,,10165,43,4,,0
3019,'1197107',1259,,10166,43,4,,0
3019,'1197120',2428,,10167,43,4,,0
3019,'1197318',2228,,10168,43,4,,0
3019,'1197369',2344,,10169,43,4,,0
3019,'1197372',2244,,10170,43,4,,0
3019,'1197378',928,,10171,43,4,,0
3019,'1197462',929,,10172,43,4,,0
3019,'1197478',1629,,10173,43,4,,0
3019,'1197537',944,,10174,43,4,,0
3019,'1197572',1359,,10175,43,4,,0
3019,'1197590',859,,10176,43,4,,0
3019,'1197618',1729,,10177,43,4,,0
3019,'1197708',630,,10178,13,4,,0
3019,'1197731',2028,,10179,43,4,,0
3019,'1197748',1029,,10180,43,4,,0
3019,'1197755',1059,,10181,43,4,,0
3019,'1197810',1459,,10182,43,4,,0
3019,'1197819',1928,,10183,43,4,,0
3019,'1197850',1559,,10184,43,4,,0
3019,'1197851',959,,10185,43,4,,0
3019,'1197897',1129,,10186,43,4,,0
3019,'1197923',1229,,10187,43,4,,0
3019,'1197941',1529,,10188,43,4,,0
3019,'1198025',1629,,10189,43,4,,0
3019,'1198093',1858,,10190,43,4,,0
3019,'1198098',1159,,10191,43,4,,0
3019,'1198111',1028,,10192,43,4,,0
3019,'1198119',1544,,10193,43,4,,0
3019,'1198124',1429,,10194,43,4,,0
3019,'1198153',1928,,10195,43,4,,0
3019,'1198229',1529,,10196,43,4,,0
3019,'1198237',1659,,10197,43,4,,0
3019,'1198265',2128,,10198,43,4,,0
3019,'1198278',1958,,10199,43,4,,0
3019,'1198430',1644,,10200,43,4,,0
3019,'1198432',1828,,10201,43,4,,0
3019,'1198501',1729,,10202,43,4,,0
3019,'1198514',659,,10203,43,4,,0
3019,'1198654',1744,,10204,43,4,,0
3019,'1198677',844,,10205,43,4,,0
3019,'1198680',829,,10206,43,4,,0
3019,'1198689',2418,,10207,43,4,,0
3019,'1198691',1759,,10208,43,4,,0
3019,'1198742',2228,,10209,43,4,,0
3019,'1198777',1429,,10210,43,4,,0
3019,'1198788',744,,10211,43,4,,0
3019,'1198845',1044,,10212,43,4,,0
3019,'1198989',2144,,10213,43,4,,0
3019,'1198991',1844,,10214,43,4,,0
3019,'1199009',1344,,10215,43,4,,0
3019,'1199035',1229,,10216,43,4,,0
3019,'1199052',2044,,10217,43,4,,0
3019,'1199066',1144,,10218,43,4,,0
3019,'1199133',1329,,10219,43,4,,0
3019,'1199262',2328,,10220,43,4,,0
3019,'1199277',759,,10221,43,4,,0
3019,'1199346',1329,,10222,43,4,,0
3019,'1199408',2058,,10223,43,4,,0
3019,'1199412',1444,,10224,43,4,,0
3019,'1199440',2328,,10225,43,4,,0
3019,'1199509',828,,10226,43,4,,0
3019,'1199597',630,,10227,13,4,,0
3019,'1199600',1944,,10228,43,4,,0
3019,'1199612',1129,,10229,43,4,,0
3029,'1196871',631,,10230,1,,,0
3029,'1196875',2345,,10231,1,,,0
3029,'1196902',1531,,10232,1,,,0
3029,'1196918',1130,,10233,1,,,0
3029,'1196929',745,,10234,1,,,0
3029,'1197004',2130,,10235,1,,,0
3029,'1197012',1431,,10236,1,,,0
3029,'1197066',1845,,10237,1,,,0
3029,'1197101',1300,,10238,1,,,0
3029,'1197253',1545,,10239,1,,,0
3029,'1197290',801,,10240,1,,,0
3029,'1197380',2145,,10241,1,,,0
3029,'1197402',1600,,10242,1,,,0
3029,'1197413',2030,,10243,1,,,0
3029,'1197417',1045,,10244,1,,,0
3029,'1197427',2201,,10245,1,,,0
3029,'1197507',2330,,10246,1,,,0
3029,'1197510',1800,,10247,1,,,0
3029,'1197558',1001,,10248,1,,,0
3029,'1197601',931,,10249,1,,,0
3029,'1197654',1145,,10250,1,,,0
3029,'1197697',1200,,10251,1,,,0
3029,'1197823',1230,,10252,1,,,0
3029,'1197828',1400,,10253,1,,,0
3029,'1197856',1631,,10254,1,,,0
3029,'1197870',1330,,10255,1,,,0
3029,'1197895',2101,,10256,1,,,0
3029,'1197903',1930,,10257,1,,,0
3029,'1197920',1245,,10258,1,,,0
3029,'1197958',2230,,10259,1,,,0
3029,'1197998',2131,,10260,1,,,0
3029,'1198039',1645,,10261,1,,,0
3029,'1198070',1730,,10262,1,,,0
3029,'1198115',945,,10263,1,,,0
3029,'1198165',1745,,10264,1,,,0
3029,'1198246',1530,,10265,1,,,0
3029,'1198281',1731,,10266,1,,,0
3029,'1198295',730,,10267,1,,,0
3029,'1198310',2231,,10268,1,,,0
3029,'1198321',1031,,10269,1,,,0
3029,'1198363',1231,,10270,1,,,0
3029,'1198395',731,,10271,1,,,0
3029,'1198434',1500,,10272,1,,,0
3029,'1198445',1131,,10273,1,,,0
3029,'1198462',2031,,10274,1,,,0
3029,'1198484',2245,,10275,1,,,0
3029,'1198500',1700,,10276,1,,,0
3029,'1198518',930,,10277,1,,,0
3029,'1198562',1345,,10278,1,,,0
3029,'1198577',1430,,10279,1,,,0
3029,'1198614',630,,10280,1,,,0
3029,'1198734',1831,,10281,1,,,0
3029,'1198836',831,,10282,1,,,0
3029,'1198936',1445,,10283,1,,,0
3029,'1198983',2045,,10284,1,,,0
3029,'1199061',830,,10285,1,,,0
3029,'1199094',1931,,10286,1,,,0
3029,'1199112',2328,,10287,1,,,0
3029,'1199231',1945,,10288,1,,,0
3029,'1199421',1630,,10289,1,,,0
3029,'1199431',1030,,10290,1,,,0
3029,'1199453',1830,,10291,1,,,0
3029,'1199460',1331,,10292,1,,,0
3029,'1199521',901,,10293,1,,,0
3029,'1199533',1901,,10294,1,,,0
3029,'1199547',701,,10295,1,,,0
3029,'1199601',1101,,10296,1,,,0
3029,'1199629',845,,10297,1,,,0
3029,'1199646',2001,,10298,1,,,0
4019,'1197123',723,,10299,25,4,,0
4019,'1197392',1522,,10300,25,4,,0
4019,'1197520',923,,10301,25,4,,0
4019,'1197788',1552,,10302,25,4,,0
4019,'1197874',1352,,10303,25,4,,0
4019,'1198006',853,,10304,25,4,,0
4019,'1198332',1752,,10305,25,4,,0
4019,'1198394',1452,,10306,25,4,,0
4019,'1198409',823,,10307,25,4,,0
4019,'1198799',1422,,10308,25,4,,0
4019,'1198924',1722,,10309,25,4,,0
4019,'1199002',952,,10310,25,4,,0
4019,'1199239',1622,,10311,25,4,,0
4019,'1199517',754,,10312,25,4,,0
4019,'1199645',1652,,10313,25,4,,0
4029,'1196947',1725,,10314,1,,,0
4029,'1196960',1425,,10315,1,,,0
4029,'1197081',1625,,10316,1,,,0
4029,'1197217',1655,,10317,1,,,0
4029,'1197243',825,,10318,1,,,0
4029,'1197423',1355,,10319,1,,,0
4029,'1198231',1755,,10320,1,,,0
4029,'1198271',1525,,10321,1,,,0
4029,'1198399',755,,10322,1,,,0
4029,'1198606',955,,10323,1,,,0
4029,'1198651',1455,,10324,1,,,0
4029,'1199058',725,,10325,1,,,0
4029,'1199062',855,,10326,1,,,0
4029,'1199498',1555,,10327,1,,,0
4029,'1199611',925,,10328,1,,,0
