14019,'1196890',1815,,10916,6,,,0
14019,'1196970',2045,,10917,6,,,0
14019,'1196984',1344,,10918,6,,,0
14019,'1197073',2145,,10919,6,,,0
14019,'1197090',744,,10920,6,,,0
14019,'1197106',1716,,10921,6,,,0
14019,'1197152',1546,,10922,6,,,0
14019,'1197163',1645,,10923,6,,,0
14019,'1197189',1944,,10924,6,,,0
14019,'1197473',945,,10925,6,,,0
14019,'1197576',1144,,10926,6,,,0
14019,'1197578',1844,,10927,6,,,0
14019,'1197606',844,,10928,6,,,0
14019,'1197719',1545,,10929,6,,,0
14019,'1197768',1646,,10930,6,,,0
14019,'1197774',1245,,10931,6,,,0
14019,'1197807',645,,10932,6,,,0
14019,'1197857',1244,,10933,6,,,0
14019,'1197872',745,,10934,6,,,0
14019,'1197899',2315,,10935,6,,,0
14019,'1197912',1644,,10936,6,,,0
14019,'1197929',1345,,10937,6,,,0
14019,'1197946',1945,,10938,6,,,0
14019,'1198043',2345,,10939,6,,,0
14019,'1198056',1915,,10940,6,,,0
14019,'1198057',645,,10941,6,,,0
14019,'1198062',1544,,10942,6,,,0
14019,'1198118',2015,,10943,6,,,0
14019,'1198151',1444,,10944,6,,,0
14019,'1198161',1446,,10945,6,,,0
14019,'1198262',1445,,10946,6,,,0
14019,'1198285',2245,,10947,6,,,0
14019,'1198312',945,,10948,6,,,0
14019,'1198386',1845,,10949,6,,,0
14019,'1198412',1146,,10950,6,,,0
14019,'1198436',845,,10951,6,,,0
14019,'1198460',1046,,10952,6,,,0
14019,'1198507',845,,10953,6,,,0
14019,'1198513',1246,,10954,6,,,0
14019,'1198539',1045,,10955,6,,,0
14019,'1198751',2044,,10956,6,,,0
14019,'1198810',2344,,10957,6,,,0
14019,'1198859',1516,,10958,6,,,0
14019,'1198869',915,,10959,6,,,0
14019,'1198890',2144,,10960,6,,,0
14019,'1199036',715,,10961,6,,,0
14019,'1199048',745,,10962,6,,,0
14019,'1199075',815,,10963,6,,,0
14019,'1199084',1044,,10964,6,,,0
14019,'1199131',2115,,10965,6,,,0
14019,'1199280',2244,,10966,6,,,0
14019,'1199286',944,,10967,6,,,0
14019,'1199393',1346,,10968,6,,,0
14019,'1199441',1616,,10969,6,,,0
14019,'1199444',1745,,10970,6,,,0
14019,'1199523',1744,,10971,6,,,0
14019,'1199538',1746,,10972,6,,,0
14019,'1199568',2215,,10973,6,,,0
14019,'1199582',1145,,10974,6,,,0
29019,'1196845',1224,,11755,6,,,0
29019,'1197023',939,,11756,6,,,0
29019,'1197248',1923,,11757,6,,,0
29019,'1197445',1139,,11758,6,,,0
29019,'1197468',1439,,11759,6,,,0
29019,'1197869',1124,,11760,6,,,0
29019,'1197959',923,,11761,6,,,0
29019,'1198305',1239,,11762,6,,,0
29019,'1198397',1539,,11763,6,,,0
29019,'1198428',823,,11764,6,,,0
29019,'1198456',2323,,11765,6,,,0
29019,'1198533',1524,,11766,6,,,0
29019,'1198557',2123,,11767,6,,,0
29019,'1198961',1624,,11768,6,,,0
29019,'1199000',1823,,11769,6,,,0
29019,'1199017',1424,,11770,6,,,0
29019,'1199038',723,,11771,6,,,0
29019,'1199080',1724,,11772,6,,,0
29019,'1199158',2023,,11773,6,,,0
29019,'1199278',1039,,11774,6,,,0
29019,'1199317',1339,,11775,6,,,0
29019,'1199409',1024,,11776,6,,,0
29019,'1199455',2223,,11777,6,,,0
29019,'1199486',1324,,11778,6,,,0
