12019,'1190645',1624,,7824,12,,,0
12019,'1190716',653,,7826,12,,,0
12019,'1190831',2153,,7830,12,,,0
12019,'1190872',853,,7831,12,,,0
12019,'1190905',853,,7833,12,,,0
12019,'1190925',2023,,7834,12,,,0
12019,'1190938',1624,,7835,12,,,0
12019,'1191207',1754,,7836,12,,,0
12019,'1191227',1724,,7837,12,,,0
12019,'1191300',1524,,7839,12,,,0
12019,'1191320',2323,,7840,12,,,0
12019,'1191414',1724,,7842,12,,,0
12019,'1191419',1454,,7843,12,,,0
12019,'1191420',2123,,7844,12,,,0
12019,'1191448',753,,7845,12,,,0
12019,'1191466',1654,,7846,12,,,0
12019,'1191470',1454,,7847,12,,,0
12019,'1191522',1054,,7848,12,,,0
12019,'1191598',1154,,7850,12,,,0
12019,'1191639',1224,,7851,12,,,0
12019,'1191674',1124,,7852,12,,,0
12019,'1191686',1324,,7853,12,,,0
12019,'1191803',1254,,7857,12,,,0
12019,'1191804',1554,,7858,12,,,0
12019,'1191818',1354,,7859,12,,,0
12019,'1191855',1853,,7860,12,,,0
12019,'1191973',1124,,7861,12,,,0
12019,'1192006',1023,,7863,12,,,0
12019,'1192018',1254,,7864,12,,,0
12019,'1192022',1923,,7865,12,,,0
12019,'1192099',823,,7866,12,,,0
12019,'1192145',1354,,7867,12,,,0
12019,'1192151',753,,7868,12,,,0
12019,'1192194',723,,7869,12,,,0
12019,'1192261',1154,,7870,12,,,0
12019,'1192280',2223,,7871,12,,,0
12019,'1192281',1324,,7872,12,,,0
12019,'1192301',1224,,7874,12,,,0
12019,'1192340',1424,,7875,12,,,0
12019,'1192366',1823,,7876,12,,,0
12019,'1192412',923,,7877,12,,,0
12019,'1192530',1524,,7879,12,,,0
12019,'1192561',2353,,7880,12,,,0
12019,'1192582',1953,,7881,12,,,0
12019,'1192611',2253,,7882,12,,,0
12019,'1192642',623,,7883,12,,,0
12019,'1193003',1554,,7884,12,,,0
12019,'1193055',1654,,7885,12,,,0
12019,'1193068',953,,7886,12,,,0
12019,'1193119',2053,,7887,12,,,0
12019,'1193147',1054,,7888,12,,,0
12019,'1193167',1424,,7889,12,,,0
12019,'1193176',655,,7890,12,,,0
12019,'1193229',1754,,7892,12,,,0
12019,'1193305',953,,7895,12,,,0
