101019,'1197003',610,,11803,46,,,0
101019,'1197056',2148,,11804,46,,,0
101019,'1197144',2347,,11805,46,,,0
101019,'1197150',1547,,11806,46,,,0
101019,'1197356',1347,,11807,46,,,0
101019,'1197394',1548,,11808,46,,,0
101019,'1197485',748,,11809,46,,,0
101019,'1197542',1348,,11810,46,,,0
101019,'1197666',1110,,11811,46,,,0
101019,'1197703',2147,,11812,46,,,0
101019,'1197735',1210,,11813,46,,,0
101019,'1197816',1148,,11814,46,,,0
101019,'1197893',810,,11815,46,,,0
101019,'1198002',1747,,11816,46,,,0
101019,'1198014',747,,11817,46,,,0
101019,'1198130',1010,,11818,46,,,0
101019,'1198162',1412,,11819,46,,,0
101019,'1198212',1947,,11820,46,,,0
101019,'1198408',2109,,11821,46,,,0
101019,'1198684',948,,11822,46,,,0
101019,'1198907',1948,,11823,46,,,0
101019,'1199079',2310,,11824,46,,,0
101019,'1199178',1812,,11825,46,,,0
101019,'1199186',1612,,11826,46,,,0
101019,'1199279',1748,,11827,46,,,0
101019,'1199401',947,,11828,46,,,0
101019,'1199471',1910,,11829,46,,,0
101019,'1199497',1147,,11830,46,,,0
101019,'1199519',910,,11831,46,,,0
101019,'1199566',1512,,11832,46,,,0
101019,'1199626',1712,,11833,46,,,0
101019,'1199991',1412,,12771,46,,,0
101019,'1199992',2109,,12772,46,,,0
101019,'1199993',910,,12773,46,,,0
101019,'1199995',610,,12774,46,,,0
101019,'1199996',710,,12775,46,,,0
101019,'1200003',1712,,12776,46,,,0
101019,'1200004',1612,,12777,46,,,0
101019,'1200006',1910,,12778,46,,,0
101019,'1200008',810,,12779,46,,,0
101019,'1200009',2310,,12780,46,,,0
101019,'1200011',1110,,12781,46,,,0
101019,'1200013',1210,,12782,46,,,0
101019,'1200014',1512,,12783,46,,,0
101019,'1200015',1812,,12784,46,,,0
101019,'1200018',1010,,12785,46,,,0
