101019,'1197003',545,,11803,20,,,0
101019,'1197056',2122,,11804,20,,,0
101019,'1197144',2323,,11805,20,,,0
101019,'1197150',1523,,11806,20,,,0
101019,'1197356',1323,,11807,20,,,0
101019,'1197394',1522,,11808,20,,,0
101019,'1197485',722,,11809,20,,,0
101019,'1197542',1322,,11810,20,,,0
101019,'1197666',1045,,11811,20,,,0
101019,'1197703',2123,,11812,20,,,0
101019,'1197735',1145,,11813,20,,,0
101019,'1197816',1122,,11814,20,,,0
101019,'1197893',745,,11815,20,,,0
101019,'1198002',1723,,11816,20,,,0
101019,'1198014',723,,11817,20,,,0
101019,'1198130',945,,11818,20,,,0
101019,'1198162',1347,,11819,20,,,0
101019,'1198212',1923,,11820,20,,,0
101019,'1198408',2044,,11821,20,,,0
101019,'1198684',922,,11822,20,,,0
101019,'1198907',1922,,11823,20,,,0
101019,'1199079',2245,,11824,20,,,0
101019,'1199178',1747,,11825,20,,,0
101019,'1199186',1547,,11826,20,,,0
101019,'1199279',1722,,11827,20,,,0
101019,'1199401',923,,11828,20,,,0
101019,'1199471',1845,,11829,20,,,0
101019,'1199497',1123,,11830,20,,,0
101019,'1199519',845,,11831,20,,,0
101019,'1199566',1447,,11832,20,,,0
101019,'1199626',1647,,11833,20,,,0
101019,'1199991',1347,,12771,20,,,0
101019,'1199992',2044,,12772,20,,,0
101019,'1199993',845,,12773,20,,,0
101019,'1199995',545,,12774,20,,,0
101019,'1199996',645,,12775,20,,,0
101019,'1200003',1647,,12776,20,,,0
101019,'1200004',1547,,12777,20,,,0
101019,'1200006',1845,,12778,20,,,0
101019,'1200008',745,,12779,20,,,0
101019,'1200009',2245,,12780,20,,,0
101019,'1200011',1045,,12781,20,,,0
101019,'1200013',1145,,12782,20,,,0
101019,'1200014',1447,,12783,20,,,0
101019,'1200015',1747,,12784,20,,,0
101019,'1200018',945,,12785,20,,,0
101029,'1196911',811,,11834,50,,,0
101029,'1197033',1854,,11835,50,,,0
101029,'1197060',911,,11836,50,,,0
101029,'1197096',1054,,11837,50,,,0
101029,'1197257',1111,,11838,50,,,0
101029,'1197272',1254,,11839,50,,,0
101029,'1197326',1613,,11840,50,,,0
101029,'1197581',2054,,11841,50,,,0
101029,'1197673',1454,,11842,50,,,0
101029,'1197747',2211,,11843,50,,,0
101029,'1197977',1654,,11844,50,,,0
101029,'1198059',654,,11845,50,,,0
101029,'1198116',1054,,11846,50,,,0
101029,'1198125',854,,11847,50,,,0
101029,'1198200',1254,,11848,50,,,0
101029,'1198251',1011,,11849,50,,,0
101029,'1198346',854,,11850,50,,,0
101029,'1198498',2254,,11851,50,,,0
101029,'1198530',2254,,11852,50,,,0
101029,'1198631',1713,,11853,50,,,0
101029,'1198644',2431,,11854,50,,,0
101029,'1198710',1654,,11855,50,,,0
101029,'1198715',1811,,11856,50,,,0
101029,'1198953',2054,,11857,50,,,0
101029,'1198984',1413,,11858,50,,,0
101029,'1199108',1313,,11859,50,,,0
101029,'1199117',711,,11860,50,,,0
101029,'1199304',1854,,11861,50,,,0
101029,'1199366',1454,,11862,50,,,0
101029,'1199567',2011,,11863,50,,,0
101029,'1199585',1513,,11864,50,,,0
101029,'1199990',1313,,12786,50,,,0
101029,'1199994',1613,,12787,50,,,0
101029,'1199997',811,,12788,50,,,0
101029,'1199998',1811,,12789,50,,,0
101029,'1199999',1111,,12790,50,,,0
101029,'1200000',2431,,12791,50,,,0
101029,'1200001',711,,12792,50,,,0
101029,'1200002',1713,,12793,50,,,0
101029,'1200005',1513,,12794,50,,,0
101029,'1200007',1011,,12795,50,,,0
101029,'1200010',1413,,12796,50,,,0
101029,'1200012',2011,,12797,50,,,0
101029,'1200016',2211,,12798,50,,,0
101029,'1200017',911,,12799,50,,,0
