13019,'1196852',1318,,10793,3,,,0
13019,'1196856',1717,,10794,3,,,0
13019,'1196999',917,,10796,3,,,0
13019,'1197035',617,,10797,3,,,0
13019,'1197132',1448,,10798,3,,,0
13019,'1197251',1548,,10799,3,,,0
13019,'1197279',718,,10800,3,,,0
13019,'1197353',2247,,10801,3,,,0
13019,'1197357',1818,,10802,3,,,0
13019,'1197451',2217,,10803,3,,,0
13019,'1197487',817,,10804,3,,,0
13019,'1197555',1618,,10805,3,,,0
13019,'1197570',918,,10806,3,,,0
13019,'1197575',1618,,10807,3,,,0
13019,'1197641',2018,,10808,3,,,0
13019,'1197645',1648,,10809,3,,,0
13019,'1197648',647,,10810,3,,,0
13019,'1197690',1617,,10811,3,,,0
13019,'1197692',1718,,10812,3,,,0
13019,'1197730',1418,,10813,3,,,0
13019,'1197762',2352,,10814,3,,,0
13019,'1197803',717,,10815,3,,,0
13019,'1197834',1217,,10816,3,,,0
13019,'1197854',2017,,10817,3,,,0
13019,'1197962',1317,,10818,3,,,0
13019,'1197975',1018,,10819,3,,,0
13019,'1198041',1117,,10820,3,,,0
13019,'1198094',1747,,10821,3,,,0
13019,'1198160',817,,10822,3,,,0
13019,'1198201',1218,,10823,3,,,0
13019,'1198243',1817,,10824,3,,,0
13019,'1198290',2147,,10825,3,,,0
13019,'1198352',717,,10826,3,,,0
13019,'1198355',1847,,10827,3,,,0
13019,'1198382',747,,10828,3,,,0
13019,'1198402',2218,,10829,3,,,0
13019,'1198552',2118,,10830,3,,,0
13019,'1198554',1917,,10831,3,,,0
13019,'1198602',1118,,10832,3,,,0
13019,'1198611',1947,,10833,3,,,0
13019,'1198630',1518,,10834,3,,,0
13019,'1198675',1218,,10835,3,,,0
13019,'1198716',1017,,10837,3,,,0
13019,'1198729',947,,10838,3,,,0
13019,'1198761',1318,,10839,3,,,0
13019,'1198778',917,,10840,3,,,0
13019,'1198837',2318,,10841,3,,,0
13019,'1198874',1118,,10842,3,,,0
13019,'1198888',847,,10843,3,,,0
13019,'1199044',818,,10844,3,,,0
13019,'1199123',1018,,10845,3,,,0
13019,'1199151',1418,,10846,3,,,0
13019,'1199233',1417,,10847,3,,,0
13019,'1199276',1517,,10848,3,,,0
13019,'1199284',2047,,10849,3,,,0
13019,'1199418',1918,,10850,3,,,0
13019,'1199448',1718,,10851,3,,,0
13019,'1199536',2117,,10852,3,,,0
13019,'1199588',2317,,10853,3,,,0
13019,'1199631',1518,,10854,3,,,0
25019,'1196864',1232,,11307,3,,,0
25019,'1196932',1732,,11308,3,,,0
25019,'1196994',1932,,11309,3,,,0
25019,'1197064',717,,11310,3,,,0
25019,'1197079',2352,,11311,3,,,0
25019,'1197084',2317,,11312,3,,,0
25019,'1197151',732,,11313,3,,,0
25019,'1197299',2132,,11314,3,,,0
25019,'1197317',1332,,11315,3,,,0
25019,'1197342',1732,,11316,3,,,0
25019,'1197442',1517,,11317,3,,,0
25019,'1197448',1602,,11318,3,,,0
25019,'1197471',1032,,11319,3,,,0
25019,'1197624',1832,,11320,3,,,0
25019,'1197657',2117,,11321,3,,,0
25019,'1197660',832,,11322,3,,,0
25019,'1197687',2332,,11323,3,,,0
25019,'1197702',1202,,11324,3,,,0
25019,'1197757',732,,11325,3,,,0
25019,'1197760',1532,,11326,3,,,0
25019,'1197771',2017,,11327,3,,,0
25019,'1198004',2217,,11328,3,,,0
25019,'1198021',702,,11329,3,,,0
25019,'1198071',1932,,11330,3,,,0
25019,'1198079',632,,11331,3,,,0
25019,'1198190',2032,,11332,3,,,0
25019,'1198267',2232,,11333,3,,,0
25019,'1198315',902,,11334,3,,,0
25019,'1198388',1402,,11335,3,,,0
25019,'1198435',2232,,11336,3,,,0
25019,'1198457',632,,11337,3,,,0
25019,'1198479',932,,11338,3,,,0
25019,'1198492',1432,,11339,3,,,0
25019,'1198496',1832,,11340,3,,,0
25019,'1198512',1717,,11341,3,,,0
25019,'1198566',1132,,11342,3,,,0
25019,'1198604',1417,,11343,3,,,0
25019,'1198759',1317,,11344,3,,,0
25019,'1198776',2132,,11345,3,,,0
25019,'1198803',1502,,11346,3,,,0
25019,'1198823',2032,,11347,3,,,0
25019,'1198862',1917,,11348,3,,,0
25019,'1198902',1432,,11349,3,,,0
25019,'1198938',832,,11350,3,,,0
25019,'1199011',1102,,11351,3,,,0
25019,'1199070',1002,,11352,3,,,0
25019,'1199074',817,,11353,3,,,0
25019,'1199097',802,,11354,3,,,0
25019,'1199125',917,,11355,3,,,0
25019,'1199183',1302,,11356,3,,,0
25019,'1199208',1217,,11357,3,,,0
25019,'1199212',1817,,11358,3,,,0
25019,'1199258',1632,,11359,3,,,0
25019,'1199359',1017,,11360,3,,,0
25019,'1199389',932,,11361,3,,,0
25019,'1199464',1632,,11362,3,,,0
25019,'1199480',1702,,11363,3,,,0
25019,'1199589',1117,,11364,3,,,0
25019,'1199634',1532,,11365,3,,,0
25019,'1199649',1617,,11366,3,,,0
101029,'1196911',732,,11834,3,,,0
101029,'1197033',1817,,11835,3,,,0
101029,'1197060',832,,11836,3,,,0
101029,'1197096',1017,,11837,3,,,0
101029,'1197257',1032,,11838,3,,,0
101029,'1197272',1217,,11839,3,,,0
101029,'1197326',1533,,11840,3,,,0
101029,'1197581',2017,,11841,3,,,0
101029,'1197673',1417,,11842,3,,,0
101029,'1197747',2132,,11843,3,,,0
101029,'1197977',1617,,11844,3,,,0
101029,'1198059',617,,11845,3,,,0
101029,'1198116',1017,,11846,3,,,0
101029,'1198125',817,,11847,3,,,0
101029,'1198200',1217,,11848,3,,,0
101029,'1198251',932,,11849,3,,,0
101029,'1198346',817,,11850,3,,,0
101029,'1198498',2217,,11851,3,,,0
101029,'1198530',2217,,11852,3,,,0
101029,'1198631',1633,,11853,3,,,0
101029,'1198644',2352,,11854,3,,,0
101029,'1198710',1617,,11855,3,,,0
101029,'1198715',1732,,11856,3,,,0
101029,'1198953',2017,,11857,3,,,0
101029,'1198984',1333,,11858,3,,,0
101029,'1199108',1233,,11859,3,,,0
101029,'1199117',632,,11860,3,,,0
101029,'1199304',1817,,11861,3,,,0
101029,'1199366',1417,,11862,3,,,0
101029,'1199567',1932,,11863,3,,,0
101029,'1199585',1433,,11864,3,,,0
101029,'1199990',1233,,12786,3,,,0
101029,'1199994',1533,,12787,3,,,0
101029,'1199997',732,,12788,3,,,0
101029,'1199998',1732,,12789,3,,,0
101029,'1199999',1032,,12790,3,,,0
101029,'1200000',2352,,12791,3,,,0
101029,'1200001',632,,12792,3,,,0
101029,'1200002',1633,,12793,3,,,0
101029,'1200005',1433,,12794,3,,,0
101029,'1200007',932,,12795,3,,,0
101029,'1200010',1333,,12796,3,,,0
101029,'1200012',1932,,12797,3,,,0
101029,'1200016',2132,,12798,3,,,0
101029,'1200017',832,,12799,3,,,0
104019,'1196891',2317,,12027,2,,,0
104019,'1197169',2352,,12028,2,,,0
104019,'1197256',1318,,12029,2,,,0
104019,'1197286',2117,,12030,2,,,0
104019,'1197298',1148,,12031,2,,,0
104019,'1197387',2217,,12032,2,,,0
104019,'1197452',1947,,12033,2,,,0
104019,'1197544',902,,12034,2,,,0
104019,'1197547',1217,,12035,2,,,0
104019,'1197640',1517,,12036,2,,,0
104019,'1197714',1747,,12037,2,,,0
104019,'1197725',2047,,12038,2,,,0
104019,'1197761',717,,12039,2,,,0
104019,'1197801',947,,12040,2,,,0
104019,'1197820',747,,12042,2,,,0
104019,'1197873',602,,12043,2,,,0
104019,'1197937',1447,,12044,2,,,0
104019,'1198060',1717,,12045,2,,,0
104019,'1198073',2332,,12046,2,,,0
104019,'1198077',2217,,12047,2,,,0
104019,'1198194',1103,,12048,2,,,0
104019,'1198253',1117,,12049,2,,,0
104019,'1198313',1448,,12050,2,,,0
104019,'1198322',1602,,12051,2,,,0
104019,'1198353',1233,,12052,2,,,0
104019,'1198411',917,,12053,2,,,0
104019,'1198567',1717,,12055,2,,,0
104019,'1198664',832,,12056,2,,,0
104019,'1198683',1332,,12057,2,,,0
104019,'1198738',1917,,12058,2,,,0
104019,'1198750',1917,,12059,2,,,0
104019,'1198780',832,,12060,2,,,0
104019,'1198913',1403,,12061,2,,,0
104019,'1198958',632,,12062,2,,,0
104019,'1199185',717,,12064,2,,,0
104019,'1199190',1102,,12065,2,,,0
104019,'1199331',1317,,12066,2,,,0
104019,'1199407',1832,,12067,2,,,0
104019,'1199459',1702,,12068,2,,,0
104019,'1199490',1618,,12069,2,,,0
104019,'1199539',947,,12070,2,,,0
104019,'1199564',717,,12071,2,,,0
104019,'1199583',1533,,12072,2,,,0
104019,'1199617',2102,,12073,2,,,0
