3029,'1196871',641,,10230,13,,,0
3029,'1196875',2354,,10231,13,,,0
3029,'1196902',1542,,10232,13,,,0
3029,'1196918',1142,,10233,13,,,0
3029,'1196929',754,,10234,13,,,0
3029,'1197004',2141,,10235,13,,,0
3029,'1197012',1442,,10236,13,,,0
3029,'1197066',1854,,10237,13,,,0
3029,'1197101',1312,,10238,13,,,0
3029,'1197253',1554,,10239,13,,,0
3029,'1197290',811,,10240,13,,,0
3029,'1197380',2154,,10241,13,,,0
3029,'1197402',1612,,10242,13,,,0
3029,'1197413',2041,,10243,13,,,0
3029,'1197417',1054,,10244,13,,,0
3029,'1197427',2210,,10245,13,,,0
3029,'1197507',2341,,10246,13,,,0
3029,'1197510',1812,,10247,13,,,0
3029,'1197558',1011,,10248,13,,,0
3029,'1197601',941,,10249,13,,,0
3029,'1197654',1154,,10250,13,,,0
3029,'1197697',1212,,10251,13,,,0
3029,'1197823',1242,,10252,13,,,0
3029,'1197828',1412,,10253,13,,,0
3029,'1197856',1642,,10254,13,,,0
3029,'1197870',1342,,10255,13,,,0
3029,'1197895',2110,,10256,13,,,0
3029,'1197903',1941,,10257,13,,,0
3029,'1197920',1254,,10258,13,,,0
3029,'1197958',2241,,10259,13,,,0
3029,'1197998',2140,,10260,13,,,0
3029,'1198039',1654,,10261,13,,,0
3029,'1198070',1742,,10262,13,,,0
3029,'1198115',954,,10263,13,,,0
3029,'1198165',1754,,10264,13,,,0
3029,'1198246',1542,,10265,13,,,0
3029,'1198281',1742,,10266,13,,,0
3029,'1198295',741,,10267,13,,,0
3029,'1198310',2240,,10268,13,,,0
3029,'1198321',1041,,10269,13,,,0
3029,'1198363',1242,,10270,13,,,0
3029,'1198395',741,,10271,13,,,0
3029,'1198434',1512,,10272,13,,,0
3029,'1198445',1142,,10273,13,,,0
3029,'1198462',2040,,10274,13,,,0
3029,'1198484',2254,,10275,13,,,0
3029,'1198500',1712,,10276,13,,,0
3029,'1198518',941,,10277,13,,,0
3029,'1198562',1354,,10278,13,,,0
3029,'1198577',1442,,10279,13,,,0
3029,'1198614',641,,10280,13,,,0
3029,'1198734',1840,,10281,13,,,0
3029,'1198836',841,,10282,13,,,0
3029,'1198936',1454,,10283,13,,,0
3029,'1198983',2054,,10284,13,,,0
3029,'1199061',841,,10285,13,,,0
3029,'1199094',1940,,10286,13,,,0
3029,'1199112',2337,,10287,13,,,0
3029,'1199231',1954,,10288,13,,,0
3029,'1199421',1642,,10289,13,,,0
3029,'1199431',1041,,10290,13,,,0
3029,'1199453',1841,,10291,13,,,0
3029,'1199460',1342,,10292,13,,,0
3029,'1199521',911,,10293,13,,,0
3029,'1199533',1910,,10294,13,,,0
3029,'1199547',711,,10295,13,,,0
3029,'1199601',1111,,10296,13,,,0
3029,'1199629',854,,10297,13,,,0
3029,'1199646',2010,,10298,13,,,0
29019,'1196845',1233,,11755,16,4,,0
29019,'1197023',948,,11756,16,4,,0
29019,'1197248',1932,,11757,16,4,,0
29019,'1197445',1148,,11758,16,4,,0
29019,'1197468',1448,,11759,16,4,,0
29019,'1197869',1133,,11760,16,4,,0
29019,'1197959',932,,11761,16,4,,0
29019,'1198305',1248,,11762,16,4,,0
29019,'1198397',1548,,11763,16,4,,0
29019,'1198428',832,,11764,16,4,,0
29019,'1198456',2332,,11765,16,4,,0
29019,'1198533',1533,,11766,16,4,,0
29019,'1198557',2132,,11767,16,4,,0
29019,'1198961',1633,,11768,16,4,,0
29019,'1199000',1832,,11769,16,4,,0
29019,'1199017',1433,,11770,16,4,,0
29019,'1199038',732,,11771,16,4,,0
29019,'1199080',1733,,11772,16,4,,0
29019,'1199158',2032,,11773,16,4,,0
29019,'1199278',1048,,11774,16,4,,0
29019,'1199317',1348,,11775,16,4,,0
29019,'1199409',1033,,11776,16,4,,0
29019,'1199455',2232,,11777,16,4,,0
29019,'1199486',1333,,11778,16,4,,0
29029,'1196899',1233,,11779,1,,,0
29029,'1197015',1548,,11780,1,,,0
29029,'1197158',833,,11781,1,,,0
29029,'1197161',2033,,11782,1,,,0
29029,'1197340',948,,11783,1,,,0
29029,'1197455',1033,,11784,1,,,0
29029,'1197503',1333,,11785,1,,,0
29029,'1197514',1448,,11786,1,,,0
29029,'1197579',2233,,11787,1,,,0
29029,'1197580',2333,,11788,1,,,0
29029,'1197733',1048,,11789,1,,,0
29029,'1197827',1733,,11790,1,,,0
29029,'1198085',1633,,11791,1,,,0
29029,'1198192',1248,,11792,1,,,0
29029,'1198245',1148,,11793,1,,,0
29029,'1198309',933,,11794,1,,,0
29029,'1198331',2133,,11795,1,,,0
29029,'1198551',1833,,11796,1,,,0
29029,'1198575',1348,,11797,1,,,0
29029,'1198844',1533,,11798,1,,,0
29029,'1199028',733,,11799,1,,,0
29029,'1199153',1433,,11800,1,,,0
29029,'1199188',1133,,11801,1,,,0
29029,'1199343',1933,,11802,1,,,0
