105019,'1196946',918,,12117,64,,,0
105019,'1197049',1828,,12118,64,,,0
105019,'1197077',606,,12119,64,,,0
105019,'1197115',1213,,12120,64,,,0
105019,'1197131',718,,12121,64,,,0
105019,'1197173',1220,,12122,64,,,0
105019,'1197181',1036,,12123,64,,,0
105019,'1197192',2205,,12124,64,,,0
105019,'1197197',1513,,12125,64,,,0
105019,'1197292',1320,,12126,64,,,0
105019,'1197296',1613,,12127,64,,,0
105019,'1197531',1420,,12128,64,,,0
105019,'1197548',1935,,12129,64,,,0
105019,'1197557',1620,,12130,64,,,0
105019,'1197588',836,,12131,64,,,0
105019,'1197596',2105,,12132,64,,,0
105019,'1197617',1520,,12133,64,,,0
105019,'1197633',1236,,12134,64,,,0
105019,'1197710',810,,12135,64,,,0
105019,'1197779',1758,,12136,64,,,0
105019,'1197825',1428,,12137,64,,,0
105019,'1197971',1113,,12138,64,,,0
105019,'1198112',636,,12139,64,,,0
105019,'1198338',1120,,12140,64,,,0
105019,'1198380',2236,,12141,64,,,0
105019,'1198385',1728,,12142,64,,,0
105019,'1198553',1328,,12143,64,,,0
105019,'1198560',2036,,12144,64,,,0
105019,'1198571',1636,,12145,64,,,0
105019,'1198621',740,,12146,64,,,0
105019,'1198667',1010,,12147,64,,,0
105019,'1198717',1543,,12148,64,,,0
105019,'1198741',910,,12149,64,,,0
105019,'1198746',1858,,12150,64,,,0
105019,'1198889',706,,12151,64,,,0
105019,'1199004',1436,,12152,64,,,0
105019,'1199054',1643,,12153,64,,,0
105019,'1199098',840,,12154,64,,,0
105019,'1199298',2405,,12155,64,,,0
105019,'1199347',2318,,12156,64,,,0
105019,'1199383',2305,,12157,64,,,0
105019,'1199400',1720,,12158,64,,,0
105019,'1199461',1836,,12159,64,,,0
105019,'1199511',1820,,12160,64,,,0
105019,'1199546',2118,,12161,64,,,0
105019,'1199574',1920,,12162,64,,,0
106029,'1196836',1616,,12215,15,,,0
106029,'1196851',1731,,12216,15,,,0
106029,'1197042',1014,,12217,15,,,0
106029,'1197408',1846,,12218,15,,,0
106029,'1198086',744,,12219,15,,,0
106029,'1198615',859,,12220,15,,,0
