4019,'1197123',715,,10299,17,,,0
4019,'1197392',1515,,10300,17,,,0
4019,'1197520',915,,10301,17,,,0
4019,'1197788',1545,,10302,17,,,0
4019,'1197874',1345,,10303,17,,,0
4019,'1198006',845,,10304,17,,,0
4019,'1198332',1745,,10305,17,,,0
4019,'1198394',1445,,10306,17,,,0
4019,'1198409',815,,10307,17,,,0
4019,'1198799',1415,,10308,17,,,0
4019,'1198924',1715,,10309,17,,,0
4019,'1199002',945,,10310,17,,,0
4019,'1199239',1615,,10311,17,,,0
4019,'1199517',746,,10312,17,,,0
4019,'1199645',1645,,10313,17,,,0
