12019,'1196839',2131,,10650,24,,,0
12019,'1196874',1132,,10651,24,,,0
12019,'1196885',1632,,10652,24,,,0
12019,'1196887',1602,,10653,24,,,0
12019,'1196940',1332,,10654,24,,,0
12019,'1196983',1931,,10655,24,,,0
12019,'1197026',2231,,10656,24,,,0
12019,'1197080',1831,,10657,24,,,0
12019,'1197104',1901,,10658,24,,,0
12019,'1197223',1802,,10659,24,,,0
12019,'1197306',1202,,10660,24,,,0
12019,'1197322',801,,10661,24,,,0
12019,'1197334',1632,,10662,24,,,0
12019,'1197339',1801,,10663,24,,,0
12019,'1197433',1001,,10664,24,,,0
12019,'1197490',1702,,10665,24,,,0
12019,'1197525',1602,,10666,24,,,0
12019,'1197602',901,,10667,24,,,0
12019,'1197615',1232,,10668,24,,,0
12019,'1197664',1802,,10669,24,,,0
12019,'1197701',2401,,10670,24,,,0
12019,'1197765',2401,,10671,24,,,0
12019,'1197813',1102,,10672,24,,,0
12019,'1197824',1301,,10673,24,,,0
12019,'1197891',2101,,10674,24,,,0
12019,'1197911',2001,,10675,24,,,0
12019,'1197945',1901,,10676,24,,,0
12019,'1197989',1502,,10677,24,,,0
12019,'1197991',1201,,10678,24,,,0
12019,'1198031',701,,10679,24,,,0
12019,'1198072',1401,,10680,24,,,0
12019,'1198097',1601,,10681,24,,,0
12019,'1198121',1702,,10682,24,,,0
12019,'1198127',1102,,10683,24,,,0
12019,'1198171',2201,,10684,24,,,0
12019,'1198224',2301,,10685,24,,,0
12019,'1198250',1332,,10686,24,,,0
12019,'1198260',1432,,10687,24,,,0
12019,'1198263',931,,10688,24,,,0
12019,'1198283',1532,,10689,24,,,0
12019,'1198358',1501,,10690,24,,,0
12019,'1198421',901,,10691,24,,,0
12019,'1198427',1232,,10692,24,,,0
12019,'1198442',1732,,10693,24,,,0
12019,'1198497',2201,,10694,24,,,0
12019,'1198582',901,,10695,24,,,0
12019,'1198588',631,,10696,24,,,0
12019,'1198592',1732,,10697,24,,,0
12019,'1198618',1101,,10698,24,,,0
12019,'1198712',1202,,10699,24,,,0
12019,'1198727',1402,,10700,24,,,0
12019,'1198773',1402,,10701,24,,,0
12019,'1198774',1132,,10702,24,,,0
12019,'1198819',2331,,10703,24,,,0
12019,'1198842',1001,,10704,24,,,0
12019,'1198884',2001,,10705,24,,,0
12019,'1198912',801,,10706,24,,,0
12019,'1198945',1001,,10707,24,,,0
12019,'1199167',731,,10708,24,,,0
12019,'1199197',2101,,10709,24,,,0
12019,'1199223',1302,,10710,24,,,0
12019,'1199224',703,,10711,24,,,0
12019,'1199251',1031,,10712,24,,,0
12019,'1199291',1532,,10713,24,,,0
12019,'1199315',1302,,10714,24,,,0
12019,'1199416',2301,,10715,24,,,0
12019,'1199495',1432,,10716,24,,,0
12019,'1199513',831,,10717,24,,,0
12019,'1199578',1502,,10718,24,,,0
12019,'1199610',2031,,10719,24,,,0
12019,'1199616',801,,10720,24,,,0
12019,'1199625',1701,,10721,24,,,0
