28019,'1196931',2339,,11637,13,,,0
28019,'1196961',959,,11638,13,,,0
28019,'1197034',1139,,11639,13,,,0
28019,'1197242',1539,,11640,13,,,0
28019,'1197295',1359,,11641,13,,,0
28019,'1197458',1939,,11642,13,,,0
28019,'1197551',859,,11643,13,,,0
28019,'1197718',2139,,11644,13,,,0
28019,'1197726',1759,,11645,13,,,0
28019,'1197861',1839,,11646,13,,,0
28019,'1197862',1239,,11647,13,,,0
28019,'1198022',659,,11648,13,,,0
28019,'1198061',2059,,11649,13,,,0
28019,'1198096',1439,,11650,13,,,0
28019,'1198110',1159,,11651,13,,,0
28019,'1198319',1959,,11652,13,,,0
28019,'1198329',1639,,11653,13,,,0
28019,'1198345',1459,,11654,13,,,0
28019,'1198414',1059,,11655,13,,,0
28019,'1198454',1039,,11656,13,,,0
28019,'1198522',1559,,11657,13,,,0
28019,'1198672',939,,11658,13,,,0
28019,'1198739',2159,,11659,13,,,0
28019,'1198919',739,,11660,13,,,0
28019,'1198968',1259,,11661,13,,,0
28019,'1199033',2359,,11662,13,,,0
28019,'1199206',2039,,11663,13,,,0
28019,'1199243',2259,,11664,13,,,0
28019,'1199296',1859,,11665,13,,,0
28019,'1199344',1739,,11666,13,,,0
28019,'1199417',1659,,11667,13,,,0
28019,'1199450',839,,11668,13,,,0
28019,'1199529',1339,,11669,13,,,0
28019,'1199584',759,,11670,13,,,0
28019,'1199602',2239,,11671,13,,,0
28019,'1199775',1744,,11672,13,,,0
28019,'1199776',1714,,11673,13,,,0
28019,'1199784',1814,,11674,13,,,0
28019,'1199803',714,,11675,13,,,0
28019,'1199807',2014,,11676,13,,,0
28019,'1199817',2214,,11677,13,,,0
28019,'1199832',2314,,11678,13,,,0
28019,'1199835',1514,,11679,13,,,0
28019,'1199837',1644,,11680,13,,,0
28019,'1199842',1844,,11681,13,,,0
28019,'1199845',914,,11682,13,,,0
28019,'1199851',814,,11683,13,,,0
28019,'1199859',1914,,11684,13,,,0
28019,'1199861',844,,11685,13,,,0
28019,'1199868',1418,,11686,13,,,0
28019,'1199872',644,,11687,13,,,0
28019,'1199880',1314,,11688,13,,,0
28019,'1199885',744,,11689,13,,,0
28019,'1199887',1214,,11690,13,,,0
28019,'1199894',1614,,11691,13,,,0
28019,'1199897',614,,11692,13,,,0
28019,'1199900',2114,,11693,13,,,0
28019,'1199908',1014,,11694,13,,,0
28019,'1199917',1114,,11695,13,,,0
