101029,'1196911',752,,11834,29,,,0
101029,'1197033',1835,,11835,29,,,0
101029,'1197060',852,,11836,29,,,0
101029,'1197096',1035,,11837,29,,,0
101029,'1197257',1052,,11838,29,,,0
101029,'1197272',1237,,11839,29,,,0
101029,'1197326',1554,,11840,29,,,0
101029,'1197581',2035,,11841,29,,,0
101029,'1197673',1437,,11842,29,,,0
101029,'1197747',2152,,11843,29,,,0
101029,'1197977',1637,,11844,29,,,0
101029,'1198059',637,,11845,29,,,0
101029,'1198116',1037,,11846,29,,,0
101029,'1198125',837,,11847,29,,,0
101029,'1198200',1235,,11848,29,,,0
101029,'1198251',952,,11849,29,,,0
101029,'1198346',835,,11850,29,,,0
101029,'1198498',2235,,11851,29,,,0
101029,'1198530',2237,,11852,29,,,0
101029,'1198631',1654,,11853,29,,,0
101029,'1198644',2412,,11854,29,,,0
101029,'1198710',1635,,11855,29,,,0
101029,'1198715',1752,,11856,29,,,0
101029,'1198953',2037,,11857,29,,,0
101029,'1198984',1354,,11858,29,,,0
101029,'1199108',1254,,11859,29,,,0
101029,'1199117',652,,11860,29,,,0
101029,'1199304',1837,,11861,29,,,0
101029,'1199366',1435,,11862,29,,,0
101029,'1199567',1952,,11863,29,,,0
101029,'1199585',1454,,11864,29,,,0
101029,'1199990',1254,,12786,29,,,0
101029,'1199994',1554,,12787,29,,,0
101029,'1199997',752,,12788,29,,,0
101029,'1199998',1752,,12789,29,,,0
101029,'1199999',1052,,12790,29,,,0
101029,'1200000',2412,,12791,29,,,0
101029,'1200001',652,,12792,29,,,0
101029,'1200002',1654,,12793,29,,,0
101029,'1200005',1454,,12794,29,,,0
101029,'1200007',952,,12795,29,,,0
101029,'1200010',1354,,12796,29,,,0
101029,'1200012',1952,,12797,29,,,0
101029,'1200016',2152,,12798,29,,,0
101029,'1200017',852,,12799,29,,,0
