105019,'1196946',936,,12117,94,,,0
105019,'1197049',1848,,12118,94,,,0
105019,'1197077',623,,12119,94,,,0
105019,'1197115',1233,,12120,94,,,0
105019,'1197131',736,,12121,94,,,0
105019,'1197173',1237,,12122,94,,,0
105019,'1197181',1052,,12123,94,,,0
105019,'1197192',2223,,12124,94,,,0
105019,'1197197',1533,,12125,94,,,0
105019,'1197292',1337,,12126,94,,,0
105019,'1197296',1633,,12127,94,,,0
105019,'1197531',1437,,12128,94,,,0
105019,'1197548',1953,,12129,94,,,0
105019,'1197557',1637,,12130,94,,,0
105019,'1197588',852,,12131,94,,,0
105019,'1197596',2123,,12132,94,,,0
105019,'1197617',1537,,12133,94,,,0
105019,'1197633',1252,,12134,94,,,0
105019,'1197710',830,,12135,94,,,0
105019,'1197779',1818,,12136,94,,,0
105019,'1197825',1448,,12137,94,,,0
105019,'1197971',1133,,12138,94,,,0
105019,'1198112',653,,12139,94,,,0
105019,'1198338',1137,,12140,94,,,0
105019,'1198380',2252,,12141,94,,,0
105019,'1198385',1748,,12142,94,,,0
105019,'1198553',1348,,12143,94,,,0
105019,'1198560',2052,,12144,94,,,0
105019,'1198571',1652,,12145,94,,,0
105019,'1198621',800,,12146,94,,,0
105019,'1198667',1030,,12147,94,,,0
105019,'1198717',1603,,12148,94,,,0
105019,'1198741',930,,12149,94,,,0
105019,'1198746',1918,,12150,94,,,0
105019,'1198889',723,,12151,94,,,0
105019,'1199004',1452,,12152,94,,,0
105019,'1199054',1703,,12153,94,,,0
105019,'1199098',900,,12154,94,,,0
105019,'1199298',2423,,12155,94,,,0
105019,'1199347',2336,,12156,94,,,0
105019,'1199383',2323,,12157,94,,,0
105019,'1199400',1737,,12158,94,,,0
105019,'1199461',1852,,12159,94,,,0
105019,'1199511',1837,,12160,94,,,0
105019,'1199546',2136,,12161,94,,,0
105019,'1199574',1937,,12162,94,,,0
106029,'1196836',1620,,12215,25,,,0
106029,'1196851',1735,,12216,25,,,0
106029,'1197042',1018,,12217,25,,,0
106029,'1197408',1850,,12218,25,,,0
106029,'1198086',748,,12219,25,,,0
106029,'1198615',903,,12220,25,,,0
