20029,'1196868',1652,,11092,12,,,0
20029,'1196909',1331,,11093,12,,,0
20029,'1196951',1258,,11094,12,,,0
20029,'1196962',2158,,11095,12,,,0
20029,'1196978',1231,,11096,12,,,0
20029,'1197172',628,,11097,12,,,0
20029,'1197213',952,,11098,12,,,0
20029,'1197307',1458,,11099,12,,,0
20029,'1197312',1752,,11100,12,,,0
20029,'1197355',657,,11101,12,,,0
20029,'1197361',852,,11102,12,,,0
20029,'1197366',752,,11103,12,,,0
20029,'1197368',1800,,11104,12,,,0
20029,'1197403',1631,,11105,12,,,0
20029,'1197421',1431,,11106,12,,,0
20029,'1197464',729,,11107,12,,,0
20029,'1197479',1130,,11108,12,,,0
20029,'1197554',2058,,11109,12,,,0
20029,'1197566',1052,,11110,12,,,0
20029,'1197569',1152,,11111,12,,,0
20029,'1197577',1552,,11112,12,,,0
20029,'1197610',857,,11113,12,,,0
20029,'1197632',2052,,11114,12,,,0
20029,'1197792',2352,,11115,12,,,0
20029,'1198090',2252,,11116,12,,,0
20029,'1198196',2129,,11117,12,,,0
20029,'1198208',1859,,11118,12,,,0
20029,'1198218',757,,11119,12,,,0
20029,'1198241',1532,,11120,12,,,0
20029,'1198256',1952,,11121,12,,,0
20029,'1198342',1452,,11122,12,,,0
20029,'1198375',830,,11123,12,,,0
20029,'1198439',1730,,11124,12,,,0
20029,'1198464',2258,,11125,12,,,0
20029,'1198524',2030,,11126,12,,,0
20029,'1198526',1930,,11127,12,,,0
20029,'1198650',1758,,11128,12,,,0
20029,'1198663',1558,,11129,12,,,0
20029,'1198795',2229,,11130,12,,,0
20029,'1198866',1158,,11131,12,,,0
20029,'1198883',1352,,11132,12,,,0
20029,'1198891',1701,,11133,12,,,0
20029,'1198917',658,,11134,12,,,0
20029,'1198942',2152,,11135,12,,,0
20029,'1199003',958,,11136,12,,,0
20029,'1199050',1358,,11137,12,,,0
20029,'1199089',1959,,11138,12,,,0
20029,'1199092',930,,11139,12,,,0
20029,'1199111',1030,,11140,12,,,0
20029,'1199119',1658,,11141,12,,,0
20029,'1199171',2357,,11142,12,,,0
20029,'1199252',1830,,11143,12,,,0
20029,'1199308',759,,11144,12,,,0
20029,'1199404',1058,,11145,12,,,0
20029,'1199499',2329,,11146,12,,,0
20029,'1199544',1252,,11147,12,,,0
20029,'1199641',1852,,11148,12,,,0
23029,'1196989',1528,,11178,18,,,0
23029,'1197720',927,,11179,18,,,0
23029,'1197799',957,,11180,18,,,0
23029,'1197902',1329,,11181,18,,,0
23029,'1198145',1728,,11182,18,,,0
23029,'1198600',1128,,11183,18,,,0
23029,'1199027',1359,,11184,18,,,0
23029,'1199095',1600,,11185,18,,,0
23029,'1199388',1159,,11186,18,,,0
102029,'1196895',1707,,11907,25,,,0
102029,'1196982',1354,,11908,25,,,0
102029,'1197029',2124,,11909,25,,,0
102029,'1197083',1537,,11910,25,,,0
102029,'1197178',1107,,11911,25,,,0
102029,'1197226',709,,11912,25,,,0
102029,'1197263',754,,11913,25,,,0
102029,'1197297',1453,,11914,25,,,0
102029,'1197309',1837,,11915,25,,,0
102029,'1197330',1739,,11916,25,,,0
102029,'1197420',1524,,11917,25,,,0
102029,'1197536',2307,,11918,25,,,0
102029,'1197603',1054,,11919,25,,,0
102029,'1197704',1023,,11920,25,,,0
102029,'1197770',2424,,11921,25,,,0
102029,'1197839',839,,11922,25,,,0
102029,'1198134',1323,,11923,25,,,0
102029,'1198173',937,,11924,25,,,0
102029,'1198220',1237,,11925,25,,,0
102029,'1198227',1753,,11926,25,,,0
102029,'1198249',1824,,11927,25,,,0
102029,'1198376',1609,,11928,25,,,0
102029,'1198502',1654,,11929,25,,,0
102029,'1198531',807,,11930,25,,,0
102029,'1198599',1623,,11931,25,,,0
102029,'1198638',2254,,11932,25,,,0
102029,'1198688',1153,,11933,25,,,0
102029,'1198705',2053,,11934,25,,,0
102029,'1198769',2007,,11935,25,,,0
102029,'1198816',2137,,11936,25,,,0
102029,'1198930',2223,,11937,25,,,0
102029,'1198996',624,,11938,25,,,0
102029,'1199090',853,,11939,25,,,0
102029,'1199168',924,,11940,25,,,0
102029,'1199202',1954,,11941,25,,,0
102029,'1199211',1923,,11942,25,,,0
102029,'1199244',1009,,11943,25,,,0
102029,'1199434',1224,,11944,25,,,0
102029,'1199477',2353,,11945,25,,,0
102029,'1199479',1439,,11946,25,,,0
102029,'1199488',642,,11947,25,,,0
102029,'1199537',1407,,11948,25,,,0
102029,'1199651',723,,11949,25,,,0
