105029,'1196840',2330,,12163,79,,,0
105029,'1196987',1045,,12164,79,,,0
105029,'1196996',1718,,12165,79,,,0
105029,'1197020',1602,,12166,79,,,0
105029,'1197097',1818,,12167,79,,,0
105029,'1197137',2043,,12168,79,,,0
105029,'1197220',2030,,12169,79,,,0
105029,'1197228',1533,,12170,79,,,0
105029,'1197231',800,,12171,79,,,0
105029,'1197439',1202,,12172,79,,,0
105029,'1197501',2002,,12173,79,,,0
105029,'1197522',2202,,12174,79,,,0
105029,'1197561',1033,,12175,79,,,0
105029,'1197638',1002,,12176,79,,,0
105029,'1197840',2130,,12177,79,,,0
105029,'1197853',2230,,12178,79,,,0
105029,'1197918',1900,,12179,79,,,0
105029,'1197968',2402,,12180,79,,,0
105029,'1198013',1402,,12181,79,,,0
105029,'1198037',1133,,12182,79,,,0
105029,'1198064',1845,,12183,79,,,0
105029,'1198187',1245,,12184,79,,,0
105029,'1198214',1802,,12185,79,,,0
105029,'1198417',1345,,12186,79,,,0
105029,'1198447',1748,,12187,79,,,0
105029,'1198529',1545,,12188,79,,,0
105029,'1198616',730,,12189,79,,,0
105029,'1198625',1648,,12190,79,,,0
105029,'1198711',1348,,12191,79,,,0
105029,'1198718',1603,,12192,79,,,0
105029,'1198725',1745,,12193,79,,,0
105029,'1198779',843,,12194,79,,,0
105029,'1198918',1445,,12195,79,,,0
105029,'1198922',2435,,12196,79,,,0
105029,'1198923',700,,12197,79,,,0
105029,'1199012',643,,12198,79,,,0
105029,'1199037',1433,,12199,79,,,0
105029,'1199107',1503,,12200,79,,,0
105029,'1199124',2443,,12201,79,,,0
105029,'1199144',1248,,12202,79,,,0
105029,'1199148',802,,12203,79,,,0
105029,'1199220',1145,,12204,79,,,0
105029,'1199470',2243,,12205,79,,,0
105029,'1199473',930,,12206,79,,,0
105029,'1199604',830,,12207,79,,,0
105029,'1199607',1645,,12208,79,,,0
