28019,'1190612',2009,,8811,5,,,0
28019,'1190648',1754,,8812,5,,,0
28019,'1190664',1509,,8813,5,,,0
28019,'1190675',2109,,8814,5,,,0
28019,'1190706',2309,,8815,5,,,0
28019,'1190722',1639,,8816,5,,,0
28019,'1190756',1009,,8817,5,,,0
28019,'1190827',1854,,8818,5,,,0
28019,'1190930',1709,,8819,5,,,0
28019,'1191056',1454,,8824,5,,,0
28019,'1191066',1054,,8825,5,,,0
28019,'1191068',809,,8826,5,,,0
28019,'1191153',2154,,8828,5,,,0
28019,'1191391',1839,,8829,5,,,0
28019,'1191424',839,,8830,5,,,0
28019,'1191516',654,,8831,5,,,0
28019,'1191816',1154,,8832,5,,,0
28019,'1191883',909,,8833,5,,,0
28019,'1191965',1554,,8835,5,,,0
28019,'1192008',1909,,8837,5,,,0
28019,'1192010',1254,,8838,5,,,0
28019,'1192015',1809,,8839,5,,,0
28019,'1192021',854,,8840,5,,,0
28019,'1192110',2354,,8842,5,,,0
28019,'1192287',739,,8844,5,,,0
28019,'1192288',1739,,8845,5,,,0
28019,'1192309',1609,,8846,5,,,0
28019,'1192311',1409,,8847,5,,,0
28019,'1192315',1309,,8848,5,,,0
28019,'1192316',1109,,8849,5,,,0
28019,'1192431',609,,8850,5,,,0
28019,'1192496',2054,,8852,5,,,0
28019,'1192602',2209,,8853,5,,,0
28019,'1192636',1654,,8854,5,,,0
28019,'1192669',754,,8855,5,,,0
28019,'1192750',1954,,8859,5,,,0
28019,'1192830',639,,8861,5,,,0
28019,'1192878',1354,,8863,5,,,0
28019,'1192900',2254,,8864,5,,,0
28019,'1193052',709,,8865,5,,,0
28019,'1193108',954,,8866,5,,,0
28019,'1193283',1209,,8868,5,,,0
