105029,'1196840',2317,,12163,52,,,0
105029,'1196987',1032,,12164,52,,,0
105029,'1196996',1705,,12165,52,,,0
105029,'1197020',1547,,12166,52,,,0
105029,'1197097',1805,,12167,52,,,0
105029,'1197137',2030,,12168,52,,,0
105029,'1197220',2017,,12169,52,,,0
105029,'1197228',1520,,12170,52,,,0
105029,'1197231',747,,12171,52,,,0
105029,'1197439',1147,,12172,52,,,0
105029,'1197501',1947,,12173,52,,,0
105029,'1197522',2147,,12174,52,,,0
105029,'1197561',1020,,12175,52,,,0
105029,'1197638',947,,12176,52,,,0
105029,'1197840',2117,,12177,52,,,0
105029,'1197853',2217,,12178,52,,,0
105029,'1197918',1847,,12179,52,,,0
105029,'1197968',2347,,12180,52,,,0
105029,'1198013',1347,,12181,52,,,0
105029,'1198037',1120,,12182,52,,,0
105029,'1198064',1832,,12183,52,,,0
105029,'1198187',1232,,12184,52,,,0
105029,'1198214',1747,,12185,52,,,0
105029,'1198417',1332,,12186,52,,,0
105029,'1198447',1735,,12187,52,,,0
105029,'1198529',1532,,12188,52,,,0
105029,'1198616',717,,12189,52,,,0
105029,'1198625',1635,,12190,52,,,0
105029,'1198711',1335,,12191,52,,,0
105029,'1198718',1550,,12192,52,,,0
105029,'1198725',1732,,12193,52,,,0
105029,'1198779',830,,12194,52,,,0
105029,'1198918',1432,,12195,52,,,0
105029,'1198922',2422,,12196,52,,,0
105029,'1198923',647,,12197,52,,,0
105029,'1199012',630,,12198,52,,,0
105029,'1199037',1420,,12199,52,,,0
105029,'1199107',1450,,12200,52,,,0
105029,'1199124',2430,,12201,52,,,0
105029,'1199144',1235,,12202,52,,,0
105029,'1199148',747,,12203,52,,,0
105029,'1199220',1132,,12204,52,,,0
105029,'1199470',2230,,12205,52,,,0
105029,'1199473',917,,12206,52,,,0
105029,'1199604',817,,12207,52,,,0
105029,'1199607',1632,,12208,52,,,0
