102029,'1196895',1654,,11907,9,,,0
102029,'1196982',1341,,11908,9,,,0
102029,'1197029',2111,,11909,9,,,0
102029,'1197083',1524,,11910,9,,,0
102029,'1197178',1054,,11911,9,,,0
102029,'1197226',656,,11912,9,,,0
102029,'1197263',741,,11913,9,,,0
102029,'1197297',1440,,11914,9,,,0
102029,'1197309',1824,,11915,9,,,0
102029,'1197330',1726,,11916,9,,,0
102029,'1197420',1511,,11917,9,,,0
102029,'1197536',2254,,11918,9,,,0
102029,'1197603',1041,,11919,9,,,0
102029,'1197704',1010,,11920,9,,,0
102029,'1197770',2411,,11921,9,,,0
102029,'1197839',826,,11922,9,,,0
102029,'1198134',1310,,11923,9,,,0
102029,'1198173',924,,11924,9,,,0
102029,'1198220',1224,,11925,9,,,0
102029,'1198227',1740,,11926,9,,,0
102029,'1198249',1811,,11927,9,,,0
102029,'1198376',1556,,11928,9,,,0
102029,'1198502',1641,,11929,9,,,0
102029,'1198531',754,,11930,9,,,0
102029,'1198599',1610,,11931,9,,,0
102029,'1198638',2241,,11932,9,,,0
102029,'1198688',1140,,11933,9,,,0
102029,'1198705',2040,,11934,9,,,0
102029,'1198769',1954,,11935,9,,,0
102029,'1198816',2124,,11936,9,,,0
102029,'1198930',2210,,11937,9,,,0
102029,'1198996',611,,11938,9,,,0
102029,'1199090',840,,11939,9,,,0
102029,'1199168',911,,11940,9,,,0
102029,'1199202',1941,,11941,9,,,0
102029,'1199211',1910,,11942,9,,,0
102029,'1199244',956,,11943,9,,,0
102029,'1199434',1211,,11944,9,,,0
102029,'1199477',2340,,11945,9,,,0
102029,'1199479',1426,,11946,9,,,0
102029,'1199488',629,,11947,9,,,0
102029,'1199537',1354,,11948,9,,,0
102029,'1199651',710,,11949,9,,,0
