105019,'1196946',921,,12117,72,,,0
105019,'1197049',1831,,12118,72,,,0
105019,'1197077',609,,12119,72,,,0
105019,'1197115',1216,,12120,72,,,0
105019,'1197131',721,,12121,72,,,0
105019,'1197173',1223,,12122,72,,,0
105019,'1197181',1039,,12123,72,,,0
105019,'1197192',2208,,12124,72,,,0
105019,'1197197',1516,,12125,72,,,0
105019,'1197292',1323,,12126,72,,,0
105019,'1197296',1616,,12127,72,,,0
105019,'1197531',1423,,12128,72,,,0
105019,'1197548',1938,,12129,72,,,0
105019,'1197557',1623,,12130,72,,,0
105019,'1197588',839,,12131,72,,,0
105019,'1197596',2108,,12132,72,,,0
105019,'1197617',1523,,12133,72,,,0
105019,'1197633',1239,,12134,72,,,0
105019,'1197710',813,,12135,72,,,0
105019,'1197779',1801,,12136,72,,,0
105019,'1197825',1431,,12137,72,,,0
105019,'1197971',1116,,12138,72,,,0
105019,'1198112',639,,12139,72,,,0
105019,'1198338',1123,,12140,72,,,0
105019,'1198380',2239,,12141,72,,,0
105019,'1198385',1731,,12142,72,,,0
105019,'1198553',1331,,12143,72,,,0
105019,'1198560',2039,,12144,72,,,0
105019,'1198571',1639,,12145,72,,,0
105019,'1198621',743,,12146,72,,,0
105019,'1198667',1013,,12147,72,,,0
105019,'1198717',1546,,12148,72,,,0
105019,'1198741',913,,12149,72,,,0
105019,'1198746',1901,,12150,72,,,0
105019,'1198889',709,,12151,72,,,0
105019,'1199004',1439,,12152,72,,,0
105019,'1199054',1646,,12153,72,,,0
105019,'1199098',843,,12154,72,,,0
105019,'1199298',2408,,12155,72,,,0
105019,'1199347',2321,,12156,72,,,0
105019,'1199383',2308,,12157,72,,,0
105019,'1199400',1723,,12158,72,,,0
105019,'1199461',1839,,12159,72,,,0
105019,'1199511',1823,,12160,72,,,0
105019,'1199546',2121,,12161,72,,,0
105019,'1199574',1923,,12162,72,,,0
