101019,'1197003',558,,11803,36,,,0
101019,'1197056',2135,,11804,36,,,0
101019,'1197144',2335,,11805,36,,,0
101019,'1197150',1535,,11806,36,,,0
101019,'1197356',1335,,11807,36,,,0
101019,'1197394',1535,,11808,36,,,0
101019,'1197485',735,,11809,36,,,0
101019,'1197542',1335,,11810,36,,,0
101019,'1197666',1058,,11811,36,,,0
101019,'1197703',2135,,11812,36,,,0
101019,'1197735',1158,,11813,36,,,0
101019,'1197816',1135,,11814,36,,,0
101019,'1197893',758,,11815,36,,,0
101019,'1198002',1735,,11816,36,,,0
101019,'1198014',735,,11817,36,,,0
101019,'1198130',958,,11818,36,,,0
101019,'1198162',1400,,11819,36,,,0
101019,'1198212',1935,,11820,36,,,0
101019,'1198408',2057,,11821,36,,,0
101019,'1198684',935,,11822,36,,,0
101019,'1198907',1935,,11823,36,,,0
101019,'1199079',2258,,11824,36,,,0
101019,'1199178',1800,,11825,36,,,0
101019,'1199186',1600,,11826,36,,,0
101019,'1199279',1735,,11827,36,,,0
101019,'1199401',935,,11828,36,,,0
101019,'1199471',1858,,11829,36,,,0
101019,'1199497',1135,,11830,36,,,0
101019,'1199519',858,,11831,36,,,0
101019,'1199566',1500,,11832,36,,,0
101019,'1199626',1700,,11833,36,,,0
101019,'1199991',1400,,12771,36,,,0
101019,'1199992',2057,,12772,36,,,0
101019,'1199993',858,,12773,36,,,0
101019,'1199995',558,,12774,36,,,0
101019,'1199996',658,,12775,36,,,0
101019,'1200003',1700,,12776,36,,,0
101019,'1200004',1600,,12777,36,,,0
101019,'1200006',1858,,12778,36,,,0
101019,'1200008',758,,12779,36,,,0
101019,'1200009',2258,,12780,36,,,0
101019,'1200011',1058,,12781,36,,,0
101019,'1200013',1158,,12782,36,,,0
101019,'1200014',1500,,12783,36,,,0
101019,'1200015',1800,,12784,36,,,0
101019,'1200018',958,,12785,36,,,0
