105019,'1196946',913,,12117,51,,,0
105019,'1197049',1822,,12118,51,,,0
105019,'1197077',600,,12119,51,,,0
105019,'1197115',1207,,12120,51,,,0
105019,'1197131',713,,12121,51,,,0
105019,'1197173',1215,,12122,51,,,0
105019,'1197181',1031,,12123,51,,,0
105019,'1197192',2200,,12124,51,,,0
105019,'1197197',1507,,12125,51,,,0
105019,'1197292',1315,,12126,51,,,0
105019,'1197296',1607,,12127,51,,,0
105019,'1197531',1415,,12128,51,,,0
105019,'1197548',1930,,12129,51,,,0
105019,'1197557',1615,,12130,51,,,0
105019,'1197588',831,,12131,51,,,0
105019,'1197596',2100,,12132,51,,,0
105019,'1197617',1515,,12133,51,,,0
105019,'1197633',1231,,12134,51,,,0
105019,'1197710',804,,12135,51,,,0
105019,'1197779',1752,,12136,51,,,0
105019,'1197825',1422,,12137,51,,,0
105019,'1197971',1107,,12138,51,,,0
105019,'1198112',630,,12139,51,,,0
105019,'1198338',1115,,12140,51,,,0
105019,'1198380',2231,,12141,51,,,0
105019,'1198385',1722,,12142,51,,,0
105019,'1198553',1322,,12143,51,,,0
105019,'1198560',2031,,12144,51,,,0
105019,'1198571',1631,,12145,51,,,0
105019,'1198621',734,,12146,51,,,0
105019,'1198667',1004,,12147,51,,,0
105019,'1198717',1537,,12148,51,,,0
105019,'1198741',904,,12149,51,,,0
105019,'1198746',1852,,12150,51,,,0
105019,'1198889',700,,12151,51,,,0
105019,'1199004',1431,,12152,51,,,0
105019,'1199054',1637,,12153,51,,,0
105019,'1199098',834,,12154,51,,,0
105019,'1199298',2400,,12155,51,,,0
105019,'1199347',2313,,12156,51,,,0
105019,'1199383',2300,,12157,51,,,0
105019,'1199400',1715,,12158,51,,,0
105019,'1199461',1831,,12159,51,,,0
105019,'1199511',1815,,12160,51,,,0
105019,'1199546',2113,,12161,51,,,0
105019,'1199574',1915,,12162,51,,,0
106029,'1196836',1610,,12215,2,,,0
106029,'1196851',1725,,12216,2,,,0
106029,'1197042',1008,,12217,2,,,0
106029,'1197408',1840,,12218,2,,,0
106029,'1198086',738,,12219,2,,,0
106029,'1198615',853,,12220,2,,,0
