2029,'1196924',1522,,10051,21,,,0
2029,'1196985',1206,,10052,21,,,0
2029,'1196991',2250,,10053,21,,,0
2029,'1197028',2050,,10054,21,,,0
2029,'1197134',1836,,10055,21,,,0
2029,'1197139',936,,10056,21,,,0
2029,'1197143',2336,,10057,21,,,0
2029,'1197168',1622,,10058,21,,,0
2029,'1197170',651,,10059,21,,,0
2029,'1197175',1507,,10060,21,,,0
2029,'1197208',1452,,10061,21,,,0
2029,'1197209',906,,10062,21,,,0
2029,'1197218',721,,10063,21,,,0
2029,'1197261',1637,,10064,21,,,0
2029,'1197268',1707,,10065,21,,,0
2029,'1197282',651,,10066,21,,,0
2029,'1197288',2150,,10067,21,,,0
2029,'1197331',1633,,10068,21,,,0
2029,'1197332',2220,,10069,21,,,0
2029,'1197367',1433,,10070,21,,,0
2029,'1197375',906,,10071,21,,,0
2029,'1197411',1051,,10072,21,,,0
2029,'1197419',1337,,10073,21,,,0
2029,'1197430',706,,10074,21,,,0
2029,'1197437',1006,,10075,21,,,0
2029,'1197491',1403,,10076,21,,,0
2029,'1197508',806,,10077,21,,,0
2029,'1197527',1252,,10078,21,,,0
2029,'1197534',1052,,10079,21,,,0
2029,'1197599',1652,,10080,21,,,0
2029,'1197642',751,,10081,21,,,0
2029,'1197644',1822,,10082,21,,,0
2029,'1197647',951,,10083,21,,,0
2029,'1197651',2345,,10084,21,,,0
2029,'1197655',2415,,10085,21,,,0
2029,'1197665',1036,,10086,21,,,0
2029,'1197667',1952,,10087,21,,,0
2029,'1197739',1722,,10088,21,,,0
2029,'1197769',1152,,10089,21,,,0
2029,'1197800',1021,,10090,21,,,0
2029,'1197808',2020,,10091,21,,,0
2029,'1197821',752,,10092,21,,,0
2029,'1197871',821,,10093,21,,,0
2029,'1197901',851,,10094,21,,,0
2029,'1197910',1752,,10095,21,,,0
2029,'1198003',1106,,10096,21,,,0
2029,'1198023',1236,,10097,21,,,0
2029,'1198042',852,,10098,21,,,0
2029,'1198045',2252,,10099,21,,,0
2029,'1198089',921,,10100,21,,,0
2029,'1198144',1036,,10101,21,,,0
2029,'1198156',2320,,10102,21,,,0
2029,'1198168',2036,,10103,21,,,0
2029,'1198184',952,,10104,21,,,0
2029,'1198213',1422,,10105,21,,,0
2029,'1198215',1837,,10106,21,,,0
2029,'1198275',1151,,10107,21,,,0
2029,'1198291',1106,,10108,21,,,0
2029,'1198335',1950,,10109,21,,,0
2029,'1198359',1333,,10110,21,,,0
2029,'1198433',1352,,10111,21,,,0
2029,'1198455',1233,,10112,21,,,0
2029,'1198473',1803,,10113,21,,,0
2029,'1198494',1733,,10114,21,,,0
2029,'1198537',1752,,10115,21,,,0
2029,'1198581',1136,,10116,21,,,0
2029,'1198603',1552,,10117,21,,,0
2029,'1198608',951,,10118,21,,,0
2029,'1198619',2421,,10119,21,,,0
2029,'1198682',1437,,10120,21,,,0
2029,'1198743',2251,,10121,21,,,0
2029,'1198838',1352,,10122,21,,,0
2029,'1198840',1503,,10123,21,,,0
2029,'1198841',736,,10124,21,,,0
2029,'1198851',2120,,10125,21,,,0
2029,'1198854',1206,,10126,21,,,0
2029,'1198870',736,,10127,21,,,0
2029,'1198967',2352,,10128,21,,,0
2029,'1199005',1607,,10129,21,,,0
2029,'1199023',1533,,10130,21,,,0
2029,'1199042',1951,,10131,21,,,0
2029,'1199046',1850,,10132,21,,,0
2029,'1199049',1121,,10133,21,,,0
2029,'1199063',1322,,10134,21,,,0
2029,'1199099',1307,,10135,21,,,0
2029,'1199116',1737,,10136,21,,,0
2029,'1199173',1603,,10137,21,,,0
2029,'1199237',2152,,10138,21,,,0
2029,'1199240',836,,10139,21,,,0
2029,'1199269',1252,,10140,21,,,0
2029,'1199288',1552,,10141,21,,,0
2029,'1199299',2206,,10142,21,,,0
2029,'1199305',1221,,10143,21,,,0
2029,'1199316',1807,,10144,21,,,0
2029,'1199329',1652,,10145,21,,,0
2029,'1199333',821,,10146,21,,,0
2029,'1199335',1303,,10147,21,,,0
2029,'1199398',2052,,10148,21,,,0
2029,'1199466',1920,,10149,21,,,0
2029,'1199478',1852,,10150,21,,,0
2029,'1199484',1537,,10151,21,,,0
2029,'1199542',2435,,10152,21,,,0
2029,'1199552',1407,,10153,21,,,0
2029,'1199560',1906,,10154,21,,,0
2029,'1199580',2121,,10155,21,,,0
2029,'1199620',1452,,10156,21,,,0
2029,'1199621',1136,,10157,21,,,0
2029,'1199635',1703,,10158,21,,,0
12019,'1196839',2136,,10650,36,,,0
12019,'1196874',1138,,10651,36,,,0
12019,'1196885',1638,,10652,36,,,0
12019,'1196887',1608,,10653,36,,,0
12019,'1196940',1338,,10654,36,,,0
12019,'1196983',1936,,10655,36,,,0
12019,'1197026',2236,,10656,36,,,0
12019,'1197080',1836,,10657,36,,,0
12019,'1197104',1907,,10658,36,,,0
12019,'1197223',1808,,10659,36,,,0
12019,'1197306',1208,,10660,36,,,0
12019,'1197322',806,,10661,36,,,0
12019,'1197334',1638,,10662,36,,,0
12019,'1197339',1807,,10663,36,,,0
12019,'1197433',1007,,10664,36,,,0
12019,'1197490',1708,,10665,36,,,0
12019,'1197525',1608,,10666,36,,,0
12019,'1197602',907,,10667,36,,,0
12019,'1197615',1238,,10668,36,,,0
12019,'1197664',1808,,10669,36,,,0
12019,'1197701',2406,,10670,36,,,0
12019,'1197765',2407,,10671,36,,,0
12019,'1197813',1108,,10672,36,,,0
12019,'1197824',1307,,10673,36,,,0
12019,'1197891',2106,,10674,36,,,0
12019,'1197911',2006,,10675,36,,,0
12019,'1197945',1906,,10676,36,,,0
12019,'1197989',1508,,10677,36,,,0
12019,'1197991',1207,,10678,36,,,0
12019,'1198031',707,,10679,36,,,0
12019,'1198072',1407,,10680,36,,,0
12019,'1198097',1607,,10681,36,,,0
12019,'1198121',1708,,10682,36,,,0
12019,'1198127',1108,,10683,36,,,0
12019,'1198171',2207,,10684,36,,,0
12019,'1198224',2306,,10685,36,,,0
12019,'1198250',1338,,10686,36,,,0
12019,'1198260',1438,,10687,36,,,0
12019,'1198263',937,,10688,36,,,0
12019,'1198283',1538,,10689,36,,,0
12019,'1198358',1507,,10690,36,,,0
12019,'1198421',906,,10691,36,,,0
12019,'1198427',1238,,10692,36,,,0
12019,'1198442',1738,,10693,36,,,0
12019,'1198497',2206,,10694,36,,,0
12019,'1198582',907,,10695,36,,,0
12019,'1198588',637,,10696,36,,,0
12019,'1198592',1738,,10697,36,,,0
12019,'1198618',1107,,10698,36,,,0
12019,'1198712',1208,,10699,36,,,0
12019,'1198727',1408,,10700,36,,,0
12019,'1198773',1408,,10701,36,,,0
12019,'1198774',1138,,10702,36,,,0
12019,'1198819',2336,,10703,36,,,0
12019,'1198842',1007,,10704,36,,,0
12019,'1198884',2007,,10705,36,,,0
12019,'1198912',807,,10706,36,,,0
12019,'1198945',1006,,10707,36,,,0
12019,'1199167',737,,10708,36,,,0
12019,'1199197',2107,,10709,36,,,0
12019,'1199223',1308,,10710,36,,,0
12019,'1199224',708,,10711,36,,,0
12019,'1199251',1037,,10712,36,,,0
12019,'1199291',1538,,10713,36,,,0
12019,'1199315',1308,,10714,36,,,0
12019,'1199416',2307,,10715,36,,,0
12019,'1199495',1438,,10716,36,,,0
12019,'1199513',837,,10717,36,,,0
12019,'1199578',1508,,10718,36,,,0
12019,'1199610',2036,,10719,36,,,0
12019,'1199616',807,,10720,36,,,0
12019,'1199625',1707,,10721,36,,,0
