11019,'1196876',1459,,10448,15,,,0
11019,'1196884',1258,,10449,19,,,0
11019,'1196914',1141,,10450,19,,,0
11019,'1196958',800,,10451,19,,,0
11019,'1197000',1259,,10452,15,,,0
11019,'1197070',1859,,10453,15,,,0
11019,'1197071',1840,,10454,19,,,0
11019,'1197114',926,,10455,19,,,0
11019,'1197185',2259,,10456,15,,,0
11019,'1197191',1458,,10457,19,,,0
11019,'1197229',1413,,10458,19,,,0
11019,'1197234',1712,,10459,19,,,0
11019,'1197264',1743,,10460,19,,,0
11019,'1197274',941,,10461,19,,,0
11019,'1197327',1342,,10462,19,,,0
11019,'1197343',741,,10463,19,,,0
11019,'1197351',1559,,10464,15,,,0
11019,'1197398',1828,,10465,19,,,0
11019,'1197412',2310,,10466,19,,,0
11019,'1197422',1643,,10467,19,,,0
11019,'1197446',2359,,10468,15,,,0
11019,'1197463',711,,10469,19,,,0
11019,'1197502',626,,10470,19,,,0
11019,'1197519',756,,10471,19,,,0
11019,'1197564',2300,,10472,19,,,0
11019,'1197573',1359,,10473,15,,,0
11019,'1197695',1111,,10474,19,,,0
11019,'1197696',811,,10475,19,,,0
11019,'1197753',859,,10476,15,,,0
11019,'1197763',1528,,10477,19,,,0
11019,'1197795',2040,,10478,19,,,0
11019,'1197832',1628,,10479,19,,,0
11019,'1197875',2427,,10480,19,,,0
11019,'1197917',2400,,10481,19,,,0
11019,'1197925',1126,,10482,19,,,0
11019,'1197934',1542,,10483,19,,,0
11019,'1197978',1910,,10484,19,,,0
11019,'1197990',1442,,10485,19,,,0
11019,'1198012',856,,10486,19,,,0
11019,'1198053',1000,,10487,19,,,0
11019,'1198076',2010,,10488,19,,,0
11019,'1198113',2110,,10489,19,,,0
11019,'1198146',2240,,10490,19,,,0
11019,'1198266',2000,,10491,19,,,0
11019,'1198296',1659,,10492,15,,,0
11019,'1198337',911,,10493,19,,,0
11019,'1198341',1200,,10494,19,,,0
11019,'1198362',2159,,10495,15,,,0
11019,'1198405',1900,,10496,19,,,0
11019,'1198419',1513,,10497,19,,,0
11019,'1198470',1313,,10498,19,,,0
11019,'1198493',1813,,10499,19,,,0
11019,'1198506',1100,,10500,19,,,0
11019,'1198543',1026,,10501,19,,,0
11019,'1198548',1613,,10502,19,,,0
11019,'1198573',1156,,10503,19,,,0
11019,'1198590',1959,,10504,15,,,0
11019,'1198610',1558,,10505,19,,,0
11019,'1198623',700,,10506,19,,,0
11019,'1198660',1312,,10507,19,,,0
11019,'1198662',1759,,10508,15,,,0
11019,'1198696',1443,,10509,19,,,0
11019,'1198771',1512,,10510,19,,,0
11019,'1198808',956,,10511,19,,,0
11019,'1198843',2059,,10512,15,,,0
11019,'1198927',1056,,10513,19,,,0
11019,'1198951',1728,,10514,19,,,0
11019,'1198978',1940,,10515,19,,,0
11019,'1199022',1240,,10516,19,,,0
11019,'1199024',2200,,10517,19,,,0
11019,'1199026',2210,,10518,19,,,0
11019,'1199059',1612,,10519,19,,,0
11019,'1199060',1358,,10520,19,,,0
11019,'1199064',1812,,10521,19,,,0
11019,'1199091',759,,10522,15,,,0
11019,'1199100',2140,,10523,19,,,0
11019,'1199118',1713,,10524,19,,,0
11019,'1199132',656,,10525,19,,,0
11019,'1199143',1742,,10526,19,,,0
11019,'1199154',1428,,10527,19,,,0
11019,'1199177',1658,,10528,19,,,0
11019,'1199180',2100,,10529,19,,,0
11019,'1199214',726,,10530,19,,,0
11019,'1199225',1543,,10531,19,,,0
11019,'1199227',1159,,10532,15,,,0
11019,'1199229',1412,,10533,19,,,0
11019,'1199253',959,,10534,15,,,0
11019,'1199301',2337,,10535,19,,,0
11019,'1199306',1059,,10536,15,,,0
11019,'1199370',1758,,10537,19,,,0
11019,'1199376',841,,10538,19,,,0
11019,'1199394',900,,10539,19,,,0
11019,'1199403',826,,10540,19,,,0
11019,'1199410',1211,,10541,19,,,0
11019,'1199462',2407,,10542,19,,,0
11019,'1199476',1011,,10543,19,,,0
11019,'1199496',1328,,10544,19,,,0
11019,'1199508',1226,,10545,19,,,0
11019,'1199591',1642,,10546,19,,,0
11019,'1199603',1243,,10547,19,,,0
11019,'1199619',1041,,10548,19,,,0
11019,'1199623',1343,,10549,19,,,0
