20019,'1196861',1639,,11034,5,,,0
20019,'1196920',2209,,11035,5,,,0
20019,'1196950',739,,11036,5,,,0
20019,'1196955',639,,11037,5,,,0
20019,'1197117',2009,,11038,5,,,0
20019,'1197128',2109,,11039,5,,,0
20019,'1197129',1539,,11040,5,,,0
20019,'1197174',1509,,11041,5,,,0
20019,'1197187',1533,,11042,5,,,0
20019,'1197300',2233,,11043,5,,,0
20019,'1197337',1933,,11044,5,,,0
20019,'1197360',2133,,11045,5,,,0
20019,'1197373',1239,,11046,5,,,0
20019,'1197429',1733,,11047,5,,,0
20019,'1197469',933,,11048,5,,,0
20019,'1197560',1033,,11049,5,,,0
20019,'1197585',638,,11050,5,,,0
20019,'1197629',1409,,11051,5,,,0
20019,'1197637',2139,,11052,5,,,0
20019,'1197672',1333,,11053,5,,,0
20019,'1197681',1039,,11054,5,,,0
20019,'1197724',1433,,11055,5,,,0
20019,'1197914',1233,,11056,5,,,0
20019,'1197984',1739,,11057,5,,,0
20019,'1197986',1339,,11058,5,,,0
20019,'1198036',1809,,11059,5,,,0
20019,'1198083',2409,,11060,5,,,0
20019,'1198114',939,,11061,5,,,0
20019,'1198133',1109,,11062,5,,,0
20019,'1198141',2039,,11063,5,,,0
20019,'1198152',1309,,11064,5,,,0
20019,'1198178',739,,11065,5,,,0
20019,'1198183',2239,,11066,5,,,0
20019,'1198191',608,,11067,5,,,0
20019,'1198203',2333,,11068,5,,,0
20019,'1198236',733,,11069,5,,,0
20019,'1198244',1939,,11070,5,,,0
20019,'1198268',2033,,11071,5,,,0
20019,'1198364',2309,,11072,5,,,0
20019,'1198377',1609,,11073,5,,,0
20019,'1198420',1709,,11074,5,,,0
20019,'1198431',909,,11075,5,,,0
20019,'1198465',1839,,11076,5,,,0
20019,'1198477',1833,,11077,5,,,0
20019,'1198580',709,,11078,5,,,0
20019,'1198586',809,,11079,5,,,0
20019,'1198656',839,,11080,5,,,0
20019,'1198669',1009,,11081,5,,,0
20019,'1198702',1739,,11082,5,,,0
20019,'1198708',1439,,11083,5,,,0
20019,'1198826',1639,,11084,5,,,0
20019,'1198871',1133,,11085,5,,,0
20019,'1198943',1909,,11086,5,,,0
20019,'1199137',2338,,11087,5,,,0
20019,'1199386',833,,11088,5,,,0
20019,'1199428',1209,,11089,5,,,0
20019,'1199534',1633,,11090,5,,,0
20019,'1199553',1139,,11091,5,,,0
102019,'1197016',2153,,11865,5,,,0
102019,'1197206',1808,,11866,5,,,0
102019,'1197235',853,,11867,5,,,0
102019,'1197240',723,,11868,5,,,0
102019,'1197255',1323,,11869,5,,,0
102019,'1197609',908,,11870,5,,,0
102019,'1197643',1453,,11871,5,,,0
102019,'1197656',1853,,11872,5,,,0
102019,'1197775',1553,,11873,5,,,0
102019,'1197973',638,,11874,5,,,0
102019,'1197982',1753,,11875,5,,,0
102019,'1198067',653,,11876,5,,,0
102019,'1198088',2238,,11877,5,,,0
102019,'1198122',1923,,11878,5,,,0
102019,'1198163',1023,,11879,5,,,0
102019,'1198211',808,,11880,5,,,0
102019,'1198279',1123,,11881,5,,,0
102019,'1198403',1038,,11882,5,,,0
102019,'1198424',1423,,11883,5,,,0
102019,'1198486',953,,11884,5,,,0
102019,'1198508',1508,,11885,5,,,0
102019,'1198523',1253,,11886,5,,,0
102019,'1198532',1208,,11887,5,,,0
102019,'1198591',2223,,11888,5,,,0
102019,'1198661',1623,,11889,5,,,0
102019,'1198730',2053,,11890,5,,,0
102019,'1198749',2023,,11891,5,,,0
102019,'1198805',1938,,11892,5,,,0
102019,'1198848',1638,,11893,5,,,0
102019,'1198865',2323,,11894,5,,,0
102019,'1199016',2108,,11895,5,,,0
102019,'1199130',2353,,11896,5,,,0
102019,'1199199',938,,11897,5,,,0
102019,'1199205',1153,,11898,5,,,0
102019,'1199328',1338,,11899,5,,,0
102019,'1199348',1723,,11900,5,,,0
102019,'1199363',1708,,11901,5,,,0
102019,'1199433',1538,,11902,5,,,0
102019,'1199474',553,,11903,5,,,0
102019,'1199507',823,,11904,5,,,0
102019,'1199572',1408,,11905,5,,,0
102019,'1199618',738,,11906,5,,,0
