101019,'1197003',549,,11803,27,,,0
101019,'1197056',2126,,11804,27,,,0
101019,'1197144',2327,,11805,27,,,0
101019,'1197150',1527,,11806,27,,,0
101019,'1197356',1327,,11807,27,,,0
101019,'1197394',1526,,11808,27,,,0
101019,'1197485',726,,11809,27,,,0
101019,'1197542',1326,,11810,27,,,0
101019,'1197666',1049,,11811,27,,,0
101019,'1197703',2127,,11812,27,,,0
101019,'1197735',1149,,11813,27,,,0
101019,'1197816',1126,,11814,27,,,0
101019,'1197893',749,,11815,27,,,0
101019,'1198002',1727,,11816,27,,,0
101019,'1198014',727,,11817,27,,,0
101019,'1198130',949,,11818,27,,,0
101019,'1198162',1351,,11819,27,,,0
101019,'1198212',1927,,11820,27,,,0
101019,'1198408',2048,,11821,27,,,0
101019,'1198684',926,,11822,27,,,0
101019,'1198907',1926,,11823,27,,,0
101019,'1199079',2249,,11824,27,,,0
101019,'1199178',1751,,11825,27,,,0
101019,'1199186',1551,,11826,27,,,0
101019,'1199279',1726,,11827,27,,,0
101019,'1199401',927,,11828,27,,,0
101019,'1199471',1849,,11829,27,,,0
101019,'1199497',1127,,11830,27,,,0
101019,'1199519',849,,11831,27,,,0
101019,'1199566',1451,,11832,27,,,0
101019,'1199626',1651,,11833,27,,,0
