14019,'1196890',1816,,10916,8,,,0
14019,'1196970',2046,,10917,8,,,0
14019,'1196984',1345,,10918,8,,,0
14019,'1197073',2146,,10919,8,,,0
14019,'1197090',745,,10920,8,,,0
14019,'1197106',1717,,10921,8,,,0
14019,'1197152',1547,,10922,8,,,0
14019,'1197163',1646,,10923,8,,,0
14019,'1197189',1945,,10924,8,,,0
14019,'1197473',946,,10925,8,,,0
14019,'1197576',1145,,10926,8,,,0
14019,'1197578',1845,,10927,8,,,0
14019,'1197606',845,,10928,8,,,0
14019,'1197719',1546,,10929,8,,,0
14019,'1197768',1647,,10930,8,,,0
14019,'1197774',1246,,10931,8,,,0
14019,'1197807',646,,10932,8,,,0
14019,'1197857',1245,,10933,8,,,0
14019,'1197872',746,,10934,8,,,0
14019,'1197899',2316,,10935,8,,,0
14019,'1197912',1645,,10936,8,,,0
14019,'1197929',1346,,10937,8,,,0
14019,'1197946',1946,,10938,8,,,0
14019,'1198043',2346,,10939,8,,,0
14019,'1198056',1916,,10940,8,,,0
14019,'1198057',646,,10941,8,,,0
14019,'1198062',1545,,10942,8,,,0
14019,'1198118',2016,,10943,8,,,0
14019,'1198151',1445,,10944,8,,,0
14019,'1198161',1447,,10945,8,,,0
14019,'1198262',1446,,10946,8,,,0
14019,'1198285',2246,,10947,8,,,0
14019,'1198312',946,,10948,8,,,0
14019,'1198386',1846,,10949,8,,,0
14019,'1198412',1147,,10950,8,,,0
14019,'1198436',846,,10951,8,,,0
14019,'1198460',1047,,10952,8,,,0
14019,'1198507',846,,10953,8,,,0
14019,'1198513',1247,,10954,8,,,0
14019,'1198539',1046,,10955,8,,,0
14019,'1198751',2045,,10956,8,,,0
14019,'1198810',2345,,10957,8,,,0
14019,'1198859',1517,,10958,8,,,0
14019,'1198869',916,,10959,8,,,0
14019,'1198890',2145,,10960,8,,,0
14019,'1199036',716,,10961,8,,,0
14019,'1199048',746,,10962,8,,,0
14019,'1199075',816,,10963,8,,,0
14019,'1199084',1045,,10964,8,,,0
14019,'1199131',2116,,10965,8,,,0
14019,'1199280',2245,,10966,8,,,0
14019,'1199286',945,,10967,8,,,0
14019,'1199393',1347,,10968,8,,,0
14019,'1199441',1617,,10969,8,,,0
14019,'1199444',1746,,10970,8,,,0
14019,'1199523',1745,,10971,8,,,0
14019,'1199538',1747,,10972,8,,,0
14019,'1199568',2216,,10973,8,,,0
14019,'1199582',1146,,10974,8,,,0
29019,'1196845',1225,,11755,8,,,0
29019,'1197023',940,,11756,8,,,0
29019,'1197248',1925,,11757,8,,,0
29019,'1197445',1140,,11758,8,,,0
29019,'1197468',1440,,11759,8,,,0
29019,'1197869',1125,,11760,8,,,0
29019,'1197959',925,,11761,8,,,0
29019,'1198305',1240,,11762,8,,,0
29019,'1198397',1540,,11763,8,,,0
29019,'1198428',825,,11764,8,,,0
29019,'1198456',2325,,11765,8,,,0
29019,'1198533',1525,,11766,8,,,0
29019,'1198557',2125,,11767,8,,,0
29019,'1198961',1625,,11768,8,,,0
29019,'1199000',1825,,11769,8,,,0
29019,'1199017',1425,,11770,8,,,0
29019,'1199038',725,,11771,8,,,0
29019,'1199080',1725,,11772,8,,,0
29019,'1199158',2025,,11773,8,,,0
29019,'1199278',1040,,11774,8,,,0
29019,'1199317',1340,,11775,8,,,0
29019,'1199409',1025,,11776,8,,,0
29019,'1199455',2225,,11777,8,,,0
29019,'1199486',1325,,11778,8,,,0
