105029,'1196840',2254,,12163,13,,,0
105029,'1196987',1009,,12164,13,,,0
105029,'1196996',1640,,12165,13,,,0
105029,'1197020',1523,,12166,13,,,0
105029,'1197097',1740,,12167,13,,,0
105029,'1197137',2007,,12168,13,,,0
105029,'1197220',1954,,12169,13,,,0
105029,'1197228',1455,,12170,13,,,0
105029,'1197231',724,,12171,13,,,0
105029,'1197439',1123,,12172,13,,,0
105029,'1197501',1923,,12173,13,,,0
105029,'1197522',2123,,12174,13,,,0
105029,'1197561',955,,12175,13,,,0
105029,'1197638',923,,12176,13,,,0
105029,'1197840',2054,,12177,13,,,0
105029,'1197853',2154,,12178,13,,,0
105029,'1197918',1824,,12179,13,,,0
105029,'1197968',2323,,12180,13,,,0
105029,'1198013',1323,,12181,13,,,0
105029,'1198037',1055,,12182,13,,,0
105029,'1198064',1809,,12183,13,,,0
105029,'1198187',1209,,12184,13,,,0
105029,'1198214',1723,,12185,13,,,0
105029,'1198417',1309,,12186,13,,,0
105029,'1198447',1710,,12187,13,,,0
105029,'1198529',1509,,12188,13,,,0
105029,'1198616',654,,12189,13,,,0
105029,'1198625',1610,,12190,13,,,0
105029,'1198711',1310,,12191,13,,,0
105029,'1198718',1525,,12192,13,,,0
105029,'1198725',1709,,12193,13,,,0
105029,'1198779',807,,12194,13,,,0
105029,'1198918',1409,,12195,13,,,0
105029,'1198922',2359,,12196,13,,,0
105029,'1198923',624,,12197,13,,,0
105029,'1199012',607,,12198,13,,,0
105029,'1199037',1355,,12199,13,,,0
105029,'1199107',1425,,12200,13,,,0
105029,'1199124',2407,,12201,13,,,0
105029,'1199144',1210,,12202,13,,,0
105029,'1199148',723,,12203,13,,,0
105029,'1199220',1109,,12204,13,,,0
105029,'1199470',2207,,12205,13,,,0
105029,'1199473',854,,12206,13,,,0
105029,'1199604',754,,12207,13,,,0
105029,'1199607',1609,,12208,13,,,0
106019,'1196832',939,,12209,13,,,0
106019,'1196841',709,,12210,13,,,0
106019,'1197348',824,,12211,13,,,0
106019,'1197389',1810,,12212,13,,,0
106019,'1197951',1540,,12213,13,,,0
106019,'1198120',1655,,12214,13,,,0
