10029,'1196869',1025,,10389,23,,,0
10029,'1196944',1855,,10390,23,,,0
10029,'1196948',1525,,10391,23,,,0
10029,'1197007',655,,10392,23,,,0
10029,'1197053',1325,,10393,23,,,0
10029,'1197093',1125,,10394,23,,,0
10029,'1197160',1726,,10395,23,,,0
10029,'1197269',1825,,10396,23,,,0
10029,'1197314',2155,,10397,23,,,0
10029,'1197362',2026,,10398,23,,,0
10029,'1197385',826,,10399,23,,,0
10029,'1197414',1425,,10400,23,,,0
10029,'1197492',1655,,10401,23,,,0
10029,'1197523',2226,,10402,23,,,0
10029,'1197565',625,,10403,23,,,0
10029,'1197669',825,,10404,23,,,0
10029,'1197675',2125,,10405,23,,,0
10029,'1197822',1725,,10406,23,,,0
10029,'1197831',1725,,10407,23,,,0
10029,'1197885',2025,,10408,23,,,0
10029,'1197887',1555,,10409,23,,,0
10029,'1197892',1225,,10410,23,,,0
10029,'1197908',2225,,10411,23,,,0
10029,'1197916',2255,,10412,23,,,0
10029,'1197980',2400,,10413,23,,,0
10029,'1198080',1625,,10414,23,,,0
10029,'1198150',1625,,10415,23,,,0
10029,'1198170',1126,,10416,23,,,0
10029,'1198181',1755,,10417,23,,,0
10029,'1198232',1526,,10418,23,,,0
10029,'1198314',1925,,10419,23,,,0
10029,'1198351',1225,,10420,23,,,0
10029,'1198466',2055,,10421,23,,,0
10029,'1198481',1426,,10422,23,,,0
10029,'1198536',1226,,10423,23,,,0
10029,'1198550',1626,,10424,23,,,0
10029,'1198565',2325,,10425,23,,,0
10029,'1198676',725,,10426,23,,,0
10029,'1198703',726,,10427,23,,,0
10029,'1198735',1026,,10428,23,,,0
10029,'1198754',1326,,10429,23,,,0
10029,'1198767',1125,,10430,23,,,0
10029,'1198887',855,,10431,23,,,0
10029,'1198905',1425,,10432,23,,,0
10029,'1198933',825,,10433,23,,,0
10029,'1199013',725,,10434,23,,,0
10029,'1199068',1025,,10435,23,,,0
10029,'1199078',1826,,10436,23,,,0
10029,'1199088',1955,,10437,23,,,0
10029,'1199134',1325,,10438,23,,,0
10029,'1199161',2326,,10439,23,,,0
10029,'1199245',1926,,10440,23,,,0
10029,'1199274',926,,10441,23,,,0
10029,'1199375',1455,,10442,23,,,0
10029,'1199396',755,,10443,23,,,0
10029,'1199411',2126,,10444,23,,,0
10029,'1199422',925,,10445,23,,,0
10029,'1199613',925,,10446,23,,,0
10029,'1199633',1525,,10447,23,,,0
12029,'1196881',1125,,10722,18,,,0
12029,'1196886',1655,,10723,18,,,0
12029,'1196921',826,,10724,18,,,0
12029,'1196925',1625,,10725,18,,,0
12029,'1197005',2400,,10726,18,,,0
12029,'1197009',2325,,10727,18,,,0
12029,'1197092',1755,,10728,18,,,0
12029,'1197112',855,,10729,18,,,0
12029,'1197136',2255,,10730,18,,,0
12029,'1197164',725,,10731,18,,,0
12029,'1197202',1525,,10732,18,,,0
12029,'1197246',1355,,10733,18,,,0
12029,'1197415',1055,,10734,18,,,0
12029,'1197416',1525,,10735,18,,,0
12029,'1197484',1926,,10736,18,,,0
12029,'1197496',2155,,10737,18,,,0
12029,'1197608',1155,,10738,18,,,0
12029,'1197678',1826,,10739,18,,,0
12029,'1197742',1325,,10740,18,,,0
12029,'1197777',2326,,10741,18,,,0
12029,'1197790',2225,,10742,18,,,0
12029,'1197947',1726,,10743,18,,,0
12029,'1198008',1355,,10744,18,,,0
12029,'1198017',1855,,10745,18,,,0
12029,'1198020',1725,,10746,18,,,0
12029,'1198024',925,,10747,18,,,0
12029,'1198092',1825,,10748,18,,,0
12029,'1198139',1555,,10749,18,,,0
12029,'1198185',1155,,10750,18,,,0
12029,'1198205',825,,10751,18,,,0
12029,'1198239',955,,10752,18,,,0
12029,'1198318',726,,10753,18,,,0
12029,'1198336',1125,,10754,18,,,0
12029,'1198360',1026,,10755,18,,,0
12029,'1198400',725,,10756,18,,,0
12029,'1198511',2226,,10757,18,,,0
12029,'1198528',1526,,10758,18,,,0
12029,'1198538',1425,,10759,18,,,0
12029,'1198556',2055,,10760,18,,,0
12029,'1198681',1925,,10761,18,,,0
12029,'1198731',2025,,10762,18,,,0
12029,'1198732',1325,,10763,18,,,0
12029,'1198745',2126,,10764,18,,,0
12029,'1198748',926,,10765,18,,,0
12029,'1198775',1025,,10766,18,,,0
12029,'1198818',1725,,10767,18,,,0
12029,'1198856',1126,,10768,18,,,0
12029,'1198877',1255,,10769,18,,,0
12029,'1198898',825,,10770,18,,,0
12029,'1198947',625,,10771,18,,,0
12029,'1198959',1225,,10772,18,,,0
12029,'1198976',1655,,10773,18,,,0
12029,'1199093',1455,,10774,18,,,0
12029,'1199207',1455,,10775,18,,,0
12029,'1199281',1326,,10776,18,,,0
12029,'1199325',1625,,10777,18,,,0
12029,'1199340',1055,,10778,18,,,0
12029,'1199357',1425,,10779,18,,,0
12029,'1199382',755,,10780,18,,,0
12029,'1199384',925,,10781,18,,,0
12029,'1199423',1955,,10782,18,,,0
12029,'1199437',1426,,10783,18,,,0
12029,'1199445',2026,,10784,18,,,0
12029,'1199457',1626,,10785,18,,,0
12029,'1199487',1025,,10786,18,,,0
12029,'1199500',655,,10787,18,,,0
12029,'1199501',1555,,10788,18,,,0
12029,'1199531',1225,,10789,18,,,0
12029,'1199556',2125,,10790,18,,,0
12029,'1199590',1255,,10791,18,,,0
12029,'1199639',1226,,10792,18,,,0
