11019,'1196876',1508,,10448,30,,,0
11019,'1196884',1307,,10449,34,,,0
11019,'1196914',1150,,10450,34,,,0
11019,'1196958',809,,10451,34,,,0
11019,'1197000',1308,,10452,30,,,0
11019,'1197070',1908,,10453,30,,,0
11019,'1197071',1849,,10454,34,,,0
11019,'1197114',935,,10455,34,,,0
11019,'1197185',2308,,10456,30,,,0
11019,'1197191',1507,,10457,34,,,0
11019,'1197229',1422,,10458,34,,,0
11019,'1197234',1721,,10459,34,,,0
11019,'1197264',1752,,10460,34,,,0
11019,'1197274',950,,10461,34,,,0
11019,'1197327',1351,,10462,34,,,0
11019,'1197343',750,,10463,34,,,0
11019,'1197351',1608,,10464,30,,,0
11019,'1197398',1837,,10465,34,,,0
11019,'1197412',2319,,10466,34,,,0
11019,'1197422',1652,,10467,34,,,0
11019,'1197446',2408,,10468,30,,,0
11019,'1197463',720,,10469,34,,,0
11019,'1197502',635,,10470,34,,,0
11019,'1197519',805,,10471,34,,,0
11019,'1197564',2309,,10472,34,,,0
11019,'1197573',1408,,10473,30,,,0
11019,'1197695',1120,,10474,34,,,0
11019,'1197696',820,,10475,34,,,0
11019,'1197753',908,,10476,30,,,0
11019,'1197763',1537,,10477,34,,,0
11019,'1197795',2049,,10478,34,,,0
11019,'1197832',1637,,10479,34,,,0
11019,'1197875',2436,,10480,34,,,0
11019,'1197917',2409,,10481,34,,,0
11019,'1197925',1135,,10482,34,,,0
11019,'1197934',1551,,10483,34,,,0
11019,'1197978',1919,,10484,34,,,0
11019,'1197990',1451,,10485,34,,,0
11019,'1198012',905,,10486,34,,,0
11019,'1198053',1009,,10487,34,,,0
11019,'1198076',2019,,10488,34,,,0
11019,'1198113',2119,,10489,34,,,0
11019,'1198146',2249,,10490,34,,,0
11019,'1198266',2009,,10491,34,,,0
11019,'1198296',1708,,10492,30,,,0
11019,'1198337',920,,10493,34,,,0
11019,'1198341',1209,,10494,34,,,0
11019,'1198362',2208,,10495,30,,,0
11019,'1198405',1909,,10496,34,,,0
11019,'1198419',1522,,10497,34,,,0
11019,'1198470',1322,,10498,34,,,0
11019,'1198493',1822,,10499,34,,,0
11019,'1198506',1109,,10500,34,,,0
11019,'1198543',1035,,10501,34,,,0
11019,'1198548',1622,,10502,34,,,0
11019,'1198573',1205,,10503,34,,,0
11019,'1198590',2008,,10504,30,,,0
11019,'1198610',1607,,10505,34,,,0
11019,'1198623',709,,10506,34,,,0
11019,'1198660',1321,,10507,34,,,0
11019,'1198662',1808,,10508,30,,,0
11019,'1198696',1452,,10509,34,,,0
11019,'1198771',1521,,10510,34,,,0
11019,'1198808',1005,,10511,34,,,0
11019,'1198843',2108,,10512,30,,,0
11019,'1198927',1105,,10513,34,,,0
11019,'1198951',1737,,10514,34,,,0
11019,'1198978',1949,,10515,34,,,0
11019,'1199022',1249,,10516,34,,,0
11019,'1199024',2209,,10517,34,,,0
11019,'1199026',2219,,10518,34,,,0
11019,'1199059',1621,,10519,34,,,0
11019,'1199060',1407,,10520,34,,,0
11019,'1199064',1821,,10521,34,,,0
11019,'1199091',808,,10522,30,,,0
11019,'1199100',2149,,10523,34,,,0
11019,'1199118',1722,,10524,34,,,0
11019,'1199132',705,,10525,34,,,0
11019,'1199143',1751,,10526,34,,,0
11019,'1199154',1437,,10527,34,,,0
11019,'1199177',1707,,10528,34,,,0
11019,'1199180',2109,,10529,34,,,0
11019,'1199214',735,,10530,34,,,0
11019,'1199225',1552,,10531,34,,,0
11019,'1199227',1208,,10532,30,,,0
11019,'1199229',1421,,10533,34,,,0
11019,'1199253',1008,,10534,30,,,0
11019,'1199301',2346,,10535,34,,,0
11019,'1199306',1108,,10536,30,,,0
11019,'1199370',1807,,10537,34,,,0
11019,'1199376',850,,10538,34,,,0
11019,'1199394',909,,10539,34,,,0
11019,'1199403',835,,10540,34,,,0
11019,'1199410',1220,,10541,34,,,0
11019,'1199462',2416,,10542,34,,,0
11019,'1199476',1020,,10543,34,,,0
11019,'1199496',1337,,10544,34,,,0
11019,'1199508',1235,,10545,34,,,0
11019,'1199591',1651,,10546,34,,,0
11019,'1199603',1252,,10547,34,,,0
11019,'1199619',1050,,10548,34,,,0
11019,'1199623',1352,,10549,34,,,0
25029,'1196916',953,,11367,10,,,0
25029,'1196933',1553,,11368,10,,,0
25029,'1196986',1137,,11369,10,,,0
25029,'1197030',2152,,11370,10,,,0
25029,'1197059',651,,11371,10,,,0
25029,'1197302',1852,,11372,10,,,0
25029,'1197319',853,,11373,10,,,0
25029,'1197349',1253,,11374,10,,,0
25029,'1197435',2037,,11375,10,,,0
25029,'1197457',2052,,11376,10,,,0
25029,'1197616',2412,,11377,10,,,0
25029,'1197705',2237,,11378,10,,,0
25029,'1197793',1623,,11379,10,,,0
25029,'1197804',737,,11380,10,,,0
25029,'1197835',1653,,11381,10,,,0
25029,'1197846',923,,11382,10,,,0
25029,'1197932',723,,11383,10,,,0
25029,'1198032',937,,11384,10,,,0
25029,'1198046',1023,,11385,10,,,0
25029,'1198129',1453,,11386,10,,,0
25029,'1198137',2252,,11387,10,,,0
25029,'1198143',1237,,11388,10,,,0
25029,'1198148',1852,,11389,10,,,0
25029,'1198154',1323,,11390,10,,,0
25029,'1198159',753,,11391,10,,,0
25029,'1198222',1937,,11392,10,,,0
25029,'1198225',1553,,11393,10,,,0
25029,'1198233',1723,,11394,10,,,0
25029,'1198344',2152,,11395,10,,,0
25029,'1198370',1453,,11396,10,,,0
25029,'1198438',1223,,11397,10,,,0
25029,'1198503',1653,,11398,10,,,0
25029,'1198561',2337,,11399,10,,,0
25029,'1198597',1053,,11400,10,,,0
25029,'1198609',2052,,11401,10,,,0
25029,'1198649',2137,,11402,10,,,0
25029,'1198679',1753,,11403,10,,,0
25029,'1198692',1153,,11404,10,,,0
25029,'1198706',653,,11405,10,,,0
25029,'1198719',2252,,11406,10,,,0
25029,'1198720',1737,,11407,10,,,0
25029,'1198786',1523,,11408,10,,,0
25029,'1198863',1423,,11409,10,,,0
25029,'1198875',852,,11410,10,,,0
25029,'1198879',1952,,11411,10,,,0
25029,'1198885',1037,,11412,10,,,0
25029,'1198987',1837,,11413,10,,,0
25029,'1198994',1537,,11414,10,,,0
25029,'1199055',751,,11415,10,,,0
25029,'1199102',2351,,11416,10,,,0
25029,'1199182',823,,11417,10,,,0
25029,'1199195',1123,,11418,10,,,0
25029,'1199236',953,,11419,10,,,0
25029,'1199255',1437,,11420,10,,,0
25029,'1199294',1337,,11421,10,,,0
25029,'1199362',1952,,11422,10,,,0
25029,'1199541',1752,,11423,10,,,0
25029,'1199549',1637,,11424,10,,,0
25029,'1199576',1353,,11425,10,,,0
25029,'1199642',837,,11426,10,,,0
101019,'1197003',618,,11803,60,,,0
101019,'1197056',2156,,11804,60,,,0
101019,'1197144',2355,,11805,60,,,0
101019,'1197150',1555,,11806,60,,,0
101019,'1197356',1355,,11807,60,,,0
101019,'1197394',1556,,11808,60,,,0
101019,'1197485',756,,11809,60,,,0
101019,'1197542',1356,,11810,60,,,0
101019,'1197666',1118,,11811,60,,,0
101019,'1197703',2155,,11812,60,,,0
101019,'1197735',1218,,11813,60,,,0
101019,'1197816',1156,,11814,60,,,0
101019,'1197893',818,,11815,60,,,0
101019,'1198002',1755,,11816,60,,,0
101019,'1198014',755,,11817,60,,,0
101019,'1198130',1018,,11818,60,,,0
101019,'1198162',1420,,11819,60,,,0
101019,'1198212',1955,,11820,60,,,0
101019,'1198408',2117,,11821,60,,,0
101019,'1198684',956,,11822,60,,,0
101019,'1198907',1956,,11823,60,,,0
101019,'1199079',2318,,11824,60,,,0
101019,'1199178',1820,,11825,60,,,0
101019,'1199186',1620,,11826,60,,,0
101019,'1199279',1756,,11827,60,,,0
101019,'1199401',955,,11828,60,,,0
101019,'1199471',1918,,11829,60,,,0
101019,'1199497',1155,,11830,60,,,0
101019,'1199519',918,,11831,60,,,0
101019,'1199566',1520,,11832,60,,,0
101019,'1199626',1720,,11833,60,,,0
101019,'1199991',1420,,12771,60,,,0
101019,'1199992',2117,,12772,60,,,0
101019,'1199993',918,,12773,60,,,0
101019,'1199995',618,,12774,60,,,0
101019,'1199996',718,,12775,60,,,0
101019,'1200003',1720,,12776,60,,,0
101019,'1200004',1620,,12777,60,,,0
101019,'1200006',1918,,12778,60,,,0
101019,'1200008',818,,12779,60,,,0
101019,'1200009',2318,,12780,60,,,0
101019,'1200011',1118,,12781,60,,,0
101019,'1200013',1218,,12782,60,,,0
101019,'1200014',1520,,12783,60,,,0
101019,'1200015',1820,,12784,60,,,0
101019,'1200018',1018,,12785,60,,,0
104029,'1196835',2023,,12074,46,,,0
104029,'1196857',823,,12075,46,,,0
104029,'1196889',823,,12076,46,,,0
104029,'1196928',1808,,12077,46,,,0
104029,'1197002',708,,12078,46,,,0
104029,'1197045',1606,,12079,46,,,0
104029,'1197133',853,,12080,46,,,0
104029,'1197341',1306,,12081,46,,,0
104029,'1197454',1823,,12082,46,,,0
104029,'1197461',738,,12083,46,,,0
104029,'1197467',2223,,12084,46,,,0
104029,'1197481',623,,12085,46,,,0
104029,'1197553',2153,,12086,46,,,0
104029,'1197574',938,,12087,46,,,0
104029,'1197583',2208,,12088,46,,,0
104029,'1197794',1823,,12089,46,,,0
104029,'1197965',1423,,12090,46,,,0
104029,'1197979',1553,,12091,46,,,0
104029,'1198234',1053,,12092,46,,,0
104029,'1198287',1651,,12093,46,,,0
104029,'1198288',1221,,12094,46,,,0
104029,'1198449',1323,,12095,46,,,0
104029,'1198458',1938,,12096,46,,,0
104029,'1198510',1008,,12097,46,,,0
104029,'1198521',823,,12098,46,,,0
104029,'1198558',1708,,12099,46,,,0
104029,'1198578',1736,,12100,46,,,0
104029,'1198686',1436,,12101,46,,,0
104029,'1198694',1521,,12102,46,,,0
104029,'1198755',1023,,12103,46,,,0
104029,'1198909',1223,,12104,46,,,0
104029,'1198979',1208,,12105,46,,,0
104029,'1199045',2323,,12106,46,,,0
104029,'1199127',2323,,12107,46,,,0
104029,'1199159',1351,,12108,46,,,0
104029,'1199181',938,,12109,46,,,0
104029,'1199193',1623,,12110,46,,,0
104029,'1199356',1438,,12111,46,,,0
104029,'1199360',2053,,12112,46,,,0
104029,'1199374',708,,12113,46,,,0
104029,'1199380',1053,,12114,46,,,0
104029,'1199442',1853,,12115,46,,,0
104029,'1199577',2023,,12116,46,,,0
