27029,'1196843',1904,,11585,6,,,0
27029,'1196859',2104,,11586,6,,,0
27029,'1196865',849,,11587,6,,,0
27029,'1196870',734,,11588,6,,,0
27029,'1196893',1849,,11589,6,,,0
27029,'1196942',1334,,11590,6,,,0
27029,'1196964',1034,,11591,6,,,0
27029,'1197001',949,,11592,6,,,0
27029,'1197057',1234,,11593,6,,,0
27029,'1197063',2249,,11594,6,,,0
27029,'1197118',1049,,11595,6,,,0
27029,'1197126',2304,,11596,6,,,0
27029,'1197166',2204,,11597,6,,,0
27029,'1197167',1934,,11598,6,,,0
27029,'1197214',1434,,11599,6,,,0
27029,'1197280',1134,,11600,6,,,0
27029,'1197364',2149,,11601,6,,,0
27029,'1197383',1349,,11602,6,,,0
27029,'1197443',1834,,11603,6,,,0
27029,'1197521',1634,,11604,6,,,0
27029,'1197550',1334,,11605,6,,,0
27029,'1197552',2034,,11606,6,,,0
27029,'1197559',734,,11607,6,,,0
27029,'1197626',1534,,11608,6,,,0
27029,'1197628',934,,11609,6,,,0
27029,'1197674',1949,,11610,6,,,0
27029,'1197691',1749,,11611,6,,,0
27029,'1197744',2334,,11612,6,,,0
27029,'1197837',1249,,11613,6,,,0
27029,'1198123',2049,,11614,6,,,0
27029,'1198136',1434,,11615,6,,,0
27029,'1198179',634,,11616,6,,,0
27029,'1198240',834,,11617,6,,,0
27029,'1198277',1134,,11618,6,,,0
27029,'1198367',2004,,11619,6,,,0
27029,'1198569',1734,,11620,6,,,0
27029,'1198593',934,,11621,6,,,0
27029,'1198736',634,,11622,6,,,0
27029,'1198833',1634,,11623,6,,,0
27029,'1198915',1234,,11624,6,,,0
27029,'1199039',1649,,11625,6,,,0
27029,'1199051',2134,,11626,6,,,0
27029,'1199087',1734,,11627,6,,,0
27029,'1199141',1149,,11628,6,,,0
27029,'1199160',1534,,11629,6,,,0
27029,'1199187',1834,,11630,6,,,0
27029,'1199254',749,,11631,6,,,0
27029,'1199263',1034,,11632,6,,,0
27029,'1199429',834,,11633,6,,,0
27029,'1199527',1449,,11634,6,,,0
27029,'1199570',2234,,11635,6,,,0
27029,'1199640',1549,,11636,6,,,0
