11019,'1190643',1004,,7683,29,,,0
11019,'1190656',1537,,7684,29,,,0
11019,'1190734',2304,,7686,29,,,0
11019,'1190739',1137,,7687,29,,,0
11019,'1190806',705,,7688,29,,,0
11019,'1190863',1005,,7690,29,,,0
11019,'1190899',1607,,7691,29,,,0
11019,'1190901',1737,,7692,29,,,0
11019,'1190931',2004,,7693,29,,,0
11019,'1190935',2134,,7694,29,,,0
11019,'1191012',1807,,7695,29,,,0
11019,'1191105',1236,,7697,29,,,0
11019,'1191187',1307,,7699,29,,,0
11019,'1191230',735,,7700,29,,,0
11019,'1191238',1507,,7701,29,,,0
11019,'1191240',1707,,7702,29,,,0
11019,'1191293',2104,,7703,29,,,0
11019,'1191319',635,,7704,29,,,0
11019,'1191389',2234,,7705,29,,,0
11019,'1191427',1106,,7706,29,,,0
11019,'1191492',805,,7708,29,,,0
11019,'1191497',1706,,7709,29,,,0
11019,'1191624',1637,,7711,29,,,0
11019,'1191660',804,,7712,29,,,0
11019,'1191669',1736,,7713,29,,,0
11019,'1191675',904,,7714,29,,,0
11019,'1191680',2204,,7715,29,,,0
11019,'1191681',2404,,7716,29,,,0
11019,'1191687',835,,7717,29,,,0
11019,'1191719',1636,,7719,29,,,0
11019,'1191884',1206,,7722,29,,,0
11019,'1192002',1436,,7724,29,,,0
11019,'1192101',1237,,7726,29,,,0
11019,'1192175',1934,,7729,29,,,0
11019,'1192293',704,,7730,29,,,0
11019,'1192335',1806,,7731,29,,,0
11019,'1192404',1207,,7733,29,,,0
11019,'1192430',1904,,7735,29,,,0
11019,'1192493',1406,,7736,29,,,0
11019,'1192513',1306,,7737,29,,,0
11019,'1192569',1337,,7738,29,,,0
11019,'1192573',1336,,7739,29,,,0
11019,'1192733',905,,7740,29,,,0
11019,'1192768',2334,,7741,29,,,0
11019,'1192799',1407,,7742,29,,,0
11019,'1192975',1506,,7743,29,,,0
11019,'1193059',1606,,7744,29,,,0
11019,'1193066',1437,,7745,29,,,0
11019,'1193090',1834,,7746,29,,,0
11019,'1193120',935,,7747,29,,,0
11019,'1193180',1107,,7748,29,,,0
11019,'1193235',2034,,7749,29,,,0
11019,'1193239',1035,,7750,29,,,0
11019,'1193279',1536,,7753,29,,,0
