105019,'1196946',849,,12117,14,,,0
105019,'1197049',1755,,12118,14,,,0
105019,'1197077',535,,12119,14,,,0
105019,'1197115',1140,,12120,14,,,0
105019,'1197131',649,,12121,14,,,0
105019,'1197173',1151,,12122,14,,,0
105019,'1197181',1008,,12123,14,,,0
105019,'1197192',2135,,12124,14,,,0
105019,'1197197',1440,,12125,14,,,0
105019,'1197292',1251,,12126,14,,,0
105019,'1197296',1540,,12127,14,,,0
105019,'1197531',1351,,12128,14,,,0
105019,'1197548',1905,,12129,14,,,0
105019,'1197557',1551,,12130,14,,,0
105019,'1197588',808,,12131,14,,,0
105019,'1197596',2035,,12132,14,,,0
105019,'1197617',1451,,12133,14,,,0
105019,'1197633',1208,,12134,14,,,0
105019,'1197710',737,,12135,14,,,0
105019,'1197779',1725,,12136,14,,,0
105019,'1197825',1355,,12137,14,,,0
105019,'1197971',1040,,12138,14,,,0
105019,'1198112',605,,12139,14,,,0
105019,'1198338',1051,,12140,14,,,0
105019,'1198380',2208,,12141,14,,,0
105019,'1198385',1655,,12142,14,,,0
105019,'1198553',1255,,12143,14,,,0
105019,'1198560',2008,,12144,14,,,0
105019,'1198571',1608,,12145,14,,,0
105019,'1198621',707,,12146,14,,,0
105019,'1198667',937,,12147,14,,,0
105019,'1198717',1510,,12148,14,,,0
105019,'1198741',837,,12149,14,,,0
105019,'1198746',1825,,12150,14,,,0
105019,'1198889',635,,12151,14,,,0
105019,'1199004',1408,,12152,14,,,0
105019,'1199054',1610,,12153,14,,,0
105019,'1199098',807,,12154,14,,,0
105019,'1199298',2335,,12155,14,,,0
105019,'1199347',2249,,12156,14,,,0
105019,'1199383',2235,,12157,14,,,0
105019,'1199400',1651,,12158,14,,,0
105019,'1199461',1808,,12159,14,,,0
105019,'1199511',1751,,12160,14,,,0
105019,'1199546',2049,,12161,14,,,0
105019,'1199574',1851,,12162,14,,,0
