101029,'1196911',815,,11834,56,,,0
101029,'1197033',1858,,11835,56,,,0
101029,'1197060',915,,11836,56,,,0
101029,'1197096',1058,,11837,56,,,0
101029,'1197257',1115,,11838,56,,,0
101029,'1197272',1258,,11839,56,,,0
101029,'1197326',1617,,11840,56,,,0
101029,'1197581',2058,,11841,56,,,0
101029,'1197673',1458,,11842,56,,,0
101029,'1197747',2215,,11843,56,,,0
101029,'1197977',1658,,11844,56,,,0
101029,'1198059',658,,11845,56,,,0
101029,'1198116',1058,,11846,56,,,0
101029,'1198125',858,,11847,56,,,0
101029,'1198200',1258,,11848,56,,,0
101029,'1198251',1015,,11849,56,,,0
101029,'1198346',858,,11850,56,,,0
101029,'1198498',2258,,11851,56,,,0
101029,'1198530',2258,,11852,56,,,0
101029,'1198631',1717,,11853,56,,,0
101029,'1198644',2435,,11854,56,,,0
101029,'1198710',1658,,11855,56,,,0
101029,'1198715',1815,,11856,56,,,0
101029,'1198953',2058,,11857,56,,,0
101029,'1198984',1417,,11858,56,,,0
101029,'1199108',1317,,11859,56,,,0
101029,'1199117',715,,11860,56,,,0
101029,'1199304',1858,,11861,56,,,0
101029,'1199366',1458,,11862,56,,,0
101029,'1199567',2015,,11863,56,,,0
101029,'1199585',1517,,11864,56,,,0
