2019,'1196937',931,,9945,22,,,0
2019,'1196952',1931,,9946,22,,,0
2019,'1196959',731,,9947,22,,,0
2019,'1196966',1016,,9948,22,,,0
2019,'1196990',931,,9949,22,,,0
2019,'1196992',1703,,9950,22,,,0
2019,'1196993',2101,,9951,22,,,0
2019,'1197022',1331,,9952,22,,,0
2019,'1197046',2401,,9953,22,,,0
2019,'1197068',1217,,9954,22,,,0
2019,'1197140',832,,9955,22,,,0
2019,'1197142',2231,,9956,22,,,0
2019,'1197156',702,,9957,22,,,0
2019,'1197159',1248,,9958,22,,,0
2019,'1197165',1317,,9959,22,,,0
2019,'1197200',2046,,9960,22,,,0
2019,'1197205',2331,,9961,22,,,0
2019,'1197230',1603,,9962,22,,,0
2019,'1197258',1533,,9963,22,,,0
2019,'1197273',1831,,9964,22,,,0
2019,'1197277',1017,,9965,22,,,0
2019,'1197304',2031,,9966,22,,,0
2019,'1197311',1803,,9967,22,,,0
2019,'1197384',847,,9968,22,,,0
2019,'1197388',1517,,9969,22,,,0
2019,'1197409',1403,,9970,22,,,0
2019,'1197517',1548,,9971,22,,,0
2019,'1197526',1147,,9972,22,,,0
2019,'1197532',1231,,9973,22,,,0
2019,'1197541',1816,,9974,22,,,0
2019,'1197604',1946,,9975,22,,,0
2019,'1197630',1233,,9976,22,,,0
2019,'1197631',1747,,9977,22,,,0
2019,'1197670',947,,9978,22,,,0
2019,'1197671',1348,,9979,22,,,0
2019,'1197694',1916,,9980,22,,,0
2019,'1197780',1032,,9981,22,,,0
2019,'1197798',1846,,9982,22,,,0
2019,'1197818',1431,,9983,22,,,0
2019,'1197842',1303,,9984,22,,,0
2019,'1197864',2131,,9985,22,,,0
2019,'1197879',1417,,9986,22,,,0
2019,'1197881',1031,,9987,22,,,0
2019,'1197904',902,,9988,22,,,0
2019,'1197931',1202,,9989,22,,,0
2019,'1197939',1518,,9990,22,,,0
2019,'1197952',2406,,9991,22,,,0
2019,'1197970',932,,9992,22,,,0
2019,'1197994',1132,,9993,22,,,0
2019,'1198000',717,,9994,22,,,0
2019,'1198018',732,,9995,22,,,0
2019,'1198034',817,,9996,22,,,0
2019,'1198058',1618,,9997,22,,,0
2019,'1198063',1648,,9998,22,,,0
2019,'1198138',1647,,9999,22,,,0
2019,'1198180',1047,,10000,22,,,0
2019,'1198182',1218,,10001,22,,,0
2019,'1198197',2231,,10002,22,,,0
2019,'1198230',2116,,10003,22,,,0
2019,'1198247',1503,,10004,22,,,0
2019,'1198270',1931,,10005,22,,,0
2019,'1198273',747,,10006,22,,,0
2019,'1198286',801,,10007,22,,,0
2019,'1198328',1733,,10008,22,,,0
2019,'1198379',1748,,10010,22,,,0
2019,'1198387',1547,,10011,22,,,0
2019,'1198392',1147,,10012,22,,,0
2019,'1198443',2016,,10013,22,,,0
2019,'1198453',2146,,10014,22,,,0
2019,'1198468',1247,,10015,22,,,0
2019,'1198483',1731,,10016,22,,,0
2019,'1198564',1117,,10017,22,,,0
2019,'1198584',2316,,10018,22,,,0
2019,'1198637',1633,,10019,22,,,0
2019,'1198722',1531,,10020,22,,,0
2019,'1198740',917,,10021,22,,,0
2019,'1198744',1846,,10022,22,,,0
2019,'1198846',846,,10023,22,,,0
2019,'1198873',647,,10024,22,,,0
2019,'1198904',1347,,10025,22,,,0
2019,'1198940',2216,,10026,22,,,0
2019,'1199047',1318,,10027,22,,,0
2019,'1199073',1717,,10028,22,,,0
2019,'1199085',2146,,10029,22,,,0
2019,'1199096',1447,,10030,22,,,0
2019,'1199176',1046,,10031,22,,,0
2019,'1199234',2016,,10032,22,,,0
2019,'1199238',716,,10033,22,,,0
2019,'1199242',1131,,10034,22,,,0
2019,'1199272',1002,,10035,22,,,0
2019,'1199326',2316,,10036,22,,,0
2019,'1199327',1418,,10037,22,,,0
2019,'1199334',1631,,10038,22,,,0
2019,'1199352',1718,,10039,22,,,0
2019,'1199368',1448,,10040,22,,,0
2019,'1199372',1816,,10041,22,,,0
2019,'1199378',1433,,10042,22,,,0
2019,'1199438',1102,,10043,22,,,0
2019,'1199439',802,,10044,22,,,0
2019,'1199485',1333,,10045,22,,,0
2019,'1199505',831,,10046,22,,,0
2019,'1199525',2246,,10047,22,,,0
2019,'1199540',1117,,10048,22,,,0
2019,'1199630',2346,,10049,22,,,0
2019,'1199652',1617,,10050,22,,,0
11029,'1199774',1543,,10550,34,,,0
11029,'1199777',957,,10551,34,,,0
11029,'1199778',1343,,10552,34,,,0
11029,'1199779',2340,,10553,34,,,0
11029,'1199781',1157,,10555,34,,,0
11029,'1199782',1658,,10556,34,,,0
11029,'1199785',1340,,10558,34,,,0
11029,'1199786',827,,10559,34,,,0
11029,'1199787',1643,,10560,34,,,0
11029,'1199788',1613,,10561,34,,,0
11029,'1199789',1458,,10562,34,,,0
11029,'1199790',1510,,10563,34,,,0
11029,'1199791',1140,,10564,34,,,0
11029,'1199792',1558,,10565,34,,,0
11029,'1199793',2357,,10566,34,,,0
11029,'1199794',842,,10567,34,,,0
11029,'1199795',1513,,10568,34,,,0
11029,'1199796',1212,,10569,34,,,0
11029,'1199797',1813,,10570,34,,,0
11029,'1199799',757,,10571,34,,,0
11029,'1199800',1728,,10572,34,,,0
11029,'1199804',942,,10573,34,,,0
11029,'1199809',1743,,10575,34,,,0
11029,'1199810',1112,,10576,34,,,0
11029,'1199811',1057,,10577,34,,,0
11029,'1199812',1610,,10578,34,,,0
11029,'1199814',1243,,10580,34,,,0
11029,'1199815',1640,,10581,34,,,0
11029,'1199816',1210,,10582,34,,,0
11029,'1199818',742,,10583,34,,,0
11029,'1199819',1142,,10584,34,,,0
11029,'1199820',1758,,10585,34,,,0
11029,'1199821',1540,,10586,34,,,0
11029,'1199823',1310,,10587,34,,,0
11029,'1199825',2040,,10588,34,,,0
11029,'1199826',2417,,10589,34,,,0
11029,'1199828',1428,,10590,34,,,0
11029,'1199830',1328,,10591,34,,,0
11029,'1199831',2027,,10592,34,,,0
11029,'1199834',657,,10593,34,,,0
11029,'1199836',812,,10594,34,,,0
11029,'1199838',1528,,10595,34,,,0
11029,'1199843',1358,,10597,34,,,0
11029,'1199846',1443,,10599,34,,,0
11029,'1199848',927,,10601,34,,,0
11029,'1199852',727,,10604,34,,,0
11029,'1199853',1012,,10605,34,,,0
11029,'1199854',857,,10606,34,,,0
11029,'1199856',2140,,10608,34,,,0
11029,'1199858',1628,,10609,34,,,0
11029,'1199860',1042,,10610,34,,,0
11029,'1199862',1957,,10611,34,,,0
11029,'1199863',840,,10612,34,,,0
11029,'1199864',1228,,10613,34,,,0
11029,'1199865',1740,,10614,34,,,0
11029,'1199866',1240,,10615,34,,,0
11029,'1199867',2057,,10616,34,,,0
11029,'1199869',1440,,10617,34,,,0
11029,'1199871',1410,,10619,34,,,0
11029,'1199873',2227,,10620,34,,,0
11029,'1199874',1127,,10621,34,,,0
11029,'1199875',1027,,10622,34,,,0
11029,'1199876',712,,10623,34,,,0
11029,'1199878',1713,,10625,34,,,0
11029,'1199881',1840,,10626,34,,,0
11029,'1199882',1927,,10627,34,,,0
11029,'1199886',1940,,10630,34,,,0
11029,'1199889',740,,10631,34,,,0
11029,'1199890',2127,,10632,34,,,0
11029,'1199891',2240,,10633,34,,,0
11029,'1199893',1040,,10635,34,,,0
11029,'1199898',912,,10636,34,,,0
11029,'1199899',1857,,10637,34,,,0
11029,'1199902',1827,,10638,34,,,0
11029,'1199903',940,,10639,34,,,0
11029,'1199904',1710,,10640,34,,,0
11029,'1199906',642,,10641,34,,,0
11029,'1199907',2327,,10642,34,,,0
11029,'1199910',2257,,10643,34,,,0
11029,'1199911',2157,,10644,34,,,0
11029,'1199912',1413,,10645,34,,,0
11029,'1199913',1258,,10646,34,,,0
11029,'1199914',1313,,10647,34,,,0
