4029,'1196947',1735,,10314,14,,,0
4029,'1196960',1435,,10315,14,,,0
4029,'1197081',1635,,10316,14,,,0
4029,'1197217',1705,,10317,14,,,0
4029,'1197243',835,,10318,14,,,0
4029,'1197423',1405,,10319,14,,,0
4029,'1198231',1805,,10320,14,,,0
4029,'1198271',1536,,10321,14,,,0
4029,'1198399',805,,10322,14,,,0
4029,'1198606',1005,,10323,14,,,0
4029,'1198651',1506,,10324,14,,,0
4029,'1199058',735,,10325,14,,,0
4029,'1199062',905,,10326,14,,,0
4029,'1199498',1606,,10327,14,,,0
4029,'1199611',935,,10328,14,,,0
190001019,'1196837',1352,,12495,21,,,0
190001019,'1196862',1645,,12496,21,,,0
190001019,'1196877',1905,,12497,21,,,0
190001019,'1196883',1237,,12498,21,,,0
190001019,'1196901',634,,12499,21,,,0
190001019,'1196926',820,,12500,21,,,0
190001019,'1196927',1935,,12501,21,,,0
190001019,'1196941',2008,,12502,21,,,0
190001019,'1196956',1307,,12503,21,,,0
190001019,'1196974',1252,,12504,21,,,0
190001019,'1197019',1430,,12505,21,,,0
190001019,'1197037',1745,,12506,21,,,0
190001019,'1197055',1920,,12507,21,,,0
190001019,'1197061',1408,,12508,21,,,0
190001019,'1197062',1521,,12509,21,,,0
190001019,'1197067',1800,,12510,21,,,0
190001019,'1197087',1106,,12511,21,,,0
190001019,'1197116',734,,12512,21,,,0
190001019,'1197124',2334,,12513,21,,,0
190001019,'1197149',1222,,12514,21,,,0
190001019,'1197157',950,,12515,21,,,0
190001019,'1197183',2204,,12516,21,,,0
190001019,'1197196',1636,,12517,21,,,0
190001019,'1197239',1406,,12518,21,,,0
190001019,'1197241',935,,12519,21,,,0
190001019,'1197275',908,,12520,21,,,0
190001019,'1197336',1821,,12521,21,,,0
190001019,'1197358',1108,,12522,21,,,0
190001019,'1197359',835,,12523,21,,,0
190001019,'1197381',1721,,12524,21,,,0
190001019,'1197382',1708,,12525,21,,,0
190001019,'1197450',1806,,12526,21,,,0
190001019,'1197483',1121,,12527,21,,,0
190001019,'1197488',1436,,12528,21,,,0
190001019,'1197500',905,,12529,21,,,0
190001019,'1197524',934,,12530,21,,,0
190001019,'1197530',1621,,12531,21,,,0
190001019,'1197543',1608,,12532,21,,,0
190001019,'1197562',2005,,12533,21,,,0
190001019,'1197598',1500,,12534,21,,,0
190001019,'1197653',1037,,12535,21,,,0
190001019,'1197698',1019,,12536,21,,,0
190001019,'1197706',1008,,12537,21,,,0
190001019,'1197709',1122,,12538,21,,,0
190001019,'1197713',1806,,12539,21,,,0
190001019,'1197736',1351,,12540,21,,,0
190001019,'1197746',920,,12541,21,,,0
190001019,'1197811',1849,,12542,21,,,0
190001019,'1197845',1407,,12543,21,,,0
190001019,'1197867',2234,,12544,21,,,0
190001019,'1197877',1107,,12545,21,,,0
190001019,'1197919',1051,,12546,21,,,0
190001019,'1197924',1950,,12547,21,,,0
190001019,'1197933',1751,,12548,21,,,0
190001019,'1197942',1834,,12549,21,,,0
190001019,'1197950',1445,,12550,21,,,0
190001019,'1197953',1036,,12551,21,,,0
190001019,'1197956',1322,,12552,21,,,0
190001019,'1198005',1736,,12553,21,,,0
190001019,'1198015',2408,,12554,21,,,0
190001019,'1198030',2108,,12555,21,,,0
190001019,'1198047',1508,,12556,21,,,0
190001019,'1198065',2104,,12557,21,,,0
190001019,'1198066',705,,12558,21,,,0
190001019,'1198075',2204,,12559,21,,,0
190001019,'1198104',1004,,12560,21,,,0
190001019,'1198135',2020,,12561,21,,,0
190001019,'1198157',2304,,12562,21,,,0
190001019,'1198172',1808,,12563,21,,,0
190001019,'1198202',1151,,12564,21,,,0
190001019,'1198216',1236,,12565,21,,,0
190001019,'1198221',2149,,12566,21,,,0
190001019,'1198238',805,,12567,21,,,0
190001019,'1198255',650,,12568,21,,,0
190001019,'1198261',1850,,12569,21,,,0
190001019,'1198292',1152,,12570,21,,,0
190001019,'1198298',1706,,12571,21,,,0
190001019,'1198311',1615,,12572,21,,,0
190001019,'1198339',1934,,12573,21,,,0
190001019,'1198343',1515,,12574,21,,,0
190001019,'1198372',808,,12575,21,,,0
190001019,'1198396',1730,,12576,21,,,0
190001019,'1198407',1207,,12577,21,,,0
190001019,'1198441',1630,,12578,21,,,0
190001019,'1198467',1835,,12579,21,,,0
190001019,'1198471',1551,,12580,21,,,0
190001019,'1198476',1308,,12581,21,,,0
190001019,'1198499',2308,,12582,21,,,0
190001019,'1198534',2404,,12583,21,,,0
190001019,'1198547',1020,,12584,21,,,0
190001019,'1198574',1536,,12585,21,,,0
190001019,'1198598',834,,12586,21,,,0
190001019,'1198607',904,,12587,21,,,0
190001019,'1198613',2234,,12588,21,,,0
190001019,'1198622',2004,,12589,21,,,0
190001019,'1198646',2120,,12590,21,,,0
190001019,'1198647',704,,12591,21,,,0
190001019,'1198653',2105,,12592,21,,,0
190001019,'1198674',1206,,12593,21,,,0
190001019,'1198678',2050,,12594,21,,,0
190001019,'1198685',2035,,12595,21,,,0
190001019,'1198700',1136,,12596,21,,,0
190001019,'1198707',1421,,12597,21,,,0
190001019,'1198721',1052,,12598,21,,,0
190001019,'1198724',1545,,12599,21,,,0
190001019,'1198784',1221,,12600,21,,,0
190001019,'1198792',1904,,12601,21,,,0
190001019,'1198804',1208,,12602,21,,,0
190001019,'1198821',720,,12603,21,,,0
190001019,'1198827',2134,,12604,21,,,0
190001019,'1198852',2208,,12605,21,,,0
190001019,'1198857',1651,,12606,21,,,0
190001019,'1198864',1820,,12607,21,,,0
190001019,'1198929',1606,,12608,21,,,0
190001019,'1198949',1251,,12609,21,,,0
190001019,'1198960',1908,,12610,21,,,0
190001019,'1198974',1306,,12611,21,,,0
190001019,'1198988',1336,,12612,21,,,0
190001019,'1198997',1451,,12613,21,,,0
190001019,'1199029',2304,,12614,21,,,0
190001019,'1199121',1700,,12615,21,,,0
190001019,'1199126',1337,,12616,21,,,0
190001019,'1199140',2424,,12617,21,,,0
190001019,'1199142',1137,,12618,21,,,0
190001019,'1199166',804,,12619,21,,,0
190001019,'1199192',2034,,12620,21,,,0
190001019,'1199228',750,,12621,21,,,0
190001019,'1199318',1530,,12622,21,,,0
190001019,'1199339',1715,,12623,21,,,0
190001019,'1199371',735,,12624,21,,,0
190001019,'1199373',850,,12625,21,,,0
190001019,'1199385',1321,,12626,21,,,0
190001019,'1199427',1506,,12627,21,,,0
190001019,'1199436',1600,,12628,21,,,0
190001019,'1199510',2334,,12629,21,,,0
190001019,'1199550',2404,,12630,21,,,0
190001019,'1199551',2134,,12631,21,,,0
190001019,'1199648',1005,,12632,21,,,0
