13029,'1196882',1536,,10855,23,,,0
13029,'1196907',1301,,10856,22,,,0
13029,'1196917',1304,,10857,22,,,0
13029,'1196936',1804,,10858,22,,,0
13029,'1196965',800,,10859,22,,,0
13029,'1196972',1634,,10860,22,,,0
13029,'1197006',1501,,10861,22,,,0
13029,'1197082',1201,,10862,22,,,0
13029,'1197122',1101,,10863,22,,,0
13029,'1197184',1502,,10864,22,,,0
13029,'1197188',1931,,10865,22,,,0
13029,'1197193',801,,10866,22,,,0
13029,'1197215',2101,,10867,22,,,0
13029,'1197262',1702,,10868,22,,,0
13029,'1197363',933,,10869,22,,,0
13029,'1197365',2200,,10870,22,,,0
13029,'1197371',1001,,10871,22,,,0
13029,'1197444',2300,,10872,22,,,0
13029,'1197556',2301,,10873,22,,,0
13029,'1197773',2031,,10874,22,,,0
13029,'1197812',1504,,10875,22,,,0
13029,'1197866',1401,,10876,22,,,0
13029,'1197909',903,,10877,22,,,0
13029,'1197997',2000,,10878,22,,,0
13029,'1198028',2100,,10879,22,,,0
13029,'1198074',2400,,10880,22,,,0
13029,'1198199',1601,,10881,22,,,0
13029,'1198248',2231,,10882,22,,,0
13029,'1198289',832,,10883,22,,,0
13029,'1198381',1734,,10884,22,,,0
13029,'1198389',1801,,10885,22,,,0
13029,'1198416',1602,,10886,22,,,0
13029,'1198437',1032,,10887,22,,,0
13029,'1198474',1105,,10888,22,,,0
13029,'1198488',1900,,10889,22,,,0
13029,'1198563',732,,10890,22,,,0
13029,'1198648',1100,,10891,22,,,0
13029,'1198673',1302,,10892,22,,,0
13029,'1198704',1901,,10893,22,,,0
13029,'1198733',802,,10894,22,,,0
13029,'1198756',901,,10895,22,,,0
13029,'1198793',1000,,10896,22,,,0
13029,'1198811',1402,,10897,22,,,0
13029,'1198812',2401,,10898,22,,,0
13029,'1198828',1202,,10899,22,,,0
13029,'1198858',1604,,10900,22,,,0
13029,'1198910',632,,10901,22,,,0
13029,'1198998',900,,10902,22,,,0
13029,'1199115',702,,10903,22,,,0
13029,'1199250',2201,,10904,22,,,0
13029,'1199324',700,,10905,22,,,0
13029,'1199337',1003,,10906,22,,,0
13029,'1199349',2131,,10907,22,,,0
13029,'1199379',2331,,10908,22,,,0
13029,'1199405',1802,,10909,22,,,0
13029,'1199419',1204,,10910,22,,,0
13029,'1199548',1404,,10911,22,,,0
13029,'1199559',1701,,10912,22,,,0
13029,'1199614',1831,,10913,22,,,0
13029,'1199653',2001,,10914,22,,,0
13029,'1199655',1704,,10915,22,,,0
101019,'1197003',615,,11803,56,,,0
101019,'1197056',2153,,11804,56,,,0
101019,'1197144',2352,,11805,56,,,0
101019,'1197150',1552,,11806,56,,,0
101019,'1197356',1352,,11807,56,,,0
101019,'1197394',1553,,11808,56,,,0
101019,'1197485',753,,11809,56,,,0
101019,'1197542',1353,,11810,56,,,0
101019,'1197666',1115,,11811,56,,,0
101019,'1197703',2152,,11812,56,,,0
101019,'1197735',1215,,11813,56,,,0
101019,'1197816',1153,,11814,56,,,0
101019,'1197893',815,,11815,56,,,0
101019,'1198002',1752,,11816,56,,,0
101019,'1198014',752,,11817,56,,,0
101019,'1198130',1015,,11818,56,,,0
101019,'1198162',1417,,11819,56,,,0
101019,'1198212',1952,,11820,56,,,0
101019,'1198408',2114,,11821,56,,,0
101019,'1198684',953,,11822,56,,,0
101019,'1198907',1953,,11823,56,,,0
101019,'1199079',2315,,11824,56,,,0
101019,'1199178',1817,,11825,56,,,0
101019,'1199186',1617,,11826,56,,,0
101019,'1199279',1753,,11827,56,,,0
101019,'1199401',952,,11828,56,,,0
101019,'1199471',1915,,11829,56,,,0
101019,'1199497',1152,,11830,56,,,0
101019,'1199519',915,,11831,56,,,0
101019,'1199566',1517,,11832,56,,,0
101019,'1199626',1717,,11833,56,,,0
101019,'1199991',1417,,12771,56,,,0
101019,'1199992',2114,,12772,56,,,0
101019,'1199993',915,,12773,56,,,0
101019,'1199995',615,,12774,56,,,0
101019,'1199996',715,,12775,56,,,0
101019,'1200003',1717,,12776,56,,,0
101019,'1200004',1617,,12777,56,,,0
101019,'1200006',1915,,12778,56,,,0
101019,'1200008',815,,12779,56,,,0
101019,'1200009',2315,,12780,56,,,0
101019,'1200011',1115,,12781,56,,,0
101019,'1200013',1215,,12782,56,,,0
101019,'1200014',1517,,12783,56,,,0
101019,'1200015',1817,,12784,56,,,0
101019,'1200018',1015,,12785,56,,,0
