20019,'1190619',638,,8208,3,,,0
20019,'1190641',1708,,8209,3,,,0
20019,'1190738',607,,8210,3,,,0
20019,'1190758',1638,,8211,3,,,0
20019,'1190774',1838,,8212,3,,,0
20019,'1190805',1408,,8213,3,,,0
20019,'1190858',2337,,8216,3,,,0
20019,'1190997',808,,8218,3,,,0
20019,'1191053',838,,8219,3,,,0
20019,'1191089',2138,,8220,3,,,0
20019,'1191136',1908,,8221,3,,,0
20019,'1191180',1338,,8222,3,,,0
20019,'1191306',708,,8224,3,,,0
20019,'1191365',2108,,8225,3,,,0
20019,'1191367',2038,,8226,3,,,0
20019,'1191430',1538,,8228,3,,,0
20019,'1191441',1738,,8229,3,,,0
20019,'1191503',938,,8231,3,,,0
20019,'1191515',637,,8233,3,,,0
20019,'1191641',1808,,8234,3,,,0
20019,'1191735',1938,,8236,3,,,0
20019,'1191765',1038,,8237,3,,,0
20019,'1191882',2238,,8239,3,,,0
20019,'1191930',1638,,8240,3,,,0
20019,'1191994',1108,,8241,3,,,0
20019,'1192132',1308,,8242,3,,,0
20019,'1192365',1738,,8243,3,,,0
20019,'1192376',1208,,8244,3,,,0
20019,'1192518',738,,8248,3,,,0
20019,'1192714',1138,,8252,3,,,0
20019,'1192729',1008,,8253,3,,,0
20019,'1192784',2208,,8254,3,,,0
20019,'1192905',1608,,8255,3,,,0
20019,'1192933',2008,,8257,3,,,0
20019,'1193041',2308,,8258,3,,,0
20019,'1193116',2408,,8259,3,,,0
20019,'1193175',738,,8260,3,,,0
20019,'1193197',908,,8261,3,,,0
20019,'1193231',1238,,8262,3,,,0
20019,'1193236',1438,,8263,3,,,0
20019,'1193274',1508,,8265,3,,,0
102019,'1190597',2052,,9039,3,,,0
102019,'1190683',1322,,9041,3,,,0
102019,'1190693',2222,,9042,3,,,0
102019,'1190718',1852,,9043,3,,,0
102019,'1190741',1122,,9044,3,,,0
102019,'1190958',2322,,9047,3,,,0
102019,'1191221',637,,9048,3,,,0
102019,'1191235',952,,9049,3,,,0
102019,'1191363',822,,9050,3,,,0
102019,'1191449',1622,,9053,3,,,0
102019,'1191519',1422,,9054,3,,,0
102019,'1191533',937,,9055,3,,,0
102019,'1191550',1552,,9057,3,,,0
102019,'1191628',1722,,9058,3,,,0
102019,'1191743',1252,,9059,3,,,0
102019,'1191774',852,,9060,3,,,0
102019,'1191788',1407,,9061,3,,,0
102019,'1191823',2022,,9062,3,,,0
102019,'1192080',1922,,9064,3,,,0
102019,'1192239',1152,,9065,3,,,0
102019,'1192244',2352,,9066,3,,,0
102019,'1192255',1022,,9067,3,,,0
102019,'1192441',552,,9068,3,,,0
102019,'1192464',652,,9069,3,,,0
102019,'1192484',807,,9071,3,,,0
102019,'1192625',1707,,9072,3,,,0
102019,'1192766',2152,,9073,3,,,0
102019,'1192942',1752,,9074,3,,,0
102019,'1193104',1537,,9077,3,,,0
102019,'1193216',1452,,9078,3,,,0
102019,'1193275',722,,9080,3,,,0
