10029,'1196869',1041,,10389,45,,,0
10029,'1196944',1911,,10390,45,,,0
10029,'1196948',1541,,10391,45,,,0
10029,'1197007',711,,10392,45,,,0
10029,'1197053',1341,,10393,45,,,0
10029,'1197093',1141,,10394,45,,,0
10029,'1197160',1741,,10395,45,,,0
10029,'1197269',1841,,10396,45,,,0
10029,'1197314',2211,,10397,45,,,0
10029,'1197362',2041,,10398,45,,,0
10029,'1197385',841,,10399,45,,,0
10029,'1197414',1441,,10400,45,,,0
10029,'1197492',1711,,10401,45,,,0
10029,'1197523',2241,,10402,45,,,0
10029,'1197565',641,,10403,45,,,0
10029,'1197669',841,,10404,45,,,0
10029,'1197675',2141,,10405,45,,,0
10029,'1197822',1741,,10406,45,,,0
10029,'1197831',1741,,10407,45,,,0
10029,'1197885',2041,,10408,45,,,0
10029,'1197887',1611,,10409,45,,,0
10029,'1197892',1241,,10410,45,,,0
10029,'1197908',2241,,10411,45,,,0
10029,'1197916',2311,,10412,45,,,0
10029,'1197980',2416,,10413,45,,,0
10029,'1198080',1641,,10414,45,,,0
10029,'1198150',1641,,10415,45,,,0
10029,'1198170',1141,,10416,45,,,0
10029,'1198181',1811,,10417,45,,,0
10029,'1198232',1541,,10418,45,,,0
10029,'1198314',1941,,10419,45,,,0
10029,'1198351',1241,,10420,45,,,0
10029,'1198466',2111,,10421,45,,,0
10029,'1198481',1441,,10422,45,,,0
10029,'1198536',1241,,10423,45,,,0
10029,'1198550',1641,,10424,45,,,0
10029,'1198565',2341,,10425,45,,,0
10029,'1198676',741,,10426,45,,,0
10029,'1198703',741,,10427,45,,,0
10029,'1198735',1041,,10428,45,,,0
10029,'1198754',1341,,10429,45,,,0
10029,'1198767',1141,,10430,45,,,0
10029,'1198887',911,,10431,45,,,0
10029,'1198905',1441,,10432,45,,,0
10029,'1198933',841,,10433,45,,,0
10029,'1199013',741,,10434,45,,,0
10029,'1199068',1041,,10435,45,,,0
10029,'1199078',1841,,10436,45,,,0
10029,'1199088',2011,,10437,45,,,0
10029,'1199134',1341,,10438,45,,,0
10029,'1199161',2341,,10439,45,,,0
10029,'1199245',1941,,10440,45,,,0
10029,'1199274',941,,10441,45,,,0
10029,'1199375',1511,,10442,45,,,0
10029,'1199396',811,,10443,45,,,0
10029,'1199411',2141,,10444,45,,,0
10029,'1199422',941,,10445,45,,,0
10029,'1199613',941,,10446,45,,,0
10029,'1199633',1541,,10447,45,,,0
