4019,'1197123',707,,10299,11,,,0
4019,'1197392',1507,,10300,11,,,0
4019,'1197520',907,,10301,11,,,0
4019,'1197788',1537,,10302,11,,,0
4019,'1197874',1337,,10303,11,,,0
4019,'1198006',837,,10304,11,,,0
4019,'1198332',1737,,10305,11,,,0
4019,'1198394',1437,,10306,11,,,0
4019,'1198409',807,,10307,11,,,0
4019,'1198799',1407,,10308,11,,,0
4019,'1198924',1707,,10309,11,,,0
4019,'1199002',937,,10310,11,,,0
4019,'1199239',1607,,10311,11,,,0
4019,'1199517',738,,10312,11,,,0
4019,'1199645',1637,,10313,11,,,0
190001029,'1196847',1106,,12633,7,,,0
190001029,'1196850',1320,,12634,7,,,0
190001029,'1196860',1751,,12635,7,,,0
190001029,'1196897',1637,,12636,7,,,0
190001029,'1196906',1736,,12637,7,,,0
190001029,'1196908',1351,,12638,7,,,0
190001029,'1196953',1206,,12639,7,,,0
190001029,'1196957',1236,,12640,7,,,0
190001029,'1196963',1621,,12641,7,,,0
190001029,'1197018',1352,,12642,7,,,0
190001029,'1197048',2356,,12643,7,,,0
190001029,'1197052',1736,,12644,7,,,0
190001029,'1197074',1307,,12645,7,,,0
190001029,'1197089',1821,,12646,7,,,0
190001029,'1197125',706,,12647,7,,,0
190001029,'1197135',1537,,12648,7,,,0
190001029,'1197148',1020,,12649,7,,,0
190001029,'1197153',1036,,12650,7,,,0
190001029,'1197176',1421,,12651,7,,,0
190001029,'1197177',2021,,12652,7,,,0
190001029,'1197199',1407,,12653,7,,,0
190001029,'1197224',1521,,12654,7,,,0
190001029,'1197245',1522,,12655,7,,,0
190001029,'1197247',2306,,12656,7,,,0
190001029,'1197252',1520,,12657,7,,,0
190001029,'1197260',1836,,12658,7,,,0
190001029,'1197284',1151,,12659,7,,,0
190001029,'1197289',651,,12660,7,,,0
190001029,'1197291',1252,,12661,7,,,0
190001029,'1197301',1321,,12662,7,,,0
190001029,'1197338',1652,,12663,7,,,0
190001029,'1197391',1821,,12664,7,,,0
190001029,'1197396',1107,,12665,7,,,0
190001029,'1197428',2006,,12666,7,,,0
190001029,'1197434',1451,,12667,7,,,0
190001029,'1197476',1121,,12668,7,,,0
190001029,'1197511',1506,,12669,7,,,0
190001029,'1197533',1406,,12670,7,,,0
190001029,'1197582',1622,,12671,7,,,0
190001029,'1197659',1607,,12672,7,,,0
190001029,'1197668',820,,12673,7,,,0
190001029,'1197682',1136,,12674,7,,,0
190001029,'1197683',2036,,12675,7,,,0
190001029,'1197684',1152,,12676,7,,,0
190001029,'1197778',1137,,12677,7,,,0
190001029,'1197833',1452,,12678,7,,,0
190001029,'1197836',1337,,12679,7,,,0
190001029,'1197848',2106,,12680,7,,,0
190001029,'1197886',1437,,12681,7,,,0
190001029,'1197890',751,,12682,7,,,0
190001029,'1197905',1007,,12683,7,,,0
190001029,'1197913',2206,,12684,7,,,0
190001029,'1197921',1251,,12685,7,,,0
190001029,'1197922',951,,12686,7,,,0
190001029,'1197992',1552,,12687,7,,,0
190001029,'1197993',906,,12688,7,,,0
190001029,'1198050',606,,12689,7,,,0
190001029,'1198051',1820,,12690,7,,,0
190001029,'1198052',836,,12691,7,,,0
190001029,'1198054',1420,,12692,7,,,0
190001029,'1198082',1651,,12693,7,,,0
190001029,'1198095',1921,,12694,7,,,0
190001029,'1198106',2236,,12695,7,,,0
190001029,'1198117',720,,12696,7,,,0
190001029,'1198128',1120,,12697,7,,,0
190001029,'1198174',936,,12698,7,,,0
190001029,'1198223',2320,,12699,7,,,0
190001029,'1198252',1422,,12700,7,,,0
190001029,'1198272',806,,12701,7,,,0
190001029,'1198293',1722,,12702,7,,,0
190001029,'1198306',851,,12703,7,,,0
190001029,'1198323',736,,12704,7,,,0
190001029,'1198373',1237,,12705,7,,,0
190001029,'1198398',2336,,12706,7,,,0
190001029,'1198415',920,,12707,7,,,0
190001029,'1198446',1806,,12708,7,,,0
190001029,'1198450',1751,,12709,7,,,0
190001029,'1198459',736,,12710,7,,,0
190001029,'1198491',2036,,12711,7,,,0
190001029,'1198504',836,,12712,7,,,0
190001029,'1198519',2336,,12713,7,,,0
190001029,'1198527',636,,12714,7,,,0
190001029,'1198576',2120,,12715,7,,,0
190001029,'1198589',2306,,12716,7,,,0
190001029,'1198594',806,,12717,7,,,0
190001029,'1198620',2220,,12718,7,,,0
190001029,'1198634',1436,,12719,7,,,0
190001029,'1198641',706,,12720,7,,,0
190001029,'1198687',1051,,12721,7,,,0
190001029,'1198747',921,,12722,7,,,0
190001029,'1198758',2051,,12723,7,,,0
190001029,'1198798',1706,,12724,7,,,0
190001029,'1198839',1836,,12725,7,,,0
190001029,'1198853',2136,,12726,7,,,0
190001029,'1198897',1551,,12727,7,,,0
190001029,'1198906',2106,,12728,7,,,0
190001029,'1198916',1707,,12729,7,,,0
190001029,'1198939',1806,,12730,7,,,0
190001029,'1198946',2236,,12731,7,,,0
190001029,'1198952',1920,,12732,7,,,0
190001029,'1198977',2121,,12733,7,,,0
190001029,'1198982',1720,,12734,7,,,0
190001029,'1199067',1936,,12735,7,,,0
190001029,'1199081',1122,,12736,7,,,0
190001029,'1199082',721,,12737,7,,,0
190001029,'1199103',1721,,12738,7,,,0
190001029,'1199165',1336,,12739,7,,,0
190001029,'1199204',1221,,12740,7,,,0
190001029,'1199210',1951,,12741,7,,,0
190001029,'1199221',1207,,12742,7,,,0
190001029,'1199226',1936,,12743,7,,,0
190001029,'1199256',1220,,12744,7,,,0
190001029,'1199270',1322,,12745,7,,,0
190001029,'1199289',1022,,12746,7,,,0
190001029,'1199303',636,,12747,7,,,0
190001029,'1199322',1052,,12748,7,,,0
190001029,'1199332',936,,12749,7,,,0
190001029,'1199345',1021,,12750,7,,,0
190001029,'1199364',1507,,12751,7,,,0
190001029,'1199390',1037,,12752,7,,,0
190001029,'1199391',1222,,12753,7,,,0
190001029,'1199399',1306,,12754,7,,,0
190001029,'1199406',1536,,12755,7,,,0
190001029,'1199432',1006,,12756,7,,,0
190001029,'1199451',951,,12757,7,,,0
190001029,'1199467',1906,,12758,7,,,0
190001029,'1199482',1636,,12759,7,,,0
190001029,'1199489',621,,12760,7,,,0
190001029,'1199514',1906,,12761,7,,,0
190001029,'1199524',2206,,12762,7,,,0
190001029,'1199526',2020,,12763,7,,,0
190001029,'1199555',821,,12764,7,,,0
190001029,'1199558',1620,,12765,7,,,0
190001029,'1199571',2006,,12766,7,,,0
190001029,'1199594',1606,,12767,7,,,0
190001029,'1199596',2136,,12768,7,,,0
190001029,'1199644',906,,12769,7,,,0
190001029,'1199650',1851,,12770,7,,,0
