25019,'1196864',1235,,11307,8,,,0
25019,'1196932',1735,,11308,8,,,0
25019,'1196994',1936,,11309,8,,,0
25019,'1197064',720,,11310,8,,,0
25019,'1197079',2356,,11311,8,,,0
25019,'1197084',2320,,11312,8,,,0
25019,'1197151',735,,11313,8,,,0
25019,'1197299',2136,,11314,8,,,0
25019,'1197317',1335,,11315,8,,,0
25019,'1197342',1736,,11316,8,,,0
25019,'1197442',1520,,11317,8,,,0
25019,'1197448',1606,,11318,8,,,0
25019,'1197471',1035,,11319,8,,,0
25019,'1197624',1836,,11320,8,,,0
25019,'1197657',2120,,11321,8,,,0
25019,'1197660',836,,11322,8,,,0
25019,'1197687',2335,,11323,8,,,0
25019,'1197702',1206,,11324,8,,,0
25019,'1197757',736,,11325,8,,,0
25019,'1197760',1536,,11326,8,,,0
25019,'1197771',2020,,11327,8,,,0
25019,'1198004',2220,,11328,8,,,0
25019,'1198021',706,,11329,8,,,0
25019,'1198071',1935,,11330,8,,,0
25019,'1198079',636,,11331,8,,,0
25019,'1198190',2036,,11332,8,,,0
25019,'1198267',2236,,11333,8,,,0
25019,'1198315',906,,11334,8,,,0
25019,'1198388',1406,,11335,8,,,0
25019,'1198435',2235,,11336,8,,,0
25019,'1198457',635,,11337,8,,,0
25019,'1198479',936,,11338,8,,,0
25019,'1198492',1435,,11339,8,,,0
25019,'1198496',1835,,11340,8,,,0
25019,'1198512',1720,,11341,8,,,0
25019,'1198566',1135,,11342,8,,,0
25019,'1198604',1420,,11343,8,,,0
25019,'1198759',1320,,11344,8,,,0
25019,'1198776',2135,,11345,8,,,0
25019,'1198803',1506,,11346,8,,,0
25019,'1198823',2035,,11347,8,,,0
25019,'1198862',1920,,11348,8,,,0
25019,'1198902',1436,,11349,8,,,0
25019,'1198938',835,,11350,8,,,0
25019,'1199011',1106,,11351,8,,,0
25019,'1199070',1006,,11352,8,,,0
25019,'1199074',820,,11353,8,,,0
25019,'1199097',806,,11354,8,,,0
25019,'1199125',920,,11355,8,,,0
25019,'1199183',1306,,11356,8,,,0
25019,'1199208',1220,,11357,8,,,0
25019,'1199212',1820,,11358,8,,,0
25019,'1199258',1636,,11359,8,,,0
25019,'1199359',1020,,11360,8,,,0
25019,'1199389',935,,11361,8,,,0
25019,'1199464',1635,,11362,8,,,0
25019,'1199480',1706,,11363,8,,,0
25019,'1199589',1120,,11364,8,,,0
25019,'1199634',1535,,11365,8,,,0
25019,'1199649',1620,,11366,8,,,0
