20029,'1196868',1648,,11092,9,,,0
20029,'1196909',1328,,11093,9,,,0
20029,'1196951',1256,,11094,9,,,0
20029,'1196962',2157,,11095,9,,,0
20029,'1196978',1228,,11096,9,,,0
20029,'1197172',626,,11097,9,,,0
20029,'1197213',948,,11098,9,,,0
20029,'1197307',1456,,11099,9,,,0
20029,'1197312',1748,,11100,9,,,0
20029,'1197355',656,,11101,9,,,0
20029,'1197361',848,,11102,9,,,0
20029,'1197366',748,,11103,9,,,0
20029,'1197368',1758,,11104,9,,,0
20029,'1197403',1628,,11105,9,,,0
20029,'1197421',1428,,11106,9,,,0
20029,'1197464',727,,11107,9,,,0
20029,'1197479',1128,,11108,9,,,0
20029,'1197554',2057,,11109,9,,,0
20029,'1197566',1048,,11110,9,,,0
20029,'1197569',1148,,11111,9,,,0
20029,'1197577',1548,,11112,9,,,0
20029,'1197610',856,,11113,9,,,0
20029,'1197632',2048,,11114,9,,,0
20029,'1197792',2348,,11115,9,,,0
20029,'1198090',2248,,11116,9,,,0
20029,'1198196',2127,,11117,9,,,0
20029,'1198208',1857,,11118,9,,,0
20029,'1198218',756,,11119,9,,,0
20029,'1198241',1529,,11120,9,,,0
20029,'1198256',1948,,11121,9,,,0
20029,'1198342',1448,,11122,9,,,0
20029,'1198375',828,,11123,9,,,0
20029,'1198439',1728,,11124,9,,,0
20029,'1198464',2257,,11125,9,,,0
20029,'1198524',2028,,11126,9,,,0
20029,'1198526',1928,,11127,9,,,0
20029,'1198650',1756,,11128,9,,,0
20029,'1198663',1556,,11129,9,,,0
20029,'1198795',2227,,11130,9,,,0
20029,'1198866',1156,,11131,9,,,0
20029,'1198883',1348,,11132,9,,,0
20029,'1198891',1658,,11133,9,,,0
20029,'1198917',656,,11134,9,,,0
20029,'1198942',2148,,11135,9,,,0
20029,'1199003',956,,11136,9,,,0
20029,'1199050',1356,,11137,9,,,0
20029,'1199089',1957,,11138,9,,,0
20029,'1199092',928,,11139,9,,,0
20029,'1199111',1028,,11140,9,,,0
20029,'1199119',1656,,11141,9,,,0
20029,'1199171',2356,,11142,9,,,0
20029,'1199252',1828,,11143,9,,,0
20029,'1199308',757,,11144,9,,,0
20029,'1199404',1056,,11145,9,,,0
20029,'1199499',2327,,11146,9,,,0
20029,'1199544',1248,,11147,9,,,0
20029,'1199641',1848,,11148,9,,,0
