13019,'1196852',1322,,10793,8,,,0
13019,'1196856',1721,,10794,8,,,0
13019,'1196999',921,,10796,8,,,0
13019,'1197035',621,,10797,8,,,0
13019,'1197132',1452,,10798,8,,,0
13019,'1197251',1552,,10799,8,,,0
13019,'1197279',722,,10800,8,,,0
13019,'1197353',2251,,10801,8,,,0
13019,'1197357',1822,,10802,8,,,0
13019,'1197451',2221,,10803,8,,,0
13019,'1197487',821,,10804,8,,,0
13019,'1197555',1622,,10805,8,,,0
13019,'1197570',922,,10806,8,,,0
13019,'1197575',1622,,10807,8,,,0
13019,'1197641',2022,,10808,8,,,0
13019,'1197645',1652,,10809,8,,,0
13019,'1197648',651,,10810,8,,,0
13019,'1197690',1621,,10811,8,,,0
13019,'1197692',1722,,10812,8,,,0
13019,'1197730',1422,,10813,8,,,0
13019,'1197762',2356,,10814,8,,,0
13019,'1197803',721,,10815,8,,,0
13019,'1197834',1221,,10816,8,,,0
13019,'1197854',2021,,10817,8,,,0
13019,'1197962',1321,,10818,8,,,0
13019,'1197975',1022,,10819,8,,,0
13019,'1198041',1121,,10820,8,,,0
13019,'1198094',1751,,10821,8,,,0
13019,'1198160',821,,10822,8,,,0
13019,'1198201',1222,,10823,8,,,0
13019,'1198243',1821,,10824,8,,,0
13019,'1198290',2151,,10825,8,,,0
13019,'1198352',721,,10826,8,,,0
13019,'1198355',1851,,10827,8,,,0
13019,'1198382',751,,10828,8,,,0
13019,'1198402',2222,,10829,8,,,0
13019,'1198552',2122,,10830,8,,,0
13019,'1198554',1921,,10831,8,,,0
13019,'1198602',1122,,10832,8,,,0
13019,'1198611',1951,,10833,8,,,0
13019,'1198630',1522,,10834,8,,,0
13019,'1198675',1222,,10835,8,,,0
13019,'1198716',1021,,10837,8,,,0
13019,'1198729',951,,10838,8,,,0
13019,'1198761',1322,,10839,8,,,0
13019,'1198778',921,,10840,8,,,0
13019,'1198837',2322,,10841,8,,,0
13019,'1198874',1122,,10842,8,,,0
13019,'1198888',851,,10843,8,,,0
13019,'1199044',822,,10844,8,,,0
13019,'1199123',1022,,10845,8,,,0
13019,'1199151',1422,,10846,8,,,0
13019,'1199233',1421,,10847,8,,,0
13019,'1199276',1521,,10848,8,,,0
13019,'1199284',2051,,10849,8,,,0
13019,'1199418',1922,,10850,8,,,0
13019,'1199448',1722,,10851,8,,,0
13019,'1199536',2121,,10852,8,,,0
13019,'1199588',2321,,10853,8,,,0
13019,'1199631',1522,,10854,8,,,0
101029,'1196911',736,,11834,8,,,0
101029,'1197033',1821,,11835,8,,,0
101029,'1197060',836,,11836,8,,,0
101029,'1197096',1021,,11837,8,,,0
101029,'1197257',1036,,11838,8,,,0
101029,'1197272',1221,,11839,8,,,0
101029,'1197326',1538,,11840,8,,,0
101029,'1197581',2021,,11841,8,,,0
101029,'1197673',1421,,11842,8,,,0
101029,'1197747',2136,,11843,8,,,0
101029,'1197977',1621,,11844,8,,,0
101029,'1198059',621,,11845,8,,,0
101029,'1198116',1021,,11846,8,,,0
101029,'1198125',821,,11847,8,,,0
101029,'1198200',1221,,11848,8,,,0
101029,'1198251',936,,11849,8,,,0
101029,'1198346',821,,11850,8,,,0
101029,'1198498',2221,,11851,8,,,0
101029,'1198530',2221,,11852,8,,,0
101029,'1198631',1638,,11853,8,,,0
101029,'1198644',2356,,11854,8,,,0
101029,'1198710',1621,,11855,8,,,0
101029,'1198715',1736,,11856,8,,,0
101029,'1198953',2021,,11857,8,,,0
101029,'1198984',1338,,11858,8,,,0
101029,'1199108',1238,,11859,8,,,0
101029,'1199117',636,,11860,8,,,0
101029,'1199304',1821,,11861,8,,,0
101029,'1199366',1421,,11862,8,,,0
101029,'1199567',1936,,11863,8,,,0
101029,'1199585',1438,,11864,8,,,0
101029,'1199990',1238,,12786,8,,,0
101029,'1199994',1538,,12787,8,,,0
101029,'1199997',736,,12788,8,,,0
101029,'1199998',1736,,12789,8,,,0
101029,'1199999',1036,,12790,8,,,0
101029,'1200000',2356,,12791,8,,,0
101029,'1200001',636,,12792,8,,,0
101029,'1200002',1638,,12793,8,,,0
101029,'1200005',1438,,12794,8,,,0
101029,'1200007',936,,12795,8,,,0
101029,'1200010',1338,,12796,8,,,0
101029,'1200012',1936,,12797,8,,,0
101029,'1200016',2136,,12798,8,,,0
101029,'1200017',836,,12799,8,,,0
