2029,'1196924',1508,,10051,5,,,0
2029,'1196985',1154,,10052,5,,,0
2029,'1196991',2237,,10053,5,,,0
2029,'1197028',2037,,10054,5,,,0
2029,'1197134',1824,,10055,5,,,0
2029,'1197139',923,,10056,5,,,0
2029,'1197143',2324,,10057,5,,,0
2029,'1197168',1608,,10058,5,,,0
2029,'1197170',639,,10059,5,,,0
2029,'1197175',1453,,10060,5,,,0
2029,'1197208',1439,,10061,5,,,0
2029,'1197209',854,,10062,5,,,0
2029,'1197218',708,,10063,5,,,0
2029,'1197261',1623,,10064,5,,,0
2029,'1197268',1653,,10065,5,,,0
2029,'1197282',638,,10066,5,,,0
2029,'1197288',2137,,10067,5,,,0
2029,'1197331',1619,,10068,5,,,0
2029,'1197332',2207,,10069,5,,,0
2029,'1197367',1419,,10070,5,,,0
2029,'1197375',853,,10071,5,,,0
2029,'1197411',1038,,10072,5,,,0
2029,'1197419',1323,,10073,5,,,0
2029,'1197430',653,,10074,5,,,0
2029,'1197437',953,,10075,5,,,0
2029,'1197491',1349,,10076,5,,,0
2029,'1197508',753,,10077,5,,,0
2029,'1197527',1239,,10078,5,,,0
2029,'1197534',1039,,10079,5,,,0
2029,'1197599',1638,,10080,5,,,0
2029,'1197642',738,,10081,5,,,0
2029,'1197644',1808,,10082,5,,,0
2029,'1197647',938,,10083,5,,,0
2029,'1197651',2334,,10084,5,,,0
2029,'1197655',2404,,10085,5,,,0
2029,'1197665',1024,,10086,5,,,0
2029,'1197667',1939,,10087,5,,,0
2029,'1197739',1708,,10088,5,,,0
2029,'1197769',1139,,10089,5,,,0
2029,'1197800',1008,,10090,5,,,0
2029,'1197808',2007,,10091,5,,,0
2029,'1197821',739,,10092,5,,,0
2029,'1197871',808,,10093,5,,,0
2029,'1197901',838,,10094,5,,,0
2029,'1197910',1738,,10095,5,,,0
2029,'1198003',1054,,10096,5,,,0
2029,'1198023',1223,,10097,5,,,0
2029,'1198042',839,,10098,5,,,0
2029,'1198045',2239,,10099,5,,,0
2029,'1198089',908,,10100,5,,,0
2029,'1198144',1023,,10101,5,,,0
2029,'1198156',2307,,10102,5,,,0
2029,'1198168',2024,,10103,5,,,0
2029,'1198184',939,,10104,5,,,0
2029,'1198213',1408,,10105,5,,,0
2029,'1198215',1823,,10106,5,,,0
2029,'1198275',1138,,10107,5,,,0
2029,'1198291',1053,,10108,5,,,0
2029,'1198335',1937,,10109,5,,,0
2029,'1198359',1319,,10110,5,,,0
2029,'1198433',1338,,10111,5,,,0
2029,'1198455',1219,,10112,5,,,0
2029,'1198473',1749,,10113,5,,,0
2029,'1198494',1719,,10114,5,,,0
2029,'1198537',1739,,10115,5,,,0
2029,'1198581',1124,,10116,5,,,0
2029,'1198603',1539,,10117,5,,,0
2029,'1198608',939,,10118,5,,,0
2029,'1198619',2409,,10119,5,,,0
2029,'1198682',1423,,10120,5,,,0
2029,'1198743',2239,,10121,5,,,0
2029,'1198838',1339,,10122,5,,,0
2029,'1198840',1449,,10123,5,,,0
2029,'1198841',723,,10124,5,,,0
2029,'1198851',2107,,10125,5,,,0
2029,'1198854',1153,,10126,5,,,0
2029,'1198870',724,,10127,5,,,0
2029,'1198967',2339,,10128,5,,,0
2029,'1199005',1553,,10129,5,,,0
2029,'1199023',1519,,10130,5,,,0
2029,'1199042',1939,,10131,5,,,0
2029,'1199046',1837,,10132,5,,,0
2029,'1199049',1108,,10133,5,,,0
2029,'1199063',1308,,10134,5,,,0
2029,'1199099',1253,,10135,5,,,0
2029,'1199116',1723,,10136,5,,,0
2029,'1199173',1549,,10137,5,,,0
2029,'1199237',2139,,10138,5,,,0
2029,'1199240',823,,10139,5,,,0
2029,'1199269',1238,,10140,5,,,0
2029,'1199288',1538,,10141,5,,,0
2029,'1199299',2154,,10142,5,,,0
2029,'1199305',1208,,10143,5,,,0
2029,'1199316',1753,,10144,5,,,0
2029,'1199329',1639,,10145,5,,,0
2029,'1199333',809,,10146,5,,,0
2029,'1199335',1249,,10147,5,,,0
2029,'1199398',2039,,10148,5,,,0
2029,'1199466',1907,,10149,5,,,0
2029,'1199478',1839,,10150,5,,,0
2029,'1199484',1523,,10151,5,,,0
2029,'1199542',2424,,10152,5,,,0
2029,'1199552',1353,,10153,5,,,0
2029,'1199560',1854,,10154,5,,,0
2029,'1199580',2109,,10155,5,,,0
2029,'1199620',1438,,10156,5,,,0
2029,'1199621',1123,,10157,5,,,0
2029,'1199635',1649,,10158,5,,,0
11019,'1196884',1242,,10449,5,,,0
11019,'1196914',1126,,10450,5,,,0
11019,'1196958',747,,10451,5,,,0
11019,'1197071',1825,,10454,5,,,0
11019,'1197114',911,,10455,5,,,0
11019,'1197191',1442,,10457,5,,,0
11019,'1197229',1357,,10458,5,,,0
11019,'1197234',1657,,10459,5,,,0
11019,'1197264',1727,,10460,5,,,0
11019,'1197274',926,,10461,5,,,0
11019,'1197327',1327,,10462,5,,,0
11019,'1197343',726,,10463,5,,,0
11019,'1197398',1812,,10465,5,,,0
11019,'1197412',2255,,10466,5,,,0
11019,'1197422',1627,,10467,5,,,0
11019,'1197463',656,,10469,5,,,0
11019,'1197502',611,,10470,5,,,0
11019,'1197519',741,,10471,5,,,0
11019,'1197564',2247,,10472,5,,,0
11019,'1197695',1056,,10474,5,,,0
11019,'1197696',756,,10475,5,,,0
11019,'1197763',1512,,10477,5,,,0
11019,'1197795',2025,,10478,5,,,0
11019,'1197832',1612,,10479,5,,,0
11019,'1197875',2412,,10480,5,,,0
11019,'1197917',2347,,10481,5,,,0
11019,'1197925',1111,,10482,5,,,0
11019,'1197934',1527,,10483,5,,,0
11019,'1197978',1855,,10484,5,,,0
11019,'1197990',1427,,10485,5,,,0
11019,'1198012',841,,10486,5,,,0
11019,'1198053',947,,10487,5,,,0
11019,'1198076',1955,,10488,5,,,0
11019,'1198113',2055,,10489,5,,,0
11019,'1198146',2225,,10490,5,,,0
11019,'1198266',1947,,10491,5,,,0
11019,'1198337',856,,10493,5,,,0
11019,'1198341',1147,,10494,5,,,0
11019,'1198405',1847,,10496,5,,,0
11019,'1198419',1457,,10497,5,,,0
11019,'1198470',1257,,10498,5,,,0
11019,'1198493',1757,,10499,5,,,0
11019,'1198506',1047,,10500,5,,,0
11019,'1198543',1011,,10501,5,,,0
11019,'1198548',1557,,10502,5,,,0
11019,'1198573',1141,,10503,5,,,0
11019,'1198610',1542,,10505,5,,,0
11019,'1198623',647,,10506,5,,,0
11019,'1198660',1257,,10507,5,,,0
11019,'1198696',1427,,10509,5,,,0
11019,'1198771',1457,,10510,5,,,0
11019,'1198808',941,,10511,5,,,0
11019,'1198927',1041,,10513,5,,,0
11019,'1198951',1712,,10514,5,,,0
11019,'1198978',1925,,10515,5,,,0
11019,'1199022',1227,,10516,5,,,0
11019,'1199024',2147,,10517,5,,,0
11019,'1199026',2155,,10518,5,,,0
11019,'1199059',1557,,10519,5,,,0
11019,'1199060',1342,,10520,5,,,0
11019,'1199064',1757,,10521,5,,,0
11019,'1199100',2125,,10523,5,,,0
11019,'1199118',1657,,10524,5,,,0
11019,'1199132',641,,10525,5,,,0
11019,'1199143',1727,,10526,5,,,0
11019,'1199154',1412,,10527,5,,,0
11019,'1199177',1642,,10528,5,,,0
11019,'1199180',2047,,10529,5,,,0
11019,'1199214',711,,10530,5,,,0
11019,'1199225',1527,,10531,5,,,0
11019,'1199229',1357,,10533,5,,,0
11019,'1199301',2322,,10535,5,,,0
11019,'1199370',1742,,10537,5,,,0
11019,'1199376',826,,10538,5,,,0
11019,'1199394',847,,10539,5,,,0
11019,'1199403',811,,10540,5,,,0
11019,'1199410',1156,,10541,5,,,0
11019,'1199462',2352,,10542,5,,,0
11019,'1199476',956,,10543,5,,,0
11019,'1199496',1312,,10544,5,,,0
11019,'1199508',1211,,10545,5,,,0
11019,'1199591',1627,,10546,5,,,0
11019,'1199603',1227,,10547,5,,,0
11019,'1199619',1026,,10548,5,,,0
11019,'1199623',1327,,10549,5,,,0
