13029,'1196882',1532,,10855,18,,,0
13029,'1196907',1258,,10856,17,,,0
13029,'1196917',1300,,10857,17,,,0
13029,'1196936',1800,,10858,17,,,0
13029,'1196965',757,,10859,17,,,0
13029,'1196972',1630,,10860,17,,,0
13029,'1197006',1458,,10861,17,,,0
13029,'1197082',1158,,10862,17,,,0
13029,'1197122',1058,,10863,17,,,0
13029,'1197184',1458,,10864,17,,,0
13029,'1197188',1928,,10865,17,,,0
13029,'1197193',758,,10866,17,,,0
13029,'1197215',2058,,10867,17,,,0
13029,'1197262',1658,,10868,17,,,0
13029,'1197363',929,,10869,17,,,0
13029,'1197365',2157,,10870,17,,,0
13029,'1197371',958,,10871,17,,,0
13029,'1197444',2257,,10872,17,,,0
13029,'1197556',2258,,10873,17,,,0
13029,'1197773',2028,,10874,17,,,0
13029,'1197812',1500,,10875,17,,,0
13029,'1197866',1358,,10876,17,,,0
13029,'1197909',859,,10877,17,,,0
13029,'1197997',1957,,10878,17,,,0
13029,'1198028',2057,,10879,17,,,0
13029,'1198074',2357,,10880,17,,,0
13029,'1198199',1558,,10881,17,,,0
13029,'1198248',2228,,10882,17,,,0
13029,'1198289',828,,10883,17,,,0
13029,'1198381',1730,,10884,17,,,0
13029,'1198389',1758,,10885,17,,,0
13029,'1198416',1558,,10886,17,,,0
13029,'1198437',1028,,10887,17,,,0
13029,'1198474',1101,,10888,17,,,0
13029,'1198488',1857,,10889,17,,,0
13029,'1198563',728,,10890,17,,,0
13029,'1198648',1057,,10891,17,,,0
13029,'1198673',1258,,10892,17,,,0
13029,'1198704',1858,,10893,17,,,0
13029,'1198733',758,,10894,17,,,0
13029,'1198756',858,,10895,17,,,0
13029,'1198793',957,,10896,17,,,0
13029,'1198811',1358,,10897,17,,,0
13029,'1198812',2358,,10898,17,,,0
13029,'1198828',1158,,10899,17,,,0
13029,'1198858',1600,,10900,17,,,0
13029,'1198910',628,,10901,17,,,0
13029,'1198998',857,,10902,17,,,0
13029,'1199115',658,,10903,17,,,0
13029,'1199250',2158,,10904,17,,,0
13029,'1199324',657,,10905,17,,,0
13029,'1199337',959,,10906,17,,,0
13029,'1199349',2128,,10907,17,,,0
13029,'1199379',2328,,10908,17,,,0
13029,'1199405',1758,,10909,17,,,0
13029,'1199419',1200,,10910,17,,,0
13029,'1199548',1400,,10911,17,,,0
13029,'1199559',1658,,10912,17,,,0
13029,'1199614',1828,,10913,17,,,0
13029,'1199653',1958,,10914,17,,,0
13029,'1199655',1700,,10915,17,,,0
101019,'1197003',612,,11803,51,,,0
101019,'1197056',2150,,11804,51,,,0
101019,'1197144',2349,,11805,51,,,0
101019,'1197150',1549,,11806,51,,,0
101019,'1197356',1349,,11807,51,,,0
101019,'1197394',1550,,11808,51,,,0
101019,'1197485',750,,11809,51,,,0
101019,'1197542',1350,,11810,51,,,0
101019,'1197666',1112,,11811,51,,,0
101019,'1197703',2149,,11812,51,,,0
101019,'1197735',1212,,11813,51,,,0
101019,'1197816',1150,,11814,51,,,0
101019,'1197893',812,,11815,51,,,0
101019,'1198002',1749,,11816,51,,,0
101019,'1198014',749,,11817,51,,,0
101019,'1198130',1012,,11818,51,,,0
101019,'1198162',1414,,11819,51,,,0
101019,'1198212',1949,,11820,51,,,0
101019,'1198408',2111,,11821,51,,,0
101019,'1198684',950,,11822,51,,,0
101019,'1198907',1950,,11823,51,,,0
101019,'1199079',2312,,11824,51,,,0
101019,'1199178',1814,,11825,51,,,0
101019,'1199186',1614,,11826,51,,,0
101019,'1199279',1750,,11827,51,,,0
101019,'1199401',949,,11828,51,,,0
101019,'1199471',1912,,11829,51,,,0
101019,'1199497',1149,,11830,51,,,0
101019,'1199519',912,,11831,51,,,0
101019,'1199566',1514,,11832,51,,,0
101019,'1199626',1714,,11833,51,,,0
101019,'1199991',1414,,12771,51,,,0
101019,'1199992',2111,,12772,51,,,0
101019,'1199993',912,,12773,51,,,0
101019,'1199995',612,,12774,51,,,0
101019,'1199996',712,,12775,51,,,0
101019,'1200003',1714,,12776,51,,,0
101019,'1200004',1614,,12777,51,,,0
101019,'1200006',1912,,12778,51,,,0
101019,'1200008',812,,12779,51,,,0
101019,'1200009',2312,,12780,51,,,0
101019,'1200011',1112,,12781,51,,,0
101019,'1200013',1212,,12782,51,,,0
101019,'1200014',1514,,12783,51,,,0
101019,'1200015',1814,,12784,51,,,0
101019,'1200018',1012,,12785,51,,,0
