10029,'1193661',1533,,7624,27,,,0
10029,'1193662',1133,,7625,27,,,0
10029,'1193664',2033,,7626,27,,,0
10029,'1193666',1333,,7627,27,,,0
10029,'1193669',2333,,7628,27,,,0
10029,'1193670',1633,,7629,27,,,0
10029,'1193672',903,,7631,27,,,0
10029,'1193673',2133,,7632,27,,,0
10029,'1193674',1433,,7633,27,,,0
10029,'1193676',1903,,7634,27,,,0
10029,'1193677',733,,7635,27,,,0
10029,'1193684',1733,,7637,27,,,0
10029,'1193685',1033,,7638,27,,,0
10029,'1193688',933,,7639,27,,,0
10029,'1193689',803,,7640,27,,,0
10029,'1193690',2003,,7641,27,,,0
10029,'1193692',2233,,7642,27,,,0
10029,'1193693',933,,7643,27,,,0
10029,'1193694',1333,,7644,27,,,0
10029,'1193695',703,,7645,27,,,0
10029,'1193696',633,,7646,27,,,0
10029,'1193699',2103,,7647,27,,,0
10029,'1193706',833,,7650,27,,,0
10029,'1193712',1833,,7651,27,,,0
10029,'1193713',2303,,7652,27,,,0
10029,'1193716',1933,,7654,27,,,0
10029,'1193719',1433,,7655,27,,,0
10029,'1193721',1033,,7656,27,,,0
10029,'1193726',1733,,7659,27,,,0
10029,'1193727',833,,7660,27,,,0
10029,'1193728',733,,7661,27,,,0
10029,'1193736',2408,,7663,27,,,0
10029,'1193741',2203,,7664,27,,,0
10029,'1193744',1503,,7666,27,,,0
10029,'1193745',1603,,7667,27,,,0
10029,'1193746',1133,,7668,27,,,0
10029,'1193757',1233,,7673,27,,,0
10029,'1193760',1233,,7675,27,,,0
10029,'1193762',1533,,7676,27,,,0
10029,'1193763',1703,,7677,27,,,0
10029,'1193777',1803,,7681,27,,,0
10029,'1193778',1633,,7682,27,,,0
