10029,'1196869',1018,,10389,6,,,0
10029,'1196944',1848,,10390,6,,,0
10029,'1196948',1518,,10391,6,,,0
10029,'1197007',648,,10392,6,,,0
10029,'1197053',1318,,10393,6,,,0
10029,'1197093',1118,,10394,6,,,0
10029,'1197160',1718,,10395,6,,,0
10029,'1197269',1818,,10396,6,,,0
10029,'1197314',2148,,10397,6,,,0
10029,'1197362',2018,,10398,6,,,0
10029,'1197385',818,,10399,6,,,0
10029,'1197414',1418,,10400,6,,,0
10029,'1197492',1648,,10401,6,,,0
10029,'1197523',2218,,10402,6,,,0
10029,'1197565',618,,10403,6,,,0
10029,'1197669',818,,10404,6,,,0
10029,'1197675',2118,,10405,6,,,0
10029,'1197822',1718,,10406,6,,,0
10029,'1197831',1718,,10407,6,,,0
10029,'1197885',2018,,10408,6,,,0
10029,'1197887',1548,,10409,6,,,0
10029,'1197892',1218,,10410,6,,,0
10029,'1197908',2218,,10411,6,,,0
10029,'1197916',2248,,10412,6,,,0
10029,'1197980',2353,,10413,6,,,0
10029,'1198080',1618,,10414,6,,,0
10029,'1198150',1618,,10415,6,,,0
10029,'1198170',1118,,10416,6,,,0
10029,'1198181',1748,,10417,6,,,0
10029,'1198232',1518,,10418,6,,,0
10029,'1198314',1918,,10419,6,,,0
10029,'1198351',1218,,10420,6,,,0
10029,'1198466',2048,,10421,6,,,0
10029,'1198481',1418,,10422,6,,,0
10029,'1198536',1218,,10423,6,,,0
10029,'1198550',1618,,10424,6,,,0
10029,'1198565',2318,,10425,6,,,0
10029,'1198676',718,,10426,6,,,0
10029,'1198703',718,,10427,6,,,0
10029,'1198735',1018,,10428,6,,,0
10029,'1198754',1318,,10429,6,,,0
10029,'1198767',1118,,10430,6,,,0
10029,'1198887',848,,10431,6,,,0
10029,'1198905',1418,,10432,6,,,0
10029,'1198933',818,,10433,6,,,0
10029,'1199013',718,,10434,6,,,0
10029,'1199068',1018,,10435,6,,,0
10029,'1199078',1818,,10436,6,,,0
10029,'1199088',1948,,10437,6,,,0
10029,'1199134',1318,,10438,6,,,0
10029,'1199161',2318,,10439,6,,,0
10029,'1199245',1918,,10440,6,,,0
10029,'1199274',918,,10441,6,,,0
10029,'1199375',1448,,10442,6,,,0
10029,'1199396',748,,10443,6,,,0
10029,'1199411',2118,,10444,6,,,0
10029,'1199422',918,,10445,6,,,0
10029,'1199613',918,,10446,6,,,0
10029,'1199633',1518,,10447,6,,,0
