14019,'1196890',1826,,10916,28,,,0
14019,'1196970',2056,,10917,28,,,0
14019,'1196984',1354,,10918,28,,,0
14019,'1197073',2156,,10919,28,,,0
14019,'1197090',754,,10920,28,,,0
14019,'1197106',1728,,10921,28,,,0
14019,'1197152',1558,,10922,28,,,0
14019,'1197163',1657,,10923,28,,,0
14019,'1197189',1954,,10924,28,,,0
14019,'1197473',956,,10925,28,,,0
14019,'1197576',1154,,10926,28,,,0
14019,'1197578',1854,,10927,28,,,0
14019,'1197606',854,,10928,28,,,0
14019,'1197719',1557,,10929,28,,,0
14019,'1197768',1658,,10930,28,,,0
14019,'1197774',1257,,10931,28,,,0
14019,'1197807',656,,10932,28,,,0
14019,'1197857',1254,,10933,28,,,0
14019,'1197872',756,,10934,28,,,0
14019,'1197899',2326,,10935,28,,,0
14019,'1197912',1654,,10936,28,,,0
14019,'1197929',1357,,10937,28,,,0
14019,'1197946',1956,,10938,28,,,0
14019,'1198043',2356,,10939,28,,,0
14019,'1198056',1926,,10940,28,,,0
14019,'1198057',656,,10941,28,,,0
14019,'1198062',1554,,10942,28,,,0
14019,'1198118',2026,,10943,28,,,0
14019,'1198151',1454,,10944,28,,,0
14019,'1198161',1458,,10945,28,,,0
14019,'1198262',1457,,10946,28,,,0
14019,'1198285',2256,,10947,28,,,0
14019,'1198312',956,,10948,28,,,0
14019,'1198386',1856,,10949,28,,,0
14019,'1198412',1158,,10950,28,,,0
14019,'1198436',856,,10951,28,,,0
14019,'1198460',1058,,10952,28,,,0
14019,'1198507',856,,10953,28,,,0
14019,'1198513',1258,,10954,28,,,0
14019,'1198539',1056,,10955,28,,,0
14019,'1198751',2054,,10956,28,,,0
14019,'1198810',2354,,10957,28,,,0
14019,'1198859',1528,,10958,28,,,0
14019,'1198869',926,,10959,28,,,0
14019,'1198890',2154,,10960,28,,,0
14019,'1199036',726,,10961,28,,,0
14019,'1199048',756,,10962,28,,,0
14019,'1199075',826,,10963,28,,,0
14019,'1199084',1054,,10964,28,,,0
14019,'1199131',2126,,10965,28,,,0
14019,'1199280',2254,,10966,28,,,0
14019,'1199286',954,,10967,28,,,0
14019,'1199393',1358,,10968,28,,,0
14019,'1199441',1628,,10969,28,,,0
14019,'1199444',1757,,10970,28,,,0
14019,'1199523',1754,,10971,28,,,0
14019,'1199538',1758,,10972,28,,,0
14019,'1199568',2226,,10973,28,,,0
14019,'1199582',1157,,10974,28,,,0
