11029,'1199774',1535,,10550,23,,,0
11029,'1199777',949,,10551,23,,,0
11029,'1199778',1335,,10552,23,,,0
11029,'1199779',2333,,10553,23,,,0
11029,'1199780',1234,,10554,23,,,0
11029,'1199781',1149,,10555,23,,,0
11029,'1199782',1650,,10556,23,,,0
11029,'1199783',2234,,10557,23,,,0
11029,'1199785',1333,,10558,23,,,0
11029,'1199786',819,,10559,23,,,0
11029,'1199787',1635,,10560,23,,,0
11029,'1199788',1605,,10561,23,,,0
11029,'1199789',1450,,10562,23,,,0
11029,'1199790',1503,,10563,23,,,0
11029,'1199791',1133,,10564,23,,,0
11029,'1199792',1550,,10565,23,,,0
11029,'1199793',2349,,10566,23,,,0
11029,'1199794',834,,10567,23,,,0
11029,'1199795',1505,,10568,23,,,0
11029,'1199796',1204,,10569,23,,,0
11029,'1199797',1805,,10570,23,,,0
11029,'1199799',749,,10571,23,,,0
11029,'1199800',1720,,10572,23,,,0
11029,'1199804',934,,10573,23,,,0
11029,'1199808',1034,,10574,23,,,0
11029,'1199809',1735,,10575,23,,,0
11029,'1199810',1104,,10576,23,,,0
11029,'1199811',1049,,10577,23,,,0
11029,'1199812',1603,,10578,23,,,0
11029,'1199813',2334,,10579,23,,,0
11029,'1199814',1235,,10580,23,,,0
11029,'1199815',1633,,10581,23,,,0
11029,'1199816',1203,,10582,23,,,0
11029,'1199818',734,,10583,23,,,0
11029,'1199819',1134,,10584,23,,,0
11029,'1199820',1750,,10585,23,,,0
11029,'1199821',1533,,10586,23,,,0
11029,'1199823',1303,,10587,23,,,0
11029,'1199825',2033,,10588,23,,,0
11029,'1199826',2409,,10589,23,,,0
11029,'1199828',1420,,10590,23,,,0
11029,'1199830',1320,,10591,23,,,0
11029,'1199831',2019,,10592,23,,,0
11029,'1199834',649,,10593,23,,,0
11029,'1199836',804,,10594,23,,,0
11029,'1199838',1520,,10595,23,,,0
11029,'1199839',734,,10596,23,,,0
11029,'1199843',1350,,10597,23,,,0
11029,'1199844',2034,,10598,23,,,0
11029,'1199846',1435,,10599,23,,,0
11029,'1199847',934,,10600,23,,,0
11029,'1199848',919,,10601,23,,,0
11029,'1199849',2134,,10602,23,,,0
11029,'1199850',1534,,10603,23,,,0
11029,'1199852',719,,10604,23,,,0
11029,'1199853',1004,,10605,23,,,0
11029,'1199854',849,,10606,23,,,0
11029,'1199855',1634,,10607,23,,,0
11029,'1199856',2133,,10608,23,,,0
11029,'1199858',1620,,10609,23,,,0
11029,'1199860',1034,,10610,23,,,0
11029,'1199862',1949,,10611,23,,,0
11029,'1199863',833,,10612,23,,,0
11029,'1199864',1220,,10613,23,,,0
11029,'1199865',1733,,10614,23,,,0
11029,'1199866',1233,,10615,23,,,0
11029,'1199867',2049,,10616,23,,,0
11029,'1199869',1433,,10617,23,,,0
11029,'1199870',1334,,10618,23,,,0
11029,'1199871',1403,,10619,23,,,0
11029,'1199873',2219,,10620,23,,,0
11029,'1199874',1119,,10621,23,,,0
11029,'1199875',1019,,10622,23,,,0
11029,'1199876',704,,10623,23,,,0
11029,'1199877',1734,,10624,23,,,0
11029,'1199878',1705,,10625,23,,,0
11029,'1199881',1833,,10626,23,,,0
11029,'1199882',1919,,10627,23,,,0
11029,'1199883',1134,,10628,23,,,0
11029,'1199884',1934,,10629,23,,,0
11029,'1199886',1933,,10630,23,,,0
11029,'1199889',733,,10631,23,,,0
11029,'1199890',2119,,10632,23,,,0
11029,'1199891',2233,,10633,23,,,0
11029,'1199892',1834,,10634,23,,,0
11029,'1199893',1033,,10635,23,,,0
11029,'1199898',904,,10636,23,,,0
11029,'1199899',1849,,10637,23,,,0
11029,'1199902',1819,,10638,23,,,0
11029,'1199903',933,,10639,23,,,0
11029,'1199904',1703,,10640,23,,,0
11029,'1199906',634,,10641,23,,,0
11029,'1199907',2319,,10642,23,,,0
11029,'1199910',2249,,10643,23,,,0
11029,'1199911',2149,,10644,23,,,0
11029,'1199912',1405,,10645,23,,,0
11029,'1199913',1250,,10646,23,,,0
11029,'1199914',1305,,10647,23,,,0
11029,'1199919',834,,10648,23,,,0
11029,'1199920',1434,,10649,23,,,0
140001029,'1196879',624,,12358,15,,,0
140001029,'1196954',955,,12359,15,,,0
140001029,'1196975',1027,,12360,15,,,0
140001029,'1196976',2324,,12361,15,,,0
140001029,'1197010',1342,,12362,15,,,0
140001029,'1197038',1112,,12363,15,,,0
140001029,'1197058',1839,,12364,15,,,0
140001029,'1197078',1125,,12365,15,,,0
140001029,'1197099',2254,,12366,15,,,0
140001029,'1197105',2325,,12367,15,,,0
140001029,'1197113',854,,12368,15,,,0
140001029,'1197141',1443,,12369,15,,,0
140001029,'1197155',1740,,12370,15,,,0
140001029,'1197162',939,,12371,15,,,0
140001029,'1197190',1558,,12372,15,,,0
140001029,'1197195',1658,,12373,15,,,0
140001029,'1197198',1358,,12374,15,,,0
140001029,'1197204',925,,12375,15,,,0
140001029,'1197222',1227,,12376,15,,,0
140001029,'1197249',1225,,12377,15,,,0
140001029,'1197271',1941,,12378,15,,,0
140001029,'1197276',1055,,12379,15,,,0
140001029,'1197293',1513,,12380,15,,,0
140001029,'1197305',1525,,12381,15,,,0
140001029,'1197370',1212,,12382,15,,,0
140001029,'1197377',2224,,12383,15,,,0
140001029,'1197379',754,,12384,15,,,0
140001029,'1197386',1825,,12385,15,,,0
140001029,'1197424',2054,,12386,15,,,0
140001029,'1197426',1010,,12387,15,,,0
140001029,'1197432',954,,12388,15,,,0
140001029,'1197460',2224,,12389,15,,,0
140001029,'1197482',625,,12390,15,,,0
140001029,'1197494',2359,,12391,15,,,0
140001029,'1197497',1655,,12392,15,,,0
140001029,'1197568',1325,,12393,15,,,0
140001029,'1197611',2254,,12394,15,,,0
140001029,'1197612',1543,,12395,15,,,0
140001029,'1197619',1824,,12396,15,,,0
140001029,'1197627',839,,12397,15,,,0
140001029,'1197635',2225,,12398,15,,,0
140001029,'1197649',1327,,12399,15,,,0
140001029,'1197658',1925,,12400,15,,,0
140001029,'1197662',1057,,12401,15,,,0
140001029,'1197723',925,,12402,15,,,0
140001029,'1197758',1242,,12403,15,,,0
140001029,'1197776',2026,,12404,15,,,0
140001029,'1197849',2154,,12405,15,,,0
140001029,'1197888',1954,,12406,15,,,0
140001029,'1197928',1425,,12407,15,,,0
140001029,'1197938',1413,,12408,15,,,0
140001029,'1197948',1458,,12409,15,,,0
140001029,'1197957',1610,,12410,15,,,0
140001029,'1197967',1713,,12411,15,,,0
140001029,'1197972',1555,,12412,15,,,0
140001029,'1197983',724,,12413,15,,,0
140001029,'1198007',2124,,12414,15,,,0
140001029,'1198048',739,,12415,15,,,0
140001029,'1198049',709,,12416,15,,,0
140001029,'1198081',1255,,12417,15,,,0
140001029,'1198099',940,,12418,15,,,0
140001029,'1198101',1127,,12419,15,,,0
140001029,'1198102',825,,12420,15,,,0
140001029,'1198131',2025,,12421,15,,,0
140001029,'1198132',1025,,12422,15,,,0
140001029,'1198186',1755,,12423,15,,,0
140001029,'1198207',654,,12424,15,,,0
140001029,'1198209',909,,12425,15,,,0
140001029,'1198299',1155,,12426,15,,,0
140001029,'1198347',639,,12427,15,,,0
140001029,'1198350',1911,,12428,15,,,0
140001029,'1198371',1428,,12429,15,,,0
140001029,'1198391',2041,,12430,15,,,0
140001029,'1198425',2024,,12431,15,,,0
140001029,'1198451',2354,,12432,15,,,0
140001029,'1198469',1625,,12433,15,,,0
140001029,'1198505',1425,,12434,15,,,0
140001029,'1198517',1157,,12435,15,,,0
140001029,'1198540',725,,12436,15,,,0
140001029,'1198546',1025,,12437,15,,,0
140001029,'1198572',1540,,12438,15,,,0
140001029,'1198636',809,,12439,15,,,0
140001029,'1198643',1225,,12440,15,,,0
140001029,'1198645',1725,,12441,15,,,0
140001029,'1198655',755,,12442,15,,,0
140001029,'1198697',855,,12443,15,,,0
140001029,'1198757',1625,,12444,15,,,0
140001029,'1198770',1956,,12445,15,,,0
140001029,'1198787',1613,,12446,15,,,0
140001029,'1198789',1926,,12447,15,,,0
140001029,'1198794',1042,,12448,15,,,0
140001029,'1198796',2154,,12449,15,,,0
140001029,'1198802',1110,,12450,15,,,0
140001029,'1198817',1510,,12451,15,,,0
140001029,'1198824',1142,,12452,15,,,0
140001029,'1198860',1809,,12453,15,,,0
140001029,'1198934',1710,,12454,15,,,0
140001029,'1198970',1743,,12455,15,,,0
140001029,'1198973',924,,12456,15,,,0
140001029,'1198981',1826,,12457,15,,,0
140001029,'1198986',2324,,12458,15,,,0
140001029,'1198999',1340,,12459,15,,,0
140001029,'1199001',725,,12460,15,,,0
140001029,'1199006',824,,12461,15,,,0
140001029,'1199010',1756,,12462,15,,,0
140001029,'1199031',1210,,12463,15,,,0
140001029,'1199086',1012,,12464,15,,,0
140001029,'1199101',655,,12465,15,,,0
140001029,'1199110',1140,,12466,15,,,0
140001029,'1199113',1640,,12467,15,,,0
140001029,'1199128',1040,,12468,15,,,0
140001029,'1199156',1924,,12469,15,,,0
140001029,'1199174',1312,,12470,15,,,0
140001029,'1199189',825,,12471,15,,,0
140001029,'1199191',1811,,12472,15,,,0
140001029,'1199203',2056,,12473,15,,,0
140001029,'1199247',1643,,12474,15,,,0
140001029,'1199259',1841,,12475,15,,,0
140001029,'1199261',1410,,12476,15,,,0
140001029,'1199275',1528,,12477,15,,,0
140001029,'1199283',1325,,12478,15,,,0
140001029,'1199312',1240,,12479,15,,,0
140001029,'1199341',2011,,12480,15,,,0
140001029,'1199351',1310,,12481,15,,,0
140001029,'1199395',1728,,12482,15,,,0
140001029,'1199415',1854,,12483,15,,,0
140001029,'1199446',1856,,12484,15,,,0
140001029,'1199456',1525,,12485,15,,,0
140001029,'1199465',1725,,12486,15,,,0
140001029,'1199469',2124,,12487,15,,,0
140001029,'1199481',1628,,12488,15,,,0
140001029,'1199494',1455,,12489,15,,,0
140001029,'1199502',1355,,12490,15,,,0
140001029,'1199522',1440,,12491,15,,,0
140001029,'1199528',2125,,12492,15,,,0
140001029,'1199569',1125,,12493,15,,,0
140001029,'1199608',1257,,12494,15,,,0
