12019,'1196839',2119,,10650,4,,,0
12019,'1196874',1119,,10651,4,,,0
12019,'1196885',1619,,10652,4,,,0
12019,'1196887',1549,,10653,4,,,0
12019,'1196940',1319,,10654,4,,,0
12019,'1196983',1919,,10655,4,,,0
12019,'1197026',2219,,10656,4,,,0
12019,'1197080',1819,,10657,4,,,0
12019,'1197104',1849,,10658,4,,,0
12019,'1197223',1749,,10659,4,,,0
12019,'1197306',1149,,10660,4,,,0
12019,'1197322',749,,10661,4,,,0
12019,'1197334',1619,,10662,4,,,0
12019,'1197339',1749,,10663,4,,,0
12019,'1197433',949,,10664,4,,,0
12019,'1197490',1649,,10665,4,,,0
12019,'1197525',1549,,10666,4,,,0
12019,'1197602',849,,10667,4,,,0
12019,'1197615',1219,,10668,4,,,0
12019,'1197664',1749,,10669,4,,,0
12019,'1197701',2349,,10670,4,,,0
12019,'1197765',2349,,10671,4,,,0
12019,'1197813',1049,,10672,4,,,0
12019,'1197824',1249,,10673,4,,,0
12019,'1197891',2049,,10674,4,,,0
12019,'1197911',1949,,10675,4,,,0
12019,'1197945',1849,,10676,4,,,0
12019,'1197989',1449,,10677,4,,,0
12019,'1197991',1149,,10678,4,,,0
12019,'1198031',649,,10679,4,,,0
12019,'1198072',1349,,10680,4,,,0
12019,'1198097',1549,,10681,4,,,0
12019,'1198121',1649,,10682,4,,,0
12019,'1198127',1049,,10683,4,,,0
12019,'1198171',2149,,10684,4,,,0
12019,'1198224',2249,,10685,4,,,0
12019,'1198250',1319,,10686,4,,,0
12019,'1198260',1419,,10687,4,,,0
12019,'1198263',919,,10688,4,,,0
12019,'1198283',1519,,10689,4,,,0
12019,'1198358',1449,,10690,4,,,0
12019,'1198421',849,,10691,4,,,0
12019,'1198427',1219,,10692,4,,,0
12019,'1198442',1719,,10693,4,,,0
12019,'1198497',2149,,10694,4,,,0
12019,'1198582',849,,10695,4,,,0
12019,'1198588',619,,10696,4,,,0
12019,'1198592',1719,,10697,4,,,0
12019,'1198618',1049,,10698,4,,,0
12019,'1198712',1149,,10699,4,,,0
12019,'1198727',1349,,10700,4,,,0
12019,'1198773',1349,,10701,4,,,0
12019,'1198774',1119,,10702,4,,,0
12019,'1198819',2319,,10703,4,,,0
12019,'1198842',949,,10704,4,,,0
12019,'1198884',1949,,10705,4,,,0
12019,'1198912',749,,10706,4,,,0
12019,'1198945',949,,10707,4,,,0
12019,'1199167',719,,10708,4,,,0
12019,'1199197',2049,,10709,4,,,0
12019,'1199223',1249,,10710,4,,,0
12019,'1199224',651,,10711,4,,,0
12019,'1199251',1019,,10712,4,,,0
12019,'1199291',1519,,10713,4,,,0
12019,'1199315',1249,,10714,4,,,0
12019,'1199416',2249,,10715,4,,,0
12019,'1199495',1419,,10716,4,,,0
12019,'1199513',819,,10717,4,,,0
12019,'1199578',1449,,10718,4,,,0
12019,'1199610',2019,,10719,4,,,0
12019,'1199616',749,,10720,4,,,0
12019,'1199625',1649,,10721,4,,,0
