14029,'1190709',1856,,8149,21,,,0
14029,'1190764',1756,,8150,21,,,0
14029,'1190906',656,,8151,21,,,0
14029,'1190927',1626,,8153,21,,,0
14029,'1191037',1456,,8155,21,,,0
14029,'1191042',1126,,8156,21,,,0
14029,'1191078',826,,8158,21,,,0
14029,'1191308',1426,,8161,21,,,0
14029,'1191322',1026,,8162,21,,,0
14029,'1191348',1226,,8163,21,,,0
14029,'1191415',2226,,8164,21,,,0
14029,'1191429',1826,,8165,21,,,0
14029,'1191520',1426,,8167,21,,,0
14029,'1191547',1526,,8168,21,,,0
14029,'1191620',1926,,8169,21,,,0
14029,'1191630',926,,8170,21,,,0
14029,'1191718',2326,,8173,21,,,0
14029,'1191777',926,,8174,21,,,0
14029,'1191810',726,,8175,21,,,0
14029,'1191865',756,,8177,21,,,0
14029,'1191921',856,,8178,21,,,0
14029,'1191955',826,,8180,21,,,0
14029,'1191980',2401,,8181,21,,,0
14029,'1192001',2256,,8182,21,,,0
14029,'1192051',1656,,8184,21,,,0
14029,'1192347',2156,,8186,21,,,0
14029,'1192388',626,,8189,21,,,0
14029,'1192435',1626,,8190,21,,,0
14029,'1192473',2026,,8191,21,,,0
14029,'1192489',1556,,8192,21,,,0
14029,'1192580',2126,,8193,21,,,0
14029,'1192627',1326,,8195,21,,,0
14029,'1192632',1226,,8196,21,,,0
14029,'1192674',1526,,8197,21,,,0
14029,'1192957',1726,,8200,21,,,0
14029,'1193009',1726,,8201,21,,,0
14029,'1193016',2056,,8202,21,,,0
14029,'1193023',1956,,8203,21,,,0
14029,'1193040',1126,,8204,21,,,0
14029,'1193048',726,,8205,21,,,0
14029,'1193064',1026,,8206,21,,,0
14029,'1193291',1326,,8207,21,,,0
