11019,'1196876',1504,,10448,25,,,0
11019,'1196884',1304,,10449,29,,,0
11019,'1196914',1147,,10450,29,,,0
11019,'1196958',806,,10451,29,,,0
11019,'1197000',1304,,10452,25,,,0
11019,'1197070',1904,,10453,25,,,0
11019,'1197071',1846,,10454,29,,,0
11019,'1197114',932,,10455,29,,,0
11019,'1197185',2304,,10456,25,,,0
11019,'1197191',1504,,10457,29,,,0
11019,'1197229',1419,,10458,29,,,0
11019,'1197234',1718,,10459,29,,,0
11019,'1197264',1749,,10460,29,,,0
11019,'1197274',947,,10461,29,,,0
11019,'1197327',1348,,10462,29,,,0
11019,'1197343',747,,10463,29,,,0
11019,'1197351',1604,,10464,25,,,0
11019,'1197398',1834,,10465,29,,,0
11019,'1197412',2316,,10466,29,,,0
11019,'1197422',1649,,10467,29,,,0
11019,'1197446',2404,,10468,25,,,0
11019,'1197463',717,,10469,29,,,0
11019,'1197502',632,,10470,29,,,0
11019,'1197519',802,,10471,29,,,0
11019,'1197564',2306,,10472,29,,,0
11019,'1197573',1404,,10473,25,,,0
11019,'1197695',1117,,10474,29,,,0
11019,'1197696',817,,10475,29,,,0
11019,'1197753',904,,10476,25,,,0
11019,'1197763',1534,,10477,29,,,0
11019,'1197795',2046,,10478,29,,,0
11019,'1197832',1634,,10479,29,,,0
11019,'1197875',2433,,10480,29,,,0
11019,'1197917',2406,,10481,29,,,0
11019,'1197925',1132,,10482,29,,,0
11019,'1197934',1548,,10483,29,,,0
11019,'1197978',1916,,10484,29,,,0
11019,'1197990',1448,,10485,29,,,0
11019,'1198012',902,,10486,29,,,0
11019,'1198053',1006,,10487,29,,,0
11019,'1198076',2016,,10488,29,,,0
11019,'1198113',2116,,10489,29,,,0
11019,'1198146',2246,,10490,29,,,0
11019,'1198266',2006,,10491,29,,,0
11019,'1198296',1704,,10492,25,,,0
11019,'1198337',917,,10493,29,,,0
11019,'1198341',1206,,10494,29,,,0
11019,'1198362',2204,,10495,25,,,0
11019,'1198405',1906,,10496,29,,,0
11019,'1198419',1519,,10497,29,,,0
11019,'1198470',1319,,10498,29,,,0
11019,'1198493',1819,,10499,29,,,0
11019,'1198506',1106,,10500,29,,,0
11019,'1198543',1032,,10501,29,,,0
11019,'1198548',1619,,10502,29,,,0
11019,'1198573',1202,,10503,29,,,0
11019,'1198590',2004,,10504,25,,,0
11019,'1198610',1604,,10505,29,,,0
11019,'1198623',706,,10506,29,,,0
11019,'1198660',1318,,10507,29,,,0
11019,'1198662',1804,,10508,25,,,0
11019,'1198696',1449,,10509,29,,,0
11019,'1198771',1518,,10510,29,,,0
11019,'1198808',1002,,10511,29,,,0
11019,'1198843',2104,,10512,25,,,0
11019,'1198927',1102,,10513,29,,,0
11019,'1198951',1734,,10514,29,,,0
11019,'1198978',1946,,10515,29,,,0
11019,'1199022',1246,,10516,29,,,0
11019,'1199024',2206,,10517,29,,,0
11019,'1199026',2216,,10518,29,,,0
11019,'1199059',1618,,10519,29,,,0
11019,'1199060',1404,,10520,29,,,0
11019,'1199064',1818,,10521,29,,,0
11019,'1199091',804,,10522,25,,,0
11019,'1199100',2146,,10523,29,,,0
11019,'1199118',1719,,10524,29,,,0
11019,'1199132',702,,10525,29,,,0
11019,'1199143',1748,,10526,29,,,0
11019,'1199154',1434,,10527,29,,,0
11019,'1199177',1704,,10528,29,,,0
11019,'1199180',2106,,10529,29,,,0
11019,'1199214',732,,10530,29,,,0
11019,'1199225',1549,,10531,29,,,0
11019,'1199227',1204,,10532,25,,,0
11019,'1199229',1418,,10533,29,,,0
11019,'1199253',1004,,10534,25,,,0
11019,'1199301',2343,,10535,29,,,0
11019,'1199306',1104,,10536,25,,,0
11019,'1199370',1804,,10537,29,,,0
11019,'1199376',847,,10538,29,,,0
11019,'1199394',906,,10539,29,,,0
11019,'1199403',832,,10540,29,,,0
11019,'1199410',1217,,10541,29,,,0
11019,'1199462',2413,,10542,29,,,0
11019,'1199476',1017,,10543,29,,,0
11019,'1199496',1334,,10544,29,,,0
11019,'1199508',1232,,10545,29,,,0
11019,'1199591',1648,,10546,29,,,0
11019,'1199603',1249,,10547,29,,,0
11019,'1199619',1047,,10548,29,,,0
11019,'1199623',1349,,10549,29,,,0
