11019,'1196876',1447,,10448,5,,,0
11019,'1196884',1245,,10449,9,,,0
11019,'1196914',1128,,10450,9,,,0
11019,'1196958',749,,10451,9,,,0
11019,'1197000',1247,,10452,5,,,0
11019,'1197070',1847,,10453,5,,,0
11019,'1197071',1827,,10454,9,,,0
11019,'1197114',913,,10455,9,,,0
11019,'1197185',2247,,10456,5,,,0
11019,'1197191',1445,,10457,9,,,0
11019,'1197229',1400,,10458,9,,,0
11019,'1197234',1659,,10459,9,,,0
11019,'1197264',1730,,10460,9,,,0
11019,'1197274',928,,10461,9,,,0
11019,'1197327',1329,,10462,9,,,0
11019,'1197343',728,,10463,9,,,0
11019,'1197351',1547,,10464,5,,,0
11019,'1197398',1815,,10465,9,,,0
11019,'1197412',2257,,10466,9,,,0
11019,'1197422',1630,,10467,9,,,0
11019,'1197446',2347,,10468,5,,,0
11019,'1197463',658,,10469,9,,,0
11019,'1197502',613,,10470,9,,,0
11019,'1197519',743,,10471,9,,,0
11019,'1197564',2249,,10472,9,,,0
11019,'1197573',1347,,10473,5,,,0
11019,'1197695',1058,,10474,9,,,0
11019,'1197696',758,,10475,9,,,0
11019,'1197753',847,,10476,5,,,0
11019,'1197763',1515,,10477,9,,,0
11019,'1197795',2027,,10478,9,,,0
11019,'1197832',1615,,10479,9,,,0
11019,'1197875',2414,,10480,9,,,0
11019,'1197917',2349,,10481,9,,,0
11019,'1197925',1113,,10482,9,,,0
11019,'1197934',1529,,10483,9,,,0
11019,'1197978',1857,,10484,9,,,0
11019,'1197990',1429,,10485,9,,,0
11019,'1198012',843,,10486,9,,,0
11019,'1198053',949,,10487,9,,,0
11019,'1198076',1957,,10488,9,,,0
11019,'1198113',2057,,10489,9,,,0
11019,'1198146',2227,,10490,9,,,0
11019,'1198266',1949,,10491,9,,,0
11019,'1198296',1647,,10492,5,,,0
11019,'1198337',858,,10493,9,,,0
11019,'1198341',1149,,10494,9,,,0
11019,'1198362',2147,,10495,5,,,0
11019,'1198405',1849,,10496,9,,,0
11019,'1198419',1500,,10497,9,,,0
11019,'1198470',1300,,10498,9,,,0
11019,'1198493',1800,,10499,9,,,0
11019,'1198506',1049,,10500,9,,,0
11019,'1198543',1013,,10501,9,,,0
11019,'1198548',1600,,10502,9,,,0
11019,'1198573',1143,,10503,9,,,0
11019,'1198590',1947,,10504,5,,,0
11019,'1198610',1545,,10505,9,,,0
11019,'1198623',649,,10506,9,,,0
11019,'1198660',1259,,10507,9,,,0
11019,'1198662',1747,,10508,5,,,0
11019,'1198696',1430,,10509,9,,,0
11019,'1198771',1459,,10510,9,,,0
11019,'1198808',943,,10511,9,,,0
11019,'1198843',2047,,10512,5,,,0
11019,'1198927',1043,,10513,9,,,0
11019,'1198951',1715,,10514,9,,,0
11019,'1198978',1927,,10515,9,,,0
11019,'1199022',1229,,10516,9,,,0
11019,'1199024',2149,,10517,9,,,0
11019,'1199026',2157,,10518,9,,,0
11019,'1199059',1559,,10519,9,,,0
11019,'1199060',1345,,10520,9,,,0
11019,'1199064',1759,,10521,9,,,0
11019,'1199091',747,,10522,5,,,0
11019,'1199100',2127,,10523,9,,,0
11019,'1199118',1700,,10524,9,,,0
11019,'1199132',643,,10525,9,,,0
11019,'1199143',1729,,10526,9,,,0
11019,'1199154',1415,,10527,9,,,0
11019,'1199177',1645,,10528,9,,,0
11019,'1199180',2049,,10529,9,,,0
11019,'1199214',713,,10530,9,,,0
11019,'1199225',1530,,10531,9,,,0
11019,'1199227',1147,,10532,5,,,0
11019,'1199229',1359,,10533,9,,,0
11019,'1199253',947,,10534,5,,,0
11019,'1199301',2324,,10535,9,,,0
11019,'1199306',1047,,10536,5,,,0
11019,'1199370',1745,,10537,9,,,0
11019,'1199376',828,,10538,9,,,0
11019,'1199394',849,,10539,9,,,0
11019,'1199403',813,,10540,9,,,0
11019,'1199410',1158,,10541,9,,,0
11019,'1199462',2354,,10542,9,,,0
11019,'1199476',958,,10543,9,,,0
11019,'1199496',1315,,10544,9,,,0
11019,'1199508',1213,,10545,9,,,0
11019,'1199591',1629,,10546,9,,,0
11019,'1199603',1230,,10547,9,,,0
11019,'1199619',1028,,10548,9,,,0
11019,'1199623',1330,,10549,9,,,0
140001019,'1196866',808,,12221,5,,,0
140001019,'1196880',2208,,12222,5,,,0
140001019,'1196896',1023,,12223,5,,,0
140001019,'1196898',2138,,12224,5,,,0
140001019,'1196900',1923,,12225,5,,,0
140001019,'1196905',1857,,12226,5,,,0
140001019,'1196939',2308,,12227,5,,,0
140001019,'1196943',1324,,12228,5,,,0
140001019,'1196945',2333,,12229,5,,,0
140001019,'1196967',638,,12230,5,,,0
140001019,'1197008',1357,,12231,5,,,0
140001019,'1197072',1414,,12232,5,,,0
140001019,'1197075',1539,,12233,5,,,0
140001019,'1197086',1838,,12234,5,,,0
140001019,'1197088',2038,,12235,5,,,0
140001019,'1197102',653,,12236,5,,,0
140001019,'1197146',1554,,12237,5,,,0
140001019,'1197212',1309,,12238,5,,,0
140001019,'1197216',923,,12239,5,,,0
140001019,'1197238',1154,,12240,5,,,0
140001019,'1197266',1454,,12241,5,,,0
140001019,'1197267',1624,,12242,5,,,0
140001019,'1197281',1629,,12243,5,,,0
140001019,'1197287',938,,12244,5,,,0
140001019,'1197324',1559,,12245,5,,,0
140001019,'1197328',1008,,12246,5,,,0
140001019,'1197350',1038,,12247,5,,,0
140001019,'1197407',1409,,12248,5,,,0
140001019,'1197438',1724,,12249,5,,,0
140001019,'1197459',953,,12250,5,,,0
140001019,'1197465',1124,,12251,5,,,0
140001019,'1197470',1739,,12252,5,,,0
140001019,'1197474',1008,,12253,5,,,0
140001019,'1197516',1429,,12254,5,,,0
140001019,'1197563',1823,,12255,5,,,0
140001019,'1197567',1938,,12256,5,,,0
140001019,'1197593',1224,,12257,5,,,0
140001019,'1197607',1644,,12258,5,,,0
140001019,'1197613',1744,,12259,5,,,0
140001019,'1197621',1754,,12260,5,,,0
140001019,'1197622',2023,,12261,5,,,0
140001019,'1197646',1209,,12262,5,,,0
140001019,'1197676',1139,,12263,5,,,0
140001019,'1197685',1024,,12264,5,,,0
140001019,'1197688',1309,,12265,5,,,0
140001019,'1197689',1424,,12266,5,,,0
140001019,'1197693',1729,,12267,5,,,0
140001019,'1197729',1953,,12268,5,,,0
140001019,'1197734',1557,,12269,5,,,0
140001019,'1197741',1324,,12270,5,,,0
140001019,'1197745',1209,,12271,5,,,0
140001019,'1197767',1109,,12272,5,,,0
140001019,'1197797',2008,,12273,5,,,0
140001019,'1197802',853,,12274,5,,,0
140001019,'1197830',908,,12275,5,,,0
140001019,'1197894',1809,,12276,5,,,0
140001019,'1197944',1057,,12277,5,,,0
140001019,'1197964',1254,,12278,5,,,0
140001019,'1197966',1039,,12279,5,,,0
140001019,'1197987',1614,,12280,5,,,0
140001019,'1197988',738,,12281,5,,,0
140001019,'1198009',2053,,12282,5,,,0
140001019,'1198027',2257,,12283,5,,,0
140001019,'1198035',823,,12284,5,,,0
140001019,'1198147',2057,,12285,5,,,0
140001019,'1198155',1154,,12286,5,,,0
140001019,'1198177',2038,,12287,5,,,0
140001019,'1198195',1254,,12288,5,,,0
140001019,'1198235',1654,,12289,5,,,0
140001019,'1198264',1257,,12290,5,,,0
140001019,'1198294',1354,,12291,5,,,0
140001019,'1198302',2008,,12292,5,,,0
140001019,'1198324',1754,,12293,5,,,0
140001019,'1198349',723,,12294,5,,,0
140001019,'1198356',1709,,12295,5,,,0
140001019,'1198378',708,,12296,5,,,0
140001019,'1198384',1124,,12297,5,,,0
140001019,'1198418',1908,,12298,5,,,0
140001019,'1198429',1853,,12299,5,,,0
140001019,'1198452',1757,,12300,5,,,0
140001019,'1198461',838,,12301,5,,,0
140001019,'1198463',1823,,12302,5,,,0
140001019,'1198487',1838,,12303,5,,,0
140001019,'1198515',1224,,12304,5,,,0
140001019,'1198535',1659,,12305,5,,,0
140001019,'1198541',1053,,12306,5,,,0
140001019,'1198549',638,,12307,5,,,0
140001019,'1198579',1639,,12308,5,,,0
140001019,'1198595',2108,,12309,5,,,0
140001019,'1198601',1609,,12310,5,,,0
140001019,'1198665',2308,,12311,5,,,0
140001019,'1198666',757,,12312,5,,,0
140001019,'1198714',1444,,12313,5,,,0
140001019,'1198763',2408,,12314,5,,,0
140001019,'1198766',957,,12315,5,,,0
140001019,'1198781',1808,,12316,5,,,0
140001019,'1198791',1509,,12317,5,,,0
140001019,'1198797',808,,12318,5,,,0
140001019,'1198813',1457,,12319,5,,,0
140001019,'1198814',2357,,12320,5,,,0
140001019,'1198835',1339,,12321,5,,,0
140001019,'1198872',838,,12322,5,,,0
140001019,'1198878',1239,,12323,5,,,0
140001019,'1198900',1459,,12324,5,,,0
140001019,'1198920',2108,,12325,5,,,0
140001019,'1198925',1108,,12326,5,,,0
140001019,'1198926',908,,12327,5,,,0
140001019,'1198932',953,,12328,5,,,0
140001019,'1198964',1714,,12329,5,,,0
140001019,'1198965',1354,,12330,5,,,0
140001019,'1198980',1529,,12331,5,,,0
140001019,'1199018',2408,,12332,5,,,0
140001019,'1199069',2157,,12333,5,,,0
140001019,'1199136',1239,,12334,5,,,0
140001019,'1199170',738,,12335,5,,,0
140001019,'1199213',2338,,12336,5,,,0
140001019,'1199235',857,,12337,5,,,0
140001019,'1199268',753,,12338,5,,,0
140001019,'1199282',1054,,12339,5,,,0
140001019,'1199297',1514,,12340,5,,,0
140001019,'1199319',938,,12341,5,,,0
140001019,'1199330',1853,,12342,5,,,0
140001019,'1199354',1938,,12343,5,,,0
140001019,'1199367',2138,,12344,5,,,0
140001019,'1199377',1157,,12345,5,,,0
140001019,'1199402',1657,,12346,5,,,0
140001019,'1199414',1439,,12347,5,,,0
140001019,'1199449',1139,,12348,5,,,0
140001019,'1199458',1339,,12349,5,,,0
140001019,'1199468',2238,,12350,5,,,0
140001019,'1199492',1544,,12351,5,,,0
140001019,'1199516',2208,,12352,5,,,0
140001019,'1199563',2238,,12353,5,,,0
140001019,'1199606',1524,,12354,5,,,0
140001019,'1199624',1908,,12355,5,,,0
140001019,'1199632',708,,12356,5,,,0
140001019,'1199638',1957,,12357,5,,,0
