105029,'1196840',2313,,12163,44,,,0
105029,'1196987',1028,,12164,44,,,0
105029,'1196996',1700,,12165,44,,,0
105029,'1197020',1544,,12166,44,,,0
105029,'1197097',1800,,12167,44,,,0
105029,'1197137',2026,,12168,44,,,0
105029,'1197220',2013,,12169,44,,,0
105029,'1197228',1515,,12170,44,,,0
105029,'1197231',743,,12171,44,,,0
105029,'1197439',1144,,12172,44,,,0
105029,'1197501',1944,,12173,44,,,0
105029,'1197522',2144,,12174,44,,,0
105029,'1197561',1015,,12175,44,,,0
105029,'1197638',944,,12176,44,,,0
105029,'1197840',2113,,12177,44,,,0
105029,'1197853',2213,,12178,44,,,0
105029,'1197918',1843,,12179,44,,,0
105029,'1197968',2344,,12180,44,,,0
105029,'1198013',1344,,12181,44,,,0
105029,'1198037',1115,,12182,44,,,0
105029,'1198064',1828,,12183,44,,,0
105029,'1198187',1228,,12184,44,,,0
105029,'1198214',1744,,12185,44,,,0
105029,'1198417',1328,,12186,44,,,0
105029,'1198447',1730,,12187,44,,,0
105029,'1198529',1528,,12188,44,,,0
105029,'1198616',713,,12189,44,,,0
105029,'1198625',1630,,12190,44,,,0
105029,'1198711',1330,,12191,44,,,0
105029,'1198718',1545,,12192,44,,,0
105029,'1198725',1728,,12193,44,,,0
105029,'1198779',826,,12194,44,,,0
105029,'1198918',1428,,12195,44,,,0
105029,'1198922',2418,,12196,44,,,0
105029,'1198923',643,,12197,44,,,0
105029,'1199012',626,,12198,44,,,0
105029,'1199037',1415,,12199,44,,,0
105029,'1199107',1445,,12200,44,,,0
105029,'1199124',2426,,12201,44,,,0
105029,'1199144',1230,,12202,44,,,0
105029,'1199148',744,,12203,44,,,0
105029,'1199220',1128,,12204,44,,,0
105029,'1199470',2226,,12205,44,,,0
105029,'1199473',913,,12206,44,,,0
105029,'1199604',813,,12207,44,,,0
105029,'1199607',1628,,12208,44,,,0
