28029,'1190770',2311,,8872,10,,,0
28029,'1190803',826,,8873,10,,,0
28029,'1190860',656,,8874,10,,,0
28029,'1190970',2411,,8876,10,,,0
28029,'1191052',2211,,8878,10,,,0
28029,'1191081',1126,,8879,10,,,0
28029,'1191269',2226,,8881,10,,,0
28029,'1191271',1656,,8882,10,,,0
28029,'1191336',811,,8883,10,,,0
28029,'1191340',1526,,8884,10,,,0
28029,'1191354',1512,,8885,10,,,0
28029,'1191361',1326,,8886,10,,,0
28029,'1191396',2026,,8887,10,,,0
28029,'1191399',1926,,8888,10,,,0
28029,'1191469',1856,,8889,10,,,0
28029,'1191538',1911,,8890,10,,,0
28029,'1191558',626,,8891,10,,,0
28029,'1191761',2111,,8893,10,,,0
28029,'1191796',1011,,8894,10,,,0
28029,'1191849',911,,8896,10,,,0
28029,'1191894',856,,8897,10,,,0
28029,'1191989',1756,,8899,10,,,0
28029,'1192036',1412,,8901,10,,,0
28029,'1192139',1726,,8904,10,,,0
28029,'1192188',756,,8905,10,,,0
28029,'1192302',1811,,8907,10,,,0
28029,'1192378',2326,,8909,10,,,0
28029,'1192387',711,,8910,10,,,0
28029,'1192517',1026,,8911,10,,,0
28029,'1192556',1626,,8912,10,,,0
28029,'1192593',1826,,8913,10,,,0
28029,'1192638',1111,,8914,10,,,0
28029,'1192687',2011,,8915,10,,,0
28029,'1192748',726,,8916,10,,,0
28029,'1192752',1711,,8917,10,,,0
28029,'1192786',1212,,8918,10,,,0
28029,'1192789',926,,8919,10,,,0
28029,'1192890',1430,,8920,10,,,0
28029,'1192951',1312,,8921,10,,,0
28029,'1193018',1612,,8922,10,,,0
28029,'1193161',1226,,8926,10,,,0
28029,'1193302',2126,,8928,10,,,0
