13019,'1196852',1320,,10793,5,,,0
13019,'1196856',1719,,10794,5,,,0
13019,'1196999',919,,10796,5,,,0
13019,'1197035',619,,10797,5,,,0
13019,'1197132',1450,,10798,5,,,0
13019,'1197251',1550,,10799,5,,,0
13019,'1197279',720,,10800,5,,,0
13019,'1197353',2249,,10801,5,,,0
13019,'1197357',1820,,10802,5,,,0
13019,'1197451',2219,,10803,5,,,0
13019,'1197487',819,,10804,5,,,0
13019,'1197555',1620,,10805,5,,,0
13019,'1197570',920,,10806,5,,,0
13019,'1197575',1620,,10807,5,,,0
13019,'1197641',2020,,10808,5,,,0
13019,'1197645',1650,,10809,5,,,0
13019,'1197648',649,,10810,5,,,0
13019,'1197690',1619,,10811,5,,,0
13019,'1197692',1720,,10812,5,,,0
13019,'1197730',1420,,10813,5,,,0
13019,'1197762',2354,,10814,5,,,0
13019,'1197803',719,,10815,5,,,0
13019,'1197834',1219,,10816,5,,,0
13019,'1197854',2019,,10817,5,,,0
13019,'1197962',1319,,10818,5,,,0
13019,'1197975',1020,,10819,5,,,0
13019,'1198041',1119,,10820,5,,,0
13019,'1198094',1749,,10821,5,,,0
13019,'1198160',819,,10822,5,,,0
13019,'1198201',1220,,10823,5,,,0
13019,'1198243',1819,,10824,5,,,0
13019,'1198290',2149,,10825,5,,,0
13019,'1198352',719,,10826,5,,,0
13019,'1198355',1849,,10827,5,,,0
13019,'1198382',749,,10828,5,,,0
13019,'1198402',2220,,10829,5,,,0
13019,'1198552',2120,,10830,5,,,0
13019,'1198554',1919,,10831,5,,,0
13019,'1198602',1120,,10832,5,,,0
13019,'1198611',1949,,10833,5,,,0
13019,'1198630',1520,,10834,5,,,0
13019,'1198675',1220,,10835,5,,,0
13019,'1198716',1019,,10837,5,,,0
13019,'1198729',949,,10838,5,,,0
13019,'1198761',1320,,10839,5,,,0
13019,'1198778',919,,10840,5,,,0
13019,'1198837',2320,,10841,5,,,0
13019,'1198874',1120,,10842,5,,,0
13019,'1198888',849,,10843,5,,,0
13019,'1199044',820,,10844,5,,,0
13019,'1199123',1020,,10845,5,,,0
13019,'1199151',1420,,10846,5,,,0
13019,'1199233',1419,,10847,5,,,0
13019,'1199276',1519,,10848,5,,,0
13019,'1199284',2049,,10849,5,,,0
13019,'1199418',1920,,10850,5,,,0
13019,'1199448',1720,,10851,5,,,0
13019,'1199536',2119,,10852,5,,,0
13019,'1199588',2319,,10853,5,,,0
13019,'1199631',1520,,10854,5,,,0
101029,'1196911',734,,11834,5,,,0
101029,'1197033',1819,,11835,5,,,0
101029,'1197060',834,,11836,5,,,0
101029,'1197096',1019,,11837,5,,,0
101029,'1197257',1034,,11838,5,,,0
101029,'1197272',1219,,11839,5,,,0
101029,'1197326',1535,,11840,5,,,0
101029,'1197581',2019,,11841,5,,,0
101029,'1197673',1419,,11842,5,,,0
101029,'1197747',2134,,11843,5,,,0
101029,'1197977',1619,,11844,5,,,0
101029,'1198059',619,,11845,5,,,0
101029,'1198116',1019,,11846,5,,,0
101029,'1198125',819,,11847,5,,,0
101029,'1198200',1219,,11848,5,,,0
101029,'1198251',934,,11849,5,,,0
101029,'1198346',819,,11850,5,,,0
101029,'1198498',2219,,11851,5,,,0
101029,'1198530',2219,,11852,5,,,0
101029,'1198631',1635,,11853,5,,,0
101029,'1198644',2354,,11854,5,,,0
101029,'1198710',1619,,11855,5,,,0
101029,'1198715',1734,,11856,5,,,0
101029,'1198953',2019,,11857,5,,,0
101029,'1198984',1335,,11858,5,,,0
101029,'1199108',1235,,11859,5,,,0
101029,'1199117',634,,11860,5,,,0
101029,'1199304',1819,,11861,5,,,0
101029,'1199366',1419,,11862,5,,,0
101029,'1199567',1934,,11863,5,,,0
101029,'1199585',1435,,11864,5,,,0
101029,'1199990',1235,,12786,5,,,0
101029,'1199994',1535,,12787,5,,,0
101029,'1199997',734,,12788,5,,,0
101029,'1199998',1734,,12789,5,,,0
101029,'1199999',1034,,12790,5,,,0
101029,'1200000',2354,,12791,5,,,0
101029,'1200001',634,,12792,5,,,0
101029,'1200002',1635,,12793,5,,,0
101029,'1200005',1435,,12794,5,,,0
101029,'1200007',934,,12795,5,,,0
101029,'1200010',1335,,12796,5,,,0
101029,'1200012',1934,,12797,5,,,0
101029,'1200016',2134,,12798,5,,,0
101029,'1200017',834,,12799,5,,,0
