14029,'1196849',1732,,10975,36,,,0
14029,'1196912',802,,10976,36,,,0
14029,'1197024',1532,,10977,36,,,0
14029,'1197041',2332,,10978,36,,,0
14029,'1197050',1631,,10979,36,,,0
14029,'1197119',1733,,10980,36,,,0
14029,'1197130',2231,,10981,36,,,0
14029,'1197219',1531,,10982,36,,,0
14029,'1197237',1331,,10983,36,,,0
14029,'1197250',632,,10984,36,,,0
14029,'1197265',1802,,10985,36,,,0
14029,'1197310',2232,,10986,36,,,0
14029,'1197323',1332,,10987,36,,,0
14029,'1197440',2131,,10988,36,,,0
14029,'1197456',1533,,10989,36,,,0
14029,'1197472',1131,,10990,36,,,0
14029,'1197493',1902,,10991,36,,,0
14029,'1197512',1633,,10992,36,,,0
14029,'1197515',1432,,10993,36,,,0
14029,'1197597',732,,10994,36,,,0
14029,'1197605',2302,,10995,36,,,0
14029,'1197639',1231,,10996,36,,,0
14029,'1197699',2002,,10997,36,,,0
14029,'1197717',1731,,10998,36,,,0
14029,'1197738',1031,,10999,36,,,0
14029,'1197809',1632,,11000,36,,,0
14029,'1197863',2407,,11001,36,,,0
14029,'1197882',1431,,11002,36,,,0
14029,'1197961',1232,,11003,36,,,0
14029,'1198040',1032,,11004,36,,,0
14029,'1198078',1132,,11005,36,,,0
14029,'1198100',902,,11006,36,,,0
14029,'1198198',2202,,11007,36,,,0
14029,'1198204',2102,,11008,36,,,0
14029,'1198269',702,,11009,36,,,0
14029,'1198326',931,,11010,36,,,0
14029,'1198404',732,,11011,36,,,0
14029,'1198426',2132,,11012,36,,,0
14029,'1198570',832,,11013,36,,,0
14029,'1198612',2331,,11014,36,,,0
14029,'1198728',831,,11015,36,,,0
14029,'1198772',1832,,11016,36,,,0
14029,'1198830',932,,11017,36,,,0
14029,'1198941',1133,,11018,36,,,0
14029,'1198956',1433,,11019,36,,,0
14029,'1199040',2032,,11020,36,,,0
14029,'1199065',1233,,11021,36,,,0
14029,'1199076',1831,,11022,36,,,0
14029,'1199083',1703,,11023,36,,,0
14029,'1199184',932,,11024,36,,,0
14029,'1199200',832,,11025,36,,,0
14029,'1199222',1603,,11026,36,,,0
14029,'1199266',1333,,11027,36,,,0
14029,'1199447',1932,,11028,36,,,0
14029,'1199472',2031,,11029,36,,,0
14029,'1199520',1033,,11030,36,,,0
14029,'1199554',731,,11031,36,,,0
14029,'1199573',1931,,11032,36,,,0
14029,'1199643',1503,,11033,36,,,0
