14029,'1196849',1732,,10975,35,,,0
14029,'1196912',802,,10976,35,,,0
14029,'1197024',1532,,10977,35,,,0
14029,'1197041',2332,,10978,35,,,0
14029,'1197050',1631,,10979,35,,,0
14029,'1197119',1733,,10980,35,,,0
14029,'1197130',2231,,10981,35,,,0
14029,'1197219',1531,,10982,35,,,0
14029,'1197237',1331,,10983,35,,,0
14029,'1197250',632,,10984,35,,,0
14029,'1197265',1802,,10985,35,,,0
14029,'1197310',2232,,10986,35,,,0
14029,'1197323',1332,,10987,35,,,0
14029,'1197440',2131,,10988,35,,,0
14029,'1197456',1533,,10989,35,,,0
14029,'1197472',1131,,10990,35,,,0
14029,'1197493',1902,,10991,35,,,0
14029,'1197512',1633,,10992,35,,,0
14029,'1197515',1432,,10993,35,,,0
14029,'1197597',732,,10994,35,,,0
14029,'1197605',2302,,10995,35,,,0
14029,'1197639',1231,,10996,35,,,0
14029,'1197699',2002,,10997,35,,,0
14029,'1197717',1731,,10998,35,,,0
14029,'1197738',1031,,10999,35,,,0
14029,'1197809',1632,,11000,35,,,0
14029,'1197863',2407,,11001,35,,,0
14029,'1197882',1431,,11002,35,,,0
14029,'1197961',1232,,11003,35,,,0
14029,'1198040',1032,,11004,35,,,0
14029,'1198078',1132,,11005,35,,,0
14029,'1198100',902,,11006,35,,,0
14029,'1198198',2202,,11007,35,,,0
14029,'1198204',2102,,11008,35,,,0
14029,'1198269',702,,11009,35,,,0
14029,'1198326',931,,11010,35,,,0
14029,'1198404',732,,11011,35,,,0
14029,'1198426',2132,,11012,35,,,0
14029,'1198570',832,,11013,35,,,0
14029,'1198612',2331,,11014,35,,,0
14029,'1198728',831,,11015,35,,,0
14029,'1198772',1832,,11016,35,,,0
14029,'1198830',932,,11017,35,,,0
14029,'1198941',1133,,11018,35,,,0
14029,'1198956',1433,,11019,35,,,0
14029,'1199040',2032,,11020,35,,,0
14029,'1199065',1233,,11021,35,,,0
14029,'1199076',1831,,11022,35,,,0
14029,'1199083',1703,,11023,35,,,0
14029,'1199184',932,,11024,35,,,0
14029,'1199200',832,,11025,35,,,0
14029,'1199222',1603,,11026,35,,,0
14029,'1199266',1333,,11027,35,,,0
14029,'1199447',1932,,11028,35,,,0
14029,'1199472',2031,,11029,35,,,0
14029,'1199520',1033,,11030,35,,,0
14029,'1199554',731,,11031,35,,,0
14029,'1199573',1931,,11032,35,,,0
14029,'1199643',1503,,11033,35,,,0
