3019,'1196834',1810,,10159,17,,,0
3019,'1196848',2110,,10160,17,,,0
3019,'1196854',710,,10161,17,,,0
3019,'1196968',1227,,10162,17,,,0
3019,'1196971',2010,,10163,17,,,0
3019,'1197069',711,,10164,17,,,0
3019,'1197076',2140,,10165,17,,,0
3019,'1197107',1241,,10166,17,,,0
3019,'1197120',2410,,10167,17,,,0
3019,'1197318',2210,,10168,17,,,0
3019,'1197369',2327,,10169,17,,,0
3019,'1197372',2227,,10170,17,,,0
3019,'1197378',910,,10171,17,,,0
3019,'1197462',911,,10172,17,,,0
3019,'1197478',1611,,10173,17,,,0
3019,'1197537',927,,10174,17,,,0
3019,'1197572',1341,,10175,17,,,0
3019,'1197590',841,,10176,17,,,0
3019,'1197618',1711,,10177,17,,,0
3019,'1197731',2010,,10179,17,,,0
3019,'1197748',1011,,10180,17,,,0
3019,'1197755',1041,,10181,17,,,0
3019,'1197810',1441,,10182,17,,,0
3019,'1197819',1910,,10183,17,,,0
3019,'1197850',1541,,10184,17,,,0
3019,'1197851',941,,10185,17,,,0
3019,'1197897',1111,,10186,17,,,0
3019,'1197923',1211,,10187,17,,,0
3019,'1197941',1511,,10188,17,,,0
3019,'1198025',1611,,10189,17,,,0
3019,'1198093',1840,,10190,17,,,0
3019,'1198098',1141,,10191,17,,,0
3019,'1198111',1010,,10192,17,,,0
3019,'1198119',1527,,10193,17,,,0
3019,'1198124',1411,,10194,17,,,0
3019,'1198153',1910,,10195,17,,,0
3019,'1198229',1511,,10196,17,,,0
3019,'1198237',1641,,10197,17,,,0
3019,'1198265',2110,,10198,17,,,0
3019,'1198278',1940,,10199,17,,,0
3019,'1198430',1627,,10200,17,,,0
3019,'1198432',1810,,10201,17,,,0
3019,'1198501',1711,,10202,17,,,0
3019,'1198514',641,,10203,17,,,0
3019,'1198654',1727,,10204,17,,,0
3019,'1198677',827,,10205,17,,,0
3019,'1198680',811,,10206,17,,,0
3019,'1198689',2400,,10207,17,,,0
3019,'1198691',1741,,10208,17,,,0
3019,'1198742',2210,,10209,17,,,0
3019,'1198777',1411,,10210,17,,,0
3019,'1198788',727,,10211,17,,,0
3019,'1198845',1027,,10212,17,,,0
3019,'1198989',2127,,10213,17,,,0
3019,'1198991',1827,,10214,17,,,0
3019,'1199009',1327,,10215,17,,,0
3019,'1199035',1211,,10216,17,,,0
3019,'1199052',2027,,10217,17,,,0
3019,'1199066',1127,,10218,17,,,0
3019,'1199133',1311,,10219,17,,,0
3019,'1199262',2310,,10220,17,,,0
3019,'1199277',741,,10221,17,,,0
3019,'1199346',1311,,10222,17,,,0
3019,'1199408',2040,,10223,17,,,0
3019,'1199412',1427,,10224,17,,,0
3019,'1199440',2310,,10225,17,,,0
3019,'1199509',810,,10226,17,,,0
3019,'1199600',1927,,10228,17,,,0
3019,'1199612',1111,,10229,17,,,0
