101019,'1190633',1147,,8977,23,,,0
101019,'1190779',1325,,8978,23,,,0
101019,'1190956',2125,,8980,23,,,0
101019,'1191198',547,,8981,23,,,0
101019,'1191333',2247,,8983,23,,,0
101019,'1191377',1525,,8984,23,,,0
101019,'1191432',1725,,8986,23,,,0
101019,'1191480',1349,,8987,23,,,0
101019,'1192063',847,,8990,23,,,0
101019,'1192135',1047,,8991,23,,,0
101019,'1192166',1847,,8992,23,,,0
101019,'1192271',947,,8993,23,,,0
101019,'1192448',925,,8995,23,,,0
101019,'1192613',747,,8996,23,,,0
101019,'1192782',1649,,8997,23,,,0
101019,'1192859',1125,,8998,23,,,0
101019,'1192896',1925,,8999,23,,,0
101019,'1192958',2046,,9001,23,,,0
101019,'1192961',725,,9002,23,,,0
101019,'1192963',2325,,9003,23,,,0
101019,'1193022',1449,,9004,23,,,0
101019,'1193164',1549,,9006,23,,,0
101019,'1193193',1749,,9007,23,,,0
101029,'1190605',1113,,9008,52,,,0
101029,'1190678',1315,,9009,52,,,0
101029,'1190957',1013,,9011,52,,,0
101029,'1191397',1615,,9015,52,,,0
101029,'1191454',1656,,9017,52,,,0
101029,'1191537',2056,,9018,52,,,0
101029,'1191600',1856,,9019,52,,,0
101029,'1191837',2256,,9020,52,,,0
101029,'1191844',1256,,9021,52,,,0
101029,'1191946',1415,,9022,52,,,0
101029,'1192220',2013,,9023,52,,,0
101029,'1192246',713,,9024,52,,,0
101029,'1192291',1456,,9025,52,,,0
101029,'1192305',2433,,9026,52,,,0
101029,'1192401',856,,9028,52,,,0
101029,'1192520',1715,,9029,52,,,0
101029,'1192600',2213,,9031,52,,,0
101029,'1192680',1515,,9032,52,,,0
101029,'1192726',1056,,9033,52,,,0
101029,'1192973',1813,,9034,52,,,0
101029,'1193049',813,,9035,52,,,0
101029,'1193166',656,,9037,52,,,0
101029,'1193226',913,,9038,52,,,0
