13019,'1196852',1329,,10793,21,,,0
13019,'1196856',1727,,10794,21,,,0
13019,'1196999',927,,10796,21,,,0
13019,'1197035',627,,10797,21,,,0
13019,'1197132',1459,,10798,21,,,0
13019,'1197251',1559,,10799,21,,,0
13019,'1197279',728,,10800,21,,,0
13019,'1197353',2257,,10801,21,,,0
13019,'1197357',1828,,10802,21,,,0
13019,'1197451',2227,,10803,21,,,0
13019,'1197487',827,,10804,21,,,0
13019,'1197555',1629,,10805,21,,,0
13019,'1197570',928,,10806,21,,,0
13019,'1197575',1628,,10807,21,,,0
13019,'1197641',2028,,10808,21,,,0
13019,'1197645',1659,,10809,21,,,0
13019,'1197648',657,,10810,21,,,0
13019,'1197690',1627,,10811,21,,,0
13019,'1197692',1729,,10812,21,,,0
13019,'1197730',1429,,10813,21,,,0
13019,'1197762',2402,,10814,21,,,0
13019,'1197803',727,,10815,21,,,0
13019,'1197834',1227,,10816,21,,,0
13019,'1197854',2027,,10817,21,,,0
13019,'1197962',1327,,10818,21,,,0
13019,'1197975',1029,,10819,21,,,0
13019,'1198041',1127,,10820,21,,,0
13019,'1198094',1757,,10821,21,,,0
13019,'1198160',827,,10822,21,,,0
13019,'1198201',1228,,10823,21,,,0
13019,'1198243',1827,,10824,21,,,0
13019,'1198290',2157,,10825,21,,,0
13019,'1198352',727,,10826,21,,,0
13019,'1198355',1857,,10827,21,,,0
13019,'1198382',757,,10828,21,,,0
13019,'1198402',2228,,10829,21,,,0
13019,'1198552',2128,,10830,21,,,0
13019,'1198554',1927,,10831,21,,,0
13019,'1198602',1128,,10832,21,,,0
13019,'1198611',1957,,10833,21,,,0
13019,'1198630',1529,,10834,21,,,0
13019,'1198675',1229,,10835,21,,,0
13019,'1198716',1027,,10837,21,,,0
13019,'1198729',957,,10838,21,,,0
13019,'1198761',1328,,10839,21,,,0
13019,'1198778',927,,10840,21,,,0
13019,'1198837',2328,,10841,21,,,0
13019,'1198874',1129,,10842,21,,,0
13019,'1198888',857,,10843,21,,,0
13019,'1199044',828,,10844,21,,,0
13019,'1199123',1028,,10845,21,,,0
13019,'1199151',1428,,10846,21,,,0
13019,'1199233',1427,,10847,21,,,0
13019,'1199276',1527,,10848,21,,,0
13019,'1199284',2057,,10849,21,,,0
13019,'1199418',1928,,10850,21,,,0
13019,'1199448',1728,,10851,21,,,0
13019,'1199536',2127,,10852,21,,,0
13019,'1199588',2327,,10853,21,,,0
13019,'1199631',1528,,10854,21,,,0
