11029,'1199774',1534,,10550,21,,,0
11029,'1199777',948,,10551,21,,,0
11029,'1199778',1334,,10552,21,,,0
11029,'1199779',2332,,10553,21,,,0
11029,'1199780',1232,,10554,21,,,0
11029,'1199781',1148,,10555,21,,,0
11029,'1199782',1649,,10556,21,,,0
11029,'1199783',2232,,10557,21,,,0
11029,'1199785',1332,,10558,21,,,0
11029,'1199786',818,,10559,21,,,0
11029,'1199787',1634,,10560,21,,,0
11029,'1199788',1604,,10561,21,,,0
11029,'1199789',1449,,10562,21,,,0
11029,'1199790',1502,,10563,21,,,0
11029,'1199791',1132,,10564,21,,,0
11029,'1199792',1549,,10565,21,,,0
11029,'1199793',2348,,10566,21,,,0
11029,'1199794',833,,10567,21,,,0
11029,'1199795',1504,,10568,21,,,0
11029,'1199796',1203,,10569,21,,,0
11029,'1199797',1804,,10570,21,,,0
11029,'1199799',748,,10571,21,,,0
11029,'1199800',1719,,10572,21,,,0
11029,'1199804',933,,10573,21,,,0
11029,'1199808',1032,,10574,21,,,0
11029,'1199809',1734,,10575,21,,,0
11029,'1199810',1103,,10576,21,,,0
11029,'1199811',1048,,10577,21,,,0
11029,'1199812',1602,,10578,21,,,0
11029,'1199813',2332,,10579,21,,,0
11029,'1199814',1234,,10580,21,,,0
11029,'1199815',1632,,10581,21,,,0
11029,'1199816',1202,,10582,21,,,0
11029,'1199818',733,,10583,21,,,0
11029,'1199819',1133,,10584,21,,,0
11029,'1199820',1749,,10585,21,,,0
11029,'1199821',1532,,10586,21,,,0
11029,'1199823',1302,,10587,21,,,0
11029,'1199825',2032,,10588,21,,,0
11029,'1199826',2408,,10589,21,,,0
11029,'1199828',1419,,10590,21,,,0
11029,'1199830',1319,,10591,21,,,0
11029,'1199831',2018,,10592,21,,,0
11029,'1199834',648,,10593,21,,,0
11029,'1199836',803,,10594,21,,,0
11029,'1199838',1519,,10595,21,,,0
11029,'1199839',732,,10596,21,,,0
11029,'1199843',1349,,10597,21,,,0
11029,'1199844',2032,,10598,21,,,0
11029,'1199846',1434,,10599,21,,,0
11029,'1199847',932,,10600,21,,,0
11029,'1199848',918,,10601,21,,,0
11029,'1199849',2132,,10602,21,,,0
11029,'1199850',1532,,10603,21,,,0
11029,'1199852',718,,10604,21,,,0
11029,'1199853',1003,,10605,21,,,0
11029,'1199854',848,,10606,21,,,0
11029,'1199855',1632,,10607,21,,,0
11029,'1199856',2132,,10608,21,,,0
11029,'1199858',1619,,10609,21,,,0
11029,'1199860',1033,,10610,21,,,0
11029,'1199862',1948,,10611,21,,,0
11029,'1199863',832,,10612,21,,,0
11029,'1199864',1219,,10613,21,,,0
11029,'1199865',1732,,10614,21,,,0
11029,'1199866',1232,,10615,21,,,0
11029,'1199867',2048,,10616,21,,,0
11029,'1199869',1432,,10617,21,,,0
11029,'1199870',1332,,10618,21,,,0
11029,'1199871',1402,,10619,21,,,0
11029,'1199873',2218,,10620,21,,,0
11029,'1199874',1118,,10621,21,,,0
11029,'1199875',1018,,10622,21,,,0
11029,'1199876',703,,10623,21,,,0
11029,'1199877',1732,,10624,21,,,0
11029,'1199878',1704,,10625,21,,,0
11029,'1199881',1832,,10626,21,,,0
11029,'1199882',1918,,10627,21,,,0
11029,'1199883',1132,,10628,21,,,0
11029,'1199884',1932,,10629,21,,,0
11029,'1199886',1932,,10630,21,,,0
11029,'1199889',732,,10631,21,,,0
11029,'1199890',2118,,10632,21,,,0
11029,'1199891',2232,,10633,21,,,0
11029,'1199892',1832,,10634,21,,,0
11029,'1199893',1032,,10635,21,,,0
11029,'1199898',903,,10636,21,,,0
11029,'1199899',1848,,10637,21,,,0
11029,'1199902',1818,,10638,21,,,0
11029,'1199903',932,,10639,21,,,0
11029,'1199904',1702,,10640,21,,,0
11029,'1199906',633,,10641,21,,,0
11029,'1199907',2318,,10642,21,,,0
11029,'1199910',2248,,10643,21,,,0
11029,'1199911',2148,,10644,21,,,0
11029,'1199912',1404,,10645,21,,,0
11029,'1199913',1249,,10646,21,,,0
11029,'1199914',1304,,10647,21,,,0
11029,'1199919',832,,10648,21,,,0
11029,'1199920',1432,,10649,21,,,0
140001029,'1196879',623,,12358,13,,,0
140001029,'1196954',954,,12359,13,,,0
140001029,'1196975',1025,,12360,13,,,0
140001029,'1196976',2323,,12361,13,,,0
140001029,'1197010',1340,,12362,13,,,0
140001029,'1197038',1110,,12363,13,,,0
140001029,'1197058',1838,,12364,13,,,0
140001029,'1197078',1124,,12365,13,,,0
140001029,'1197099',2253,,12366,13,,,0
140001029,'1197105',2324,,12367,13,,,0
140001029,'1197113',853,,12368,13,,,0
140001029,'1197141',1441,,12369,13,,,0
140001029,'1197155',1739,,12370,13,,,0
140001029,'1197162',938,,12371,13,,,0
140001029,'1197190',1556,,12372,13,,,0
140001029,'1197195',1656,,12373,13,,,0
140001029,'1197198',1356,,12374,13,,,0
140001029,'1197204',924,,12375,13,,,0
140001029,'1197222',1225,,12376,13,,,0
140001029,'1197249',1224,,12377,13,,,0
140001029,'1197271',1939,,12378,13,,,0
140001029,'1197276',1054,,12379,13,,,0
140001029,'1197293',1511,,12380,13,,,0
140001029,'1197305',1524,,12381,13,,,0
140001029,'1197370',1210,,12382,13,,,0
140001029,'1197377',2223,,12383,13,,,0
140001029,'1197379',753,,12384,13,,,0
140001029,'1197386',1824,,12385,13,,,0
140001029,'1197424',2053,,12386,13,,,0
140001029,'1197426',1009,,12387,13,,,0
140001029,'1197432',953,,12388,13,,,0
140001029,'1197460',2223,,12389,13,,,0
140001029,'1197482',624,,12390,13,,,0
140001029,'1197494',2358,,12391,13,,,0
140001029,'1197497',1654,,12392,13,,,0
140001029,'1197568',1324,,12393,13,,,0
140001029,'1197611',2253,,12394,13,,,0
140001029,'1197612',1541,,12395,13,,,0
140001029,'1197619',1823,,12396,13,,,0
140001029,'1197627',838,,12397,13,,,0
140001029,'1197635',2224,,12398,13,,,0
140001029,'1197649',1325,,12399,13,,,0
140001029,'1197658',1924,,12400,13,,,0
140001029,'1197662',1055,,12401,13,,,0
140001029,'1197723',924,,12402,13,,,0
140001029,'1197758',1240,,12403,13,,,0
140001029,'1197776',2024,,12404,13,,,0
140001029,'1197849',2153,,12405,13,,,0
140001029,'1197888',1953,,12406,13,,,0
140001029,'1197928',1424,,12407,13,,,0
140001029,'1197938',1411,,12408,13,,,0
140001029,'1197948',1456,,12409,13,,,0
140001029,'1197957',1609,,12410,13,,,0
140001029,'1197967',1711,,12411,13,,,0
140001029,'1197972',1554,,12412,13,,,0
140001029,'1197983',723,,12413,13,,,0
140001029,'1198007',2123,,12414,13,,,0
140001029,'1198048',738,,12415,13,,,0
140001029,'1198049',708,,12416,13,,,0
140001029,'1198081',1254,,12417,13,,,0
140001029,'1198099',939,,12418,13,,,0
140001029,'1198101',1125,,12419,13,,,0
140001029,'1198102',824,,12420,13,,,0
140001029,'1198131',2024,,12421,13,,,0
140001029,'1198132',1024,,12422,13,,,0
140001029,'1198186',1754,,12423,13,,,0
140001029,'1198207',653,,12424,13,,,0
140001029,'1198209',908,,12425,13,,,0
140001029,'1198299',1154,,12426,13,,,0
140001029,'1198347',638,,12427,13,,,0
140001029,'1198350',1909,,12428,13,,,0
140001029,'1198371',1426,,12429,13,,,0
140001029,'1198391',2039,,12430,13,,,0
140001029,'1198425',2023,,12431,13,,,0
140001029,'1198451',2353,,12432,13,,,0
140001029,'1198469',1624,,12433,13,,,0
140001029,'1198505',1424,,12434,13,,,0
140001029,'1198517',1155,,12435,13,,,0
140001029,'1198540',724,,12436,13,,,0
140001029,'1198546',1024,,12437,13,,,0
140001029,'1198572',1539,,12438,13,,,0
140001029,'1198636',808,,12439,13,,,0
140001029,'1198643',1224,,12440,13,,,0
140001029,'1198645',1724,,12441,13,,,0
140001029,'1198655',754,,12442,13,,,0
140001029,'1198697',854,,12443,13,,,0
140001029,'1198757',1624,,12444,13,,,0
140001029,'1198770',1954,,12445,13,,,0
140001029,'1198787',1611,,12446,13,,,0
140001029,'1198789',1924,,12447,13,,,0
140001029,'1198794',1040,,12448,13,,,0
140001029,'1198796',2153,,12449,13,,,0
140001029,'1198802',1109,,12450,13,,,0
140001029,'1198817',1509,,12451,13,,,0
140001029,'1198824',1140,,12452,13,,,0
140001029,'1198860',1808,,12453,13,,,0
140001029,'1198934',1709,,12454,13,,,0
140001029,'1198970',1741,,12455,13,,,0
140001029,'1198973',923,,12456,13,,,0
140001029,'1198981',1824,,12457,13,,,0
140001029,'1198986',2323,,12458,13,,,0
140001029,'1198999',1339,,12459,13,,,0
140001029,'1199001',724,,12460,13,,,0
140001029,'1199006',823,,12461,13,,,0
140001029,'1199010',1754,,12462,13,,,0
140001029,'1199031',1209,,12463,13,,,0
140001029,'1199086',1010,,12464,13,,,0
140001029,'1199101',654,,12465,13,,,0
140001029,'1199110',1139,,12466,13,,,0
140001029,'1199113',1639,,12467,13,,,0
140001029,'1199128',1039,,12468,13,,,0
140001029,'1199156',1923,,12469,13,,,0
140001029,'1199174',1310,,12470,13,,,0
140001029,'1199189',824,,12471,13,,,0
140001029,'1199191',1809,,12472,13,,,0
140001029,'1199203',2054,,12473,13,,,0
140001029,'1199247',1641,,12474,13,,,0
140001029,'1199259',1839,,12475,13,,,0
140001029,'1199261',1409,,12476,13,,,0
140001029,'1199275',1526,,12477,13,,,0
140001029,'1199283',1324,,12478,13,,,0
140001029,'1199312',1239,,12479,13,,,0
140001029,'1199341',2009,,12480,13,,,0
140001029,'1199351',1309,,12481,13,,,0
140001029,'1199395',1726,,12482,13,,,0
140001029,'1199415',1853,,12483,13,,,0
140001029,'1199446',1854,,12484,13,,,0
140001029,'1199456',1524,,12485,13,,,0
140001029,'1199465',1724,,12486,13,,,0
140001029,'1199469',2123,,12487,13,,,0
140001029,'1199481',1626,,12488,13,,,0
140001029,'1199494',1454,,12489,13,,,0
140001029,'1199502',1354,,12490,13,,,0
140001029,'1199522',1439,,12491,13,,,0
140001029,'1199528',2124,,12492,13,,,0
140001029,'1199569',1124,,12493,13,,,0
140001029,'1199608',1255,,12494,13,,,0
