20019,'1190619',644,,8208,13,,,0
20019,'1190641',1714,,8209,13,,,0
20019,'1190738',613,,8210,13,,,0
20019,'1190758',1644,,8211,13,,,0
20019,'1190774',1844,,8212,13,,,0
20019,'1190805',1414,,8213,13,,,0
20019,'1190858',2343,,8216,13,,,0
20019,'1190997',814,,8218,13,,,0
20019,'1191053',844,,8219,13,,,0
20019,'1191089',2144,,8220,13,,,0
20019,'1191136',1914,,8221,13,,,0
20019,'1191180',1344,,8222,13,,,0
20019,'1191306',714,,8224,13,,,0
20019,'1191365',2114,,8225,13,,,0
20019,'1191367',2044,,8226,13,,,0
20019,'1191430',1544,,8228,13,,,0
20019,'1191441',1744,,8229,13,,,0
20019,'1191503',944,,8231,13,,,0
20019,'1191515',643,,8233,13,,,0
20019,'1191641',1814,,8234,13,,,0
20019,'1191735',1944,,8236,13,,,0
20019,'1191765',1044,,8237,13,,,0
20019,'1191882',2244,,8239,13,,,0
20019,'1191930',1644,,8240,13,,,0
20019,'1191994',1114,,8241,13,,,0
20019,'1192132',1314,,8242,13,,,0
20019,'1192365',1744,,8243,13,,,0
20019,'1192376',1214,,8244,13,,,0
20019,'1192518',744,,8248,13,,,0
20019,'1192714',1144,,8252,13,,,0
20019,'1192729',1014,,8253,13,,,0
20019,'1192784',2214,,8254,13,,,0
20019,'1192905',1614,,8255,13,,,0
20019,'1192933',2014,,8257,13,,,0
20019,'1193041',2314,,8258,13,,,0
20019,'1193116',2414,,8259,13,,,0
20019,'1193175',744,,8260,13,,,0
20019,'1193197',914,,8261,13,,,0
20019,'1193231',1244,,8262,13,,,0
20019,'1193236',1444,,8263,13,,,0
20019,'1193274',1514,,8265,13,,,0
