11029,'1190662',1423,,7754,14,,,0
11029,'1190674',1553,,7755,14,,,0
11029,'1190679',1223,,7756,14,,,0
11029,'1190687',2223,,7757,14,,,0
11029,'1190702',623,,7758,14,,,0
11029,'1190707',953,,7759,14,,,0
11029,'1190760',1353,,7761,14,,,0
11029,'1190767',1723,,7762,14,,,0
11029,'1190846',1253,,7763,14,,,0
11029,'1190868',1453,,7764,14,,,0
11029,'1190908',753,,7765,14,,,0
11029,'1190991',653,,7766,14,,,0
11029,'1191113',1053,,7768,14,,,0
11029,'1191117',1223,,7769,14,,,0
11029,'1191127',1323,,7770,14,,,0
11029,'1191206',1923,,7772,14,,,0
11029,'1191225',2053,,7774,14,,,0
11029,'1191301',723,,7776,14,,,0
11029,'1191458',1553,,7777,14,,,0
11029,'1191541',2023,,7778,14,,,0
11029,'1191607',1653,,7781,14,,,0
11029,'1191727',1523,,7782,14,,,0
11029,'1191782',1353,,7783,14,,,0
11029,'1191897',1153,,7785,14,,,0
11029,'1191943',1023,,7787,14,,,0
11029,'1191963',1123,,7788,14,,,0
11029,'1191999',1953,,7790,14,,,0
11029,'1192027',1853,,7791,14,,,0
11029,'1192172',2358,,7794,14,,,0
11029,'1192183',923,,7795,14,,,0
11029,'1192286',823,,7796,14,,,0
11029,'1192339',853,,7798,14,,,0
11029,'1192422',2253,,7799,14,,,0
11029,'1192445',1323,,7800,14,,,0
11029,'1192481',1623,,7801,14,,,0
11029,'1192503',2323,,7803,14,,,0
11029,'1192528',923,,7804,14,,,0
11029,'1192532',2153,,7805,14,,,0
11029,'1192574',1123,,7806,14,,,0
11029,'1192626',1023,,7807,14,,,0
11029,'1192737',1723,,7808,14,,,0
11029,'1192757',723,,7809,14,,,0
11029,'1192802',1153,,7811,14,,,0
11029,'1192807',1653,,7812,14,,,0
11029,'1192884',1523,,7813,14,,,0
11029,'1193017',1623,,7816,14,,,0
11029,'1193076',1253,,7817,14,,,0
11029,'1193105',1753,,7818,14,,,0
11029,'1193146',1453,,7819,14,,,0
11029,'1193240',1423,,7820,14,,,0
11029,'1193251',2123,,7821,14,,,0
11029,'1193290',1823,,7822,14,,,0
11029,'1193300',823,,7823,14,,,0
