3019,'1196834',1814,,10159,22,,,0
3019,'1196848',2114,,10160,22,,,0
3019,'1196854',714,,10161,22,,,0
3019,'1196968',1230,,10162,22,,,0
3019,'1196971',2014,,10163,22,,,0
3019,'1197069',715,,10164,22,,,0
3019,'1197076',2144,,10165,22,,,0
3019,'1197107',1245,,10166,22,,,0
3019,'1197120',2414,,10167,22,,,0
3019,'1197318',2214,,10168,22,,,0
3019,'1197369',2330,,10169,22,,,0
3019,'1197372',2230,,10170,22,,,0
3019,'1197378',914,,10171,22,,,0
3019,'1197462',915,,10172,22,,,0
3019,'1197478',1615,,10173,22,,,0
3019,'1197537',930,,10174,22,,,0
3019,'1197572',1345,,10175,22,,,0
3019,'1197590',845,,10176,22,,,0
3019,'1197618',1715,,10177,22,,,0
3019,'1197731',2014,,10179,22,,,0
3019,'1197748',1015,,10180,22,,,0
3019,'1197755',1045,,10181,22,,,0
3019,'1197810',1445,,10182,22,,,0
3019,'1197819',1914,,10183,22,,,0
3019,'1197850',1545,,10184,22,,,0
3019,'1197851',945,,10185,22,,,0
3019,'1197897',1115,,10186,22,,,0
3019,'1197923',1215,,10187,22,,,0
3019,'1197941',1515,,10188,22,,,0
3019,'1198025',1615,,10189,22,,,0
3019,'1198093',1844,,10190,22,,,0
3019,'1198098',1145,,10191,22,,,0
3019,'1198111',1014,,10192,22,,,0
3019,'1198119',1530,,10193,22,,,0
3019,'1198124',1415,,10194,22,,,0
3019,'1198153',1914,,10195,22,,,0
3019,'1198229',1515,,10196,22,,,0
3019,'1198237',1645,,10197,22,,,0
3019,'1198265',2114,,10198,22,,,0
3019,'1198278',1944,,10199,22,,,0
3019,'1198430',1630,,10200,22,,,0
3019,'1198432',1814,,10201,22,,,0
3019,'1198501',1715,,10202,22,,,0
3019,'1198514',645,,10203,22,,,0
3019,'1198654',1730,,10204,22,,,0
3019,'1198677',830,,10205,22,,,0
3019,'1198680',815,,10206,22,,,0
3019,'1198689',2404,,10207,22,,,0
3019,'1198691',1745,,10208,22,,,0
3019,'1198742',2214,,10209,22,,,0
3019,'1198777',1415,,10210,22,,,0
3019,'1198788',730,,10211,22,,,0
3019,'1198845',1030,,10212,22,,,0
3019,'1198989',2130,,10213,22,,,0
3019,'1198991',1830,,10214,22,,,0
3019,'1199009',1330,,10215,22,,,0
3019,'1199035',1215,,10216,22,,,0
3019,'1199052',2030,,10217,22,,,0
3019,'1199066',1130,,10218,22,,,0
3019,'1199133',1315,,10219,22,,,0
3019,'1199262',2314,,10220,22,,,0
3019,'1199277',745,,10221,22,,,0
3019,'1199346',1315,,10222,22,,,0
3019,'1199408',2044,,10223,22,,,0
3019,'1199412',1430,,10224,22,,,0
3019,'1199440',2314,,10225,22,,,0
3019,'1199509',814,,10226,22,,,0
3019,'1199600',1930,,10228,22,,,0
3019,'1199612',1115,,10229,22,,,0
