14019,'1196890',1820,,10916,15,,,0
14019,'1196970',2050,,10917,15,,,0
14019,'1196984',1348,,10918,15,,,0
14019,'1197073',2150,,10919,15,,,0
14019,'1197090',748,,10920,15,,,0
14019,'1197106',1721,,10921,15,,,0
14019,'1197152',1551,,10922,15,,,0
14019,'1197163',1650,,10923,15,,,0
14019,'1197189',1948,,10924,15,,,0
14019,'1197473',950,,10925,15,,,0
14019,'1197576',1148,,10926,15,,,0
14019,'1197578',1848,,10927,15,,,0
14019,'1197606',848,,10928,15,,,0
14019,'1197719',1550,,10929,15,,,0
14019,'1197768',1651,,10930,15,,,0
14019,'1197774',1250,,10931,15,,,0
14019,'1197807',650,,10932,15,,,0
14019,'1197857',1248,,10933,15,,,0
14019,'1197872',750,,10934,15,,,0
14019,'1197899',2320,,10935,15,,,0
14019,'1197912',1648,,10936,15,,,0
14019,'1197929',1350,,10937,15,,,0
14019,'1197946',1950,,10938,15,,,0
14019,'1198043',2350,,10939,15,,,0
14019,'1198056',1920,,10940,15,,,0
14019,'1198057',650,,10941,15,,,0
14019,'1198062',1548,,10942,15,,,0
14019,'1198118',2020,,10943,15,,,0
14019,'1198151',1448,,10944,15,,,0
14019,'1198161',1451,,10945,15,,,0
14019,'1198262',1450,,10946,15,,,0
14019,'1198285',2250,,10947,15,,,0
14019,'1198312',950,,10948,15,,,0
14019,'1198386',1850,,10949,15,,,0
14019,'1198412',1151,,10950,15,,,0
14019,'1198436',850,,10951,15,,,0
14019,'1198460',1051,,10952,15,,,0
14019,'1198507',850,,10953,15,,,0
14019,'1198513',1251,,10954,15,,,0
14019,'1198539',1050,,10955,15,,,0
14019,'1198751',2048,,10956,15,,,0
14019,'1198810',2348,,10957,15,,,0
14019,'1198859',1521,,10958,15,,,0
14019,'1198869',920,,10959,15,,,0
14019,'1198890',2148,,10960,15,,,0
14019,'1199036',720,,10961,15,,,0
14019,'1199048',750,,10962,15,,,0
14019,'1199075',820,,10963,15,,,0
14019,'1199084',1048,,10964,15,,,0
14019,'1199131',2120,,10965,15,,,0
14019,'1199280',2248,,10966,15,,,0
14019,'1199286',948,,10967,15,,,0
14019,'1199393',1351,,10968,15,,,0
14019,'1199441',1621,,10969,15,,,0
14019,'1199444',1750,,10970,15,,,0
14019,'1199523',1748,,10971,15,,,0
14019,'1199538',1751,,10972,15,,,0
14019,'1199568',2220,,10973,15,,,0
14019,'1199582',1150,,10974,15,,,0
