11029,'1199774',1540,,10550,29,,,0
11029,'1199777',954,,10551,29,,,0
11029,'1199778',1340,,10552,29,,,0
11029,'1199779',2337,,10553,29,,,0
11029,'1199780',1238,,10554,29,,,0
11029,'1199781',1154,,10555,29,,,0
11029,'1199782',1655,,10556,29,,,0
11029,'1199783',2238,,10557,29,,,0
11029,'1199785',1337,,10558,29,,,0
11029,'1199786',824,,10559,29,,,0
11029,'1199787',1640,,10560,29,,,0
11029,'1199788',1610,,10561,29,,,0
11029,'1199789',1455,,10562,29,,,0
11029,'1199790',1507,,10563,29,,,0
11029,'1199791',1137,,10564,29,,,0
11029,'1199792',1555,,10565,29,,,0
11029,'1199793',2354,,10566,29,,,0
11029,'1199794',839,,10567,29,,,0
11029,'1199795',1510,,10568,29,,,0
11029,'1199796',1209,,10569,29,,,0
11029,'1199797',1810,,10570,29,,,0
11029,'1199799',754,,10571,29,,,0
11029,'1199800',1725,,10572,29,,,0
11029,'1199804',939,,10573,29,,,0
11029,'1199808',1038,,10574,29,,,0
11029,'1199809',1740,,10575,29,,,0
11029,'1199810',1109,,10576,29,,,0
11029,'1199811',1054,,10577,29,,,0
11029,'1199812',1607,,10578,29,,,0
11029,'1199813',2338,,10579,29,,,0
11029,'1199814',1240,,10580,29,,,0
11029,'1199815',1637,,10581,29,,,0
11029,'1199816',1207,,10582,29,,,0
11029,'1199818',739,,10583,29,,,0
11029,'1199819',1139,,10584,29,,,0
11029,'1199820',1755,,10585,29,,,0
11029,'1199821',1537,,10586,29,,,0
11029,'1199823',1307,,10587,29,,,0
11029,'1199825',2037,,10588,29,,,0
11029,'1199826',2414,,10589,29,,,0
11029,'1199828',1425,,10590,29,,,0
11029,'1199830',1325,,10591,29,,,0
11029,'1199831',2024,,10592,29,,,0
11029,'1199834',654,,10593,29,,,0
11029,'1199836',809,,10594,29,,,0
11029,'1199838',1525,,10595,29,,,0
11029,'1199839',738,,10596,29,,,0
11029,'1199843',1355,,10597,29,,,0
11029,'1199844',2038,,10598,29,,,0
11029,'1199846',1440,,10599,29,,,0
11029,'1199847',938,,10600,29,,,0
11029,'1199848',924,,10601,29,,,0
11029,'1199849',2138,,10602,29,,,0
11029,'1199850',1538,,10603,29,,,0
11029,'1199852',724,,10604,29,,,0
11029,'1199853',1009,,10605,29,,,0
11029,'1199854',854,,10606,29,,,0
11029,'1199855',1638,,10607,29,,,0
11029,'1199856',2137,,10608,29,,,0
11029,'1199858',1625,,10609,29,,,0
11029,'1199860',1039,,10610,29,,,0
11029,'1199862',1954,,10611,29,,,0
11029,'1199863',837,,10612,29,,,0
11029,'1199864',1225,,10613,29,,,0
11029,'1199865',1737,,10614,29,,,0
11029,'1199866',1237,,10615,29,,,0
11029,'1199867',2054,,10616,29,,,0
11029,'1199869',1437,,10617,29,,,0
11029,'1199870',1338,,10618,29,,,0
11029,'1199871',1407,,10619,29,,,0
11029,'1199873',2224,,10620,29,,,0
11029,'1199874',1124,,10621,29,,,0
11029,'1199875',1024,,10622,29,,,0
11029,'1199876',709,,10623,29,,,0
11029,'1199877',1738,,10624,29,,,0
11029,'1199878',1710,,10625,29,,,0
11029,'1199881',1837,,10626,29,,,0
11029,'1199882',1924,,10627,29,,,0
11029,'1199883',1138,,10628,29,,,0
11029,'1199884',1938,,10629,29,,,0
11029,'1199886',1937,,10630,29,,,0
11029,'1199889',737,,10631,29,,,0
11029,'1199890',2124,,10632,29,,,0
11029,'1199891',2237,,10633,29,,,0
11029,'1199892',1838,,10634,29,,,0
11029,'1199893',1037,,10635,29,,,0
11029,'1199898',909,,10636,29,,,0
11029,'1199899',1854,,10637,29,,,0
11029,'1199902',1824,,10638,29,,,0
11029,'1199903',937,,10639,29,,,0
11029,'1199904',1707,,10640,29,,,0
11029,'1199906',639,,10641,29,,,0
11029,'1199907',2324,,10642,29,,,0
11029,'1199910',2254,,10643,29,,,0
11029,'1199911',2154,,10644,29,,,0
11029,'1199912',1410,,10645,29,,,0
11029,'1199913',1255,,10646,29,,,0
11029,'1199914',1310,,10647,29,,,0
11029,'1199919',838,,10648,29,,,0
11029,'1199920',1438,,10649,29,,,0
22029,'1196872',1456,,11159,7,,,0
22029,'1197509',1055,,11160,7,,,0
22029,'1197841',1256,,11161,7,,,0
22029,'1198320',1425,,11162,7,,,0
22029,'1198325',1825,,11163,7,,,0
22029,'1198632',1025,,11164,7,,,0
22029,'1198895',1625,,11165,7,,,0
22029,'1199147',855,,11166,7,,,0
22029,'1199241',1225,,11167,7,,,0
22029,'1199309',824,,11168,7,,,0
140001029,'1196879',628,,12358,21,,,0
140001029,'1196954',959,,12359,21,,,0
140001029,'1196975',1031,,12360,21,,,0
140001029,'1196976',2328,,12361,21,,,0
140001029,'1197010',1346,,12362,21,,,0
140001029,'1197038',1116,,12363,21,,,0
140001029,'1197058',1843,,12364,21,,,0
140001029,'1197078',1129,,12365,21,,,0
140001029,'1197099',2258,,12366,21,,,0
140001029,'1197105',2329,,12367,21,,,0
140001029,'1197113',858,,12368,21,,,0
140001029,'1197141',1447,,12369,21,,,0
140001029,'1197155',1744,,12370,21,,,0
140001029,'1197162',943,,12371,21,,,0
140001029,'1197190',1602,,12372,21,,,0
140001029,'1197195',1702,,12373,21,,,0
140001029,'1197198',1402,,12374,21,,,0
140001029,'1197204',929,,12375,21,,,0
140001029,'1197222',1231,,12376,21,,,0
140001029,'1197249',1229,,12377,21,,,0
140001029,'1197271',1945,,12378,21,,,0
140001029,'1197276',1059,,12379,21,,,0
140001029,'1197293',1517,,12380,21,,,0
140001029,'1197305',1529,,12381,21,,,0
140001029,'1197370',1216,,12382,21,,,0
140001029,'1197377',2228,,12383,21,,,0
140001029,'1197379',758,,12384,21,,,0
140001029,'1197386',1829,,12385,21,,,0
140001029,'1197424',2058,,12386,21,,,0
140001029,'1197426',1014,,12387,21,,,0
140001029,'1197432',958,,12388,21,,,0
140001029,'1197460',2228,,12389,21,,,0
140001029,'1197482',629,,12390,21,,,0
140001029,'1197494',2403,,12391,21,,,0
140001029,'1197497',1659,,12392,21,,,0
140001029,'1197568',1329,,12393,21,,,0
140001029,'1197611',2258,,12394,21,,,0
140001029,'1197612',1547,,12395,21,,,0
140001029,'1197619',1828,,12396,21,,,0
140001029,'1197627',843,,12397,21,,,0
140001029,'1197635',2229,,12398,21,,,0
140001029,'1197649',1331,,12399,21,,,0
140001029,'1197658',1929,,12400,21,,,0
140001029,'1197662',1101,,12401,21,,,0
140001029,'1197723',929,,12402,21,,,0
140001029,'1197758',1246,,12403,21,,,0
140001029,'1197776',2030,,12404,21,,,0
140001029,'1197849',2158,,12405,21,,,0
140001029,'1197888',1958,,12406,21,,,0
140001029,'1197928',1429,,12407,21,,,0
140001029,'1197938',1417,,12408,21,,,0
140001029,'1197948',1502,,12409,21,,,0
140001029,'1197957',1614,,12410,21,,,0
140001029,'1197967',1717,,12411,21,,,0
140001029,'1197972',1559,,12412,21,,,0
140001029,'1197983',728,,12413,21,,,0
140001029,'1198007',2128,,12414,21,,,0
140001029,'1198048',743,,12415,21,,,0
140001029,'1198049',713,,12416,21,,,0
140001029,'1198081',1259,,12417,21,,,0
140001029,'1198099',944,,12418,21,,,0
140001029,'1198101',1131,,12419,21,,,0
140001029,'1198102',829,,12420,21,,,0
140001029,'1198131',2029,,12421,21,,,0
140001029,'1198132',1029,,12422,21,,,0
140001029,'1198186',1759,,12423,21,,,0
140001029,'1198207',658,,12424,21,,,0
140001029,'1198209',913,,12425,21,,,0
140001029,'1198299',1159,,12426,21,,,0
140001029,'1198347',643,,12427,21,,,0
140001029,'1198350',1915,,12428,21,,,0
140001029,'1198371',1432,,12429,21,,,0
140001029,'1198391',2045,,12430,21,,,0
140001029,'1198425',2028,,12431,21,,,0
140001029,'1198451',2358,,12432,21,,,0
140001029,'1198469',1629,,12433,21,,,0
140001029,'1198505',1429,,12434,21,,,0
140001029,'1198517',1201,,12435,21,,,0
140001029,'1198540',729,,12436,21,,,0
140001029,'1198546',1029,,12437,21,,,0
140001029,'1198572',1544,,12438,21,,,0
140001029,'1198636',813,,12439,21,,,0
140001029,'1198643',1229,,12440,21,,,0
140001029,'1198645',1729,,12441,21,,,0
140001029,'1198655',759,,12442,21,,,0
140001029,'1198697',859,,12443,21,,,0
140001029,'1198757',1629,,12444,21,,,0
140001029,'1198770',2000,,12445,21,,,0
140001029,'1198787',1617,,12446,21,,,0
140001029,'1198789',1930,,12447,21,,,0
140001029,'1198794',1046,,12448,21,,,0
140001029,'1198796',2158,,12449,21,,,0
140001029,'1198802',1114,,12450,21,,,0
140001029,'1198817',1514,,12451,21,,,0
140001029,'1198824',1146,,12452,21,,,0
140001029,'1198860',1813,,12453,21,,,0
140001029,'1198934',1714,,12454,21,,,0
140001029,'1198970',1747,,12455,21,,,0
140001029,'1198973',928,,12456,21,,,0
140001029,'1198981',1830,,12457,21,,,0
140001029,'1198986',2328,,12458,21,,,0
140001029,'1198999',1344,,12459,21,,,0
140001029,'1199001',729,,12460,21,,,0
140001029,'1199006',828,,12461,21,,,0
140001029,'1199010',1800,,12462,21,,,0
140001029,'1199031',1214,,12463,21,,,0
140001029,'1199086',1016,,12464,21,,,0
140001029,'1199101',659,,12465,21,,,0
140001029,'1199110',1144,,12466,21,,,0
140001029,'1199113',1644,,12467,21,,,0
140001029,'1199128',1044,,12468,21,,,0
140001029,'1199156',1928,,12469,21,,,0
140001029,'1199174',1316,,12470,21,,,0
140001029,'1199189',829,,12471,21,,,0
140001029,'1199191',1815,,12472,21,,,0
140001029,'1199203',2100,,12473,21,,,0
140001029,'1199247',1647,,12474,21,,,0
140001029,'1199259',1845,,12475,21,,,0
140001029,'1199261',1414,,12476,21,,,0
140001029,'1199275',1532,,12477,21,,,0
140001029,'1199283',1329,,12478,21,,,0
140001029,'1199312',1244,,12479,21,,,0
140001029,'1199341',2015,,12480,21,,,0
140001029,'1199351',1314,,12481,21,,,0
140001029,'1199395',1732,,12482,21,,,0
140001029,'1199415',1858,,12483,21,,,0
140001029,'1199446',1900,,12484,21,,,0
140001029,'1199456',1529,,12485,21,,,0
140001029,'1199465',1729,,12486,21,,,0
140001029,'1199469',2128,,12487,21,,,0
140001029,'1199481',1632,,12488,21,,,0
140001029,'1199494',1459,,12489,21,,,0
140001029,'1199502',1359,,12490,21,,,0
140001029,'1199522',1444,,12491,21,,,0
140001029,'1199528',2129,,12492,21,,,0
140001029,'1199569',1129,,12493,21,,,0
140001029,'1199608',1301,,12494,21,,,0
