20029,'1190601',2054,,8266,4,,,0
20029,'1190617',1925,,8267,4,,,0
20029,'1190701',2154,,8268,4,,,0
20029,'1190776',953,,8269,4,,,0
20029,'1190792',1825,,8270,4,,,0
20029,'1190813',853,,8271,4,,,0
20029,'1190850',754,,8272,4,,,0
20029,'1190896',1225,,8273,4,,,0
20029,'1190928',1353,,8274,4,,,0
20029,'1190954',1553,,8275,4,,,0
20029,'1191028',753,,8279,4,,,0
20029,'1191030',925,,8280,4,,,0
20029,'1191193',1725,,8281,4,,,0
20029,'1191205',1655,,8282,4,,,0
20029,'1191242',1854,,8283,4,,,0
20029,'1191325',2353,,8284,4,,,0
20029,'1191388',1025,,8285,4,,,0
20029,'1191416',2224,,8286,4,,,0
20029,'1191462',724,,8287,4,,,0
20029,'1191523',1453,,8289,4,,,0
20029,'1191554',1526,,8290,4,,,0
20029,'1191581',1653,,8292,4,,,0
20029,'1191604',1053,,8293,4,,,0
20029,'1191631',2254,,8294,4,,,0
20029,'1191694',825,,8295,4,,,0
20029,'1191776',1954,,8296,4,,,0
20029,'1192033',1125,,8300,4,,,0
20029,'1192043',1253,,8301,4,,,0
20029,'1192073',1755,,8302,4,,,0
20029,'1192169',653,,8305,4,,,0
20029,'1192195',1153,,8306,4,,,0
20029,'1192226',1425,,8307,4,,,0
20029,'1192516',2025,,8308,4,,,0
20029,'1192542',1753,,8309,4,,,0
20029,'1192679',2124,,8310,4,,,0
20029,'1192826',1625,,8313,4,,,0
20029,'1193037',2324,,8316,4,,,0
20029,'1193138',623,,8317,4,,,0
20029,'1193150',653,,8318,4,,,0
20029,'1193152',1325,,8319,4,,,0
