13019,'1196852',1330,,10793,24,,,0
13019,'1196856',1728,,10794,24,,,0
13019,'1197035',628,,10797,24,,,0
13019,'1197132',1500,,10798,24,,,0
13019,'1197251',1600,,10799,24,,,0
13019,'1197279',729,,10800,24,,,0
13019,'1197353',2258,,10801,24,,,0
13019,'1197357',1829,,10802,24,,,0
13019,'1197451',2228,,10803,24,,,0
13019,'1197555',1630,,10805,24,,,0
13019,'1197570',929,,10806,24,,,0
13019,'1197575',1629,,10807,24,,,0
13019,'1197641',2029,,10808,24,,,0
13019,'1197645',1700,,10809,24,,,0
13019,'1197648',658,,10810,24,,,0
13019,'1197690',1628,,10811,24,,,0
13019,'1197692',1730,,10812,24,,,0
13019,'1197730',1430,,10813,24,,,0
13019,'1197762',2403,,10814,24,,,0
13019,'1197803',728,,10815,24,,,0
13019,'1197834',1228,,10816,24,,,0
13019,'1197854',2028,,10817,24,,,0
13019,'1197962',1328,,10818,24,,,0
13019,'1198041',1128,,10820,24,,,0
13019,'1198094',1758,,10821,24,,,0
13019,'1198160',828,,10822,24,,,0
13019,'1198201',1229,,10823,24,,,0
13019,'1198243',1828,,10824,24,,,0
13019,'1198290',2158,,10825,24,,,0
13019,'1198352',728,,10826,24,,,0
13019,'1198355',1858,,10827,24,,,0
13019,'1198382',758,,10828,24,,,0
13019,'1198402',2229,,10829,24,,,0
13019,'1198552',2129,,10830,24,,,0
13019,'1198554',1928,,10831,24,,,0
13019,'1198602',1129,,10832,24,,,0
13019,'1198611',1958,,10833,24,,,0
13019,'1198630',1530,,10834,24,,,0
13019,'1198675',1230,,10835,24,,,0
13019,'1198716',1028,,10837,24,,,0
13019,'1198729',958,,10838,24,,,0
13019,'1198761',1329,,10839,24,,,0
13019,'1198778',928,,10840,24,,,0
13019,'1198837',2329,,10841,24,,,0
13019,'1198874',1130,,10842,24,,,0
13019,'1199044',829,,10844,24,,,0
13019,'1199123',1029,,10845,24,,,0
13019,'1199151',1429,,10846,24,,,0
13019,'1199233',1428,,10847,24,,,0
13019,'1199276',1528,,10848,24,,,0
13019,'1199284',2058,,10849,24,,,0
13019,'1199418',1929,,10850,24,,,0
13019,'1199448',1729,,10851,24,,,0
13019,'1199536',2128,,10852,24,,,0
13019,'1199588',2328,,10853,24,,,0
13019,'1199631',1529,,10854,24,,,0
101029,'1196911',740,,11834,16,,,0
101029,'1197033',1824,,11835,16,,,0
101029,'1197060',840,,11836,16,,,0
101029,'1197096',1024,,11837,16,,,0
101029,'1197257',1040,,11838,16,,,0
101029,'1197272',1225,,11839,16,,,0
101029,'1197326',1542,,11840,16,,,0
101029,'1197581',2024,,11841,16,,,0
101029,'1197673',1425,,11842,16,,,0
101029,'1197747',2140,,11843,16,,,0
101029,'1197977',1625,,11844,16,,,0
101029,'1198059',625,,11845,16,,,0
101029,'1198116',1025,,11846,16,,,0
101029,'1198125',825,,11847,16,,,0
101029,'1198200',1224,,11848,16,,,0
101029,'1198251',940,,11849,16,,,0
101029,'1198346',824,,11850,16,,,0
101029,'1198498',2224,,11851,16,,,0
101029,'1198530',2225,,11852,16,,,0
101029,'1198631',1642,,11853,16,,,0
101029,'1198644',2400,,11854,16,,,0
101029,'1198710',1624,,11855,16,,,0
101029,'1198715',1740,,11856,16,,,0
101029,'1198953',2025,,11857,16,,,0
101029,'1198984',1342,,11858,16,,,0
101029,'1199108',1242,,11859,16,,,0
101029,'1199117',640,,11860,16,,,0
101029,'1199304',1825,,11861,16,,,0
101029,'1199366',1424,,11862,16,,,0
101029,'1199567',1940,,11863,16,,,0
101029,'1199585',1442,,11864,16,,,0
