2029,'1196924',1517,,10051,14,,,0
2029,'1196985',1202,,10052,14,,,0
2029,'1196991',2245,,10053,14,,,0
2029,'1197028',2045,,10054,14,,,0
2029,'1197134',1832,,10055,14,,,0
2029,'1197139',931,,10056,14,,,0
2029,'1197143',2332,,10057,14,,,0
2029,'1197168',1617,,10058,14,,,0
2029,'1197170',647,,10059,14,,,0
2029,'1197175',1502,,10060,14,,,0
2029,'1197208',1447,,10061,14,,,0
2029,'1197209',902,,10062,14,,,0
2029,'1197218',716,,10063,14,,,0
2029,'1197261',1632,,10064,14,,,0
2029,'1197268',1702,,10065,14,,,0
2029,'1197282',646,,10066,14,,,0
2029,'1197288',2145,,10067,14,,,0
2029,'1197331',1628,,10068,14,,,0
2029,'1197332',2215,,10069,14,,,0
2029,'1197367',1428,,10070,14,,,0
2029,'1197375',901,,10071,14,,,0
2029,'1197411',1046,,10072,14,,,0
2029,'1197419',1332,,10073,14,,,0
2029,'1197430',701,,10074,14,,,0
2029,'1197437',1001,,10075,14,,,0
2029,'1197491',1358,,10076,14,,,0
2029,'1197508',801,,10077,14,,,0
2029,'1197527',1247,,10078,14,,,0
2029,'1197534',1047,,10079,14,,,0
2029,'1197599',1647,,10080,14,,,0
2029,'1197642',746,,10081,14,,,0
2029,'1197644',1817,,10082,14,,,0
2029,'1197647',946,,10083,14,,,0
2029,'1197651',2341,,10084,14,,,0
2029,'1197655',2411,,10085,14,,,0
2029,'1197665',1032,,10086,14,,,0
2029,'1197667',1947,,10087,14,,,0
2029,'1197739',1717,,10088,14,,,0
2029,'1197769',1147,,10089,14,,,0
2029,'1197800',1016,,10090,14,,,0
2029,'1197808',2015,,10091,14,,,0
2029,'1197821',747,,10092,14,,,0
2029,'1197871',816,,10093,14,,,0
2029,'1197901',846,,10094,14,,,0
2029,'1197910',1747,,10095,14,,,0
2029,'1198003',1102,,10096,14,,,0
2029,'1198023',1231,,10097,14,,,0
2029,'1198042',847,,10098,14,,,0
2029,'1198045',2247,,10099,14,,,0
2029,'1198089',916,,10100,14,,,0
2029,'1198144',1031,,10101,14,,,0
2029,'1198156',2315,,10102,14,,,0
2029,'1198168',2032,,10103,14,,,0
2029,'1198184',947,,10104,14,,,0
2029,'1198213',1417,,10105,14,,,0
2029,'1198215',1832,,10106,14,,,0
2029,'1198275',1146,,10107,14,,,0
2029,'1198291',1101,,10108,14,,,0
2029,'1198335',1945,,10109,14,,,0
2029,'1198359',1328,,10110,14,,,0
2029,'1198433',1347,,10111,14,,,0
2029,'1198455',1228,,10112,14,,,0
2029,'1198473',1758,,10113,14,,,0
2029,'1198494',1728,,10114,14,,,0
2029,'1198537',1747,,10115,14,,,0
2029,'1198581',1132,,10116,14,,,0
2029,'1198603',1547,,10117,14,,,0
2029,'1198608',947,,10118,14,,,0
2029,'1198619',2417,,10119,14,,,0
2029,'1198682',1432,,10120,14,,,0
2029,'1198743',2247,,10121,14,,,0
2029,'1198838',1347,,10122,14,,,0
2029,'1198840',1458,,10123,14,,,0
2029,'1198841',731,,10124,14,,,0
2029,'1198851',2115,,10125,14,,,0
2029,'1198854',1201,,10126,14,,,0
2029,'1198870',732,,10127,14,,,0
2029,'1198967',2347,,10128,14,,,0
2029,'1199005',1602,,10129,14,,,0
2029,'1199023',1528,,10130,14,,,0
2029,'1199042',1947,,10131,14,,,0
2029,'1199046',1845,,10132,14,,,0
2029,'1199049',1116,,10133,14,,,0
2029,'1199063',1317,,10134,14,,,0
2029,'1199099',1302,,10135,14,,,0
2029,'1199116',1732,,10136,14,,,0
2029,'1199173',1558,,10137,14,,,0
2029,'1199237',2147,,10138,14,,,0
2029,'1199240',831,,10139,14,,,0
2029,'1199269',1247,,10140,14,,,0
2029,'1199288',1547,,10141,14,,,0
2029,'1199299',2202,,10142,14,,,0
2029,'1199305',1216,,10143,14,,,0
2029,'1199316',1802,,10144,14,,,0
2029,'1199329',1647,,10145,14,,,0
2029,'1199333',817,,10146,14,,,0
2029,'1199335',1258,,10147,14,,,0
2029,'1199398',2047,,10148,14,,,0
2029,'1199466',1915,,10149,14,,,0
2029,'1199478',1847,,10150,14,,,0
2029,'1199484',1532,,10151,14,,,0
2029,'1199542',2431,,10152,14,,,0
2029,'1199552',1402,,10153,14,,,0
2029,'1199560',1902,,10154,14,,,0
2029,'1199580',2117,,10155,14,,,0
2029,'1199620',1447,,10156,14,,,0
2029,'1199621',1131,,10157,14,,,0
2029,'1199635',1658,,10158,14,,,0
