10029,'1193661',1536,,7624,35,,,0
10029,'1193662',1136,,7625,35,,,0
10029,'1193664',2036,,7626,35,,,0
10029,'1193666',1336,,7627,35,,,0
10029,'1193669',2336,,7628,35,,,0
10029,'1193670',1636,,7629,35,,,0
10029,'1193672',906,,7631,35,,,0
10029,'1193673',2136,,7632,35,,,0
10029,'1193674',1436,,7633,35,,,0
10029,'1193676',1906,,7634,35,,,0
10029,'1193677',736,,7635,35,,,0
10029,'1193684',1736,,7637,35,,,0
10029,'1193685',1036,,7638,35,,,0
10029,'1193688',936,,7639,35,,,0
10029,'1193689',806,,7640,35,,,0
10029,'1193690',2006,,7641,35,,,0
10029,'1193692',2236,,7642,35,,,0
10029,'1193693',936,,7643,35,,,0
10029,'1193694',1336,,7644,35,,,0
10029,'1193695',706,,7645,35,,,0
10029,'1193696',636,,7646,35,,,0
10029,'1193699',2106,,7647,35,,,0
10029,'1193706',836,,7650,35,,,0
10029,'1193712',1836,,7651,35,,,0
10029,'1193713',2306,,7652,35,,,0
10029,'1193716',1936,,7654,35,,,0
10029,'1193719',1436,,7655,35,,,0
10029,'1193721',1036,,7656,35,,,0
10029,'1193726',1736,,7659,35,,,0
10029,'1193727',836,,7660,35,,,0
10029,'1193728',736,,7661,35,,,0
10029,'1193736',2411,,7663,35,,,0
10029,'1193741',2206,,7664,35,,,0
10029,'1193744',1506,,7666,35,,,0
10029,'1193745',1606,,7667,35,,,0
10029,'1193746',1136,,7668,35,,,0
10029,'1193757',1236,,7673,35,,,0
10029,'1193760',1236,,7675,35,,,0
10029,'1193762',1536,,7676,35,,,0
10029,'1193763',1706,,7677,35,,,0
10029,'1193777',1806,,7681,35,,,0
10029,'1193778',1636,,7682,35,,,0
