25019,'1190672',2238,,8481,11,,,0
25019,'1190694',738,,8483,11,,,0
25019,'1190780',2337,,8484,11,,,0
25019,'1190819',708,,8485,11,,,0
25019,'1190912',1838,,8486,11,,,0
25019,'1191069',1937,,8488,11,,,0
25019,'1191124',2037,,8489,11,,,0
25019,'1191161',1637,,8490,11,,,0
25019,'1191327',1408,,8492,11,,,0
25019,'1191338',1037,,8493,11,,,0
25019,'1191351',1938,,8494,11,,,0
25019,'1191352',1438,,8495,11,,,0
25019,'1191409',937,,8496,11,,,0
25019,'1191478',2237,,8499,11,,,0
25019,'1191511',1738,,8500,11,,,0
25019,'1191525',1437,,8501,11,,,0
25019,'1191551',637,,8502,11,,,0
25019,'1191579',837,,8503,11,,,0
25019,'1191596',2138,,8505,11,,,0
25019,'1191642',808,,8506,11,,,0
25019,'1191842',1837,,8508,11,,,0
25019,'1191928',2038,,8509,11,,,0
25019,'1191935',838,,8510,11,,,0
25019,'1191950',1237,,8511,11,,,0
25019,'1191964',1537,,8512,11,,,0
25019,'1192103',2137,,8513,11,,,0
25019,'1192106',1208,,8514,11,,,0
25019,'1192259',1337,,8518,11,,,0
25019,'1192277',1737,,8519,11,,,0
25019,'1192343',1108,,8520,11,,,0
25019,'1192356',1538,,8521,11,,,0
25019,'1192432',1608,,8523,11,,,0
25019,'1192477',2358,,8525,11,,,0
25019,'1192596',1508,,8527,11,,,0
25019,'1192742',1008,,8528,11,,,0
25019,'1192751',1137,,8529,11,,,0
25019,'1192774',1708,,8530,11,,,0
25019,'1192796',1308,,8531,11,,,0
25019,'1192849',938,,8533,11,,,0
25019,'1192959',638,,8534,11,,,0
25019,'1193109',1638,,8535,11,,,0
25019,'1193121',737,,8536,11,,,0
25019,'1193315',908,,8540,11,,,0
