11019,'1196876',1506,,10448,28,,,0
11019,'1196884',1306,,10449,32,,,0
11019,'1196914',1149,,10450,32,,,0
11019,'1196958',807,,10451,32,,,0
11019,'1197000',1306,,10452,28,,,0
11019,'1197070',1906,,10453,28,,,0
11019,'1197071',1847,,10454,32,,,0
11019,'1197114',934,,10455,32,,,0
11019,'1197185',2306,,10456,28,,,0
11019,'1197191',1506,,10457,32,,,0
11019,'1197229',1421,,10458,32,,,0
11019,'1197234',1719,,10459,32,,,0
11019,'1197264',1751,,10460,32,,,0
11019,'1197274',949,,10461,32,,,0
11019,'1197327',1349,,10462,32,,,0
11019,'1197343',749,,10463,32,,,0
11019,'1197351',1606,,10464,28,,,0
11019,'1197398',1836,,10465,32,,,0
11019,'1197412',2317,,10466,32,,,0
11019,'1197422',1651,,10467,32,,,0
11019,'1197446',2406,,10468,28,,,0
11019,'1197463',719,,10469,32,,,0
11019,'1197502',634,,10470,32,,,0
11019,'1197519',804,,10471,32,,,0
11019,'1197564',2307,,10472,32,,,0
11019,'1197573',1406,,10473,28,,,0
11019,'1197695',1119,,10474,32,,,0
11019,'1197696',819,,10475,32,,,0
11019,'1197753',906,,10476,28,,,0
11019,'1197763',1536,,10477,32,,,0
11019,'1197795',2047,,10478,32,,,0
11019,'1197832',1636,,10479,32,,,0
11019,'1197875',2434,,10480,32,,,0
11019,'1197917',2407,,10481,32,,,0
11019,'1197925',1134,,10482,32,,,0
11019,'1197934',1549,,10483,32,,,0
11019,'1197978',1917,,10484,32,,,0
11019,'1197990',1449,,10485,32,,,0
11019,'1198012',904,,10486,32,,,0
11019,'1198053',1007,,10487,32,,,0
11019,'1198076',2017,,10488,32,,,0
11019,'1198113',2117,,10489,32,,,0
11019,'1198146',2247,,10490,32,,,0
11019,'1198266',2007,,10491,32,,,0
11019,'1198296',1706,,10492,28,,,0
11019,'1198337',919,,10493,32,,,0
11019,'1198341',1207,,10494,32,,,0
11019,'1198362',2206,,10495,28,,,0
11019,'1198405',1907,,10496,32,,,0
11019,'1198419',1521,,10497,32,,,0
11019,'1198470',1321,,10498,32,,,0
11019,'1198493',1821,,10499,32,,,0
11019,'1198506',1107,,10500,32,,,0
11019,'1198543',1034,,10501,32,,,0
11019,'1198548',1621,,10502,32,,,0
11019,'1198573',1204,,10503,32,,,0
11019,'1198590',2006,,10504,28,,,0
11019,'1198610',1606,,10505,32,,,0
11019,'1198623',707,,10506,32,,,0
11019,'1198660',1319,,10507,32,,,0
11019,'1198662',1806,,10508,28,,,0
11019,'1198696',1451,,10509,32,,,0
11019,'1198771',1519,,10510,32,,,0
11019,'1198808',1004,,10511,32,,,0
11019,'1198843',2106,,10512,28,,,0
11019,'1198927',1104,,10513,32,,,0
11019,'1198951',1736,,10514,32,,,0
11019,'1198978',1947,,10515,32,,,0
11019,'1199022',1247,,10516,32,,,0
11019,'1199024',2207,,10517,32,,,0
11019,'1199026',2217,,10518,32,,,0
11019,'1199059',1619,,10519,32,,,0
11019,'1199060',1406,,10520,32,,,0
11019,'1199064',1819,,10521,32,,,0
11019,'1199091',806,,10522,28,,,0
11019,'1199100',2147,,10523,32,,,0
11019,'1199118',1721,,10524,32,,,0
11019,'1199132',704,,10525,32,,,0
11019,'1199143',1749,,10526,32,,,0
11019,'1199154',1436,,10527,32,,,0
11019,'1199177',1706,,10528,32,,,0
11019,'1199180',2107,,10529,32,,,0
11019,'1199214',734,,10530,32,,,0
11019,'1199225',1551,,10531,32,,,0
11019,'1199227',1206,,10532,28,,,0
11019,'1199229',1419,,10533,32,,,0
11019,'1199253',1006,,10534,28,,,0
11019,'1199301',2344,,10535,32,,,0
11019,'1199306',1106,,10536,28,,,0
11019,'1199370',1806,,10537,32,,,0
11019,'1199376',849,,10538,32,,,0
11019,'1199394',907,,10539,32,,,0
11019,'1199403',834,,10540,32,,,0
11019,'1199410',1219,,10541,32,,,0
11019,'1199462',2414,,10542,32,,,0
11019,'1199476',1019,,10543,32,,,0
11019,'1199496',1336,,10544,32,,,0
11019,'1199508',1234,,10545,32,,,0
11019,'1199591',1649,,10546,32,,,0
11019,'1199603',1251,,10547,32,,,0
11019,'1199619',1049,,10548,32,,,0
11019,'1199623',1351,,10549,32,,,0
