10029,'1193661',1521,,7624,13,,,0
10029,'1193662',1121,,7625,13,,,0
10029,'1193664',2021,,7626,13,,,0
10029,'1193666',1321,,7627,13,,,0
10029,'1193669',2321,,7628,13,,,0
10029,'1193670',1621,,7629,13,,,0
10029,'1193672',851,,7631,13,,,0
10029,'1193673',2121,,7632,13,,,0
10029,'1193674',1421,,7633,13,,,0
10029,'1193676',1851,,7634,13,,,0
10029,'1193677',721,,7635,13,,,0
10029,'1193684',1721,,7637,13,,,0
10029,'1193685',1021,,7638,13,,,0
10029,'1193688',921,,7639,13,,,0
10029,'1193689',751,,7640,13,,,0
10029,'1193690',1951,,7641,13,,,0
10029,'1193692',2221,,7642,13,,,0
10029,'1193693',921,,7643,13,,,0
10029,'1193694',1321,,7644,13,,,0
10029,'1193695',651,,7645,13,,,0
10029,'1193696',621,,7646,13,,,0
10029,'1193699',2051,,7647,13,,,0
10029,'1193706',821,,7650,13,,,0
10029,'1193712',1821,,7651,13,,,0
10029,'1193713',2251,,7652,13,,,0
10029,'1193716',1921,,7654,13,,,0
10029,'1193719',1421,,7655,13,,,0
10029,'1193721',1021,,7656,13,,,0
10029,'1193726',1721,,7659,13,,,0
10029,'1193727',821,,7660,13,,,0
10029,'1193728',721,,7661,13,,,0
10029,'1193736',2356,,7663,13,,,0
10029,'1193741',2151,,7664,13,,,0
10029,'1193744',1451,,7666,13,,,0
10029,'1193745',1551,,7667,13,,,0
10029,'1193746',1121,,7668,13,,,0
10029,'1193757',1221,,7673,13,,,0
10029,'1193760',1221,,7675,13,,,0
10029,'1193762',1521,,7676,13,,,0
10029,'1193763',1651,,7677,13,,,0
10029,'1193777',1751,,7681,13,,,0
10029,'1193778',1621,,7682,13,,,0
