13019,'1196852',1323,,10793,10,,,0
13019,'1196856',1722,,10794,10,,,0
13019,'1196999',922,,10796,10,,,0
13019,'1197035',622,,10797,10,,,0
13019,'1197132',1453,,10798,10,,,0
13019,'1197251',1553,,10799,10,,,0
13019,'1197279',723,,10800,10,,,0
13019,'1197353',2252,,10801,10,,,0
13019,'1197357',1823,,10802,10,,,0
13019,'1197451',2222,,10803,10,,,0
13019,'1197487',822,,10804,10,,,0
13019,'1197555',1623,,10805,10,,,0
13019,'1197570',923,,10806,10,,,0
13019,'1197575',1623,,10807,10,,,0
13019,'1197641',2023,,10808,10,,,0
13019,'1197645',1653,,10809,10,,,0
13019,'1197648',652,,10810,10,,,0
13019,'1197690',1622,,10811,10,,,0
13019,'1197692',1723,,10812,10,,,0
13019,'1197730',1423,,10813,10,,,0
13019,'1197762',2357,,10814,10,,,0
13019,'1197803',722,,10815,10,,,0
13019,'1197834',1222,,10816,10,,,0
13019,'1197854',2022,,10817,10,,,0
13019,'1197962',1322,,10818,10,,,0
13019,'1197975',1023,,10819,10,,,0
13019,'1198041',1122,,10820,10,,,0
13019,'1198094',1752,,10821,10,,,0
13019,'1198160',822,,10822,10,,,0
13019,'1198201',1223,,10823,10,,,0
13019,'1198243',1822,,10824,10,,,0
13019,'1198290',2152,,10825,10,,,0
13019,'1198352',722,,10826,10,,,0
13019,'1198355',1852,,10827,10,,,0
13019,'1198382',752,,10828,10,,,0
13019,'1198402',2223,,10829,10,,,0
13019,'1198552',2123,,10830,10,,,0
13019,'1198554',1922,,10831,10,,,0
13019,'1198602',1123,,10832,10,,,0
13019,'1198611',1952,,10833,10,,,0
13019,'1198630',1523,,10834,10,,,0
13019,'1198675',1223,,10835,10,,,0
13019,'1198716',1022,,10837,10,,,0
13019,'1198729',952,,10838,10,,,0
13019,'1198761',1323,,10839,10,,,0
13019,'1198778',922,,10840,10,,,0
13019,'1198837',2323,,10841,10,,,0
13019,'1198874',1123,,10842,10,,,0
13019,'1198888',852,,10843,10,,,0
13019,'1199044',823,,10844,10,,,0
13019,'1199123',1023,,10845,10,,,0
13019,'1199151',1423,,10846,10,,,0
13019,'1199233',1422,,10847,10,,,0
13019,'1199276',1522,,10848,10,,,0
13019,'1199284',2052,,10849,10,,,0
13019,'1199418',1923,,10850,10,,,0
13019,'1199448',1723,,10851,10,,,0
13019,'1199536',2122,,10852,10,,,0
13019,'1199588',2322,,10853,10,,,0
13019,'1199631',1523,,10854,10,,,0
101029,'1196911',737,,11834,10,,,0
101029,'1197033',1822,,11835,10,,,0
101029,'1197060',837,,11836,10,,,0
101029,'1197096',1022,,11837,10,,,0
101029,'1197257',1037,,11838,10,,,0
101029,'1197272',1222,,11839,10,,,0
101029,'1197326',1539,,11840,10,,,0
101029,'1197581',2022,,11841,10,,,0
101029,'1197673',1422,,11842,10,,,0
101029,'1197747',2137,,11843,10,,,0
101029,'1197977',1622,,11844,10,,,0
101029,'1198059',622,,11845,10,,,0
101029,'1198116',1022,,11846,10,,,0
101029,'1198125',822,,11847,10,,,0
101029,'1198200',1222,,11848,10,,,0
101029,'1198251',937,,11849,10,,,0
101029,'1198346',822,,11850,10,,,0
101029,'1198498',2222,,11851,10,,,0
101029,'1198530',2222,,11852,10,,,0
101029,'1198631',1639,,11853,10,,,0
101029,'1198644',2357,,11854,10,,,0
101029,'1198710',1622,,11855,10,,,0
101029,'1198715',1737,,11856,10,,,0
101029,'1198953',2022,,11857,10,,,0
101029,'1198984',1339,,11858,10,,,0
101029,'1199108',1239,,11859,10,,,0
101029,'1199117',637,,11860,10,,,0
101029,'1199304',1822,,11861,10,,,0
101029,'1199366',1422,,11862,10,,,0
101029,'1199567',1937,,11863,10,,,0
101029,'1199585',1439,,11864,10,,,0
101029,'1199990',1239,,12786,10,,,0
101029,'1199994',1539,,12787,10,,,0
101029,'1199997',737,,12788,10,,,0
101029,'1199998',1737,,12789,10,,,0
101029,'1199999',1037,,12790,10,,,0
101029,'1200000',2357,,12791,10,,,0
101029,'1200001',637,,12792,10,,,0
101029,'1200002',1639,,12793,10,,,0
101029,'1200005',1439,,12794,10,,,0
101029,'1200007',937,,12795,10,,,0
101029,'1200010',1339,,12796,10,,,0
101029,'1200012',1937,,12797,10,,,0
101029,'1200016',2137,,12798,10,,,0
101029,'1200017',837,,12799,10,,,0
