104019,'1197815',2349,,12041,9,,,0
104019,'1198490',2425,,12054,9,,,0
104019,'1199025',2405,,12063,9,,,0
104029,'1196835',1950,,12074,9,,,0
104029,'1196857',750,,12075,9,,,0
104029,'1196889',749,,12076,9,,,0
104029,'1196928',1735,,12077,9,,,0
104029,'1197002',635,,12078,9,,,0
104029,'1197045',1529,,12079,9,,,0
104029,'1197133',820,,12080,9,,,0
104029,'1197341',1229,,12081,9,,,0
104029,'1197454',1749,,12082,9,,,0
104029,'1197461',705,,12083,9,,,0
104029,'1197467',2149,,12084,9,,,0
104029,'1197481',550,,12085,9,,,0
104029,'1197553',2120,,12086,9,,,0
104029,'1197574',905,,12087,9,,,0
104029,'1197583',2135,,12088,9,,,0
104029,'1197794',1750,,12089,9,,,0
104029,'1197965',1349,,12090,9,,,0
104029,'1197979',1520,,12091,9,,,0
104029,'1198234',1020,,12092,9,,,0
104029,'1198287',1614,,12093,9,,,0
104029,'1198288',1144,,12094,9,,,0
104029,'1198449',1250,,12095,9,,,0
104029,'1198458',1905,,12096,9,,,0
104029,'1198510',935,,12097,9,,,0
104029,'1198521',750,,12098,9,,,0
104029,'1198558',1635,,12099,9,,,0
104029,'1198578',1659,,12100,9,,,0
104029,'1198686',1359,,12101,9,,,0
104029,'1198694',1444,,12102,9,,,0
104029,'1198755',949,,12103,9,,,0
104029,'1198909',1149,,12104,9,,,0
104029,'1198979',1135,,12105,9,,,0
104029,'1199045',2250,,12106,9,,,0
104029,'1199127',2250,,12107,9,,,0
104029,'1199159',1314,,12108,9,,,0
104029,'1199181',905,,12109,9,,,0
104029,'1199193',1549,,12110,9,,,0
104029,'1199356',1405,,12111,9,,,0
104029,'1199360',2020,,12112,9,,,0
104029,'1199374',635,,12113,9,,,0
104029,'1199380',1020,,12114,9,,,0
104029,'1199442',1820,,12115,9,,,0
104029,'1199577',1949,,12116,9,,,0
