14029,'1196849',1737,,10975,43,,,0
14029,'1196912',807,,10976,43,,,0
14029,'1197024',1537,,10977,43,,,0
14029,'1197041',2337,,10978,43,,,0
14029,'1197050',1635,,10979,43,,,0
14029,'1197119',1738,,10980,43,,,0
14029,'1197130',2235,,10981,43,,,0
14029,'1197219',1535,,10982,43,,,0
14029,'1197237',1335,,10983,43,,,0
14029,'1197250',637,,10984,43,,,0
14029,'1197265',1807,,10985,43,,,0
14029,'1197310',2237,,10986,43,,,0
14029,'1197323',1337,,10987,43,,,0
14029,'1197440',2135,,10988,43,,,0
14029,'1197456',1538,,10989,43,,,0
14029,'1197472',1135,,10990,43,,,0
14029,'1197493',1907,,10991,43,,,0
14029,'1197512',1638,,10992,43,,,0
14029,'1197515',1437,,10993,43,,,0
14029,'1197597',737,,10994,43,,,0
14029,'1197605',2307,,10995,43,,,0
14029,'1197639',1235,,10996,43,,,0
14029,'1197699',2007,,10997,43,,,0
14029,'1197717',1735,,10998,43,,,0
14029,'1197738',1035,,10999,43,,,0
14029,'1197809',1637,,11000,43,,,0
14029,'1197863',2412,,11001,43,,,0
14029,'1197882',1435,,11002,43,,,0
14029,'1197961',1237,,11003,43,,,0
14029,'1198040',1037,,11004,43,,,0
14029,'1198078',1137,,11005,43,,,0
14029,'1198100',907,,11006,43,,,0
14029,'1198198',2207,,11007,43,,,0
14029,'1198204',2107,,11008,43,,,0
14029,'1198269',707,,11009,43,,,0
14029,'1198326',935,,11010,43,,,0
14029,'1198404',737,,11011,43,,,0
14029,'1198426',2137,,11012,43,,,0
14029,'1198570',837,,11013,43,,,0
14029,'1198612',2335,,11014,43,,,0
14029,'1198728',835,,11015,43,,,0
14029,'1198772',1837,,11016,43,,,0
14029,'1198830',937,,11017,43,,,0
14029,'1198941',1138,,11018,43,,,0
14029,'1198956',1438,,11019,43,,,0
14029,'1199040',2037,,11020,43,,,0
14029,'1199065',1238,,11021,43,,,0
14029,'1199076',1835,,11022,43,,,0
14029,'1199083',1708,,11023,43,,,0
14029,'1199184',937,,11024,43,,,0
14029,'1199200',837,,11025,43,,,0
14029,'1199222',1608,,11026,43,,,0
14029,'1199266',1338,,11027,43,,,0
14029,'1199447',1937,,11028,43,,,0
14029,'1199472',2035,,11029,43,,,0
14029,'1199520',1038,,11030,43,,,0
14029,'1199554',735,,11031,43,,,0
14029,'1199573',1935,,11032,43,,,0
14029,'1199643',1508,,11033,43,,,0
190001029,'1196847',1116,,12633,21,,,0
190001029,'1196850',1327,,12634,21,,,0
190001029,'1196860',1801,,12635,21,,,0
190001029,'1196897',1648,,12636,21,,,0
190001029,'1196906',1746,,12637,21,,,0
190001029,'1196908',1401,,12638,21,,,0
190001029,'1196953',1216,,12639,21,,,0
190001029,'1196957',1246,,12640,21,,,0
190001029,'1196963',1631,,12641,21,,,0
190001029,'1197018',1403,,12642,21,,,0
190001029,'1197048',2406,,12643,21,,,0
190001029,'1197052',1746,,12644,21,,,0
190001029,'1197074',1318,,12645,21,,,0
190001029,'1197089',1831,,12646,21,,,0
190001029,'1197125',715,,12647,21,,,0
190001029,'1197135',1548,,12648,21,,,0
190001029,'1197148',1027,,12649,21,,,0
190001029,'1197153',1046,,12650,21,,,0
190001029,'1197176',1431,,12651,21,,,0
190001029,'1197177',2031,,12652,21,,,0
190001029,'1197199',1418,,12653,21,,,0
190001029,'1197224',1531,,12654,21,,,0
190001029,'1197245',1533,,12655,21,,,0
190001029,'1197247',2315,,12656,21,,,0
190001029,'1197252',1527,,12657,21,,,0
190001029,'1197260',1846,,12658,21,,,0
190001029,'1197284',1201,,12659,21,,,0
190001029,'1197289',701,,12660,21,,,0
190001029,'1197291',1303,,12661,21,,,0
190001029,'1197301',1331,,12662,21,,,0
190001029,'1197338',1703,,12663,21,,,0
190001029,'1197391',1830,,12664,21,,,0
190001029,'1197396',1118,,12665,21,,,0
190001029,'1197428',2016,,12666,21,,,0
190001029,'1197434',1501,,12667,21,,,0
190001029,'1197476',1131,,12668,21,,,0
190001029,'1197511',1516,,12669,21,,,0
190001029,'1197533',1416,,12670,21,,,0
190001029,'1197582',1633,,12671,21,,,0
190001029,'1197659',1618,,12672,21,,,0
190001029,'1197668',827,,12673,21,,,0
190001029,'1197682',1146,,12674,21,,,0
190001029,'1197683',2046,,12675,21,,,0
190001029,'1197684',1203,,12676,21,,,0
190001029,'1197778',1148,,12677,21,,,0
190001029,'1197833',1503,,12678,21,,,0
190001029,'1197836',1348,,12679,21,,,0
190001029,'1197848',2115,,12680,21,,,0
190001029,'1197886',1448,,12681,21,,,0
190001029,'1197890',801,,12682,21,,,0
190001029,'1197905',1018,,12683,21,,,0
190001029,'1197913',2216,,12684,21,,,0
190001029,'1197921',1301,,12685,21,,,0
190001029,'1197922',1000,,12686,21,,,0
190001029,'1197992',1603,,12687,21,,,0
190001029,'1197993',915,,12688,21,,,0
190001029,'1198050',615,,12689,21,,,0
190001029,'1198051',1827,,12690,21,,,0
190001029,'1198052',845,,12691,21,,,0
190001029,'1198054',1427,,12692,21,,,0
190001029,'1198082',1701,,12693,21,,,0
190001029,'1198095',1931,,12694,21,,,0
190001029,'1198106',2245,,12695,21,,,0
190001029,'1198117',727,,12696,21,,,0
190001029,'1198128',1127,,12697,21,,,0
190001029,'1198174',946,,12698,21,,,0
190001029,'1198223',2327,,12699,21,,,0
190001029,'1198252',1433,,12700,21,,,0
190001029,'1198272',816,,12701,21,,,0
190001029,'1198293',1733,,12702,21,,,0
190001029,'1198306',901,,12703,21,,,0
190001029,'1198323',746,,12704,21,,,0
190001029,'1198373',1248,,12705,21,,,0
190001029,'1198398',2345,,12706,21,,,0
190001029,'1198415',927,,12707,21,,,0
190001029,'1198446',1816,,12708,21,,,0
190001029,'1198450',1801,,12709,21,,,0
190001029,'1198459',745,,12710,21,,,0
190001029,'1198491',2045,,12711,21,,,0
190001029,'1198504',846,,12712,21,,,0
190001029,'1198519',2346,,12713,21,,,0
190001029,'1198527',645,,12714,21,,,0
190001029,'1198576',2127,,12715,21,,,0
190001029,'1198589',2316,,12716,21,,,0
190001029,'1198594',815,,12717,21,,,0
190001029,'1198620',2227,,12718,21,,,0
190001029,'1198634',1446,,12719,21,,,0
190001029,'1198641',716,,12720,21,,,0
190001029,'1198687',1101,,12721,21,,,0
190001029,'1198747',931,,12722,21,,,0
190001029,'1198758',2101,,12723,21,,,0
190001029,'1198798',1716,,12724,21,,,0
190001029,'1198839',1845,,12725,21,,,0
190001029,'1198853',2145,,12726,21,,,0
190001029,'1198897',1601,,12727,21,,,0
190001029,'1198906',2116,,12728,21,,,0
190001029,'1198916',1718,,12729,21,,,0
190001029,'1198939',1815,,12730,21,,,0
190001029,'1198946',2246,,12731,21,,,0
190001029,'1198952',1927,,12732,21,,,0
190001029,'1198977',2131,,12733,21,,,0
190001029,'1198982',1727,,12734,21,,,0
190001029,'1199067',1946,,12735,21,,,0
190001029,'1199081',1133,,12736,21,,,0
190001029,'1199082',731,,12737,21,,,0
190001029,'1199103',1731,,12738,21,,,0
190001029,'1199165',1346,,12739,21,,,0
190001029,'1199204',1231,,12740,21,,,0
190001029,'1199210',2001,,12741,21,,,0
190001029,'1199221',1218,,12742,21,,,0
190001029,'1199226',1945,,12743,21,,,0
190001029,'1199256',1227,,12744,21,,,0
190001029,'1199270',1333,,12745,21,,,0
190001029,'1199289',1033,,12746,21,,,0
190001029,'1199303',646,,12747,21,,,0
190001029,'1199322',1103,,12748,21,,,0
190001029,'1199332',945,,12749,21,,,0
190001029,'1199345',1031,,12750,21,,,0
190001029,'1199364',1518,,12751,21,,,0
190001029,'1199390',1048,,12752,21,,,0
190001029,'1199391',1233,,12753,21,,,0
190001029,'1199399',1316,,12754,21,,,0
190001029,'1199406',1546,,12755,21,,,0
190001029,'1199432',1016,,12756,21,,,0
190001029,'1199451',1001,,12757,21,,,0
190001029,'1199467',1915,,12758,21,,,0
190001029,'1199482',1646,,12759,21,,,0
190001029,'1199489',631,,12760,21,,,0
190001029,'1199514',1916,,12761,21,,,0
190001029,'1199524',2215,,12762,21,,,0
190001029,'1199526',2027,,12763,21,,,0
190001029,'1199555',831,,12764,21,,,0
190001029,'1199558',1627,,12765,21,,,0
190001029,'1199571',2015,,12766,21,,,0
190001029,'1199594',1616,,12767,21,,,0
190001029,'1199596',2146,,12768,21,,,0
190001029,'1199644',916,,12769,21,,,0
190001029,'1199650',1901,,12770,21,,,0
