105019,'1196946',914,,12117,56,,,0
105019,'1197049',1824,,12118,56,,,0
105019,'1197077',602,,12119,56,,,0
105019,'1197115',1209,,12120,56,,,0
105019,'1197131',714,,12121,56,,,0
105019,'1197173',1216,,12122,56,,,0
105019,'1197181',1032,,12123,56,,,0
105019,'1197192',2201,,12124,56,,,0
105019,'1197197',1509,,12125,56,,,0
105019,'1197292',1316,,12126,56,,,0
105019,'1197296',1609,,12127,56,,,0
105019,'1197531',1416,,12128,56,,,0
105019,'1197548',1931,,12129,56,,,0
105019,'1197557',1616,,12130,56,,,0
105019,'1197588',832,,12131,56,,,0
105019,'1197596',2101,,12132,56,,,0
105019,'1197617',1516,,12133,56,,,0
105019,'1197633',1232,,12134,56,,,0
105019,'1197710',806,,12135,56,,,0
105019,'1197779',1754,,12136,56,,,0
105019,'1197825',1424,,12137,56,,,0
105019,'1197971',1109,,12138,56,,,0
105019,'1198112',632,,12139,56,,,0
105019,'1198338',1116,,12140,56,,,0
105019,'1198380',2232,,12141,56,,,0
105019,'1198385',1724,,12142,56,,,0
105019,'1198553',1324,,12143,56,,,0
105019,'1198560',2032,,12144,56,,,0
105019,'1198571',1632,,12145,56,,,0
105019,'1198621',736,,12146,56,,,0
105019,'1198667',1006,,12147,56,,,0
105019,'1198717',1539,,12148,56,,,0
105019,'1198741',906,,12149,56,,,0
105019,'1198746',1854,,12150,56,,,0
105019,'1198889',702,,12151,56,,,0
105019,'1199004',1432,,12152,56,,,0
105019,'1199054',1639,,12153,56,,,0
105019,'1199098',836,,12154,56,,,0
105019,'1199298',2401,,12155,56,,,0
105019,'1199347',2314,,12156,56,,,0
105019,'1199383',2301,,12157,56,,,0
105019,'1199400',1716,,12158,56,,,0
105019,'1199461',1832,,12159,56,,,0
105019,'1199511',1816,,12160,56,,,0
105019,'1199546',2114,,12161,56,,,0
105019,'1199574',1916,,12162,56,,,0
106029,'1196836',1612,,12215,7,,,0
106029,'1196851',1727,,12216,7,,,0
106029,'1197042',1010,,12217,7,,,0
106029,'1197408',1842,,12218,7,,,0
106029,'1198086',740,,12219,7,,,0
106029,'1198615',855,,12220,7,,,0
