13019,'1190607',923,,7967,11,,,0
13019,'1190640',1623,,7969,11,,,0
13019,'1190733',1023,,7970,11,,,0
13019,'1190801',1223,,7971,11,,,0
13019,'1190811',1923,,7972,11,,,0
13019,'1191064',953,,7974,11,,,0
13019,'1191079',853,,7975,11,,,0
13019,'1191259',723,,7976,11,,,0
13019,'1191324',723,,7977,11,,,0
13019,'1191439',1724,,7978,11,,,0
13019,'1191613',1524,,7983,11,,,0
13019,'1191629',2223,,7984,11,,,0
13019,'1191643',2053,,7986,11,,,0
13019,'1191663',1224,,7987,11,,,0
13019,'1191733',1024,,7988,11,,,0
13019,'1191945',1323,,7989,11,,,0
13019,'1192060',753,,7990,11,,,0
13019,'1192062',2153,,7991,11,,,0
13019,'1192072',1124,,7992,11,,,0
13019,'1192088',623,,7993,11,,,0
13019,'1192127',1454,,7994,11,,,0
13019,'1192154',1424,,7995,11,,,0
13019,'1192163',1423,,7996,11,,,0
13019,'1192228',823,,7997,11,,,0
13019,'1192313',823,,8000,11,,,0
13019,'1192426',1554,,8001,11,,,0
13019,'1192486',1654,,8002,11,,,0
13019,'1192492',1853,,8003,11,,,0
13019,'1192497',1123,,8004,11,,,0
13019,'1192498',1723,,8005,11,,,0
13019,'1192501',1753,,8006,11,,,0
13019,'1192637',2123,,8012,11,,,0
13019,'1192715',2253,,8014,11,,,0
13019,'1192811',2023,,8016,11,,,0
13019,'1192876',1624,,8017,11,,,0
13019,'1192895',923,,8018,11,,,0
13019,'1193039',1523,,8021,11,,,0
13019,'1193073',1953,,8022,11,,,0
13019,'1193083',2323,,8023,11,,,0
13019,'1193132',653,,8025,11,,,0
13019,'1193188',1823,,8026,11,,,0
13019,'1193199',2358,,8027,11,,,0
13019,'1193221',1324,,8028,11,,,0
101029,'1190605',1037,,9008,11,,,0
101029,'1190678',1239,,9009,11,,,0
101029,'1190957',937,,9011,11,,,0
101029,'1191397',1539,,9015,11,,,0
101029,'1191454',1622,,9017,11,,,0
101029,'1191537',2022,,9018,11,,,0
101029,'1191600',1822,,9019,11,,,0
101029,'1191837',2222,,9020,11,,,0
101029,'1191844',1222,,9021,11,,,0
101029,'1191946',1339,,9022,11,,,0
101029,'1192220',1937,,9023,11,,,0
101029,'1192246',637,,9024,11,,,0
101029,'1192291',1422,,9025,11,,,0
101029,'1192305',2357,,9026,11,,,0
101029,'1192401',822,,9028,11,,,0
101029,'1192520',1639,,9029,11,,,0
101029,'1192600',2137,,9031,11,,,0
101029,'1192680',1439,,9032,11,,,0
101029,'1192726',1022,,9033,11,,,0
101029,'1192973',1737,,9034,11,,,0
101029,'1193049',737,,9035,11,,,0
101029,'1193166',622,,9037,11,,,0
101029,'1193226',837,,9038,11,,,0
