2019,'1196937',929,,9945,19,,,0
2019,'1196952',1929,,9946,19,,,0
2019,'1196959',729,,9947,19,,,0
2019,'1196966',1014,,9948,19,,,0
2019,'1196990',929,,9949,19,,,0
2019,'1196992',1701,,9950,19,,,0
2019,'1196993',2059,,9951,19,,,0
2019,'1197022',1329,,9952,19,,,0
2019,'1197046',2359,,9953,19,,,0
2019,'1197068',1215,,9954,19,,,0
2019,'1197140',830,,9955,19,,,0
2019,'1197142',2229,,9956,19,,,0
2019,'1197156',700,,9957,19,,,0
2019,'1197159',1246,,9958,19,,,0
2019,'1197165',1315,,9959,19,,,0
2019,'1197200',2044,,9960,19,,,0
2019,'1197205',2329,,9961,19,,,0
2019,'1197230',1601,,9962,19,,,0
2019,'1197258',1531,,9963,19,,,0
2019,'1197273',1829,,9964,19,,,0
2019,'1197277',1015,,9965,19,,,0
2019,'1197304',2029,,9966,19,,,0
2019,'1197311',1801,,9967,19,,,0
2019,'1197384',845,,9968,19,,,0
2019,'1197388',1515,,9969,19,,,0
2019,'1197409',1401,,9970,19,,,0
2019,'1197517',1546,,9971,19,,,0
2019,'1197526',1145,,9972,19,,,0
2019,'1197532',1229,,9973,19,,,0
2019,'1197541',1814,,9974,19,,,0
2019,'1197604',1944,,9975,19,,,0
2019,'1197630',1231,,9976,19,,,0
2019,'1197631',1745,,9977,19,,,0
2019,'1197670',945,,9978,19,,,0
2019,'1197671',1346,,9979,19,,,0
2019,'1197694',1914,,9980,19,,,0
2019,'1197780',1030,,9981,19,,,0
2019,'1197798',1844,,9982,19,,,0
2019,'1197818',1429,,9983,19,,,0
2019,'1197842',1301,,9984,19,,,0
2019,'1197864',2129,,9985,19,,,0
2019,'1197879',1415,,9986,19,,,0
2019,'1197881',1029,,9987,19,,,0
2019,'1197904',900,,9988,19,,,0
2019,'1197931',1200,,9989,19,,,0
2019,'1197939',1516,,9990,19,,,0
2019,'1197952',2404,,9991,19,,,0
2019,'1197970',930,,9992,19,,,0
2019,'1197994',1130,,9993,19,,,0
2019,'1198000',715,,9994,19,,,0
2019,'1198018',730,,9995,19,,,0
2019,'1198034',815,,9996,19,,,0
2019,'1198058',1616,,9997,19,,,0
2019,'1198063',1646,,9998,19,,,0
2019,'1198138',1645,,9999,19,,,0
2019,'1198180',1045,,10000,19,,,0
2019,'1198182',1216,,10001,19,,,0
2019,'1198197',2229,,10002,19,,,0
2019,'1198230',2114,,10003,19,,,0
2019,'1198247',1501,,10004,19,,,0
2019,'1198270',1929,,10005,19,,,0
2019,'1198273',745,,10006,19,,,0
2019,'1198286',759,,10007,19,,,0
2019,'1198328',1731,,10008,19,,,0
2019,'1198379',1746,,10010,19,,,0
2019,'1198387',1545,,10011,19,,,0
2019,'1198392',1145,,10012,19,,,0
2019,'1198443',2014,,10013,19,,,0
2019,'1198453',2144,,10014,19,,,0
2019,'1198468',1245,,10015,19,,,0
2019,'1198483',1729,,10016,19,,,0
2019,'1198564',1115,,10017,19,,,0
2019,'1198584',2314,,10018,19,,,0
2019,'1198637',1631,,10019,19,,,0
2019,'1198722',1529,,10020,19,,,0
2019,'1198740',915,,10021,19,,,0
2019,'1198744',1844,,10022,19,,,0
2019,'1198846',844,,10023,19,,,0
2019,'1198873',645,,10024,19,,,0
2019,'1198904',1345,,10025,19,,,0
2019,'1198940',2214,,10026,19,,,0
2019,'1199047',1316,,10027,19,,,0
2019,'1199073',1715,,10028,19,,,0
2019,'1199085',2144,,10029,19,,,0
2019,'1199096',1445,,10030,19,,,0
2019,'1199176',1044,,10031,19,,,0
2019,'1199234',2014,,10032,19,,,0
2019,'1199238',714,,10033,19,,,0
2019,'1199242',1129,,10034,19,,,0
2019,'1199272',1000,,10035,19,,,0
2019,'1199326',2314,,10036,19,,,0
2019,'1199327',1416,,10037,19,,,0
2019,'1199334',1629,,10038,19,,,0
2019,'1199352',1716,,10039,19,,,0
2019,'1199368',1446,,10040,19,,,0
2019,'1199372',1814,,10041,19,,,0
2019,'1199378',1431,,10042,19,,,0
2019,'1199438',1100,,10043,19,,,0
2019,'1199439',800,,10044,19,,,0
2019,'1199485',1331,,10045,19,,,0
2019,'1199505',829,,10046,19,,,0
2019,'1199525',2244,,10047,19,,,0
2019,'1199540',1115,,10048,19,,,0
2019,'1199630',2344,,10049,19,,,0
2019,'1199652',1615,,10050,19,,,0
