28019,'1196931',2343,,11637,19,,,0
28019,'1196961',1003,,11638,19,,,0
28019,'1197034',1143,,11639,19,,,0
28019,'1197242',1543,,11640,19,,,0
28019,'1197295',1403,,11641,19,,,0
28019,'1197458',1943,,11642,19,,,0
28019,'1197551',903,,11643,19,,,0
28019,'1197718',2143,,11644,19,,,0
28019,'1197726',1803,,11645,19,,,0
28019,'1197861',1843,,11646,19,,,0
28019,'1197862',1243,,11647,19,,,0
28019,'1198022',703,,11648,19,,,0
28019,'1198061',2103,,11649,19,,,0
28019,'1198096',1443,,11650,19,,,0
28019,'1198110',1203,,11651,19,,,0
28019,'1198319',2003,,11652,19,,,0
28019,'1198329',1643,,11653,19,,,0
28019,'1198345',1503,,11654,19,,,0
28019,'1198414',1103,,11655,19,,,0
28019,'1198454',1043,,11656,19,,,0
28019,'1198522',1603,,11657,19,,,0
28019,'1198672',943,,11658,19,,,0
28019,'1198739',2203,,11659,19,,,0
28019,'1198919',743,,11660,19,,,0
28019,'1198968',1303,,11661,19,,,0
28019,'1199033',2403,,11662,19,,,0
28019,'1199206',2043,,11663,19,,,0
28019,'1199243',2303,,11664,19,,,0
28019,'1199296',1903,,11665,19,,,0
28019,'1199344',1743,,11666,19,,,0
28019,'1199417',1703,,11667,19,,,0
28019,'1199450',843,,11668,19,,,0
28019,'1199529',1343,,11669,19,,,0
28019,'1199584',803,,11670,19,,,0
28019,'1199602',2243,,11671,19,,,0
28019,'1199775',1748,,11672,19,,,0
28019,'1199776',1718,,11673,19,,,0
28019,'1199784',1818,,11674,19,,,0
28019,'1199803',718,,11675,19,,,0
28019,'1199807',2018,,11676,19,,,0
28019,'1199817',2218,,11677,19,,,0
28019,'1199832',2318,,11678,19,,,0
28019,'1199835',1518,,11679,19,,,0
28019,'1199837',1648,,11680,19,,,0
28019,'1199842',1848,,11681,19,,,0
28019,'1199845',918,,11682,19,,,0
28019,'1199851',818,,11683,19,,,0
28019,'1199859',1918,,11684,19,,,0
28019,'1199861',848,,11685,19,,,0
28019,'1199868',1422,,11686,19,,,0
28019,'1199872',648,,11687,19,,,0
28019,'1199880',1318,,11688,19,,,0
28019,'1199885',748,,11689,19,,,0
28019,'1199887',1218,,11690,19,,,0
28019,'1199894',1618,,11691,19,,,0
28019,'1199897',618,,11692,19,,,0
28019,'1199900',2118,,11693,19,,,0
28019,'1199908',1018,,11694,19,,,0
28019,'1199917',1118,,11695,19,,,0
