3019,'1196834',1804,,10159,6,,,0
3019,'1196848',2104,,10160,6,,,0
3019,'1196854',704,,10161,6,,,0
3019,'1196968',1220,,10162,6,,,0
3019,'1196971',2004,,10163,6,,,0
3019,'1197069',704,,10164,6,,,0
3019,'1197076',2134,,10165,6,,,0
3019,'1197107',1234,,10166,6,,,0
3019,'1197120',2404,,10167,6,,,0
3019,'1197318',2204,,10168,6,,,0
3019,'1197369',2320,,10169,6,,,0
3019,'1197372',2220,,10170,6,,,0
3019,'1197378',904,,10171,6,,,0
3019,'1197462',904,,10172,6,,,0
3019,'1197478',1604,,10173,6,,,0
3019,'1197537',920,,10174,6,,,0
3019,'1197572',1334,,10175,6,,,0
3019,'1197590',834,,10176,6,,,0
3019,'1197618',1704,,10177,6,,,0
3019,'1197731',2004,,10179,6,,,0
3019,'1197748',1004,,10180,6,,,0
3019,'1197755',1034,,10181,6,,,0
3019,'1197810',1434,,10182,6,,,0
3019,'1197819',1904,,10183,6,,,0
3019,'1197850',1534,,10184,6,,,0
3019,'1197851',934,,10185,6,,,0
3019,'1197897',1104,,10186,6,,,0
3019,'1197923',1204,,10187,6,,,0
3019,'1197941',1504,,10188,6,,,0
3019,'1198025',1604,,10189,6,,,0
3019,'1198093',1834,,10190,6,,,0
3019,'1198098',1134,,10191,6,,,0
3019,'1198111',1004,,10192,6,,,0
3019,'1198119',1520,,10193,6,,,0
3019,'1198124',1404,,10194,6,,,0
3019,'1198153',1904,,10195,6,,,0
3019,'1198229',1504,,10196,6,,,0
3019,'1198237',1634,,10197,6,,,0
3019,'1198265',2104,,10198,6,,,0
3019,'1198278',1934,,10199,6,,,0
3019,'1198430',1620,,10200,6,,,0
3019,'1198432',1804,,10201,6,,,0
3019,'1198501',1704,,10202,6,,,0
3019,'1198514',634,,10203,6,,,0
3019,'1198654',1720,,10204,6,,,0
3019,'1198677',820,,10205,6,,,0
3019,'1198680',804,,10206,6,,,0
3019,'1198689',2354,,10207,6,,,0
3019,'1198691',1734,,10208,6,,,0
3019,'1198742',2204,,10209,6,,,0
3019,'1198777',1404,,10210,6,,,0
3019,'1198788',720,,10211,6,,,0
3019,'1198845',1020,,10212,6,,,0
3019,'1198989',2120,,10213,6,,,0
3019,'1198991',1820,,10214,6,,,0
3019,'1199009',1320,,10215,6,,,0
3019,'1199035',1204,,10216,6,,,0
3019,'1199052',2020,,10217,6,,,0
3019,'1199066',1120,,10218,6,,,0
3019,'1199133',1304,,10219,6,,,0
3019,'1199262',2304,,10220,6,,,0
3019,'1199277',734,,10221,6,,,0
3019,'1199346',1304,,10222,6,,,0
3019,'1199408',2034,,10223,6,,,0
3019,'1199412',1420,,10224,6,,,0
3019,'1199440',2304,,10225,6,,,0
3019,'1199509',804,,10226,6,,,0
3019,'1199600',1920,,10228,6,,,0
3019,'1199612',1104,,10229,6,,,0
