24029,'1196855',2152,,11247,11,,,0
24029,'1196863',1622,,11248,11,,,0
24029,'1196903',1654,,11249,11,,,0
24029,'1196935',1538,,11250,11,,,0
24029,'1196998',952,,11251,11,,,0
24029,'1197011',621,,11252,11,,,0
24029,'1197043',2022,,11253,11,,,0
24029,'1197098',1023,,11254,11,,,0
24029,'1197100',1554,,11255,11,,,0
24029,'1197147',822,,11256,11,,,0
24029,'1197194',1724,,11257,11,,,0
24029,'1197347',1223,,11258,11,,,0
24029,'1197395',2338,,11259,11,,,0
24029,'1197401',1238,,11260,11,,,0
24029,'1197449',1523,,11261,11,,,0
24029,'1197535',1438,,11262,11,,,0
24029,'1197571',1952,,11263,11,,,0
24029,'1197636',838,,11264,11,,,0
24029,'1197711',1424,,11265,11,,,0
24029,'1197716',1423,,11266,11,,,0
24029,'1197740',1624,,11267,11,,,0
24029,'1197752',2252,,11268,11,,,0
24029,'1197838',922,,11269,11,,,0
24029,'1197859',923,,11270,11,,,0
24029,'1197868',2052,,11271,11,,,0
24029,'1198001',1324,,11272,11,,,0
24029,'1198033',721,,11273,11,,,0
24029,'1198069',1838,,11274,11,,,0
24029,'1198091',752,,11275,11,,,0
24029,'1198103',2038,,11276,11,,,0
24029,'1198109',738,,11277,11,,,0
24029,'1198307',2122,,11278,11,,,0
24029,'1198333',1038,,11279,11,,,0
24029,'1198357',1022,,11280,11,,,0
24029,'1198422',1738,,11281,11,,,0
24029,'1198495',1323,,11282,11,,,0
24029,'1198628',1938,,11283,11,,,0
24029,'1198699',1338,,11284,11,,,0
24029,'1198752',1124,,11285,11,,,0
24029,'1198764',1454,,11286,11,,,0
24029,'1198765',1722,,11287,11,,,0
24029,'1198785',2222,,11288,11,,,0
24029,'1198801',1224,,11289,11,,,0
24029,'1198831',1754,,11290,11,,,0
24029,'1198847',1638,,11291,11,,,0
24029,'1198886',722,,11292,11,,,0
24029,'1198954',1138,,11293,11,,,0
24029,'1198966',1524,,11294,11,,,0
24029,'1198971',2238,,11295,11,,,0
24029,'1199014',1922,,11296,11,,,0
24029,'1199150',2322,,11297,11,,,0
24029,'1199169',2412,,11298,11,,,0
24029,'1199217',1123,,11299,11,,,0
24029,'1199230',822,,11300,11,,,0
24029,'1199287',652,,11301,11,,,0
24029,'1199365',2138,,11302,11,,,0
24029,'1199397',852,,11303,11,,,0
24029,'1199530',938,,11304,11,,,0
24029,'1199545',1852,,11305,11,,,0
24029,'1199636',1822,,11306,11,,,0
105019,'1196946',951,,12117,113,,,0
105019,'1197049',1905,,12118,113,,,0
105019,'1197077',639,,12119,113,,,0
105019,'1197115',1250,,12120,113,,,0
105019,'1197131',751,,12121,113,,,0
105019,'1197173',1253,,12122,113,,,0
105019,'1197181',1106,,12123,113,,,0
105019,'1197192',2239,,12124,113,,,0
105019,'1197197',1550,,12125,113,,,0
105019,'1197292',1353,,12126,113,,,0
105019,'1197296',1650,,12127,113,,,0
105019,'1197531',1453,,12128,113,,,0
105019,'1197548',2009,,12129,113,,,0
105019,'1197557',1653,,12130,113,,,0
105019,'1197588',906,,12131,113,,,0
105019,'1197596',2139,,12132,113,,,0
105019,'1197617',1553,,12133,113,,,0
105019,'1197633',1306,,12134,113,,,0
105019,'1197710',847,,12135,113,,,0
105019,'1197779',1835,,12136,113,,,0
105019,'1197825',1505,,12137,113,,,0
105019,'1197971',1150,,12138,113,,,0
105019,'1198112',709,,12139,113,,,0
105019,'1198338',1153,,12140,113,,,0
105019,'1198380',2306,,12141,113,,,0
105019,'1198385',1805,,12142,113,,,0
105019,'1198553',1405,,12143,113,,,0
105019,'1198560',2106,,12144,113,,,0
105019,'1198571',1706,,12145,113,,,0
105019,'1198621',817,,12146,113,,,0
105019,'1198667',1047,,12147,113,,,0
105019,'1198717',1620,,12148,113,,,0
105019,'1198741',947,,12149,113,,,0
105019,'1198746',1935,,12150,113,,,0
105019,'1198889',739,,12151,113,,,0
105019,'1199004',1506,,12152,113,,,0
105019,'1199054',1720,,12153,113,,,0
105019,'1199098',917,,12154,113,,,0
105019,'1199298',2439,,12155,113,,,0
105019,'1199347',2351,,12156,113,,,0
105019,'1199383',2339,,12157,113,,,0
105019,'1199400',1753,,12158,113,,,0
105019,'1199461',1906,,12159,113,,,0
105019,'1199511',1853,,12160,113,,,0
105019,'1199546',2151,,12161,113,,,0
105019,'1199574',1953,,12162,113,,,0
106029,'1196836',1637,,12215,44,,,0
106029,'1196851',1752,,12216,44,,,0
106029,'1197042',1035,,12217,44,,,0
106029,'1197408',1907,,12218,44,,,0
106029,'1198086',805,,12219,44,,,0
106029,'1198615',920,,12220,44,,,0
140001019,'1196866',822,,12221,23,,,0
140001019,'1196880',2220,,12222,23,,,0
140001019,'1196896',1037,,12223,23,,,0
140001019,'1196898',2152,,12224,23,,,0
140001019,'1196900',1937,,12225,23,,,0
140001019,'1196905',1909,,12226,23,,,0
140001019,'1196939',2322,,12227,23,,,0
140001019,'1196943',1338,,12228,23,,,0
140001019,'1196945',2347,,12229,23,,,0
140001019,'1196967',652,,12230,23,,,0
140001019,'1197008',1409,,12231,23,,,0
140001019,'1197072',1432,,12232,23,,,0
140001019,'1197075',1553,,12233,23,,,0
140001019,'1197086',1852,,12234,23,,,0
140001019,'1197088',2052,,12235,23,,,0
140001019,'1197102',707,,12236,23,,,0
140001019,'1197146',1608,,12237,23,,,0
140001019,'1197212',1323,,12238,23,,,0
140001019,'1197216',937,,12239,23,,,0
140001019,'1197238',1208,,12240,23,,,0
140001019,'1197266',1508,,12241,23,,,0
140001019,'1197267',1638,,12242,23,,,0
140001019,'1197281',1647,,12243,23,,,0
140001019,'1197287',952,,12244,23,,,0
140001019,'1197324',1617,,12245,23,,,0
140001019,'1197328',1022,,12246,23,,,0
140001019,'1197350',1052,,12247,23,,,0
140001019,'1197407',1423,,12248,23,,,0
140001019,'1197438',1738,,12249,23,,,0
140001019,'1197459',1007,,12250,23,,,0
140001019,'1197465',1138,,12251,23,,,0
140001019,'1197470',1753,,12252,23,,,0
140001019,'1197474',1022,,12253,23,,,0
140001019,'1197516',1447,,12254,23,,,0
140001019,'1197563',1837,,12255,23,,,0
140001019,'1197567',1952,,12256,23,,,0
140001019,'1197593',1238,,12257,23,,,0
140001019,'1197607',1702,,12258,23,,,0
140001019,'1197613',1802,,12259,23,,,0
140001019,'1197621',1808,,12260,23,,,0
140001019,'1197622',2037,,12261,23,,,0
140001019,'1197646',1223,,12262,23,,,0
140001019,'1197676',1153,,12263,23,,,0
140001019,'1197685',1038,,12264,23,,,0
140001019,'1197688',1323,,12265,23,,,0
140001019,'1197689',1438,,12266,23,,,0
140001019,'1197693',1747,,12267,23,,,0
140001019,'1197729',2007,,12268,23,,,0
140001019,'1197734',1609,,12269,23,,,0
140001019,'1197741',1338,,12270,23,,,0
140001019,'1197745',1223,,12271,23,,,0
140001019,'1197767',1123,,12272,23,,,0
140001019,'1197797',2022,,12273,23,,,0
140001019,'1197802',907,,12274,23,,,0
140001019,'1197830',922,,12275,23,,,0
140001019,'1197894',1823,,12276,23,,,0
140001019,'1197944',1109,,12277,23,,,0
140001019,'1197964',1308,,12278,23,,,0
140001019,'1197966',1053,,12279,23,,,0
140001019,'1197987',1632,,12280,23,,,0
140001019,'1197988',752,,12281,23,,,0
140001019,'1198009',2107,,12282,23,,,0
140001019,'1198027',2309,,12283,23,,,0
140001019,'1198035',837,,12284,23,,,0
140001019,'1198147',2109,,12285,23,,,0
140001019,'1198155',1208,,12286,23,,,0
140001019,'1198177',2052,,12287,23,,,0
140001019,'1198195',1308,,12288,23,,,0
140001019,'1198235',1708,,12289,23,,,0
140001019,'1198264',1309,,12290,23,,,0
140001019,'1198294',1408,,12291,23,,,0
140001019,'1198302',2022,,12292,23,,,0
140001019,'1198324',1808,,12293,23,,,0
140001019,'1198349',737,,12294,23,,,0
140001019,'1198356',1723,,12295,23,,,0
140001019,'1198378',722,,12296,23,,,0
140001019,'1198384',1138,,12297,23,,,0
140001019,'1198418',1922,,12298,23,,,0
140001019,'1198429',1907,,12299,23,,,0
140001019,'1198452',1809,,12300,23,,,0
140001019,'1198461',852,,12301,23,,,0
140001019,'1198463',1837,,12302,23,,,0
140001019,'1198487',1852,,12303,23,,,0
140001019,'1198515',1238,,12304,23,,,0
140001019,'1198535',1717,,12305,23,,,0
140001019,'1198541',1107,,12306,23,,,0
140001019,'1198549',652,,12307,23,,,0
140001019,'1198579',1653,,12308,23,,,0
140001019,'1198595',2122,,12309,23,,,0
140001019,'1198601',1623,,12310,23,,,0
140001019,'1198665',2320,,12311,23,,,0
140001019,'1198666',809,,12312,23,,,0
140001019,'1198714',1502,,12313,23,,,0
140001019,'1198763',2422,,12314,23,,,0
140001019,'1198766',1009,,12315,23,,,0
140001019,'1198781',1822,,12316,23,,,0
140001019,'1198791',1523,,12317,23,,,0
140001019,'1198797',822,,12318,23,,,0
140001019,'1198813',1509,,12319,23,,,0
140001019,'1198814',2409,,12320,23,,,0
140001019,'1198835',1353,,12321,23,,,0
140001019,'1198872',852,,12322,23,,,0
140001019,'1198878',1253,,12323,23,,,0
140001019,'1198900',1517,,12324,23,,,0
140001019,'1198920',2122,,12325,23,,,0
140001019,'1198925',1122,,12326,23,,,0
140001019,'1198926',922,,12327,23,,,0
140001019,'1198932',1007,,12328,23,,,0
140001019,'1198964',1732,,12329,23,,,0
140001019,'1198965',1408,,12330,23,,,0
140001019,'1198980',1547,,12331,23,,,0
140001019,'1199018',2420,,12332,23,,,0
140001019,'1199069',2209,,12333,23,,,0
140001019,'1199136',1253,,12334,23,,,0
140001019,'1199170',752,,12335,23,,,0
140001019,'1199213',2350,,12336,23,,,0
140001019,'1199235',909,,12337,23,,,0
140001019,'1199268',807,,12338,23,,,0
140001019,'1199282',1108,,12339,23,,,0
140001019,'1199297',1532,,12340,23,,,0
140001019,'1199319',952,,12341,23,,,0
140001019,'1199330',1907,,12342,23,,,0
140001019,'1199354',1952,,12343,23,,,0
140001019,'1199367',2150,,12344,23,,,0
140001019,'1199377',1209,,12345,23,,,0
140001019,'1199402',1709,,12346,23,,,0
140001019,'1199414',1453,,12347,23,,,0
140001019,'1199449',1153,,12348,23,,,0
140001019,'1199458',1353,,12349,23,,,0
140001019,'1199468',2250,,12350,23,,,0
140001019,'1199492',1602,,12351,23,,,0
140001019,'1199516',2222,,12352,23,,,0
140001019,'1199563',2252,,12353,23,,,0
140001019,'1199606',1538,,12354,23,,,0
140001019,'1199624',1922,,12355,23,,,0
140001019,'1199632',722,,12356,23,,,0
140001019,'1199638',2009,,12357,23,,,0
