105019,'1196946',921,,12117,71,,,0
105019,'1197049',1831,,12118,71,,,0
105019,'1197077',609,,12119,71,,,0
105019,'1197115',1216,,12120,71,,,0
105019,'1197131',721,,12121,71,,,0
105019,'1197173',1223,,12122,71,,,0
105019,'1197181',1039,,12123,71,,,0
105019,'1197192',2208,,12124,71,,,0
105019,'1197197',1516,,12125,71,,,0
105019,'1197292',1323,,12126,71,,,0
105019,'1197296',1616,,12127,71,,,0
105019,'1197531',1423,,12128,71,,,0
105019,'1197548',1938,,12129,71,,,0
105019,'1197557',1623,,12130,71,,,0
105019,'1197588',839,,12131,71,,,0
105019,'1197596',2108,,12132,71,,,0
105019,'1197617',1523,,12133,71,,,0
105019,'1197633',1239,,12134,71,,,0
105019,'1197710',813,,12135,71,,,0
105019,'1197779',1801,,12136,71,,,0
105019,'1197825',1431,,12137,71,,,0
105019,'1197971',1116,,12138,71,,,0
105019,'1198112',639,,12139,71,,,0
105019,'1198338',1123,,12140,71,,,0
105019,'1198380',2239,,12141,71,,,0
105019,'1198385',1731,,12142,71,,,0
105019,'1198553',1331,,12143,71,,,0
105019,'1198560',2039,,12144,71,,,0
105019,'1198571',1639,,12145,71,,,0
105019,'1198621',743,,12146,71,,,0
105019,'1198667',1013,,12147,71,,,0
105019,'1198717',1546,,12148,71,,,0
105019,'1198741',913,,12149,71,,,0
105019,'1198746',1901,,12150,71,,,0
105019,'1198889',709,,12151,71,,,0
105019,'1199004',1439,,12152,71,,,0
105019,'1199054',1646,,12153,71,,,0
105019,'1199098',843,,12154,71,,,0
105019,'1199298',2408,,12155,71,,,0
105019,'1199347',2321,,12156,71,,,0
105019,'1199383',2308,,12157,71,,,0
105019,'1199400',1723,,12158,71,,,0
105019,'1199461',1839,,12159,71,,,0
105019,'1199511',1823,,12160,71,,,0
105019,'1199546',2121,,12161,71,,,0
105019,'1199574',1923,,12162,71,,,0
