2019,'1190609',1619,,7220,24,4,,0
2019,'1190685',1219,,7222,24,4,,0
2019,'1190689',1949,,7223,24,4,,0
2019,'1190717',1719,,7224,24,4,,0
2019,'1190765',1249,,7226,24,4,,0
2019,'1190817',1319,,7228,24,4,,0
2019,'1190953',819,,7231,24,4,,0
2019,'1190999',1719,,7232,24,4,,0
2019,'1191046',1749,,7233,24,4,,0
2019,'1191054',2407,,7234,24,4,,0
2019,'1191067',904,,7235,24,4,,0
2019,'1191084',1434,,7236,24,4,,0
2019,'1191199',848,,7239,24,4,,0
2019,'1191211',1604,,7240,24,4,,0
2019,'1191224',1204,,7241,24,4,,0
2019,'1191233',2232,,7242,24,4,,0
2019,'1191252',2402,,7243,24,4,,0
2019,'1191275',734,,7244,24,4,,0
2019,'1191287',1334,,7245,24,4,,0
2019,'1191383',1817,,7246,24,4,,0
2019,'1191408',1304,,7248,24,4,,0
2019,'1191447',1449,,7249,24,4,,0
2019,'1191485',2117,,7250,24,4,,0
2019,'1191495',1634,,7251,24,4,,0
2019,'1191512',1319,,7252,24,4,,0
2019,'1191527',933,,7253,24,4,,0
2019,'1191539',1349,,7254,24,4,,0
2019,'1191561',1749,,7255,24,4,,0
2019,'1191615',2049,,7256,24,4,,0
2019,'1191644',1019,,7257,24,4,,0
2019,'1191646',1034,,7258,24,4,,0
2019,'1191661',1649,,7259,24,4,,0
2019,'1191691',1804,,7260,24,4,,0
2019,'1191768',934,,7261,24,4,,0
2019,'1191793',718,,7262,24,4,,0
2019,'1191850',749,,7264,24,4,,0
2019,'1191864',1619,,7265,24,4,,0
2019,'1191873',1534,,7267,24,4,,0
2019,'1191904',1004,,7268,24,4,,0
2019,'1191918',1932,,7269,24,4,,0
2019,'1191932',2217,,7270,24,4,,0
2019,'1191992',2347,,7271,24,4,,0
2019,'1192029',1104,,7272,24,4,,0
2019,'1192053',2147,,7273,24,4,,0
2019,'1192089',1549,,7274,24,4,,0
2019,'1192091',1219,,7275,24,4,,0
2019,'1192130',1049,,7276,24,4,,0
2019,'1192225',1847,,7278,24,4,,0
2019,'1192227',1704,,7279,24,4,,0
2019,'1192252',2017,,7280,24,4,,0
2019,'1192285',649,,7281,24,4,,0
2019,'1192330',1018,,7282,24,4,,0
2019,'1192352',1134,,7283,24,4,,0
2019,'1192380',1249,,7284,24,4,,0
2019,'1192437',804,,7285,24,4,,0
2019,'1192442',1149,,7286,24,4,,0
2019,'1192449',1234,,7287,24,4,,0
2019,'1192523',1549,,7288,24,4,,0
2019,'1192531',1519,,7289,24,4,,0
2019,'1192546',1149,,7290,24,4,,0
2019,'1192577',2247,,7292,24,4,,0
2019,'1192668',1119,,7294,24,4,,0
2019,'1192678',1449,,7295,24,4,,0
2019,'1192698',834,,7296,24,4,,0
2019,'1192722',1649,,7297,24,4,,0
2019,'1192754',849,,7298,24,4,,0
2019,'1192800',1849,,7301,24,4,,0
2019,'1192865',1504,,7303,24,4,,0
2019,'1192869',949,,7304,24,4,,0
2019,'1192915',1419,,7305,24,4,,0
2019,'1192923',1048,,7306,24,4,,0
2019,'1192928',2019,,7307,24,4,,0
2019,'1192930',1919,,7308,24,4,,0
2019,'1192936',719,,7309,24,4,,0
2019,'1192939',704,,7310,24,4,,0
2019,'1192940',919,,7311,24,4,,0
2019,'1192992',1404,,7312,24,4,,0
2019,'1192994',1419,,7313,24,4,,0
2019,'1193012',1734,,7314,24,4,,0
2019,'1193057',1349,,7315,24,4,,0
2019,'1193080',2102,,7316,24,4,,0
2019,'1193128',803,,7317,24,4,,0
2019,'1193170',1119,,7319,24,4,,0
2019,'1193177',2147,,7320,24,4,,0
2019,'1193178',2317,,7321,24,4,,0
2019,'1193210',1519,,7322,24,4,,0
2019,'1193284',1819,,7323,24,4,,0
2019,'1193308',2317,,7324,24,4,,0
2029,'1190626',1020,,7325,1,,,0
2029,'1190688',1749,,7326,1,,,0
2029,'1190708',2119,,7327,1,,,0
2029,'1190719',2349,,7328,1,,,0
2029,'1190788',720,,7330,1,,,0
2029,'1190794',905,,7331,1,,,0
2029,'1190810',1119,,7332,1,,,0
2029,'1190833',720,,7333,1,,,0
2029,'1190838',2105,,7334,1,,,0
2029,'1190875',1050,,7335,1,,,0
2029,'1190877',750,,7336,1,,,0
2029,'1190915',1050,,7338,1,,,0
2029,'1190967',705,,7339,1,,,0
2029,'1191031',1549,,7340,1,,,0
2029,'1191050',1149,,7341,1,,,0
2029,'1191076',1604,,7342,1,,,0
2029,'1191116',850,,7343,1,,,0
2029,'1191190',2405,,7344,1,,,0
2029,'1191232',1219,,7346,1,,,0
2029,'1191243',2149,,7348,1,,,0
2029,'1191246',1519,,7349,1,,,0
2029,'1191282',2219,,7350,1,,,0
2029,'1191283',1749,,7351,1,,,0
2029,'1191345',1419,,7352,1,,,0
2029,'1191378',1419,,7353,1,,,0
2029,'1191445',1035,,7354,1,,,0
2029,'1191452',650,,7355,1,,,0
2029,'1191453',2319,,7356,1,,,0
2029,'1191464',1449,,7357,1,,,0
2029,'1191468',920,,7358,1,,,0
2029,'1191482',635,,7359,1,,,0
2029,'1191486',1704,,7360,1,,,0
2029,'1191507',1434,,7361,1,,,0
2029,'1191548',1649,,7362,1,,,0
2029,'1191564',1234,,7363,1,,,0
2029,'1191566',1304,,7364,1,,,0
2029,'1191577',2409,,7365,1,,,0
2029,'1191587',735,,7366,1,,,0
2029,'1191640',1949,,7367,1,,,0
2029,'1191678',1619,,7369,1,,,0
2029,'1191684',1719,,7370,1,,,0
2029,'1191701',1935,,7371,1,,,0
2029,'1191726',1849,,7373,1,,,0
2029,'1191736',2320,,7374,1,,,0
2029,'1191799',1820,,7375,1,,,0
2029,'1191824',1549,,7377,1,,,0
2029,'1191863',2020,,7378,1,,,0
2029,'1191887',950,,7379,1,,,0
2029,'1191923',2235,,7382,1,,,0
2029,'1191934',1249,,7383,1,,,0
2029,'1191979',1119,,7384,1,,,0
2029,'1192014',835,,7385,1,,,0
2029,'1192038',1719,,7386,1,,,0
2029,'1192039',1105,,7387,1,,,0
2029,'1192067',1219,,7389,1,,,0
2029,'1192095',1819,,7390,1,,,0
2029,'1192161',1349,,7392,1,,,0
2029,'1192177',850,,7393,1,,,0
2029,'1192187',1319,,7394,1,,,0
2029,'1192222',1804,,7396,1,,,0
2029,'1192235',1449,,7397,1,,,0
2029,'1192245',805,,7398,1,,,0
2029,'1192247',1319,,7399,1,,,0
2029,'1192371',1249,,7400,1,,,0
2029,'1192372',820,,7401,1,,,0
2029,'1192395',1020,,7402,1,,,0
2029,'1192415',2019,,7403,1,,,0
2029,'1192421',935,,7404,1,,,0
2029,'1192494',805,,7405,1,,,0
2029,'1192515',1634,,7406,1,,,0
2029,'1192587',1349,,7407,1,,,0
2029,'1192639',935,,7408,1,,,0
2029,'1192647',1404,,7409,1,,,0
2029,'1192656',1850,,7410,1,,,0
2029,'1192681',1134,,7411,1,,,0
2029,'1192718',1519,,7413,1,,,0
2029,'1192745',1649,,7414,1,,,0
2029,'1192790',2049,,7417,1,,,0
2029,'1192793',2249,,7418,1,,,0
2029,'1192868',1204,,7419,1,,,0
2029,'1192872',635,,7420,1,,,0
2029,'1192912',1619,,7421,1,,,0
2029,'1192918',1334,,7423,1,,,0
2029,'1193030',1534,,7424,1,,,0
2029,'1193075',1919,,7425,1,,,0
2029,'1193081',1734,,7426,1,,,0
2029,'1193140',1005,,7427,1,,,0
2029,'1193168',2150,,7428,1,,,0
2029,'1193194',1149,,7429,1,,,0
2029,'1193219',1504,,7430,1,,,0
