3019,'1196834',1801,,10159,2,,,0
3019,'1196848',2101,,10160,2,,,0
3019,'1196854',701,,10161,2,,,0
3019,'1196968',1217,,10162,2,,,0
3019,'1196971',2001,,10163,2,,,0
3019,'1197069',701,,10164,2,,,0
3019,'1197076',2131,,10165,2,,,0
3019,'1197107',1231,,10166,2,,,0
3019,'1197120',2401,,10167,2,,,0
3019,'1197318',2201,,10168,2,,,0
3019,'1197369',2317,,10169,2,,,0
3019,'1197372',2217,,10170,2,,,0
3019,'1197378',901,,10171,2,,,0
3019,'1197462',901,,10172,2,,,0
3019,'1197478',1601,,10173,2,,,0
3019,'1197537',917,,10174,2,,,0
3019,'1197572',1331,,10175,2,,,0
3019,'1197590',831,,10176,2,,,0
3019,'1197618',1701,,10177,2,,,0
3019,'1197731',2001,,10179,2,,,0
3019,'1197748',1001,,10180,2,,,0
3019,'1197755',1031,,10181,2,,,0
3019,'1197810',1431,,10182,2,,,0
3019,'1197819',1901,,10183,2,,,0
3019,'1197850',1531,,10184,2,,,0
3019,'1197851',931,,10185,2,,,0
3019,'1197897',1101,,10186,2,,,0
3019,'1197923',1201,,10187,2,,,0
3019,'1197941',1501,,10188,2,,,0
3019,'1198025',1601,,10189,2,,,0
3019,'1198093',1831,,10190,2,,,0
3019,'1198098',1131,,10191,2,,,0
3019,'1198111',1001,,10192,2,,,0
3019,'1198119',1517,,10193,2,,,0
3019,'1198124',1401,,10194,2,,,0
3019,'1198153',1901,,10195,2,,,0
3019,'1198229',1501,,10196,2,,,0
3019,'1198237',1631,,10197,2,,,0
3019,'1198265',2101,,10198,2,,,0
3019,'1198278',1931,,10199,2,,,0
3019,'1198430',1617,,10200,2,,,0
3019,'1198432',1801,,10201,2,,,0
3019,'1198501',1701,,10202,2,,,0
3019,'1198514',631,,10203,2,,,0
3019,'1198654',1717,,10204,2,,,0
3019,'1198677',817,,10205,2,,,0
3019,'1198680',801,,10206,2,,,0
3019,'1198689',2351,,10207,2,,,0
3019,'1198691',1731,,10208,2,,,0
3019,'1198742',2201,,10209,2,,,0
3019,'1198777',1401,,10210,2,,,0
3019,'1198788',717,,10211,2,,,0
3019,'1198845',1017,,10212,2,,,0
3019,'1198989',2117,,10213,2,,,0
3019,'1198991',1817,,10214,2,,,0
3019,'1199009',1317,,10215,2,,,0
3019,'1199035',1201,,10216,2,,,0
3019,'1199052',2017,,10217,2,,,0
3019,'1199066',1117,,10218,2,,,0
3019,'1199133',1301,,10219,2,,,0
3019,'1199262',2301,,10220,2,,,0
3019,'1199277',731,,10221,2,,,0
3019,'1199346',1301,,10222,2,,,0
3019,'1199408',2031,,10223,2,,,0
3019,'1199412',1417,,10224,2,,,0
3019,'1199440',2301,,10225,2,,,0
3019,'1199509',801,,10226,2,,,0
3019,'1199600',1917,,10228,2,,,0
3019,'1199612',1101,,10229,2,,,0
3029,'1196871',653,,10230,30,,,0
3029,'1196875',2405,,10231,30,,,0
3029,'1196902',1554,,10232,30,,,0
3029,'1196918',1154,,10233,30,,,0
3029,'1196929',805,,10234,30,,,0
3029,'1197004',2152,,10235,30,,,0
3029,'1197012',1454,,10236,30,,,0
3029,'1197066',1905,,10237,30,,,0
3029,'1197101',1324,,10238,30,,,0
3029,'1197253',1605,,10239,30,,,0
3029,'1197290',823,,10240,30,,,0
3029,'1197380',2205,,10241,30,,,0
3029,'1197402',1624,,10242,30,,,0
3029,'1197413',2052,,10243,30,,,0
3029,'1197417',1105,,10244,30,,,0
3029,'1197427',2221,,10245,30,,,0
3029,'1197507',2352,,10246,30,,,0
3029,'1197510',1824,,10247,30,,,0
3029,'1197558',1023,,10248,30,,,0
3029,'1197601',953,,10249,30,,,0
3029,'1197654',1205,,10250,30,,,0
3029,'1197697',1224,,10251,30,,,0
3029,'1197823',1254,,10252,30,,,0
3029,'1197828',1424,,10253,30,,,0
3029,'1197856',1654,,10254,30,,,0
3029,'1197870',1354,,10255,30,,,0
3029,'1197895',2121,,10256,30,,,0
3029,'1197903',1952,,10257,30,,,0
3029,'1197920',1305,,10258,30,,,0
3029,'1197958',2252,,10259,30,,,0
3029,'1197998',2151,,10260,30,,,0
3029,'1198039',1705,,10261,30,,,0
3029,'1198070',1754,,10262,30,,,0
3029,'1198115',1005,,10263,30,,,0
3029,'1198165',1805,,10264,30,,,0
3029,'1198246',1554,,10265,30,,,0
3029,'1198281',1754,,10266,30,,,0
3029,'1198295',752,,10267,30,,,0
3029,'1198310',2251,,10268,30,,,0
3029,'1198321',1053,,10269,30,,,0
3029,'1198363',1254,,10270,30,,,0
3029,'1198395',753,,10271,30,,,0
3029,'1198434',1524,,10272,30,,,0
3029,'1198445',1154,,10273,30,,,0
3029,'1198462',2051,,10274,30,,,0
3029,'1198484',2305,,10275,30,,,0
3029,'1198500',1724,,10276,30,,,0
3029,'1198518',952,,10277,30,,,0
3029,'1198562',1405,,10278,30,,,0
3029,'1198577',1454,,10279,30,,,0
3029,'1198614',652,,10280,30,,,0
3029,'1198734',1851,,10281,30,,,0
3029,'1198836',853,,10282,30,,,0
3029,'1198936',1505,,10283,30,,,0
3029,'1198983',2105,,10284,30,,,0
3029,'1199061',852,,10285,30,,,0
3029,'1199094',1951,,10286,30,,,0
3029,'1199112',2347,,10287,30,,,0
3029,'1199231',2005,,10288,30,,,0
3029,'1199421',1654,,10289,30,,,0
3029,'1199431',1052,,10290,30,,,0
3029,'1199453',1852,,10291,30,,,0
3029,'1199460',1354,,10292,30,,,0
3029,'1199521',923,,10293,30,,,0
3029,'1199533',1921,,10294,30,,,0
3029,'1199547',723,,10295,30,,,0
3029,'1199601',1123,,10296,30,,,0
3029,'1199629',905,,10297,30,,,0
3029,'1199646',2021,,10298,30,,,0
4029,'1196947',1739,,10314,18,,,0
4029,'1196960',1439,,10315,18,,,0
4029,'1197081',1639,,10316,18,,,0
4029,'1197217',1709,,10317,18,,,0
4029,'1197243',839,,10318,18,,,0
4029,'1197423',1409,,10319,18,,,0
4029,'1198231',1809,,10320,18,,,0
4029,'1198271',1540,,10321,18,,,0
4029,'1198399',809,,10322,18,,,0
4029,'1198606',1009,,10323,18,,,0
4029,'1198651',1510,,10324,18,,,0
4029,'1199058',739,,10325,18,,,0
4029,'1199062',909,,10326,18,,,0
4029,'1199498',1610,,10327,18,,,0
4029,'1199611',939,,10328,18,,,0
10019,'1196894',2101,,10329,38,,,0
10019,'1196915',1701,,10330,38,,,0
10019,'1196923',1102,,10331,38,,,0
10019,'1197054',2232,,10332,38,,,0
10019,'1197091',1502,,10333,38,,,0
10019,'1197121',1103,,10334,38,,,0
10019,'1197207',1001,,10335,38,,,0
10019,'1197335',832,,10336,38,,,0
10019,'1197345',2132,,10337,38,,,0
10019,'1197397',1503,,10338,38,,,0
10019,'1197418',2401,,10339,38,,,0
10019,'1197505',1602,,10340,38,,,0
10019,'1197587',932,,10341,38,,,0
10019,'1197595',1101,,10342,38,,,0
10019,'1197737',1403,,10343,38,,,0
10019,'1197756',1901,,10344,38,,,0
10019,'1197759',1533,,10345,38,,,0
10019,'1197766',2301,,10346,38,,,0
10019,'1197915',2001,,10347,38,,,0
10019,'1197927',801,,10348,38,,,0
10019,'1197935',702,,10349,38,,,0
10019,'1197985',1002,,10350,38,,,0
10019,'1198010',1832,,10351,38,,,0
10019,'1198016',2001,,10352,38,,,0
10019,'1198164',701,,10353,38,,,0
10019,'1198167',1601,,10354,38,,,0
10019,'1198226',1401,,10355,38,,,0
10019,'1198257',1501,,10356,38,,,0
10019,'1198280',2332,,10357,38,,,0
10019,'1198300',1603,,10358,38,,,0
10019,'1198361',2201,,10359,38,,,0
10019,'1198366',901,,10360,38,,,0
10019,'1198390',1901,,10361,38,,,0
10019,'1198410',1801,,10362,38,,,0
10019,'1198440',801,,10363,38,,,0
10019,'1198475',1201,,10364,38,,,0
10019,'1198480',2201,,10365,38,,,0
10019,'1198509',633,,10366,38,,,0
10019,'1198520',1302,,10367,38,,,0
10019,'1198542',2401,,10368,38,,,0
10019,'1198583',2301,,10369,38,,,0
10019,'1198726',1932,,10370,38,,,0
10019,'1198809',901,,10371,38,,,0
10019,'1198815',1702,,10372,38,,,0
10019,'1198881',1633,,10373,38,,,0
10019,'1198903',902,,10374,38,,,0
10019,'1198955',1203,,10375,38,,,0
10019,'1198962',1703,,10376,38,,,0
10019,'1198993',1202,,10377,38,,,0
10019,'1199007',2101,,10378,38,,,0
10019,'1199032',1402,,10379,38,,,0
10019,'1199053',1803,,10380,38,,,0
10019,'1199056',1802,,10381,38,,,0
10019,'1199257',1733,,10382,38,,,0
10019,'1199300',1301,,10383,38,,,0
10019,'1199321',1001,,10384,38,,,0
10019,'1199323',2032,,10385,38,,,0
10019,'1199353',1303,,10386,38,,,0
10019,'1199424',732,,10387,38,,,0
10019,'1199598',802,,10388,38,,,0
13029,'1196882',1540,,10855,28,,,0
13029,'1196907',1305,,10856,27,,,0
13029,'1196917',1308,,10857,27,,,0
13029,'1196936',1808,,10858,27,,,0
13029,'1196965',804,,10859,27,,,0
13029,'1196972',1638,,10860,27,,,0
13029,'1197006',1505,,10861,27,,,0
13029,'1197082',1205,,10862,27,,,0
13029,'1197122',1105,,10863,27,,,0
13029,'1197184',1506,,10864,27,,,0
13029,'1197188',1935,,10865,27,,,0
13029,'1197193',805,,10866,27,,,0
13029,'1197215',2105,,10867,27,,,0
13029,'1197262',1706,,10868,27,,,0
13029,'1197363',937,,10869,27,,,0
13029,'1197365',2204,,10870,27,,,0
13029,'1197371',1005,,10871,27,,,0
13029,'1197444',2304,,10872,27,,,0
13029,'1197556',2305,,10873,27,,,0
13029,'1197773',2035,,10874,27,,,0
13029,'1197812',1508,,10875,27,,,0
13029,'1197866',1405,,10876,27,,,0
13029,'1197909',907,,10877,27,,,0
13029,'1197997',2004,,10878,27,,,0
13029,'1198028',2104,,10879,27,,,0
13029,'1198074',2404,,10880,27,,,0
13029,'1198199',1605,,10881,27,,,0
13029,'1198248',2235,,10882,27,,,0
13029,'1198289',836,,10883,27,,,0
13029,'1198381',1738,,10884,27,,,0
13029,'1198389',1805,,10885,27,,,0
13029,'1198416',1606,,10886,27,,,0
13029,'1198437',1036,,10887,27,,,0
13029,'1198474',1109,,10888,27,,,0
13029,'1198488',1904,,10889,27,,,0
13029,'1198563',736,,10890,27,,,0
13029,'1198648',1104,,10891,27,,,0
13029,'1198673',1306,,10892,27,,,0
13029,'1198704',1905,,10893,27,,,0
13029,'1198733',806,,10894,27,,,0
13029,'1198756',905,,10895,27,,,0
13029,'1198793',1004,,10896,27,,,0
13029,'1198811',1406,,10897,27,,,0
13029,'1198812',2405,,10898,27,,,0
13029,'1198828',1206,,10899,27,,,0
13029,'1198858',1608,,10900,27,,,0
13029,'1198910',636,,10901,27,,,0
13029,'1198998',904,,10902,27,,,0
13029,'1199115',706,,10903,27,,,0
13029,'1199250',2205,,10904,27,,,0
13029,'1199324',704,,10905,27,,,0
13029,'1199337',1007,,10906,27,,,0
13029,'1199349',2135,,10907,27,,,0
13029,'1199379',2335,,10908,27,,,0
13029,'1199405',1806,,10909,27,,,0
13029,'1199419',1208,,10910,27,,,0
13029,'1199548',1408,,10911,27,,,0
13029,'1199559',1705,,10912,27,,,0
13029,'1199614',1835,,10913,27,,,0
13029,'1199653',2005,,10914,27,,,0
13029,'1199655',1708,,10915,27,,,0
14019,'1196890',1837,,10916,47,,,0
14019,'1196970',2107,,10917,47,,,0
14019,'1196984',1406,,10918,47,,,0
14019,'1197073',2207,,10919,47,,,0
14019,'1197090',806,,10920,47,,,0
14019,'1197106',1739,,10921,47,,,0
14019,'1197152',1609,,10922,47,,,0
14019,'1197163',1708,,10923,47,,,0
14019,'1197189',2006,,10924,47,,,0
14019,'1197473',1007,,10925,47,,,0
14019,'1197576',1206,,10926,47,,,0
14019,'1197578',1906,,10927,47,,,0
14019,'1197606',906,,10928,47,,,0
14019,'1197719',1608,,10929,47,,,0
14019,'1197768',1709,,10930,47,,,0
14019,'1197774',1308,,10931,47,,,0
14019,'1197807',707,,10932,47,,,0
14019,'1197857',1306,,10933,47,,,0
14019,'1197872',807,,10934,47,,,0
14019,'1197899',2337,,10935,47,,,0
14019,'1197912',1706,,10936,47,,,0
14019,'1197929',1408,,10937,47,,,0
14019,'1197946',2007,,10938,47,,,0
14019,'1198043',2407,,10939,47,,,0
14019,'1198056',1937,,10940,47,,,0
14019,'1198057',707,,10941,47,,,0
14019,'1198062',1606,,10942,47,,,0
14019,'1198118',2037,,10943,47,,,0
14019,'1198151',1506,,10944,47,,,0
14019,'1198161',1509,,10945,47,,,0
14019,'1198262',1508,,10946,47,,,0
14019,'1198285',2307,,10947,47,,,0
14019,'1198312',1007,,10948,47,,,0
14019,'1198386',1907,,10949,47,,,0
14019,'1198412',1209,,10950,47,,,0
14019,'1198436',907,,10951,47,,,0
14019,'1198460',1109,,10952,47,,,0
14019,'1198507',907,,10953,47,,,0
14019,'1198513',1309,,10954,47,,,0
14019,'1198539',1107,,10955,47,,,0
14019,'1198751',2106,,10956,47,,,0
14019,'1198810',2406,,10957,47,,,0
14019,'1198859',1539,,10958,47,,,0
14019,'1198869',937,,10959,47,,,0
14019,'1198890',2206,,10960,47,,,0
14019,'1199036',737,,10961,47,,,0
14019,'1199048',807,,10962,47,,,0
14019,'1199075',837,,10963,47,,,0
14019,'1199084',1106,,10964,47,,,0
14019,'1199131',2137,,10965,47,,,0
14019,'1199280',2306,,10966,47,,,0
14019,'1199286',1006,,10967,47,,,0
14019,'1199393',1409,,10968,47,,,0
14019,'1199441',1639,,10969,47,,,0
14019,'1199444',1808,,10970,47,,,0
14019,'1199523',1806,,10971,47,,,0
14019,'1199538',1809,,10972,47,,,0
14019,'1199568',2237,,10973,47,,,0
14019,'1199582',1208,,10974,47,,,0
14029,'1196849',1716,,10975,2,,,0
14029,'1196912',746,,10976,2,,,0
14029,'1197024',1516,,10977,2,,,0
14029,'1197041',2316,,10978,2,,,0
14029,'1197050',1616,,10979,2,,,0
14029,'1197119',1716,,10980,2,,,0
14029,'1197130',2216,,10981,2,,,0
14029,'1197219',1516,,10982,2,,,0
14029,'1197237',1316,,10983,2,,,0
14029,'1197250',616,,10984,2,,,0
14029,'1197265',1746,,10985,2,,,0
14029,'1197310',2216,,10986,2,,,0
14029,'1197323',1316,,10987,2,,,0
14029,'1197440',2116,,10988,2,,,0
14029,'1197456',1516,,10989,2,,,0
14029,'1197472',1116,,10990,2,,,0
14029,'1197493',1846,,10991,2,,,0
14029,'1197512',1616,,10992,2,,,0
14029,'1197515',1416,,10993,2,,,0
14029,'1197597',716,,10994,2,,,0
14029,'1197605',2246,,10995,2,,,0
14029,'1197639',1216,,10996,2,,,0
14029,'1197699',1946,,10997,2,,,0
14029,'1197717',1716,,10998,2,,,0
14029,'1197738',1016,,10999,2,,,0
14029,'1197809',1616,,11000,2,,,0
14029,'1197863',2351,,11001,2,,,0
14029,'1197882',1416,,11002,2,,,0
14029,'1197961',1216,,11003,2,,,0
14029,'1198040',1016,,11004,2,,,0
14029,'1198078',1116,,11005,2,,,0
14029,'1198100',846,,11006,2,,,0
14029,'1198198',2146,,11007,2,,,0
14029,'1198204',2046,,11008,2,,,0
14029,'1198269',646,,11009,2,,,0
14029,'1198326',916,,11010,2,,,0
14029,'1198404',716,,11011,2,,,0
14029,'1198426',2116,,11012,2,,,0
14029,'1198570',816,,11013,2,,,0
14029,'1198612',2316,,11014,2,,,0
14029,'1198728',816,,11015,2,,,0
14029,'1198772',1816,,11016,2,,,0
14029,'1198830',916,,11017,2,,,0
14029,'1198941',1116,,11018,2,,,0
14029,'1198956',1416,,11019,2,,,0
14029,'1199040',2016,,11020,2,,,0
14029,'1199065',1216,,11021,2,,,0
14029,'1199076',1816,,11022,2,,,0
14029,'1199083',1646,,11023,2,,,0
14029,'1199184',916,,11024,2,,,0
14029,'1199200',816,,11025,2,,,0
14029,'1199222',1546,,11026,2,,,0
14029,'1199266',1316,,11027,2,,,0
14029,'1199447',1916,,11028,2,,,0
14029,'1199472',2016,,11029,2,,,0
14029,'1199520',1016,,11030,2,,,0
14029,'1199554',716,,11031,2,,,0
14029,'1199573',1916,,11032,2,,,0
14029,'1199643',1446,,11033,2,,,0
26029,'1196873',1809,,11480,20,,,0
26029,'1196910',2309,,11481,20,,,0
26029,'1196913',1124,,11482,20,,,0
26029,'1196977',1623,,11483,20,,,0
26029,'1196980',1025,,11484,20,,,0
26029,'1197179',2023,,11485,20,,,0
26029,'1197404',1255,,11486,20,,,0
26029,'1197498',1924,,11487,20,,,0
26029,'1197625',925,,11488,20,,,0
26029,'1197661',1023,,11489,20,,,0
26029,'1197679',1909,,11490,20,,,0
26029,'1197751',2222,,11491,20,,,0
26029,'1197754',622,,11492,20,,,0
26029,'1197782',1524,,11493,20,,,0
26029,'1197814',2224,,11494,20,,,0
26029,'1197860',822,,11495,20,,,0
26029,'1197884',809,,11496,20,,,0
26029,'1197936',1324,,11497,20,,,0
26029,'1197940',1224,,11498,20,,,0
26029,'1197960',1155,,11499,20,,,0
26029,'1197999',2123,,11500,20,,,0
26029,'1198011',1609,,11501,20,,,0
26029,'1198044',1409,,11502,20,,,0
26029,'1198105',2124,,11503,20,,,0
26029,'1198189',1823,,11504,20,,,0
26029,'1198210',1055,,11505,20,,,0
26029,'1198276',1626,,11506,20,,,0
26029,'1198303',1209,,11507,20,,,0
26029,'1198354',2024,,11508,20,,,0
26029,'1198406',625,,11509,20,,,0
26029,'1198482',1109,,11510,20,,,0
26029,'1198544',1709,,11511,20,,,0
26029,'1198822',2322,,11512,20,,,0
26029,'1198850',1825,,11513,20,,,0
26029,'1198867',1509,,11514,20,,,0
26029,'1198935',722,,11515,20,,,0
26029,'1198937',2009,,11516,20,,,0
26029,'1199008',725,,11517,20,,,0
26029,'1199034',1923,,11518,20,,,0
26029,'1199114',2324,,11519,20,,,0
26029,'1199122',1725,,11520,20,,,0
26029,'1199135',1525,,11521,20,,,0
26029,'1199139',1009,,11522,20,,,0
26029,'1199216',2209,,11523,20,,,0
26029,'1199265',1309,,11524,20,,,0
26029,'1199273',909,,11525,20,,,0
26029,'1199292',1723,,11526,20,,,0
26029,'1199311',1455,,11527,20,,,0
26029,'1199314',1355,,11528,20,,,0
26029,'1199512',2109,,11529,20,,,0
26029,'1199532',922,,11530,20,,,0
26029,'1199605',1424,,11531,20,,,0
26029,'1199628',825,,11532,20,,,0
