27029,'1196843',1903,,11585,4,,,0
27029,'1196859',2103,,11586,4,,,0
27029,'1196865',848,,11587,4,,,0
27029,'1196870',733,,11588,4,,,0
27029,'1196893',1848,,11589,4,,,0
27029,'1196942',1333,,11590,4,,,0
27029,'1196964',1033,,11591,4,,,0
27029,'1197001',948,,11592,4,,,0
27029,'1197057',1233,,11593,4,,,0
27029,'1197063',2248,,11594,4,,,0
27029,'1197118',1048,,11595,4,,,0
27029,'1197126',2303,,11596,4,,,0
27029,'1197166',2203,,11597,4,,,0
27029,'1197167',1933,,11598,4,,,0
27029,'1197214',1433,,11599,4,,,0
27029,'1197280',1133,,11600,4,,,0
27029,'1197364',2148,,11601,4,,,0
27029,'1197383',1348,,11602,4,,,0
27029,'1197443',1833,,11603,4,,,0
27029,'1197521',1633,,11604,4,,,0
27029,'1197550',1333,,11605,4,,,0
27029,'1197552',2033,,11606,4,,,0
27029,'1197559',733,,11607,4,,,0
27029,'1197626',1533,,11608,4,,,0
27029,'1197628',933,,11609,4,,,0
27029,'1197674',1948,,11610,4,,,0
27029,'1197691',1748,,11611,4,,,0
27029,'1197744',2333,,11612,4,,,0
27029,'1197837',1248,,11613,4,,,0
27029,'1198123',2048,,11614,4,,,0
27029,'1198136',1433,,11615,4,,,0
27029,'1198179',633,,11616,4,,,0
27029,'1198240',833,,11617,4,,,0
27029,'1198277',1133,,11618,4,,,0
27029,'1198367',2003,,11619,4,,,0
27029,'1198569',1733,,11620,4,,,0
27029,'1198593',933,,11621,4,,,0
27029,'1198736',633,,11622,4,,,0
27029,'1198833',1633,,11623,4,,,0
27029,'1198915',1233,,11624,4,,,0
27029,'1199039',1648,,11625,4,,,0
27029,'1199051',2133,,11626,4,,,0
27029,'1199087',1733,,11627,4,,,0
27029,'1199141',1148,,11628,4,,,0
27029,'1199160',1533,,11629,4,,,0
27029,'1199187',1833,,11630,4,,,0
27029,'1199254',748,,11631,4,,,0
27029,'1199263',1033,,11632,4,,,0
27029,'1199429',833,,11633,4,,,0
27029,'1199527',1448,,11634,4,,,0
27029,'1199570',2233,,11635,4,,,0
27029,'1199640',1548,,11636,4,,,0
