26019,'1190721',1706,,8602,8,,,0
26019,'1190773',2106,,8603,8,,,0
26019,'1190845',2006,,8605,8,,,0
26019,'1190884',1106,,8606,8,,,0
26019,'1190966',1906,,8607,8,,,0
26019,'1191025',1136,,8610,8,,,0
26019,'1191095',2206,,8611,8,,,0
26019,'1191218',1806,,8613,8,,,0
26019,'1191263',1606,,8614,8,,,0
26019,'1191344',606,,8615,8,,,0
26019,'1191417',1906,,8617,8,,,0
26019,'1191428',1806,,8618,8,,,0
26019,'1191505',1406,,8619,8,,,0
26019,'1191650',906,,8623,8,,,0
26019,'1191698',1606,,8624,8,,,0
26019,'1191711',1706,,8625,8,,,0
26019,'1191759',1306,,8626,8,,,0
26019,'1191911',2206,,8628,8,,,0
26019,'1192083',706,,8629,8,,,0
26019,'1192096',606,,8630,8,,,0
26019,'1192137',1506,,8631,8,,,0
26019,'1192185',1336,,8632,8,,,0
26019,'1192434',1436,,8634,8,,,0
26019,'1192522',2306,,8636,8,,,0
26019,'1192547',1006,,8637,8,,,0
26019,'1192558',1506,,8639,8,,,0
26019,'1192615',2306,,8640,8,,,0
26019,'1192663',1006,,8641,8,,,0
26019,'1192853',1206,,8644,8,,,0
26019,'1192866',1036,,8645,8,,,0
26019,'1192909',806,,8646,8,,,0
26019,'1192944',2006,,8647,8,,,0
26019,'1192988',906,,8648,8,,,0
26019,'1193013',1236,,8649,8,,,0
26019,'1193014',2106,,8650,8,,,0
26019,'1193129',706,,8651,8,,,0
26019,'1193182',806,,8652,8,,,0
