104019,'1196891',2331,,12027,19,,,0
104019,'1197169',2407,,12028,19,,,0
104019,'1197256',1336,,12029,19,,,0
104019,'1197286',2131,,12030,19,,,0
104019,'1197298',1206,,12031,19,,,0
104019,'1197387',2232,,12032,19,,,0
104019,'1197452',2002,,12033,19,,,0
104019,'1197544',917,,12034,19,,,0
104019,'1197547',1232,,12035,19,,,0
104019,'1197640',1531,,12036,19,,,0
104019,'1197714',1802,,12037,19,,,0
104019,'1197725',2102,,12038,19,,,0
104019,'1197761',731,,12039,19,,,0
104019,'1197801',1002,,12040,19,,,0
104019,'1197820',802,,12042,19,,,0
104019,'1197873',617,,12043,19,,,0
104019,'1197937',1502,,12044,19,,,0
104019,'1198060',1731,,12045,19,,,0
104019,'1198073',2347,,12046,19,,,0
104019,'1198077',2232,,12047,19,,,0
104019,'1198194',1121,,12048,19,,,0
104019,'1198253',1131,,12049,19,,,0
104019,'1198313',1506,,12050,19,,,0
104019,'1198322',1617,,12051,19,,,0
104019,'1198353',1251,,12052,19,,,0
104019,'1198411',931,,12053,19,,,0
104019,'1198567',1732,,12055,19,,,0
104019,'1198664',847,,12056,19,,,0
104019,'1198683',1347,,12057,19,,,0
104019,'1198738',1932,,12058,19,,,0
104019,'1198750',1931,,12059,19,,,0
104019,'1198780',847,,12060,19,,,0
104019,'1198913',1421,,12061,19,,,0
104019,'1198958',647,,12062,19,,,0
104019,'1199185',732,,12064,19,,,0
104019,'1199190',1117,,12065,19,,,0
104019,'1199331',1331,,12066,19,,,0
104019,'1199407',1847,,12067,19,,,0
104019,'1199459',1717,,12068,19,,,0
104019,'1199490',1636,,12069,19,,,0
104019,'1199539',1002,,12070,19,,,0
104019,'1199564',732,,12071,19,,,0
104019,'1199583',1551,,12072,19,,,0
104019,'1199617',2117,,12073,19,,,0
