105029,'1196840',2314,,12163,47,,,0
105029,'1196987',1029,,12164,47,,,0
105029,'1196996',1701,,12165,47,,,0
105029,'1197020',1545,,12166,47,,,0
105029,'1197097',1801,,12167,47,,,0
105029,'1197137',2027,,12168,47,,,0
105029,'1197220',2014,,12169,47,,,0
105029,'1197228',1516,,12170,47,,,0
105029,'1197231',744,,12171,47,,,0
105029,'1197439',1145,,12172,47,,,0
105029,'1197501',1945,,12173,47,,,0
105029,'1197522',2145,,12174,47,,,0
105029,'1197561',1016,,12175,47,,,0
105029,'1197638',945,,12176,47,,,0
105029,'1197840',2114,,12177,47,,,0
105029,'1197853',2214,,12178,47,,,0
105029,'1197918',1844,,12179,47,,,0
105029,'1197968',2345,,12180,47,,,0
105029,'1198013',1345,,12181,47,,,0
105029,'1198037',1116,,12182,47,,,0
105029,'1198064',1829,,12183,47,,,0
105029,'1198187',1229,,12184,47,,,0
105029,'1198214',1745,,12185,47,,,0
105029,'1198417',1329,,12186,47,,,0
105029,'1198447',1731,,12187,47,,,0
105029,'1198529',1529,,12188,47,,,0
105029,'1198616',714,,12189,47,,,0
105029,'1198625',1631,,12190,47,,,0
105029,'1198711',1331,,12191,47,,,0
105029,'1198718',1546,,12192,47,,,0
105029,'1198725',1729,,12193,47,,,0
105029,'1198779',827,,12194,47,,,0
105029,'1198918',1429,,12195,47,,,0
105029,'1198922',2419,,12196,47,,,0
105029,'1198923',644,,12197,47,,,0
105029,'1199012',627,,12198,47,,,0
105029,'1199037',1416,,12199,47,,,0
105029,'1199107',1446,,12200,47,,,0
105029,'1199124',2427,,12201,47,,,0
105029,'1199144',1231,,12202,47,,,0
105029,'1199148',745,,12203,47,,,0
105029,'1199220',1129,,12204,47,,,0
105029,'1199470',2227,,12205,47,,,0
105029,'1199473',914,,12206,47,,,0
105029,'1199604',814,,12207,47,,,0
105029,'1199607',1629,,12208,47,,,0
