104019,'1197815',2353,,12041,13,,,0
104019,'1198490',2429,,12054,13,,,0
104019,'1199025',2409,,12063,13,,,0
104029,'1196835',1954,,12074,13,,,0
104029,'1196857',754,,12075,13,,,0
104029,'1196889',753,,12076,13,,,0
104029,'1196928',1739,,12077,13,,,0
104029,'1197002',639,,12078,13,,,0
104029,'1197045',1534,,12079,13,,,0
104029,'1197133',824,,12080,13,,,0
104029,'1197341',1234,,12081,13,,,0
104029,'1197454',1753,,12082,13,,,0
104029,'1197461',709,,12083,13,,,0
104029,'1197467',2153,,12084,13,,,0
104029,'1197481',554,,12085,13,,,0
104029,'1197553',2124,,12086,13,,,0
104029,'1197574',909,,12087,13,,,0
104029,'1197583',2139,,12088,13,,,0
104029,'1197794',1754,,12089,13,,,0
104029,'1197965',1353,,12090,13,,,0
104029,'1197979',1524,,12091,13,,,0
104029,'1198234',1024,,12092,13,,,0
104029,'1198287',1619,,12093,13,,,0
104029,'1198288',1149,,12094,13,,,0
104029,'1198449',1254,,12095,13,,,0
104029,'1198458',1909,,12096,13,,,0
104029,'1198510',939,,12097,13,,,0
104029,'1198521',754,,12098,13,,,0
104029,'1198558',1639,,12099,13,,,0
104029,'1198578',1704,,12100,13,,,0
104029,'1198686',1404,,12101,13,,,0
104029,'1198694',1449,,12102,13,,,0
104029,'1198755',953,,12103,13,,,0
104029,'1198909',1153,,12104,13,,,0
104029,'1198979',1139,,12105,13,,,0
104029,'1199045',2254,,12106,13,,,0
104029,'1199127',2254,,12107,13,,,0
104029,'1199159',1319,,12108,13,,,0
104029,'1199181',909,,12109,13,,,0
104029,'1199193',1553,,12110,13,,,0
104029,'1199356',1409,,12111,13,,,0
104029,'1199360',2024,,12112,13,,,0
104029,'1199374',639,,12113,13,,,0
104029,'1199380',1024,,12114,13,,,0
104029,'1199442',1824,,12115,13,,,0
104029,'1199577',1953,,12116,13,,,0
