13019,'1196852',1328,,10793,19,,,0
13019,'1196856',1726,,10794,19,,,0
13019,'1196999',926,,10796,19,,,0
13019,'1197035',626,,10797,19,,,0
13019,'1197132',1458,,10798,19,,,0
13019,'1197251',1558,,10799,19,,,0
13019,'1197279',727,,10800,19,,,0
13019,'1197353',2256,,10801,19,,,0
13019,'1197357',1827,,10802,19,,,0
13019,'1197451',2226,,10803,19,,,0
13019,'1197487',826,,10804,19,,,0
13019,'1197555',1628,,10805,19,,,0
13019,'1197570',927,,10806,19,,,0
13019,'1197575',1627,,10807,19,,,0
13019,'1197641',2027,,10808,19,,,0
13019,'1197645',1658,,10809,19,,,0
13019,'1197648',656,,10810,19,,,0
13019,'1197690',1626,,10811,19,,,0
13019,'1197692',1728,,10812,19,,,0
13019,'1197730',1428,,10813,19,,,0
13019,'1197762',2401,,10814,19,,,0
13019,'1197803',726,,10815,19,,,0
13019,'1197834',1226,,10816,19,,,0
13019,'1197854',2026,,10817,19,,,0
13019,'1197962',1326,,10818,19,,,0
13019,'1197975',1028,,10819,19,,,0
13019,'1198041',1126,,10820,19,,,0
13019,'1198094',1756,,10821,19,,,0
13019,'1198160',826,,10822,19,,,0
13019,'1198201',1227,,10823,19,,,0
13019,'1198243',1826,,10824,19,,,0
13019,'1198290',2156,,10825,19,,,0
13019,'1198352',726,,10826,19,,,0
13019,'1198355',1856,,10827,19,,,0
13019,'1198382',756,,10828,19,,,0
13019,'1198402',2227,,10829,19,,,0
13019,'1198552',2127,,10830,19,,,0
13019,'1198554',1926,,10831,19,,,0
13019,'1198602',1127,,10832,19,,,0
13019,'1198611',1956,,10833,19,,,0
13019,'1198630',1528,,10834,19,,,0
13019,'1198675',1228,,10835,19,,,0
13019,'1198716',1026,,10837,19,,,0
13019,'1198729',956,,10838,19,,,0
13019,'1198761',1327,,10839,19,,,0
13019,'1198778',926,,10840,19,,,0
13019,'1198837',2327,,10841,19,,,0
13019,'1198874',1128,,10842,19,,,0
13019,'1198888',856,,10843,19,,,0
13019,'1199044',827,,10844,19,,,0
13019,'1199123',1027,,10845,19,,,0
13019,'1199151',1427,,10846,19,,,0
13019,'1199233',1426,,10847,19,,,0
13019,'1199276',1526,,10848,19,,,0
13019,'1199284',2056,,10849,19,,,0
13019,'1199418',1927,,10850,19,,,0
13019,'1199448',1727,,10851,19,,,0
13019,'1199536',2126,,10852,19,,,0
13019,'1199588',2326,,10853,19,,,0
13019,'1199631',1527,,10854,19,,,0
