103019,'1191109',1854,,9127,20,,,0
103019,'1191130',1255,,9128,20,,,0
103019,'1191203',1725,,9130,20,,,0
103019,'1191247',2024,,9131,20,,,0
103019,'1191632',1527,,9134,20,,,0
103019,'1191705',2324,,9135,20,,,0
103019,'1191773',1425,,9136,20,,,0
103019,'1191800',1510,,9137,20,,,0
103019,'1191807',625,,9138,7,,,0
103019,'1191826',654,,9139,20,,,0
103019,'1191877',1125,,9141,20,,,0
103019,'1192012',2256,,9143,20,,,0
103019,'1192046',954,,9144,20,,,0
103019,'1192234',1555,,9146,20,,,0
103019,'1192444',824,,9147,20,,,0
103019,'1192450',1055,,9148,20,,,0
103019,'1192461',1826,,9149,20,,,0
103019,'1192624',909,,9150,20,,,0
103019,'1192801',925,,9151,20,,,0
103019,'1192848',755,,9152,20,,,0
103019,'1192864',2126,,9153,20,,,0
103019,'1192885',1956,,9154,20,,,0
103019,'1192886',1657,,9155,20,,,0
103019,'1192968',1640,,9157,20,,,0
103019,'1193060',739,,9159,20,,,0
103019,'1193217',2154,,9160,20,,,0
103019,'1193247',1357,,9161,20,,,0
103019,'1193317',1226,,9162,20,,,0
