14019,'1196890',1829,,10916,34,,,0
14019,'1196970',2059,,10917,34,,,0
14019,'1196984',1357,,10918,34,,,0
14019,'1197073',2159,,10919,34,,,0
14019,'1197090',757,,10920,34,,,0
14019,'1197106',1731,,10921,34,,,0
14019,'1197152',1601,,10922,34,,,0
14019,'1197163',1700,,10923,34,,,0
14019,'1197189',1957,,10924,34,,,0
14019,'1197473',959,,10925,34,,,0
14019,'1197576',1157,,10926,34,,,0
14019,'1197578',1857,,10927,34,,,0
14019,'1197606',857,,10928,34,,,0
14019,'1197719',1600,,10929,34,,,0
14019,'1197768',1701,,10930,34,,,0
14019,'1197774',1300,,10931,34,,,0
14019,'1197807',659,,10932,34,,,0
14019,'1197857',1257,,10933,34,,,0
14019,'1197872',759,,10934,34,,,0
14019,'1197899',2329,,10935,34,,,0
14019,'1197912',1657,,10936,34,,,0
14019,'1197929',1400,,10937,34,,,0
14019,'1197946',1959,,10938,34,,,0
14019,'1198043',2359,,10939,34,,,0
14019,'1198056',1929,,10940,34,,,0
14019,'1198057',659,,10941,34,,,0
14019,'1198062',1557,,10942,34,,,0
14019,'1198118',2029,,10943,34,,,0
14019,'1198151',1457,,10944,34,,,0
14019,'1198161',1501,,10945,34,,,0
14019,'1198262',1500,,10946,34,,,0
14019,'1198285',2259,,10947,34,,,0
14019,'1198312',959,,10948,34,,,0
14019,'1198386',1859,,10949,34,,,0
14019,'1198412',1201,,10950,34,,,0
14019,'1198436',859,,10951,34,,,0
14019,'1198460',1101,,10952,34,,,0
14019,'1198507',859,,10953,34,,,0
14019,'1198513',1301,,10954,34,,,0
14019,'1198539',1059,,10955,34,,,0
14019,'1198751',2057,,10956,34,,,0
14019,'1198810',2357,,10957,34,,,0
14019,'1198859',1531,,10958,34,,,0
14019,'1198869',929,,10959,34,,,0
14019,'1198890',2157,,10960,34,,,0
14019,'1199036',729,,10961,34,,,0
14019,'1199048',759,,10962,34,,,0
14019,'1199075',829,,10963,34,,,0
14019,'1199084',1057,,10964,34,,,0
14019,'1199131',2129,,10965,34,,,0
14019,'1199280',2257,,10966,34,,,0
14019,'1199286',957,,10967,34,,,0
14019,'1199393',1401,,10968,34,,,0
14019,'1199441',1631,,10969,34,,,0
14019,'1199444',1800,,10970,34,,,0
14019,'1199523',1757,,10971,34,,,0
14019,'1199538',1801,,10972,34,,,0
14019,'1199568',2229,,10973,34,,,0
14019,'1199582',1200,,10974,34,,,0
