20029,'1196868',1646,,11092,7,,,0
20029,'1196909',1326,,11093,7,,,0
20029,'1196951',1254,,11094,7,,,0
20029,'1196962',2155,,11095,7,,,0
20029,'1196978',1226,,11096,7,,,0
20029,'1197172',624,,11097,7,,,0
20029,'1197213',946,,11098,7,,,0
20029,'1197307',1454,,11099,7,,,0
20029,'1197312',1746,,11100,7,,,0
20029,'1197355',654,,11101,7,,,0
20029,'1197361',846,,11102,7,,,0
20029,'1197366',746,,11103,7,,,0
20029,'1197368',1756,,11104,7,,,0
20029,'1197403',1626,,11105,7,,,0
20029,'1197421',1426,,11106,7,,,0
20029,'1197464',725,,11107,7,,,0
20029,'1197479',1126,,11108,7,,,0
20029,'1197554',2055,,11109,7,,,0
20029,'1197566',1046,,11110,7,,,0
20029,'1197569',1146,,11111,7,,,0
20029,'1197577',1546,,11112,7,,,0
20029,'1197610',854,,11113,7,,,0
20029,'1197632',2046,,11114,7,,,0
20029,'1197792',2346,,11115,7,,,0
20029,'1198090',2246,,11116,7,,,0
20029,'1198196',2125,,11117,7,,,0
20029,'1198208',1855,,11118,7,,,0
20029,'1198218',754,,11119,7,,,0
20029,'1198241',1527,,11120,7,,,0
20029,'1198256',1946,,11121,7,,,0
20029,'1198342',1446,,11122,7,,,0
20029,'1198375',826,,11123,7,,,0
20029,'1198439',1726,,11124,7,,,0
20029,'1198464',2255,,11125,7,,,0
20029,'1198524',2026,,11126,7,,,0
20029,'1198526',1926,,11127,7,,,0
20029,'1198650',1754,,11128,7,,,0
20029,'1198663',1554,,11129,7,,,0
20029,'1198795',2225,,11130,7,,,0
20029,'1198866',1154,,11131,7,,,0
20029,'1198883',1346,,11132,7,,,0
20029,'1198891',1656,,11133,7,,,0
20029,'1198917',654,,11134,7,,,0
20029,'1198942',2146,,11135,7,,,0
20029,'1199003',954,,11136,7,,,0
20029,'1199050',1354,,11137,7,,,0
20029,'1199089',1955,,11138,7,,,0
20029,'1199092',926,,11139,7,,,0
20029,'1199111',1026,,11140,7,,,0
20029,'1199119',1654,,11141,7,,,0
20029,'1199171',2354,,11142,7,,,0
20029,'1199252',1826,,11143,7,,,0
20029,'1199308',755,,11144,7,,,0
20029,'1199404',1054,,11145,7,,,0
20029,'1199499',2325,,11146,7,,,0
20029,'1199544',1246,,11147,7,,,0
20029,'1199641',1846,,11148,7,,,0
