190001019,'1196837',1346,,12495,14,,,0
190001019,'1196862',1638,,12496,14,,,0
190001019,'1196877',1900,,12497,14,,,0
190001019,'1196883',1231,,12498,14,,,0
190001019,'1196901',629,,12499,14,,,0
190001019,'1196926',815,,12500,14,,,0
190001019,'1196927',1930,,12501,14,,,0
190001019,'1196941',2003,,12502,14,,,0
190001019,'1196956',1301,,12503,14,,,0
190001019,'1196974',1246,,12504,14,,,0
190001019,'1197019',1423,,12505,14,,,0
190001019,'1197037',1738,,12506,14,,,0
190001019,'1197055',1915,,12507,14,,,0
190001019,'1197061',1403,,12508,14,,,0
190001019,'1197062',1516,,12509,14,,,0
190001019,'1197067',1753,,12510,14,,,0
190001019,'1197087',1101,,12511,14,,,0
190001019,'1197116',729,,12512,14,,,0
190001019,'1197124',2329,,12513,14,,,0
190001019,'1197149',1216,,12514,14,,,0
190001019,'1197157',945,,12515,14,,,0
190001019,'1197183',2159,,12516,14,,,0
190001019,'1197196',1631,,12517,14,,,0
190001019,'1197239',1401,,12518,14,,,0
190001019,'1197241',930,,12519,14,,,0
190001019,'1197275',903,,12520,14,,,0
190001019,'1197336',1816,,12521,14,,,0
190001019,'1197358',1103,,12522,14,,,0
190001019,'1197359',830,,12523,14,,,0
190001019,'1197381',1716,,12524,14,,,0
190001019,'1197382',1703,,12525,14,,,0
190001019,'1197450',1800,,12526,14,,,0
190001019,'1197483',1116,,12527,14,,,0
190001019,'1197488',1431,,12528,14,,,0
190001019,'1197500',900,,12529,14,,,0
190001019,'1197524',929,,12530,14,,,0
190001019,'1197530',1616,,12531,14,,,0
190001019,'1197543',1603,,12532,14,,,0
190001019,'1197562',2000,,12533,14,,,0
190001019,'1197598',1453,,12534,14,,,0
190001019,'1197653',1031,,12535,14,,,0
190001019,'1197698',1014,,12536,14,,,0
190001019,'1197706',1003,,12537,14,,,0
190001019,'1197709',1116,,12538,14,,,0
190001019,'1197713',1801,,12539,14,,,0
190001019,'1197736',1346,,12540,14,,,0
190001019,'1197746',915,,12541,14,,,0
190001019,'1197811',1844,,12542,14,,,0
190001019,'1197845',1401,,12543,14,,,0
190001019,'1197867',2229,,12544,14,,,0
190001019,'1197877',1101,,12545,14,,,0
190001019,'1197919',1046,,12546,14,,,0
190001019,'1197924',1945,,12547,14,,,0
190001019,'1197933',1746,,12548,14,,,0
190001019,'1197942',1829,,12549,14,,,0
190001019,'1197950',1438,,12550,14,,,0
190001019,'1197953',1031,,12551,14,,,0
190001019,'1197956',1316,,12552,14,,,0
190001019,'1198005',1731,,12553,14,,,0
190001019,'1198015',2403,,12554,14,,,0
190001019,'1198030',2103,,12555,14,,,0
190001019,'1198047',1503,,12556,14,,,0
190001019,'1198065',2059,,12557,14,,,0
190001019,'1198066',700,,12558,14,,,0
190001019,'1198075',2159,,12559,14,,,0
190001019,'1198104',959,,12560,14,,,0
190001019,'1198135',2015,,12561,14,,,0
190001019,'1198157',2259,,12562,14,,,0
190001019,'1198172',1803,,12563,14,,,0
190001019,'1198202',1146,,12564,14,,,0
190001019,'1198216',1231,,12565,14,,,0
190001019,'1198221',2144,,12566,14,,,0
190001019,'1198238',800,,12567,14,,,0
190001019,'1198255',645,,12568,14,,,0
190001019,'1198261',1845,,12569,14,,,0
190001019,'1198292',1146,,12570,14,,,0
190001019,'1198298',1701,,12571,14,,,0
190001019,'1198311',1608,,12572,14,,,0
190001019,'1198339',1929,,12573,14,,,0
190001019,'1198343',1508,,12574,14,,,0
190001019,'1198372',803,,12575,14,,,0
190001019,'1198396',1723,,12576,14,,,0
190001019,'1198407',1201,,12577,14,,,0
190001019,'1198441',1623,,12578,14,,,0
190001019,'1198467',1830,,12579,14,,,0
190001019,'1198471',1546,,12580,14,,,0
190001019,'1198476',1303,,12581,14,,,0
190001019,'1198499',2303,,12582,14,,,0
190001019,'1198534',2359,,12583,14,,,0
190001019,'1198547',1015,,12584,14,,,0
190001019,'1198574',1531,,12585,14,,,0
190001019,'1198598',829,,12586,14,,,0
190001019,'1198607',859,,12587,14,,,0
190001019,'1198613',2229,,12588,14,,,0
190001019,'1198622',1959,,12589,14,,,0
190001019,'1198646',2115,,12590,14,,,0
190001019,'1198647',659,,12591,14,,,0
190001019,'1198653',2100,,12592,14,,,0
190001019,'1198674',1201,,12593,14,,,0
190001019,'1198678',2045,,12594,14,,,0
190001019,'1198685',2030,,12595,14,,,0
190001019,'1198700',1131,,12596,14,,,0
190001019,'1198707',1416,,12597,14,,,0
190001019,'1198721',1046,,12598,14,,,0
190001019,'1198724',1538,,12599,14,,,0
190001019,'1198784',1216,,12600,14,,,0
190001019,'1198792',1859,,12601,14,,,0
190001019,'1198804',1203,,12602,14,,,0
190001019,'1198821',715,,12603,14,,,0
190001019,'1198827',2129,,12604,14,,,0
190001019,'1198852',2203,,12605,14,,,0
190001019,'1198857',1646,,12606,14,,,0
190001019,'1198864',1815,,12607,14,,,0
190001019,'1198929',1601,,12608,14,,,0
190001019,'1198949',1246,,12609,14,,,0
190001019,'1198960',1903,,12610,14,,,0
190001019,'1198974',1301,,12611,14,,,0
190001019,'1198988',1331,,12612,14,,,0
190001019,'1198997',1446,,12613,14,,,0
190001019,'1199029',2259,,12614,14,,,0
190001019,'1199121',1653,,12615,14,,,0
190001019,'1199126',1331,,12616,14,,,0
190001019,'1199140',2419,,12617,14,,,0
190001019,'1199142',1131,,12618,14,,,0
190001019,'1199166',759,,12619,14,,,0
190001019,'1199192',2029,,12620,14,,,0
190001019,'1199228',745,,12621,14,,,0
190001019,'1199318',1523,,12622,14,,,0
190001019,'1199339',1708,,12623,14,,,0
190001019,'1199371',730,,12624,14,,,0
190001019,'1199373',845,,12625,14,,,0
190001019,'1199385',1316,,12626,14,,,0
190001019,'1199427',1501,,12627,14,,,0
190001019,'1199436',1553,,12628,14,,,0
190001019,'1199510',2329,,12629,14,,,0
190001019,'1199550',2359,,12630,14,,,0
190001019,'1199551',2129,,12631,14,,,0
190001019,'1199648',1000,,12632,14,,,0
190001029,'1196847',1108,,12633,10,,,0
190001029,'1196850',1322,,12634,10,,,0
190001029,'1196860',1753,,12635,10,,,0
190001029,'1196897',1639,,12636,10,,,0
190001029,'1196906',1738,,12637,10,,,0
190001029,'1196908',1353,,12638,10,,,0
190001029,'1196953',1208,,12639,10,,,0
190001029,'1196957',1238,,12640,10,,,0
190001029,'1196963',1623,,12641,10,,,0
190001029,'1197018',1354,,12642,10,,,0
190001029,'1197048',2358,,12643,10,,,0
190001029,'1197052',1738,,12644,10,,,0
190001029,'1197074',1309,,12645,10,,,0
190001029,'1197089',1823,,12646,10,,,0
190001029,'1197125',708,,12647,10,,,0
190001029,'1197135',1539,,12648,10,,,0
190001029,'1197148',1022,,12649,10,,,0
190001029,'1197153',1038,,12650,10,,,0
190001029,'1197176',1423,,12651,10,,,0
190001029,'1197177',2023,,12652,10,,,0
190001029,'1197199',1409,,12653,10,,,0
190001029,'1197224',1523,,12654,10,,,0
190001029,'1197245',1524,,12655,10,,,0
190001029,'1197247',2308,,12656,10,,,0
190001029,'1197252',1522,,12657,10,,,0
190001029,'1197260',1838,,12658,10,,,0
190001029,'1197284',1153,,12659,10,,,0
190001029,'1197289',653,,12660,10,,,0
190001029,'1197291',1254,,12661,10,,,0
190001029,'1197301',1323,,12662,10,,,0
190001029,'1197338',1654,,12663,10,,,0
190001029,'1197391',1823,,12664,10,,,0
190001029,'1197396',1109,,12665,10,,,0
190001029,'1197428',2008,,12666,10,,,0
190001029,'1197434',1453,,12667,10,,,0
190001029,'1197476',1123,,12668,10,,,0
190001029,'1197511',1508,,12669,10,,,0
190001029,'1197533',1408,,12670,10,,,0
190001029,'1197582',1624,,12671,10,,,0
190001029,'1197659',1609,,12672,10,,,0
190001029,'1197668',822,,12673,10,,,0
190001029,'1197682',1138,,12674,10,,,0
190001029,'1197683',2038,,12675,10,,,0
190001029,'1197684',1154,,12676,10,,,0
190001029,'1197778',1139,,12677,10,,,0
190001029,'1197833',1454,,12678,10,,,0
190001029,'1197836',1339,,12679,10,,,0
190001029,'1197848',2108,,12680,10,,,0
190001029,'1197886',1439,,12681,10,,,0
190001029,'1197890',753,,12682,10,,,0
190001029,'1197905',1009,,12683,10,,,0
190001029,'1197913',2208,,12684,10,,,0
190001029,'1197921',1253,,12685,10,,,0
190001029,'1197922',953,,12686,10,,,0
190001029,'1197992',1554,,12687,10,,,0
190001029,'1197993',908,,12688,10,,,0
190001029,'1198050',608,,12689,10,,,0
190001029,'1198051',1822,,12690,10,,,0
190001029,'1198052',838,,12691,10,,,0
190001029,'1198054',1422,,12692,10,,,0
190001029,'1198082',1653,,12693,10,,,0
190001029,'1198095',1923,,12694,10,,,0
190001029,'1198106',2238,,12695,10,,,0
190001029,'1198117',722,,12696,10,,,0
190001029,'1198128',1122,,12697,10,,,0
190001029,'1198174',938,,12698,10,,,0
190001029,'1198223',2322,,12699,10,,,0
190001029,'1198252',1424,,12700,10,,,0
190001029,'1198272',808,,12701,10,,,0
190001029,'1198293',1724,,12702,10,,,0
190001029,'1198306',853,,12703,10,,,0
190001029,'1198323',738,,12704,10,,,0
190001029,'1198373',1239,,12705,10,,,0
190001029,'1198398',2338,,12706,10,,,0
190001029,'1198415',922,,12707,10,,,0
190001029,'1198446',1808,,12708,10,,,0
190001029,'1198450',1753,,12709,10,,,0
190001029,'1198459',738,,12710,10,,,0
190001029,'1198491',2038,,12711,10,,,0
190001029,'1198504',838,,12712,10,,,0
190001029,'1198519',2338,,12713,10,,,0
190001029,'1198527',638,,12714,10,,,0
190001029,'1198576',2122,,12715,10,,,0
190001029,'1198589',2308,,12716,10,,,0
190001029,'1198594',808,,12717,10,,,0
190001029,'1198620',2222,,12718,10,,,0
190001029,'1198634',1438,,12719,10,,,0
190001029,'1198641',708,,12720,10,,,0
190001029,'1198687',1053,,12721,10,,,0
190001029,'1198747',923,,12722,10,,,0
190001029,'1198758',2053,,12723,10,,,0
190001029,'1198798',1708,,12724,10,,,0
190001029,'1198839',1838,,12725,10,,,0
190001029,'1198853',2138,,12726,10,,,0
190001029,'1198897',1553,,12727,10,,,0
190001029,'1198906',2108,,12728,10,,,0
190001029,'1198916',1709,,12729,10,,,0
190001029,'1198939',1808,,12730,10,,,0
190001029,'1198946',2238,,12731,10,,,0
190001029,'1198952',1922,,12732,10,,,0
190001029,'1198977',2123,,12733,10,,,0
190001029,'1198982',1722,,12734,10,,,0
190001029,'1199067',1938,,12735,10,,,0
190001029,'1199081',1124,,12736,10,,,0
190001029,'1199082',723,,12737,10,,,0
190001029,'1199103',1723,,12738,10,,,0
190001029,'1199165',1338,,12739,10,,,0
190001029,'1199204',1223,,12740,10,,,0
190001029,'1199210',1953,,12741,10,,,0
190001029,'1199221',1209,,12742,10,,,0
190001029,'1199226',1938,,12743,10,,,0
190001029,'1199256',1222,,12744,10,,,0
190001029,'1199270',1324,,12745,10,,,0
190001029,'1199289',1024,,12746,10,,,0
190001029,'1199303',638,,12747,10,,,0
190001029,'1199322',1054,,12748,10,,,0
190001029,'1199332',938,,12749,10,,,0
190001029,'1199345',1023,,12750,10,,,0
190001029,'1199364',1509,,12751,10,,,0
190001029,'1199390',1039,,12752,10,,,0
190001029,'1199391',1224,,12753,10,,,0
190001029,'1199399',1308,,12754,10,,,0
190001029,'1199406',1538,,12755,10,,,0
190001029,'1199432',1008,,12756,10,,,0
190001029,'1199451',953,,12757,10,,,0
190001029,'1199467',1908,,12758,10,,,0
190001029,'1199482',1638,,12759,10,,,0
190001029,'1199489',623,,12760,10,,,0
190001029,'1199514',1908,,12761,10,,,0
190001029,'1199524',2208,,12762,10,,,0
190001029,'1199526',2022,,12763,10,,,0
190001029,'1199555',823,,12764,10,,,0
190001029,'1199558',1622,,12765,10,,,0
190001029,'1199571',2008,,12766,10,,,0
190001029,'1199594',1608,,12767,10,,,0
190001029,'1199596',2138,,12768,10,,,0
190001029,'1199644',908,,12769,10,,,0
190001029,'1199650',1853,,12770,10,,,0
