11029,'1199774',1519,,10550,5,,,0
11029,'1199777',933,,10551,5,,,0
11029,'1199778',1319,,10552,5,,,0
11029,'1199779',2318,,10553,5,,,0
11029,'1199780',1218,,10554,5,,,0
11029,'1199781',1133,,10555,5,,,0
11029,'1199782',1634,,10556,5,,,0
11029,'1199783',2218,,10557,5,,,0
11029,'1199785',1318,,10558,5,,,0
11029,'1199786',803,,10559,5,,,0
11029,'1199787',1619,,10560,5,,,0
11029,'1199788',1549,,10561,5,,,0
11029,'1199789',1434,,10562,5,,,0
11029,'1199790',1448,,10563,5,,,0
11029,'1199791',1118,,10564,5,,,0
11029,'1199792',1534,,10565,5,,,0
11029,'1199793',2333,,10566,5,,,0
11029,'1199794',818,,10567,5,,,0
11029,'1199795',1449,,10568,5,,,0
11029,'1199796',1148,,10569,5,,,0
11029,'1199797',1749,,10570,5,,,0
11029,'1199799',733,,10571,5,,,0
11029,'1199800',1704,,10572,5,,,0
11029,'1199804',918,,10573,5,,,0
11029,'1199808',1018,,10574,5,,,0
11029,'1199809',1719,,10575,5,,,0
11029,'1199810',1048,,10576,5,,,0
11029,'1199811',1033,,10577,5,,,0
11029,'1199812',1548,,10578,5,,,0
11029,'1199813',2318,,10579,5,,,0
11029,'1199814',1219,,10580,5,,,0
11029,'1199815',1618,,10581,5,,,0
11029,'1199816',1148,,10582,5,,,0
11029,'1199818',718,,10583,5,,,0
11029,'1199819',1118,,10584,5,,,0
11029,'1199820',1734,,10585,5,,,0
11029,'1199821',1518,,10586,5,,,0
11029,'1199823',1248,,10587,5,,,0
11029,'1199825',2018,,10588,5,,,0
11029,'1199826',2353,,10589,5,,,0
11029,'1199828',1404,,10590,5,,,0
11029,'1199830',1304,,10591,5,,,0
11029,'1199831',2003,,10592,5,,,0
11029,'1199834',633,,10593,5,,,0
11029,'1199836',748,,10594,5,,,0
11029,'1199838',1504,,10595,5,,,0
11029,'1199839',718,,10596,5,,,0
11029,'1199843',1334,,10597,5,,,0
11029,'1199844',2018,,10598,5,,,0
11029,'1199846',1419,,10599,5,,,0
11029,'1199847',918,,10600,5,,,0
11029,'1199848',903,,10601,5,,,0
11029,'1199849',2118,,10602,5,,,0
11029,'1199850',1518,,10603,5,,,0
11029,'1199852',703,,10604,5,,,0
11029,'1199853',948,,10605,5,,,0
11029,'1199854',833,,10606,5,,,0
11029,'1199855',1618,,10607,5,,,0
11029,'1199856',2118,,10608,5,,,0
11029,'1199858',1604,,10609,5,,,0
11029,'1199860',1018,,10610,5,,,0
11029,'1199862',1933,,10611,5,,,0
11029,'1199863',818,,10612,5,,,0
11029,'1199864',1204,,10613,5,,,0
11029,'1199865',1718,,10614,5,,,0
11029,'1199866',1218,,10615,5,,,0
11029,'1199867',2033,,10616,5,,,0
11029,'1199869',1418,,10617,5,,,0
11029,'1199870',1318,,10618,5,,,0
11029,'1199871',1348,,10619,5,,,0
11029,'1199873',2203,,10620,5,,,0
11029,'1199874',1103,,10621,5,,,0
11029,'1199875',1003,,10622,5,,,0
11029,'1199876',648,,10623,5,,,0
11029,'1199877',1718,,10624,5,,,0
11029,'1199878',1649,,10625,5,,,0
11029,'1199881',1818,,10626,5,,,0
11029,'1199882',1903,,10627,5,,,0
11029,'1199883',1118,,10628,5,,,0
11029,'1199884',1918,,10629,5,,,0
11029,'1199886',1918,,10630,5,,,0
11029,'1199889',718,,10631,5,,,0
11029,'1199890',2103,,10632,5,,,0
11029,'1199891',2218,,10633,5,,,0
11029,'1199892',1818,,10634,5,,,0
11029,'1199893',1018,,10635,5,,,0
11029,'1199898',848,,10636,5,,,0
11029,'1199899',1833,,10637,5,,,0
11029,'1199902',1803,,10638,5,,,0
11029,'1199903',918,,10639,5,,,0
11029,'1199904',1648,,10640,5,,,0
11029,'1199906',618,,10641,5,,,0
11029,'1199907',2303,,10642,5,,,0
11029,'1199910',2233,,10643,5,,,0
11029,'1199911',2133,,10644,5,,,0
11029,'1199912',1349,,10645,5,,,0
11029,'1199913',1234,,10646,5,,,0
11029,'1199914',1249,,10647,5,,,0
11029,'1199919',818,,10648,5,,,0
11029,'1199920',1418,,10649,5,,,0
