104019,'1196891',2333,,12027,20,,,0
104019,'1197169',2409,,12028,20,,,0
104019,'1197256',1337,,12029,20,,,0
104019,'1197286',2133,,12030,20,,,0
104019,'1197298',1207,,12031,20,,,0
104019,'1197387',2234,,12032,20,,,0
104019,'1197452',2004,,12033,20,,,0
104019,'1197544',919,,12034,20,,,0
104019,'1197547',1234,,12035,20,,,0
104019,'1197640',1533,,12036,20,,,0
104019,'1197714',1804,,12037,20,,,0
104019,'1197725',2104,,12038,20,,,0
104019,'1197761',733,,12039,20,,,0
104019,'1197801',1004,,12040,20,,,0
104019,'1197820',804,,12042,20,,,0
104019,'1197873',619,,12043,20,,,0
104019,'1197937',1504,,12044,20,,,0
104019,'1198060',1733,,12045,20,,,0
104019,'1198073',2349,,12046,20,,,0
104019,'1198077',2234,,12047,20,,,0
104019,'1198194',1122,,12048,20,,,0
104019,'1198253',1133,,12049,20,,,0
104019,'1198313',1507,,12050,20,,,0
104019,'1198322',1619,,12051,20,,,0
104019,'1198353',1252,,12052,20,,,0
104019,'1198411',933,,12053,20,,,0
104019,'1198567',1734,,12055,20,,,0
104019,'1198664',849,,12056,20,,,0
104019,'1198683',1349,,12057,20,,,0
104019,'1198738',1934,,12058,20,,,0
104019,'1198750',1933,,12059,20,,,0
104019,'1198780',849,,12060,20,,,0
104019,'1198913',1422,,12061,20,,,0
104019,'1198958',649,,12062,20,,,0
104019,'1199185',734,,12064,20,,,0
104019,'1199190',1119,,12065,20,,,0
104019,'1199331',1333,,12066,20,,,0
104019,'1199407',1849,,12067,20,,,0
104019,'1199459',1719,,12068,20,,,0
104019,'1199490',1637,,12069,20,,,0
104019,'1199539',1004,,12070,20,,,0
104019,'1199564',734,,12071,20,,,0
104019,'1199583',1552,,12072,20,,,0
104019,'1199617',2119,,12073,20,,,0
