3019,'1196834',1806,,10159,11,,,0
3019,'1196848',2106,,10160,11,,,0
3019,'1196854',706,,10161,11,,,0
3019,'1196968',1223,,10162,11,,,0
3019,'1196971',2006,,10163,11,,,0
3019,'1197069',707,,10164,11,,,0
3019,'1197076',2136,,10165,11,,,0
3019,'1197107',1237,,10166,11,,,0
3019,'1197120',2406,,10167,11,,,0
3019,'1197318',2206,,10168,11,,,0
3019,'1197369',2323,,10169,11,,,0
3019,'1197372',2223,,10170,11,,,0
3019,'1197378',906,,10171,11,,,0
3019,'1197462',907,,10172,11,,,0
3019,'1197478',1607,,10173,11,,,0
3019,'1197537',923,,10174,11,,,0
3019,'1197572',1337,,10175,11,,,0
3019,'1197590',837,,10176,11,,,0
3019,'1197618',1707,,10177,11,,,0
3019,'1197731',2006,,10179,11,,,0
3019,'1197748',1007,,10180,11,,,0
3019,'1197755',1037,,10181,11,,,0
3019,'1197810',1437,,10182,11,,,0
3019,'1197819',1906,,10183,11,,,0
3019,'1197850',1537,,10184,11,,,0
3019,'1197851',937,,10185,11,,,0
3019,'1197897',1107,,10186,11,,,0
3019,'1197923',1207,,10187,11,,,0
3019,'1197941',1507,,10188,11,,,0
3019,'1198025',1607,,10189,11,,,0
3019,'1198093',1836,,10190,11,,,0
3019,'1198098',1137,,10191,11,,,0
3019,'1198111',1006,,10192,11,,,0
3019,'1198119',1523,,10193,11,,,0
3019,'1198124',1407,,10194,11,,,0
3019,'1198153',1906,,10195,11,,,0
3019,'1198229',1507,,10196,11,,,0
3019,'1198237',1637,,10197,11,,,0
3019,'1198265',2106,,10198,11,,,0
3019,'1198278',1936,,10199,11,,,0
3019,'1198430',1623,,10200,11,,,0
3019,'1198432',1806,,10201,11,,,0
3019,'1198501',1707,,10202,11,,,0
3019,'1198514',637,,10203,11,,,0
3019,'1198654',1723,,10204,11,,,0
3019,'1198677',823,,10205,11,,,0
3019,'1198680',807,,10206,11,,,0
3019,'1198689',2356,,10207,11,,,0
3019,'1198691',1737,,10208,11,,,0
3019,'1198742',2206,,10209,11,,,0
3019,'1198777',1407,,10210,11,,,0
3019,'1198788',723,,10211,11,,,0
3019,'1198845',1023,,10212,11,,,0
3019,'1198989',2123,,10213,11,,,0
3019,'1198991',1823,,10214,11,,,0
3019,'1199009',1323,,10215,11,,,0
3019,'1199035',1207,,10216,11,,,0
3019,'1199052',2023,,10217,11,,,0
3019,'1199066',1123,,10218,11,,,0
3019,'1199133',1307,,10219,11,,,0
3019,'1199262',2306,,10220,11,,,0
3019,'1199277',737,,10221,11,,,0
3019,'1199346',1307,,10222,11,,,0
3019,'1199408',2036,,10223,11,,,0
3019,'1199412',1423,,10224,11,,,0
3019,'1199440',2306,,10225,11,,,0
3019,'1199509',806,,10226,11,,,0
3019,'1199600',1923,,10228,11,,,0
3019,'1199612',1107,,10229,11,,,0
