103019,'1196838',2033,,11950,17,,,0
103019,'1196888',952,,11951,17,,,0
103019,'1196969',1654,,11952,17,,,0
103019,'1196981',1223,,11953,17,,,0
103019,'1197294',2123,,11954,17,,,0
103019,'1197441',1052,,11955,17,,,0
103019,'1197545',1723,,11956,17,,,0
103019,'1197721',1354,,11957,17,,,0
103019,'1197732',907,,11958,17,,,0
103019,'1197772',1508,,11959,17,,,0
103019,'1197847',1553,,11960,17,,,0
103019,'1197900',2322,,11961,17,,,0
103019,'1197976',2152,,11962,17,,,0
103019,'1198084',752,,11963,17,,,0
103019,'1198108',1433,,11964,17,,,0
103019,'1198169',737,,11965,17,,,0
103019,'1198206',922,,11966,17,,,0
103019,'1198228',1123,,11967,17,,,0
103019,'1198242',1903,,11968,17,,,0
103019,'1198304',1423,,11969,17,,,0
103019,'1198348',2203,,11970,17,,,0
103019,'1198369',2253,,11971,17,,,0
103019,'1198383',1253,,11972,17,,,0
103019,'1198393',652,,11973,17,,,0
103019,'1198585',622,,11974,4,,,0
103019,'1198760',822,,11975,17,,,0
103019,'1198790',2333,,11976,17,,,0
103019,'1198820',1303,,11977,17,,,0
103019,'1198832',1733,,11978,17,,,0
103019,'1198901',2022,,11979,17,,,0
103019,'1198908',1003,,11980,17,,,0
103019,'1198992',1603,,11981,17,,,0
103019,'1199041',1133,,11982,17,,,0
103019,'1199057',1524,,11983,17,,,0
103019,'1199120',1852,,11984,17,,,0
103019,'1199157',1823,,11985,17,,,0
103019,'1199198',833,,11986,17,,,0
103019,'1199232',1638,,11987,17,,,0
103019,'1199535',1953,,11988,17,,,0
