13029,'1196882',1537,,10855,25,,,0
13029,'1196907',1302,,10856,24,,,0
13029,'1196917',1305,,10857,24,,,0
13029,'1196936',1805,,10858,24,,,0
13029,'1196965',801,,10859,24,,,0
13029,'1196972',1635,,10860,24,,,0
13029,'1197006',1502,,10861,24,,,0
13029,'1197082',1202,,10862,24,,,0
13029,'1197122',1102,,10863,24,,,0
13029,'1197184',1503,,10864,24,,,0
13029,'1197188',1932,,10865,24,,,0
13029,'1197193',802,,10866,24,,,0
13029,'1197215',2102,,10867,24,,,0
13029,'1197262',1703,,10868,24,,,0
13029,'1197363',934,,10869,24,,,0
13029,'1197365',2201,,10870,24,,,0
13029,'1197371',1002,,10871,24,,,0
13029,'1197444',2301,,10872,24,,,0
13029,'1197556',2302,,10873,24,,,0
13029,'1197773',2032,,10874,24,,,0
13029,'1197812',1505,,10875,24,,,0
13029,'1197866',1402,,10876,24,,,0
13029,'1197909',904,,10877,24,,,0
13029,'1197997',2001,,10878,24,,,0
13029,'1198028',2101,,10879,24,,,0
13029,'1198074',2401,,10880,24,,,0
13029,'1198199',1602,,10881,24,,,0
13029,'1198248',2232,,10882,24,,,0
13029,'1198289',833,,10883,24,,,0
13029,'1198381',1735,,10884,24,,,0
13029,'1198389',1802,,10885,24,,,0
13029,'1198416',1603,,10886,24,,,0
13029,'1198437',1033,,10887,24,,,0
13029,'1198474',1106,,10888,24,,,0
13029,'1198488',1901,,10889,24,,,0
13029,'1198563',733,,10890,24,,,0
13029,'1198648',1101,,10891,24,,,0
13029,'1198673',1303,,10892,24,,,0
13029,'1198704',1902,,10893,24,,,0
13029,'1198733',803,,10894,24,,,0
13029,'1198756',902,,10895,24,,,0
13029,'1198793',1001,,10896,24,,,0
13029,'1198811',1403,,10897,24,,,0
13029,'1198812',2402,,10898,24,,,0
13029,'1198828',1203,,10899,24,,,0
13029,'1198858',1605,,10900,24,,,0
13029,'1198910',633,,10901,24,,,0
13029,'1198998',901,,10902,24,,,0
13029,'1199115',703,,10903,24,,,0
13029,'1199250',2202,,10904,24,,,0
13029,'1199324',701,,10905,24,,,0
13029,'1199337',1004,,10906,24,,,0
13029,'1199349',2132,,10907,24,,,0
13029,'1199379',2332,,10908,24,,,0
13029,'1199405',1803,,10909,24,,,0
13029,'1199419',1205,,10910,24,,,0
13029,'1199548',1405,,10911,24,,,0
13029,'1199559',1702,,10912,24,,,0
13029,'1199614',1832,,10913,24,,,0
13029,'1199653',2002,,10914,24,,,0
13029,'1199655',1705,,10915,24,,,0
25029,'1196916',951,,11367,8,,,0
25029,'1196933',1551,,11368,8,,,0
25029,'1196986',1135,,11369,8,,,0
25029,'1197030',2151,,11370,8,,,0
25029,'1197059',650,,11371,8,,,0
25029,'1197302',1851,,11372,8,,,0
25029,'1197319',851,,11373,8,,,0
25029,'1197349',1251,,11374,8,,,0
25029,'1197435',2035,,11375,8,,,0
25029,'1197457',2051,,11376,8,,,0
25029,'1197616',2411,,11377,8,,,0
25029,'1197705',2235,,11378,8,,,0
25029,'1197793',1621,,11379,8,,,0
25029,'1197804',735,,11380,8,,,0
25029,'1197835',1651,,11381,8,,,0
25029,'1197846',921,,11382,8,,,0
25029,'1197932',721,,11383,8,,,0
25029,'1198032',935,,11384,8,,,0
25029,'1198046',1021,,11385,8,,,0
25029,'1198129',1451,,11386,8,,,0
25029,'1198137',2251,,11387,8,,,0
25029,'1198143',1235,,11388,8,,,0
25029,'1198148',1851,,11389,8,,,0
25029,'1198154',1321,,11390,8,,,0
25029,'1198159',751,,11391,8,,,0
25029,'1198222',1935,,11392,8,,,0
25029,'1198225',1551,,11393,8,,,0
25029,'1198233',1721,,11394,8,,,0
25029,'1198344',2151,,11395,8,,,0
25029,'1198370',1451,,11396,8,,,0
25029,'1198438',1221,,11397,8,,,0
25029,'1198503',1651,,11398,8,,,0
25029,'1198561',2335,,11399,8,,,0
25029,'1198597',1051,,11400,8,,,0
25029,'1198609',2051,,11401,8,,,0
25029,'1198649',2135,,11402,8,,,0
25029,'1198679',1751,,11403,8,,,0
25029,'1198692',1151,,11404,8,,,0
25029,'1198706',651,,11405,8,,,0
25029,'1198719',2251,,11406,8,,,0
25029,'1198720',1735,,11407,8,,,0
25029,'1198786',1521,,11408,8,,,0
25029,'1198863',1421,,11409,8,,,0
25029,'1198875',851,,11410,8,,,0
25029,'1198879',1951,,11411,8,,,0
25029,'1198885',1035,,11412,8,,,0
25029,'1198987',1835,,11413,8,,,0
25029,'1198994',1535,,11414,8,,,0
25029,'1199055',750,,11415,8,,,0
25029,'1199102',2350,,11416,8,,,0
25029,'1199182',821,,11417,8,,,0
25029,'1199195',1121,,11418,8,,,0
25029,'1199236',951,,11419,8,,,0
25029,'1199255',1435,,11420,8,,,0
25029,'1199294',1335,,11421,8,,,0
25029,'1199362',1951,,11422,8,,,0
25029,'1199541',1751,,11423,8,,,0
25029,'1199549',1635,,11424,8,,,0
25029,'1199576',1351,,11425,8,,,0
25029,'1199642',835,,11426,8,,,0
26029,'1196873',1806,,11480,17,,,0
26029,'1196910',2306,,11481,17,,,0
26029,'1196913',1122,,11482,17,,,0
26029,'1196977',1621,,11483,17,,,0
26029,'1196980',1022,,11484,17,,,0
26029,'1197179',2021,,11485,17,,,0
26029,'1197404',1252,,11486,17,,,0
26029,'1197498',1921,,11487,17,,,0
26029,'1197625',922,,11488,17,,,0
26029,'1197661',1021,,11489,17,,,0
26029,'1197679',1906,,11490,17,,,0
26029,'1197751',2220,,11491,17,,,0
26029,'1197754',620,,11492,17,,,0
26029,'1197782',1522,,11493,17,,,0
26029,'1197814',2221,,11494,17,,,0
26029,'1197860',820,,11495,17,,,0
26029,'1197884',806,,11496,17,,,0
26029,'1197936',1322,,11497,17,,,0
26029,'1197940',1222,,11498,17,,,0
26029,'1197960',1152,,11499,17,,,0
26029,'1197999',2121,,11500,17,,,0
26029,'1198011',1606,,11501,17,,,0
26029,'1198044',1406,,11502,17,,,0
26029,'1198105',2121,,11503,17,,,0
26029,'1198189',1821,,11504,17,,,0
26029,'1198210',1052,,11505,17,,,0
26029,'1198276',1623,,11506,17,,,0
26029,'1198303',1206,,11507,17,,,0
26029,'1198354',2021,,11508,17,,,0
26029,'1198406',622,,11509,17,,,0
26029,'1198482',1106,,11510,17,,,0
26029,'1198544',1706,,11511,17,,,0
26029,'1198822',2320,,11512,17,,,0
26029,'1198850',1822,,11513,17,,,0
26029,'1198867',1506,,11514,17,,,0
26029,'1198935',720,,11515,17,,,0
26029,'1198937',2006,,11516,17,,,0
26029,'1199008',722,,11517,17,,,0
26029,'1199034',1921,,11518,17,,,0
26029,'1199114',2321,,11519,17,,,0
26029,'1199122',1722,,11520,17,,,0
26029,'1199135',1522,,11521,17,,,0
26029,'1199139',1006,,11522,17,,,0
26029,'1199216',2206,,11523,17,,,0
26029,'1199265',1306,,11524,17,,,0
26029,'1199273',906,,11525,17,,,0
26029,'1199292',1721,,11526,17,,,0
26029,'1199311',1452,,11527,17,,,0
26029,'1199314',1352,,11528,17,,,0
26029,'1199512',2106,,11529,17,,,0
26029,'1199532',920,,11530,17,,,0
26029,'1199605',1422,,11531,17,,,0
26029,'1199628',822,,11532,17,,,0
101019,'1197003',616,,11803,58,,,0
101019,'1197056',2154,,11804,58,,,0
101019,'1197144',2353,,11805,58,,,0
101019,'1197150',1553,,11806,58,,,0
101019,'1197356',1353,,11807,58,,,0
101019,'1197394',1554,,11808,58,,,0
101019,'1197485',754,,11809,58,,,0
101019,'1197542',1354,,11810,58,,,0
101019,'1197666',1116,,11811,58,,,0
101019,'1197703',2153,,11812,58,,,0
101019,'1197735',1216,,11813,58,,,0
101019,'1197816',1154,,11814,58,,,0
101019,'1197893',816,,11815,58,,,0
101019,'1198002',1753,,11816,58,,,0
101019,'1198014',753,,11817,58,,,0
101019,'1198130',1016,,11818,58,,,0
101019,'1198162',1418,,11819,58,,,0
101019,'1198212',1953,,11820,58,,,0
101019,'1198408',2115,,11821,58,,,0
101019,'1198684',954,,11822,58,,,0
101019,'1198907',1954,,11823,58,,,0
101019,'1199079',2316,,11824,58,,,0
101019,'1199178',1818,,11825,58,,,0
101019,'1199186',1618,,11826,58,,,0
101019,'1199279',1754,,11827,58,,,0
101019,'1199401',953,,11828,58,,,0
101019,'1199471',1916,,11829,58,,,0
101019,'1199497',1153,,11830,58,,,0
101019,'1199519',916,,11831,58,,,0
101019,'1199566',1518,,11832,58,,,0
101019,'1199626',1718,,11833,58,,,0
101019,'1199991',1418,,12771,58,,,0
101019,'1199992',2115,,12772,58,,,0
101019,'1199993',916,,12773,58,,,0
101019,'1199995',616,,12774,58,,,0
101019,'1199996',716,,12775,58,,,0
101019,'1200003',1718,,12776,58,,,0
101019,'1200004',1618,,12777,58,,,0
101019,'1200006',1916,,12778,58,,,0
101019,'1200008',816,,12779,58,,,0
101019,'1200009',2316,,12780,58,,,0
101019,'1200011',1116,,12781,58,,,0
101019,'1200013',1216,,12782,58,,,0
101019,'1200014',1518,,12783,58,,,0
101019,'1200015',1818,,12784,58,,,0
101019,'1200018',1016,,12785,58,,,0
104029,'1196835',2020,,12074,44,,,0
104029,'1196857',820,,12075,44,,,0
104029,'1196889',821,,12076,44,,,0
104029,'1196928',1805,,12077,44,,,0
104029,'1197002',705,,12078,44,,,0
104029,'1197045',1603,,12079,44,,,0
104029,'1197133',850,,12080,44,,,0
104029,'1197341',1303,,12081,44,,,0
104029,'1197454',1821,,12082,44,,,0
104029,'1197461',735,,12083,44,,,0
104029,'1197467',2221,,12084,44,,,0
104029,'1197481',620,,12085,44,,,0
104029,'1197553',2150,,12086,44,,,0
104029,'1197574',935,,12087,44,,,0
104029,'1197583',2205,,12088,44,,,0
104029,'1197794',1820,,12089,44,,,0
104029,'1197965',1421,,12090,44,,,0
104029,'1197979',1550,,12091,44,,,0
104029,'1198234',1050,,12092,44,,,0
104029,'1198287',1648,,12093,44,,,0
104029,'1198288',1218,,12094,44,,,0
104029,'1198449',1320,,12095,44,,,0
104029,'1198458',1935,,12096,44,,,0
104029,'1198510',1005,,12097,44,,,0
104029,'1198521',820,,12098,44,,,0
104029,'1198558',1705,,12099,44,,,0
104029,'1198578',1733,,12100,44,,,0
104029,'1198686',1433,,12101,44,,,0
104029,'1198694',1518,,12102,44,,,0
104029,'1198755',1021,,12103,44,,,0
104029,'1198909',1221,,12104,44,,,0
104029,'1198979',1205,,12105,44,,,0
104029,'1199045',2320,,12106,44,,,0
104029,'1199127',2320,,12107,44,,,0
104029,'1199159',1348,,12108,44,,,0
104029,'1199181',935,,12109,44,,,0
104029,'1199193',1621,,12110,44,,,0
104029,'1199356',1435,,12111,44,,,0
104029,'1199360',2050,,12112,44,,,0
104029,'1199374',705,,12113,44,,,0
104029,'1199380',1050,,12114,44,,,0
104029,'1199442',1850,,12115,44,,,0
104029,'1199577',2021,,12116,44,,,0
