20019,'1190619',645,,8208,16,,,0
20019,'1190641',1716,,8209,16,,,0
20019,'1190738',615,,8210,16,,,0
20019,'1190758',1646,,8211,16,,,0
20019,'1190774',1846,,8212,16,,,0
20019,'1190805',1416,,8213,16,,,0
20019,'1190858',2345,,8216,16,,,0
20019,'1190997',816,,8218,16,,,0
20019,'1191053',845,,8219,16,,,0
20019,'1191089',2146,,8220,16,,,0
20019,'1191136',1916,,8221,16,,,0
20019,'1191180',1345,,8222,16,,,0
20019,'1191306',716,,8224,16,,,0
20019,'1191365',2116,,8225,16,,,0
20019,'1191367',2046,,8226,16,,,0
20019,'1191430',1545,,8228,16,,,0
20019,'1191441',1746,,8229,16,,,0
20019,'1191503',945,,8231,16,,,0
20019,'1191515',645,,8233,16,,,0
20019,'1191641',1816,,8234,16,,,0
20019,'1191735',1946,,8236,16,,,0
20019,'1191765',1045,,8237,16,,,0
20019,'1191882',2246,,8239,16,,,0
20019,'1191930',1645,,8240,16,,,0
20019,'1191994',1116,,8241,16,,,0
20019,'1192132',1316,,8242,16,,,0
20019,'1192365',1745,,8243,16,,,0
20019,'1192376',1216,,8244,16,,,0
20019,'1192518',746,,8248,16,,,0
20019,'1192714',1145,,8252,16,,,0
20019,'1192729',1016,,8253,16,,,0
20019,'1192784',2216,,8254,16,,,0
20019,'1192905',1616,,8255,16,,,0
20019,'1192933',2016,,8257,16,,,0
20019,'1193041',2316,,8258,16,,,0
20019,'1193116',2416,,8259,16,,,0
20019,'1193175',745,,8260,16,,,0
20019,'1193197',916,,8261,16,,,0
20019,'1193231',1245,,8262,16,,,0
20019,'1193236',1445,,8263,16,,,0
20019,'1193274',1516,,8265,16,,,0
