2019,'1196937',930,,9945,20,,,0
2019,'1196952',1930,,9946,20,,,0
2019,'1196959',730,,9947,20,,,0
2019,'1196966',1015,,9948,20,,,0
2019,'1196990',930,,9949,20,,,0
2019,'1196992',1702,,9950,20,,,0
2019,'1196993',2100,,9951,20,,,0
2019,'1197022',1330,,9952,20,,,0
2019,'1197046',2400,,9953,20,,,0
2019,'1197068',1216,,9954,20,,,0
2019,'1197140',831,,9955,20,,,0
2019,'1197142',2230,,9956,20,,,0
2019,'1197156',701,,9957,20,,,0
2019,'1197159',1247,,9958,20,,,0
2019,'1197165',1316,,9959,20,,,0
2019,'1197200',2045,,9960,20,,,0
2019,'1197205',2330,,9961,20,,,0
2019,'1197230',1602,,9962,20,,,0
2019,'1197258',1532,,9963,20,,,0
2019,'1197273',1830,,9964,20,,,0
2019,'1197277',1016,,9965,20,,,0
2019,'1197304',2030,,9966,20,,,0
2019,'1197311',1802,,9967,20,,,0
2019,'1197384',846,,9968,20,,,0
2019,'1197388',1516,,9969,20,,,0
2019,'1197409',1402,,9970,20,,,0
2019,'1197517',1547,,9971,20,,,0
2019,'1197526',1146,,9972,20,,,0
2019,'1197532',1230,,9973,20,,,0
2019,'1197541',1815,,9974,20,,,0
2019,'1197604',1945,,9975,20,,,0
2019,'1197630',1232,,9976,20,,,0
2019,'1197631',1746,,9977,20,,,0
2019,'1197670',946,,9978,20,,,0
2019,'1197671',1347,,9979,20,,,0
2019,'1197694',1915,,9980,20,,,0
2019,'1197780',1031,,9981,20,,,0
2019,'1197798',1845,,9982,20,,,0
2019,'1197818',1430,,9983,20,,,0
2019,'1197842',1302,,9984,20,,,0
2019,'1197864',2130,,9985,20,,,0
2019,'1197879',1416,,9986,20,,,0
2019,'1197881',1030,,9987,20,,,0
2019,'1197904',901,,9988,20,,,0
2019,'1197931',1201,,9989,20,,,0
2019,'1197939',1517,,9990,20,,,0
2019,'1197952',2405,,9991,20,,,0
2019,'1197970',931,,9992,20,,,0
2019,'1197994',1131,,9993,20,,,0
2019,'1198000',716,,9994,20,,,0
2019,'1198018',731,,9995,20,,,0
2019,'1198034',816,,9996,20,,,0
2019,'1198058',1617,,9997,20,,,0
2019,'1198063',1647,,9998,20,,,0
2019,'1198138',1646,,9999,20,,,0
2019,'1198180',1046,,10000,20,,,0
2019,'1198182',1217,,10001,20,,,0
2019,'1198197',2230,,10002,20,,,0
2019,'1198230',2115,,10003,20,,,0
2019,'1198247',1502,,10004,20,,,0
2019,'1198270',1930,,10005,20,,,0
2019,'1198273',746,,10006,20,,,0
2019,'1198286',800,,10007,20,,,0
2019,'1198328',1732,,10008,20,,,0
2019,'1198379',1747,,10010,20,,,0
2019,'1198387',1546,,10011,20,,,0
2019,'1198392',1146,,10012,20,,,0
2019,'1198443',2015,,10013,20,,,0
2019,'1198453',2145,,10014,20,,,0
2019,'1198468',1246,,10015,20,,,0
2019,'1198483',1730,,10016,20,,,0
2019,'1198564',1116,,10017,20,,,0
2019,'1198584',2315,,10018,20,,,0
2019,'1198637',1632,,10019,20,,,0
2019,'1198722',1530,,10020,20,,,0
2019,'1198740',916,,10021,20,,,0
2019,'1198744',1845,,10022,20,,,0
2019,'1198846',845,,10023,20,,,0
2019,'1198873',646,,10024,20,,,0
2019,'1198904',1346,,10025,20,,,0
2019,'1198940',2215,,10026,20,,,0
2019,'1199047',1317,,10027,20,,,0
2019,'1199073',1716,,10028,20,,,0
2019,'1199085',2145,,10029,20,,,0
2019,'1199096',1446,,10030,20,,,0
2019,'1199176',1045,,10031,20,,,0
2019,'1199234',2015,,10032,20,,,0
2019,'1199238',715,,10033,20,,,0
2019,'1199242',1130,,10034,20,,,0
2019,'1199272',1001,,10035,20,,,0
2019,'1199326',2315,,10036,20,,,0
2019,'1199327',1417,,10037,20,,,0
2019,'1199334',1630,,10038,20,,,0
2019,'1199352',1717,,10039,20,,,0
2019,'1199368',1447,,10040,20,,,0
2019,'1199372',1815,,10041,20,,,0
2019,'1199378',1432,,10042,20,,,0
2019,'1199438',1101,,10043,20,,,0
2019,'1199439',801,,10044,20,,,0
2019,'1199485',1332,,10045,20,,,0
2019,'1199505',830,,10046,20,,,0
2019,'1199525',2245,,10047,20,,,0
2019,'1199540',1116,,10048,20,,,0
2019,'1199630',2345,,10049,20,,,0
2019,'1199652',1616,,10050,20,,,0
11029,'1199774',1542,,10550,32,,,0
11029,'1199777',956,,10551,32,,,0
11029,'1199778',1342,,10552,32,,,0
11029,'1199779',2339,,10553,32,,,0
11029,'1199781',1156,,10555,32,,,0
11029,'1199782',1657,,10556,32,,,0
11029,'1199785',1339,,10558,32,,,0
11029,'1199786',826,,10559,32,,,0
11029,'1199787',1642,,10560,32,,,0
11029,'1199788',1612,,10561,32,,,0
11029,'1199789',1457,,10562,32,,,0
11029,'1199790',1509,,10563,32,,,0
11029,'1199791',1139,,10564,32,,,0
11029,'1199792',1557,,10565,32,,,0
11029,'1199793',2356,,10566,32,,,0
11029,'1199794',841,,10567,32,,,0
11029,'1199795',1512,,10568,32,,,0
11029,'1199796',1211,,10569,32,,,0
11029,'1199797',1812,,10570,32,,,0
11029,'1199799',756,,10571,32,,,0
11029,'1199800',1727,,10572,32,,,0
11029,'1199804',941,,10573,32,,,0
11029,'1199809',1742,,10575,32,,,0
11029,'1199810',1111,,10576,32,,,0
11029,'1199811',1056,,10577,32,,,0
11029,'1199812',1609,,10578,32,,,0
11029,'1199814',1242,,10580,32,,,0
11029,'1199815',1639,,10581,32,,,0
11029,'1199816',1209,,10582,32,,,0
11029,'1199818',741,,10583,32,,,0
11029,'1199819',1141,,10584,32,,,0
11029,'1199820',1757,,10585,32,,,0
11029,'1199821',1539,,10586,32,,,0
11029,'1199823',1309,,10587,32,,,0
11029,'1199825',2039,,10588,32,,,0
11029,'1199826',2416,,10589,32,,,0
11029,'1199828',1427,,10590,32,,,0
11029,'1199830',1327,,10591,32,,,0
11029,'1199831',2026,,10592,32,,,0
11029,'1199834',656,,10593,32,,,0
11029,'1199836',811,,10594,32,,,0
11029,'1199838',1527,,10595,32,,,0
11029,'1199843',1357,,10597,32,,,0
11029,'1199846',1442,,10599,32,,,0
11029,'1199848',926,,10601,32,,,0
11029,'1199852',726,,10604,32,,,0
11029,'1199853',1011,,10605,32,,,0
11029,'1199854',856,,10606,32,,,0
11029,'1199856',2139,,10608,32,,,0
11029,'1199858',1627,,10609,32,,,0
11029,'1199860',1041,,10610,32,,,0
11029,'1199862',1956,,10611,32,,,0
11029,'1199863',839,,10612,32,,,0
11029,'1199864',1227,,10613,32,,,0
11029,'1199865',1739,,10614,32,,,0
11029,'1199866',1239,,10615,32,,,0
11029,'1199867',2056,,10616,32,,,0
11029,'1199869',1439,,10617,32,,,0
11029,'1199871',1409,,10619,32,,,0
11029,'1199873',2226,,10620,32,,,0
11029,'1199874',1126,,10621,32,,,0
11029,'1199875',1026,,10622,32,,,0
11029,'1199876',711,,10623,32,,,0
11029,'1199878',1712,,10625,32,,,0
11029,'1199881',1839,,10626,32,,,0
11029,'1199882',1926,,10627,32,,,0
11029,'1199886',1939,,10630,32,,,0
11029,'1199889',739,,10631,32,,,0
11029,'1199890',2126,,10632,32,,,0
11029,'1199891',2239,,10633,32,,,0
11029,'1199893',1039,,10635,32,,,0
11029,'1199898',911,,10636,32,,,0
11029,'1199899',1856,,10637,32,,,0
11029,'1199902',1826,,10638,32,,,0
11029,'1199903',939,,10639,32,,,0
11029,'1199904',1709,,10640,32,,,0
11029,'1199906',641,,10641,32,,,0
11029,'1199907',2326,,10642,32,,,0
11029,'1199910',2256,,10643,32,,,0
11029,'1199911',2156,,10644,32,,,0
11029,'1199912',1412,,10645,32,,,0
11029,'1199913',1257,,10646,32,,,0
11029,'1199914',1312,,10647,32,,,0
