10029,'1193661',1542,,7624,47,,,0
10029,'1193662',1142,,7625,47,,,0
10029,'1193664',2042,,7626,47,,,0
10029,'1193666',1342,,7627,47,,,0
10029,'1193669',2342,,7628,47,,,0
10029,'1193670',1642,,7629,47,,,0
10029,'1193672',912,,7631,47,,,0
10029,'1193673',2142,,7632,47,,,0
10029,'1193674',1442,,7633,47,,,0
10029,'1193676',1912,,7634,47,,,0
10029,'1193677',742,,7635,47,,,0
10029,'1193684',1742,,7637,47,,,0
10029,'1193685',1042,,7638,47,,,0
10029,'1193688',942,,7639,47,,,0
10029,'1193689',812,,7640,47,,,0
10029,'1193690',2012,,7641,47,,,0
10029,'1193692',2242,,7642,47,,,0
10029,'1193693',942,,7643,47,,,0
10029,'1193694',1342,,7644,47,,,0
10029,'1193695',712,,7645,47,,,0
10029,'1193696',642,,7646,47,,,0
10029,'1193699',2112,,7647,47,,,0
10029,'1193706',842,,7650,47,,,0
10029,'1193712',1842,,7651,47,,,0
10029,'1193713',2312,,7652,47,,,0
10029,'1193716',1942,,7654,47,,,0
10029,'1193719',1442,,7655,47,,,0
10029,'1193721',1042,,7656,47,,,0
10029,'1193726',1742,,7659,47,,,0
10029,'1193727',842,,7660,47,,,0
10029,'1193728',742,,7661,47,,,0
10029,'1193736',2417,,7663,47,,,0
10029,'1193741',2212,,7664,47,,,0
10029,'1193744',1512,,7666,47,,,0
10029,'1193745',1612,,7667,47,,,0
10029,'1193746',1142,,7668,47,,,0
10029,'1193757',1242,,7673,47,,,0
10029,'1193760',1242,,7675,47,,,0
10029,'1193762',1542,,7676,47,,,0
10029,'1193763',1712,,7677,47,,,0
10029,'1193777',1812,,7681,47,,,0
10029,'1193778',1642,,7682,47,,,0
