104019,'1196891',2339,,12027,27,,,0
104019,'1197169',2415,,12028,27,,,0
104019,'1197256',1344,,12029,27,,,0
104019,'1197286',2139,,12030,27,,,0
104019,'1197298',1214,,12031,27,,,0
104019,'1197387',2240,,12032,27,,,0
104019,'1197452',2010,,12033,27,,,0
104019,'1197544',925,,12034,27,,,0
104019,'1197547',1240,,12035,27,,,0
104019,'1197640',1539,,12036,27,,,0
104019,'1197714',1810,,12037,27,,,0
104019,'1197725',2110,,12038,27,,,0
104019,'1197761',739,,12039,27,,,0
104019,'1197801',1010,,12040,27,,,0
104019,'1197820',810,,12042,27,,,0
104019,'1197873',625,,12043,27,,,0
104019,'1197937',1510,,12044,27,,,0
104019,'1198060',1739,,12045,27,,,0
104019,'1198073',2355,,12046,27,,,0
104019,'1198077',2240,,12047,27,,,0
104019,'1198194',1129,,12048,27,,,0
104019,'1198253',1139,,12049,27,,,0
104019,'1198313',1514,,12050,27,,,0
104019,'1198322',1625,,12051,27,,,0
104019,'1198353',1259,,12052,27,,,0
104019,'1198411',939,,12053,27,,,0
104019,'1198567',1740,,12055,27,,,0
104019,'1198664',855,,12056,27,,,0
104019,'1198683',1355,,12057,27,,,0
104019,'1198738',1940,,12058,27,,,0
104019,'1198750',1939,,12059,27,,,0
104019,'1198780',855,,12060,27,,,0
104019,'1198913',1429,,12061,27,,,0
104019,'1198958',655,,12062,27,,,0
104019,'1199185',740,,12064,27,,,0
104019,'1199190',1125,,12065,27,,,0
104019,'1199331',1339,,12066,27,,,0
104019,'1199407',1855,,12067,27,,,0
104019,'1199459',1725,,12068,27,,,0
104019,'1199490',1644,,12069,27,,,0
104019,'1199539',1010,,12070,27,,,0
104019,'1199564',740,,12071,27,,,0
104019,'1199583',1559,,12072,27,,,0
104019,'1199617',2125,,12073,27,,,0
