13019,'1196852',1336,,10793,29,,,0
13019,'1196856',1734,,10794,29,,,0
13019,'1196922',633,,10795,3,,,0
13019,'1196999',935,,10796,29,,,0
13019,'1197035',634,,10797,29,,,0
13019,'1197132',1506,,10798,29,,,0
13019,'1197251',1606,,10799,29,,,0
13019,'1197279',734,,10800,29,,,0
13019,'1197353',2304,,10801,29,,,0
13019,'1197357',1834,,10802,29,,,0
13019,'1197451',2234,,10803,29,,,0
13019,'1197487',835,,10804,29,,,0
13019,'1197555',1636,,10805,29,,,0
13019,'1197570',934,,10806,29,,,0
13019,'1197575',1634,,10807,29,,,0
13019,'1197641',2034,,10808,29,,,0
13019,'1197645',1706,,10809,29,,,0
13019,'1197648',704,,10810,29,,,0
13019,'1197690',1634,,10811,29,,,0
13019,'1197692',1736,,10812,29,,,0
13019,'1197730',1436,,10813,29,,,0
13019,'1197762',2409,,10814,29,,,0
13019,'1197803',734,,10815,29,,,0
13019,'1197834',1234,,10816,29,,,0
13019,'1197854',2034,,10817,29,,,0
13019,'1197962',1334,,10818,29,,,0
13019,'1197975',1037,,10819,29,,,0
13019,'1198041',1134,,10820,29,,,0
13019,'1198094',1804,,10821,29,,,0
13019,'1198160',834,,10822,29,,,0
13019,'1198201',1234,,10823,29,,,0
13019,'1198243',1834,,10824,29,,,0
13019,'1198290',2204,,10825,29,,,0
13019,'1198352',734,,10826,29,,,0
13019,'1198355',1904,,10827,29,,,0
13019,'1198382',804,,10828,29,,,0
13019,'1198402',2234,,10829,29,,,0
13019,'1198552',2134,,10830,29,,,0
13019,'1198554',1934,,10831,29,,,0
13019,'1198602',1134,,10832,29,,,0
13019,'1198611',2004,,10833,29,,,0
13019,'1198630',1536,,10834,29,,,0
13019,'1198675',1236,,10835,29,,,0
13019,'1198690',604,,10836,3,,,0
13019,'1198716',1034,,10837,29,,,0
13019,'1198729',1004,,10838,29,,,0
13019,'1198761',1334,,10839,29,,,0
13019,'1198778',934,,10840,29,,,0
13019,'1198837',2334,,10841,29,,,0
13019,'1198874',1136,,10842,29,,,0
13019,'1198888',905,,10843,29,,,0
13019,'1199044',834,,10844,29,,,0
13019,'1199123',1034,,10845,29,,,0
13019,'1199151',1434,,10846,29,,,0
13019,'1199233',1434,,10847,29,,,0
13019,'1199276',1534,,10848,29,,,0
13019,'1199284',2104,,10849,29,,,0
13019,'1199418',1934,,10850,29,,,0
13019,'1199448',1734,,10851,29,,,0
13019,'1199536',2134,,10852,29,,,0
13019,'1199588',2334,,10853,29,,,0
13019,'1199631',1534,,10854,29,,,0
101029,'1196911',745,,11834,21,,,0
101029,'1197033',1828,,11835,21,,,0
101029,'1197060',845,,11836,21,,,0
101029,'1197096',1028,,11837,21,,,0
101029,'1197257',1045,,11838,21,,,0
101029,'1197272',1230,,11839,21,,,0
101029,'1197326',1547,,11840,21,,,0
101029,'1197581',2028,,11841,21,,,0
101029,'1197673',1430,,11842,21,,,0
101029,'1197747',2145,,11843,21,,,0
101029,'1197977',1630,,11844,21,,,0
101029,'1198059',630,,11845,21,,,0
101029,'1198116',1030,,11846,21,,,0
101029,'1198125',830,,11847,21,,,0
101029,'1198200',1228,,11848,21,,,0
101029,'1198251',945,,11849,21,,,0
101029,'1198346',828,,11850,21,,,0
101029,'1198498',2228,,11851,21,,,0
101029,'1198530',2230,,11852,21,,,0
101029,'1198631',1647,,11853,21,,,0
101029,'1198644',2405,,11854,21,,,0
101029,'1198710',1628,,11855,21,,,0
101029,'1198715',1745,,11856,21,,,0
101029,'1198953',2030,,11857,21,,,0
101029,'1198984',1347,,11858,21,,,0
101029,'1199108',1247,,11859,21,,,0
101029,'1199117',645,,11860,21,,,0
101029,'1199304',1830,,11861,21,,,0
101029,'1199366',1428,,11862,21,,,0
101029,'1199567',1945,,11863,21,,,0
101029,'1199585',1447,,11864,21,,,0
101029,'1199990',1247,,12786,21,,,0
101029,'1199994',1547,,12787,21,,,0
101029,'1199997',745,,12788,21,,,0
101029,'1199998',1745,,12789,21,,,0
101029,'1199999',1045,,12790,21,,,0
101029,'1200000',2405,,12791,21,,,0
101029,'1200001',645,,12792,21,,,0
101029,'1200002',1647,,12793,21,,,0
101029,'1200005',1447,,12794,21,,,0
101029,'1200007',945,,12795,21,,,0
101029,'1200010',1347,,12796,21,,,0
101029,'1200012',1945,,12797,21,,,0
101029,'1200016',2145,,12798,21,,,0
101029,'1200017',845,,12799,21,,,0
