20019,'1196861',1645,,11034,15,,,0
20019,'1196920',2215,,11035,15,,,0
20019,'1196950',745,,11036,15,,,0
20019,'1196955',645,,11037,15,,,0
20019,'1197117',2015,,11038,15,,,0
20019,'1197128',2115,,11039,15,,,0
20019,'1197129',1545,,11040,15,,,0
20019,'1197174',1516,,11041,15,,,0
20019,'1197187',1538,,11042,15,,,0
20019,'1197300',2238,,11043,15,,,0
20019,'1197337',1938,,11044,15,,,0
20019,'1197360',2138,,11045,15,,,0
20019,'1197373',1245,,11046,15,,,0
20019,'1197429',1738,,11047,15,,,0
20019,'1197469',938,,11048,15,,,0
20019,'1197560',1038,,11049,15,,,0
20019,'1197585',644,,11050,15,,,0
20019,'1197629',1415,,11051,15,,,0
20019,'1197637',2145,,11052,15,,,0
20019,'1197672',1338,,11053,15,,,0
20019,'1197681',1045,,11054,15,,,0
20019,'1197724',1438,,11055,15,,,0
20019,'1197914',1238,,11056,15,,,0
20019,'1197984',1745,,11057,15,,,0
20019,'1197986',1345,,11058,15,,,0
20019,'1198036',1815,,11059,15,,,0
20019,'1198083',2415,,11060,15,,,0
20019,'1198114',945,,11061,15,,,0
20019,'1198133',1115,,11062,15,,,0
20019,'1198141',2045,,11063,15,,,0
20019,'1198152',1315,,11064,15,,,0
20019,'1198178',745,,11065,15,,,0
20019,'1198183',2245,,11066,15,,,0
20019,'1198191',614,,11067,15,,,0
20019,'1198203',2338,,11068,15,,,0
20019,'1198236',738,,11069,15,,,0
20019,'1198244',1945,,11070,15,,,0
20019,'1198268',2038,,11071,15,,,0
20019,'1198364',2315,,11072,15,,,0
20019,'1198377',1615,,11073,15,,,0
20019,'1198420',1715,,11074,15,,,0
20019,'1198431',915,,11075,15,,,0
20019,'1198465',1845,,11076,15,,,0
20019,'1198477',1838,,11077,15,,,0
20019,'1198580',715,,11078,15,,,0
20019,'1198586',815,,11079,15,,,0
20019,'1198656',845,,11080,15,,,0
20019,'1198669',1015,,11081,15,,,0
20019,'1198702',1745,,11082,15,,,0
20019,'1198708',1445,,11083,15,,,0
20019,'1198826',1645,,11084,15,,,0
20019,'1198871',1138,,11085,15,,,0
20019,'1198943',1915,,11086,15,,,0
20019,'1199137',2344,,11087,15,,,0
20019,'1199386',838,,11088,15,,,0
20019,'1199428',1215,,11089,15,,,0
20019,'1199534',1638,,11090,15,,,0
20019,'1199553',1145,,11091,15,,,0
