2019,'1196937',919,,9945,7,,,0
2019,'1196952',1919,,9946,7,,,0
2019,'1196959',719,,9947,7,,,0
2019,'1196966',1004,,9948,7,,,0
2019,'1196990',919,,9949,7,,,0
2019,'1196992',1649,,9950,7,,,0
2019,'1196993',2049,,9951,7,,,0
2019,'1197022',1319,,9952,7,,,0
2019,'1197046',2349,,9953,7,,,0
2019,'1197068',1204,,9954,7,,,0
2019,'1197140',819,,9955,7,,,0
2019,'1197142',2219,,9956,7,,,0
2019,'1197156',649,,9957,7,,,0
2019,'1197159',1234,,9958,7,,,0
2019,'1197165',1304,,9959,7,,,0
2019,'1197200',2034,,9960,7,,,0
2019,'1197205',2319,,9961,7,,,0
2019,'1197230',1549,,9962,7,,,0
2019,'1197258',1519,,9963,7,,,0
2019,'1197273',1819,,9964,7,,,0
2019,'1197277',1004,,9965,7,,,0
2019,'1197304',2019,,9966,7,,,0
2019,'1197311',1749,,9967,7,,,0
2019,'1197384',834,,9968,7,,,0
2019,'1197388',1504,,9969,7,,,0
2019,'1197409',1349,,9970,7,,,0
2019,'1197517',1534,,9971,7,,,0
2019,'1197526',1134,,9972,7,,,0
2019,'1197532',1219,,9973,7,,,0
2019,'1197541',1804,,9974,7,,,0
2019,'1197604',1934,,9975,7,,,0
2019,'1197630',1219,,9976,7,,,0
2019,'1197631',1734,,9977,7,,,0
2019,'1197670',934,,9978,7,,,0
2019,'1197671',1334,,9979,7,,,0
2019,'1197694',1904,,9980,7,,,0
2019,'1197780',1019,,9981,7,,,0
2019,'1197798',1834,,9982,7,,,0
2019,'1197818',1419,,9983,7,,,0
2019,'1197842',1249,,9984,7,,,0
2019,'1197864',2119,,9985,7,,,0
2019,'1197879',1404,,9986,7,,,0
2019,'1197881',1019,,9987,7,,,0
2019,'1197904',849,,9988,7,,,0
2019,'1197931',1149,,9989,7,,,0
2019,'1197939',1504,,9990,7,,,0
2019,'1197952',2354,,9991,7,,,0
2019,'1197970',919,,9992,7,,,0
2019,'1197994',1119,,9993,7,,,0
2019,'1198000',704,,9994,7,,,0
2019,'1198018',719,,9995,7,,,0
2019,'1198034',804,,9996,7,,,0
2019,'1198058',1604,,9997,7,,,0
2019,'1198063',1634,,9998,7,,,0
2019,'1198138',1634,,9999,7,,,0
2019,'1198180',1034,,10000,7,,,0
2019,'1198182',1204,,10001,7,,,0
2019,'1198197',2219,,10002,7,,,0
2019,'1198230',2104,,10003,7,,,0
2019,'1198247',1449,,10004,7,,,0
2019,'1198270',1919,,10005,7,,,0
2019,'1198273',734,,10006,7,,,0
2019,'1198286',749,,10007,7,,,0
2019,'1198328',1719,,10008,7,,,0
2019,'1198379',1734,,10010,7,,,0
2019,'1198387',1534,,10011,7,,,0
2019,'1198392',1134,,10012,7,,,0
2019,'1198443',2004,,10013,7,,,0
2019,'1198453',2134,,10014,7,,,0
2019,'1198468',1234,,10015,7,,,0
2019,'1198483',1719,,10016,7,,,0
2019,'1198564',1104,,10017,7,,,0
2019,'1198584',2304,,10018,7,,,0
2019,'1198637',1619,,10019,7,,,0
2019,'1198722',1519,,10020,7,,,0
2019,'1198740',904,,10021,7,,,0
2019,'1198744',1834,,10022,7,,,0
2019,'1198846',834,,10023,7,,,0
2019,'1198873',634,,10024,7,,,0
2019,'1198904',1334,,10025,7,,,0
2019,'1198940',2204,,10026,7,,,0
2019,'1199047',1304,,10027,7,,,0
2019,'1199073',1704,,10028,7,,,0
2019,'1199085',2134,,10029,7,,,0
2019,'1199096',1434,,10030,7,,,0
2019,'1199176',1034,,10031,7,,,0
2019,'1199234',2004,,10032,7,,,0
2019,'1199238',704,,10033,7,,,0
2019,'1199242',1119,,10034,7,,,0
2019,'1199272',949,,10035,7,,,0
2019,'1199326',2304,,10036,7,,,0
2019,'1199327',1404,,10037,7,,,0
2019,'1199334',1619,,10038,7,,,0
2019,'1199352',1704,,10039,7,,,0
2019,'1199368',1434,,10040,7,,,0
2019,'1199372',1804,,10041,7,,,0
2019,'1199378',1419,,10042,7,,,0
2019,'1199438',1049,,10043,7,,,0
2019,'1199439',749,,10044,7,,,0
2019,'1199485',1319,,10045,7,,,0
2019,'1199505',819,,10046,7,,,0
2019,'1199525',2234,,10047,7,,,0
2019,'1199540',1104,,10048,7,,,0
2019,'1199630',2334,,10049,7,,,0
2019,'1199652',1604,,10050,7,,,0
12029,'1196881',1120,,10722,7,,,0
12029,'1196886',1650,,10723,7,,,0
12029,'1196921',820,,10724,7,,,0
12029,'1196925',1620,,10725,7,,,0
12029,'1197005',2355,,10726,7,,,0
12029,'1197009',2320,,10727,7,,,0
12029,'1197092',1750,,10728,7,,,0
12029,'1197112',850,,10729,7,,,0
12029,'1197136',2250,,10730,7,,,0
12029,'1197164',720,,10731,7,,,0
12029,'1197202',1520,,10732,7,,,0
12029,'1197246',1350,,10733,7,,,0
12029,'1197415',1050,,10734,7,,,0
12029,'1197416',1520,,10735,7,,,0
12029,'1197484',1920,,10736,7,,,0
12029,'1197496',2150,,10737,7,,,0
12029,'1197608',1150,,10738,7,,,0
12029,'1197678',1820,,10739,7,,,0
12029,'1197742',1320,,10740,7,,,0
12029,'1197777',2320,,10741,7,,,0
12029,'1197790',2220,,10742,7,,,0
12029,'1197947',1720,,10743,7,,,0
12029,'1198008',1350,,10744,7,,,0
12029,'1198017',1850,,10745,7,,,0
12029,'1198020',1720,,10746,7,,,0
12029,'1198024',920,,10747,7,,,0
12029,'1198092',1820,,10748,7,,,0
12029,'1198139',1550,,10749,7,,,0
12029,'1198185',1150,,10750,7,,,0
12029,'1198205',820,,10751,7,,,0
12029,'1198239',950,,10752,7,,,0
12029,'1198318',720,,10753,7,,,0
12029,'1198336',1120,,10754,7,,,0
12029,'1198360',1020,,10755,7,,,0
12029,'1198400',720,,10756,7,,,0
12029,'1198511',2220,,10757,7,,,0
12029,'1198528',1520,,10758,7,,,0
12029,'1198538',1420,,10759,7,,,0
12029,'1198556',2050,,10760,7,,,0
12029,'1198681',1920,,10761,7,,,0
12029,'1198731',2020,,10762,7,,,0
12029,'1198732',1320,,10763,7,,,0
12029,'1198745',2120,,10764,7,,,0
12029,'1198748',920,,10765,7,,,0
12029,'1198775',1020,,10766,7,,,0
12029,'1198818',1720,,10767,7,,,0
12029,'1198856',1120,,10768,7,,,0
12029,'1198877',1250,,10769,7,,,0
12029,'1198898',820,,10770,7,,,0
12029,'1198947',620,,10771,7,,,0
12029,'1198959',1220,,10772,7,,,0
12029,'1198976',1650,,10773,7,,,0
12029,'1199093',1450,,10774,7,,,0
12029,'1199207',1450,,10775,7,,,0
12029,'1199281',1320,,10776,7,,,0
12029,'1199325',1620,,10777,7,,,0
12029,'1199340',1050,,10778,7,,,0
12029,'1199357',1420,,10779,7,,,0
12029,'1199382',750,,10780,7,,,0
12029,'1199384',920,,10781,7,,,0
12029,'1199423',1950,,10782,7,,,0
12029,'1199437',1420,,10783,7,,,0
12029,'1199445',2020,,10784,7,,,0
12029,'1199457',1620,,10785,7,,,0
12029,'1199487',1020,,10786,7,,,0
12029,'1199500',650,,10787,7,,,0
12029,'1199501',1550,,10788,7,,,0
12029,'1199531',1220,,10789,7,,,0
12029,'1199556',2120,,10790,7,,,0
12029,'1199590',1250,,10791,7,,,0
12029,'1199639',1220,,10792,7,,,0
