3029,'1196871',637,,10230,8,,,0
3029,'1196875',2351,,10231,8,,,0
3029,'1196902',1538,,10232,8,,,0
3029,'1196918',1138,,10233,8,,,0
3029,'1196929',751,,10234,8,,,0
3029,'1197004',2137,,10235,8,,,0
3029,'1197012',1438,,10236,8,,,0
3029,'1197066',1851,,10237,8,,,0
3029,'1197101',1308,,10238,8,,,0
3029,'1197253',1551,,10239,8,,,0
3029,'1197290',807,,10240,8,,,0
3029,'1197380',2151,,10241,8,,,0
3029,'1197402',1608,,10242,8,,,0
3029,'1197413',2037,,10243,8,,,0
3029,'1197417',1051,,10244,8,,,0
3029,'1197427',2207,,10245,8,,,0
3029,'1197507',2337,,10246,8,,,0
3029,'1197510',1808,,10247,8,,,0
3029,'1197558',1007,,10248,8,,,0
3029,'1197601',937,,10249,8,,,0
3029,'1197654',1151,,10250,8,,,0
3029,'1197697',1208,,10251,8,,,0
3029,'1197823',1238,,10252,8,,,0
3029,'1197828',1408,,10253,8,,,0
3029,'1197856',1638,,10254,8,,,0
3029,'1197870',1338,,10255,8,,,0
3029,'1197895',2107,,10256,8,,,0
3029,'1197903',1937,,10257,8,,,0
3029,'1197920',1251,,10258,8,,,0
3029,'1197958',2237,,10259,8,,,0
3029,'1197998',2137,,10260,8,,,0
3029,'1198039',1651,,10261,8,,,0
3029,'1198070',1738,,10262,8,,,0
3029,'1198115',951,,10263,8,,,0
3029,'1198165',1751,,10264,8,,,0
3029,'1198246',1538,,10265,8,,,0
3029,'1198281',1738,,10266,8,,,0
3029,'1198295',737,,10267,8,,,0
3029,'1198310',2237,,10268,8,,,0
3029,'1198321',1037,,10269,8,,,0
3029,'1198363',1238,,10270,8,,,0
3029,'1198395',737,,10271,8,,,0
3029,'1198434',1508,,10272,8,,,0
3029,'1198445',1138,,10273,8,,,0
3029,'1198462',2037,,10274,8,,,0
3029,'1198484',2251,,10275,8,,,0
3029,'1198500',1708,,10276,8,,,0
3029,'1198518',937,,10277,8,,,0
3029,'1198562',1351,,10278,8,,,0
3029,'1198577',1438,,10279,8,,,0
3029,'1198614',637,,10280,8,,,0
3029,'1198734',1837,,10281,8,,,0
3029,'1198836',837,,10282,8,,,0
3029,'1198936',1451,,10283,8,,,0
3029,'1198983',2051,,10284,8,,,0
3029,'1199061',837,,10285,8,,,0
3029,'1199094',1937,,10286,8,,,0
3029,'1199112',2334,,10287,8,,,0
3029,'1199231',1951,,10288,8,,,0
3029,'1199421',1638,,10289,8,,,0
3029,'1199431',1037,,10290,8,,,0
3029,'1199453',1837,,10291,8,,,0
3029,'1199460',1338,,10292,8,,,0
3029,'1199521',907,,10293,8,,,0
3029,'1199533',1907,,10294,8,,,0
3029,'1199547',707,,10295,8,,,0
3029,'1199601',1107,,10296,8,,,0
3029,'1199629',851,,10297,8,,,0
3029,'1199646',2007,,10298,8,,,0
4029,'1196947',1731,,10314,8,,,0
4029,'1196960',1431,,10315,8,,,0
4029,'1197081',1631,,10316,8,,,0
4029,'1197217',1701,,10317,8,,,0
4029,'1197243',831,,10318,8,,,0
4029,'1197423',1401,,10319,8,,,0
4029,'1198231',1801,,10320,8,,,0
4029,'1198271',1531,,10321,8,,,0
4029,'1198399',801,,10322,8,,,0
4029,'1198606',1001,,10323,8,,,0
4029,'1198651',1501,,10324,8,,,0
4029,'1199058',731,,10325,8,,,0
4029,'1199062',901,,10326,8,,,0
4029,'1199498',1601,,10327,8,,,0
4029,'1199611',931,,10328,8,,,0
190001019,'1196837',1347,,12495,15,,,0
190001019,'1196862',1639,,12496,15,,,0
190001019,'1196877',1900,,12497,15,,,0
190001019,'1196883',1232,,12498,15,,,0
190001019,'1196901',629,,12499,15,,,0
190001019,'1196926',815,,12500,15,,,0
190001019,'1196927',1930,,12501,15,,,0
190001019,'1196941',2003,,12502,15,,,0
190001019,'1196956',1302,,12503,15,,,0
190001019,'1196974',1247,,12504,15,,,0
190001019,'1197019',1424,,12505,15,,,0
190001019,'1197037',1739,,12506,15,,,0
190001019,'1197055',1915,,12507,15,,,0
190001019,'1197061',1403,,12508,15,,,0
190001019,'1197062',1516,,12509,15,,,0
190001019,'1197067',1754,,12510,15,,,0
190001019,'1197087',1101,,12511,15,,,0
190001019,'1197116',729,,12512,15,,,0
190001019,'1197124',2329,,12513,15,,,0
190001019,'1197149',1217,,12514,15,,,0
190001019,'1197157',945,,12515,15,,,0
190001019,'1197183',2159,,12516,15,,,0
190001019,'1197196',1631,,12517,15,,,0
190001019,'1197239',1401,,12518,15,,,0
190001019,'1197241',930,,12519,15,,,0
190001019,'1197275',903,,12520,15,,,0
190001019,'1197336',1816,,12521,15,,,0
190001019,'1197358',1103,,12522,15,,,0
190001019,'1197359',830,,12523,15,,,0
190001019,'1197381',1716,,12524,15,,,0
190001019,'1197382',1703,,12525,15,,,0
190001019,'1197450',1801,,12526,15,,,0
190001019,'1197483',1116,,12527,15,,,0
190001019,'1197488',1431,,12528,15,,,0
190001019,'1197500',900,,12529,15,,,0
190001019,'1197524',929,,12530,15,,,0
190001019,'1197530',1616,,12531,15,,,0
190001019,'1197543',1603,,12532,15,,,0
190001019,'1197562',2000,,12533,15,,,0
190001019,'1197598',1454,,12534,15,,,0
190001019,'1197653',1032,,12535,15,,,0
190001019,'1197698',1014,,12536,15,,,0
190001019,'1197706',1003,,12537,15,,,0
190001019,'1197709',1117,,12538,15,,,0
190001019,'1197713',1801,,12539,15,,,0
190001019,'1197736',1346,,12540,15,,,0
190001019,'1197746',915,,12541,15,,,0
190001019,'1197811',1844,,12542,15,,,0
190001019,'1197845',1402,,12543,15,,,0
190001019,'1197867',2229,,12544,15,,,0
190001019,'1197877',1102,,12545,15,,,0
190001019,'1197919',1046,,12546,15,,,0
190001019,'1197924',1945,,12547,15,,,0
190001019,'1197933',1746,,12548,15,,,0
190001019,'1197942',1829,,12549,15,,,0
190001019,'1197950',1439,,12550,15,,,0
190001019,'1197953',1031,,12551,15,,,0
190001019,'1197956',1317,,12552,15,,,0
190001019,'1198005',1731,,12553,15,,,0
190001019,'1198015',2403,,12554,15,,,0
190001019,'1198030',2103,,12555,15,,,0
190001019,'1198047',1503,,12556,15,,,0
190001019,'1198065',2059,,12557,15,,,0
190001019,'1198066',700,,12558,15,,,0
190001019,'1198075',2159,,12559,15,,,0
190001019,'1198104',959,,12560,15,,,0
190001019,'1198135',2015,,12561,15,,,0
190001019,'1198157',2259,,12562,15,,,0
190001019,'1198172',1803,,12563,15,,,0
190001019,'1198202',1146,,12564,15,,,0
190001019,'1198216',1231,,12565,15,,,0
190001019,'1198221',2144,,12566,15,,,0
190001019,'1198238',800,,12567,15,,,0
190001019,'1198255',645,,12568,15,,,0
190001019,'1198261',1845,,12569,15,,,0
190001019,'1198292',1147,,12570,15,,,0
190001019,'1198298',1701,,12571,15,,,0
190001019,'1198311',1609,,12572,15,,,0
190001019,'1198339',1929,,12573,15,,,0
190001019,'1198343',1509,,12574,15,,,0
190001019,'1198372',803,,12575,15,,,0
190001019,'1198396',1724,,12576,15,,,0
190001019,'1198407',1202,,12577,15,,,0
190001019,'1198441',1624,,12578,15,,,0
190001019,'1198467',1830,,12579,15,,,0
190001019,'1198471',1546,,12580,15,,,0
190001019,'1198476',1303,,12581,15,,,0
190001019,'1198499',2303,,12582,15,,,0
190001019,'1198534',2359,,12583,15,,,0
190001019,'1198547',1015,,12584,15,,,0
190001019,'1198574',1531,,12585,15,,,0
190001019,'1198598',829,,12586,15,,,0
190001019,'1198607',859,,12587,15,,,0
190001019,'1198613',2229,,12588,15,,,0
190001019,'1198622',1959,,12589,15,,,0
190001019,'1198646',2115,,12590,15,,,0
190001019,'1198647',659,,12591,15,,,0
190001019,'1198653',2100,,12592,15,,,0
190001019,'1198674',1201,,12593,15,,,0
190001019,'1198678',2045,,12594,15,,,0
190001019,'1198685',2030,,12595,15,,,0
190001019,'1198700',1131,,12596,15,,,0
190001019,'1198707',1416,,12597,15,,,0
190001019,'1198721',1047,,12598,15,,,0
190001019,'1198724',1539,,12599,15,,,0
190001019,'1198784',1216,,12600,15,,,0
190001019,'1198792',1859,,12601,15,,,0
190001019,'1198804',1203,,12602,15,,,0
190001019,'1198821',715,,12603,15,,,0
190001019,'1198827',2129,,12604,15,,,0
190001019,'1198852',2203,,12605,15,,,0
190001019,'1198857',1646,,12606,15,,,0
190001019,'1198864',1815,,12607,15,,,0
190001019,'1198929',1601,,12608,15,,,0
190001019,'1198949',1246,,12609,15,,,0
190001019,'1198960',1903,,12610,15,,,0
190001019,'1198974',1301,,12611,15,,,0
190001019,'1198988',1331,,12612,15,,,0
190001019,'1198997',1446,,12613,15,,,0
190001019,'1199029',2259,,12614,15,,,0
190001019,'1199121',1654,,12615,15,,,0
190001019,'1199126',1332,,12616,15,,,0
190001019,'1199140',2419,,12617,15,,,0
190001019,'1199142',1132,,12618,15,,,0
190001019,'1199166',759,,12619,15,,,0
190001019,'1199192',2029,,12620,15,,,0
190001019,'1199228',745,,12621,15,,,0
190001019,'1199318',1524,,12622,15,,,0
190001019,'1199339',1709,,12623,15,,,0
190001019,'1199371',730,,12624,15,,,0
190001019,'1199373',845,,12625,15,,,0
190001019,'1199385',1316,,12626,15,,,0
190001019,'1199427',1501,,12627,15,,,0
190001019,'1199436',1554,,12628,15,,,0
190001019,'1199510',2329,,12629,15,,,0
190001019,'1199550',2359,,12630,15,,,0
190001019,'1199551',2129,,12631,15,,,0
190001019,'1199648',1000,,12632,15,,,0
190001029,'1196847',1109,,12633,11,,,0
190001029,'1196850',1322,,12634,11,,,0
190001029,'1196860',1754,,12635,11,,,0
190001029,'1196897',1640,,12636,11,,,0
190001029,'1196906',1739,,12637,11,,,0
190001029,'1196908',1354,,12638,11,,,0
190001029,'1196953',1209,,12639,11,,,0
190001029,'1196957',1239,,12640,11,,,0
190001029,'1196963',1624,,12641,11,,,0
190001029,'1197018',1355,,12642,11,,,0
190001029,'1197048',2359,,12643,11,,,0
190001029,'1197052',1739,,12644,11,,,0
190001029,'1197074',1310,,12645,11,,,0
190001029,'1197089',1824,,12646,11,,,0
190001029,'1197125',709,,12647,11,,,0
190001029,'1197135',1540,,12648,11,,,0
190001029,'1197148',1022,,12649,11,,,0
190001029,'1197153',1039,,12650,11,,,0
190001029,'1197176',1424,,12651,11,,,0
190001029,'1197177',2024,,12652,11,,,0
190001029,'1197199',1410,,12653,11,,,0
190001029,'1197224',1524,,12654,11,,,0
190001029,'1197245',1525,,12655,11,,,0
190001029,'1197247',2309,,12656,11,,,0
190001029,'1197252',1522,,12657,11,,,0
190001029,'1197260',1839,,12658,11,,,0
190001029,'1197284',1154,,12659,11,,,0
190001029,'1197289',654,,12660,11,,,0
190001029,'1197291',1255,,12661,11,,,0
190001029,'1197301',1324,,12662,11,,,0
190001029,'1197338',1655,,12663,11,,,0
190001029,'1197391',1824,,12664,11,,,0
190001029,'1197396',1110,,12665,11,,,0
190001029,'1197428',2009,,12666,11,,,0
190001029,'1197434',1454,,12667,11,,,0
190001029,'1197476',1124,,12668,11,,,0
190001029,'1197511',1509,,12669,11,,,0
190001029,'1197533',1409,,12670,11,,,0
190001029,'1197582',1625,,12671,11,,,0
190001029,'1197659',1610,,12672,11,,,0
190001029,'1197668',822,,12673,11,,,0
190001029,'1197682',1139,,12674,11,,,0
190001029,'1197683',2039,,12675,11,,,0
190001029,'1197684',1155,,12676,11,,,0
190001029,'1197778',1140,,12677,11,,,0
190001029,'1197833',1455,,12678,11,,,0
190001029,'1197836',1340,,12679,11,,,0
190001029,'1197848',2109,,12680,11,,,0
190001029,'1197886',1440,,12681,11,,,0
190001029,'1197890',754,,12682,11,,,0
190001029,'1197905',1010,,12683,11,,,0
190001029,'1197913',2209,,12684,11,,,0
190001029,'1197921',1254,,12685,11,,,0
190001029,'1197922',954,,12686,11,,,0
190001029,'1197992',1555,,12687,11,,,0
190001029,'1197993',909,,12688,11,,,0
190001029,'1198050',609,,12689,11,,,0
190001029,'1198051',1822,,12690,11,,,0
190001029,'1198052',839,,12691,11,,,0
190001029,'1198054',1422,,12692,11,,,0
190001029,'1198082',1654,,12693,11,,,0
190001029,'1198095',1924,,12694,11,,,0
190001029,'1198106',2239,,12695,11,,,0
190001029,'1198117',722,,12696,11,,,0
190001029,'1198128',1122,,12697,11,,,0
190001029,'1198174',939,,12698,11,,,0
190001029,'1198223',2322,,12699,11,,,0
190001029,'1198252',1425,,12700,11,,,0
190001029,'1198272',809,,12701,11,,,0
190001029,'1198293',1725,,12702,11,,,0
190001029,'1198306',854,,12703,11,,,0
190001029,'1198323',739,,12704,11,,,0
190001029,'1198373',1240,,12705,11,,,0
190001029,'1198398',2339,,12706,11,,,0
190001029,'1198415',922,,12707,11,,,0
190001029,'1198446',1809,,12708,11,,,0
190001029,'1198450',1754,,12709,11,,,0
190001029,'1198459',739,,12710,11,,,0
190001029,'1198491',2039,,12711,11,,,0
190001029,'1198504',839,,12712,11,,,0
190001029,'1198519',2339,,12713,11,,,0
190001029,'1198527',639,,12714,11,,,0
190001029,'1198576',2122,,12715,11,,,0
190001029,'1198589',2309,,12716,11,,,0
190001029,'1198594',809,,12717,11,,,0
190001029,'1198620',2222,,12718,11,,,0
190001029,'1198634',1439,,12719,11,,,0
190001029,'1198641',709,,12720,11,,,0
190001029,'1198687',1054,,12721,11,,,0
190001029,'1198747',924,,12722,11,,,0
190001029,'1198758',2054,,12723,11,,,0
190001029,'1198798',1709,,12724,11,,,0
190001029,'1198839',1839,,12725,11,,,0
190001029,'1198853',2139,,12726,11,,,0
190001029,'1198897',1554,,12727,11,,,0
190001029,'1198906',2109,,12728,11,,,0
190001029,'1198916',1710,,12729,11,,,0
190001029,'1198939',1809,,12730,11,,,0
190001029,'1198946',2239,,12731,11,,,0
190001029,'1198952',1922,,12732,11,,,0
190001029,'1198977',2124,,12733,11,,,0
190001029,'1198982',1722,,12734,11,,,0
190001029,'1199067',1939,,12735,11,,,0
190001029,'1199081',1125,,12736,11,,,0
190001029,'1199082',724,,12737,11,,,0
190001029,'1199103',1724,,12738,11,,,0
190001029,'1199165',1339,,12739,11,,,0
190001029,'1199204',1224,,12740,11,,,0
190001029,'1199210',1954,,12741,11,,,0
190001029,'1199221',1210,,12742,11,,,0
190001029,'1199226',1939,,12743,11,,,0
190001029,'1199256',1222,,12744,11,,,0
190001029,'1199270',1325,,12745,11,,,0
190001029,'1199289',1025,,12746,11,,,0
190001029,'1199303',639,,12747,11,,,0
190001029,'1199322',1055,,12748,11,,,0
190001029,'1199332',939,,12749,11,,,0
190001029,'1199345',1024,,12750,11,,,0
190001029,'1199364',1510,,12751,11,,,0
190001029,'1199390',1040,,12752,11,,,0
190001029,'1199391',1225,,12753,11,,,0
190001029,'1199399',1309,,12754,11,,,0
190001029,'1199406',1539,,12755,11,,,0
190001029,'1199432',1009,,12756,11,,,0
190001029,'1199451',954,,12757,11,,,0
190001029,'1199467',1909,,12758,11,,,0
190001029,'1199482',1639,,12759,11,,,0
190001029,'1199489',624,,12760,11,,,0
190001029,'1199514',1909,,12761,11,,,0
190001029,'1199524',2209,,12762,11,,,0
190001029,'1199526',2022,,12763,11,,,0
190001029,'1199555',824,,12764,11,,,0
190001029,'1199558',1622,,12765,11,,,0
190001029,'1199571',2009,,12766,11,,,0
190001029,'1199594',1609,,12767,11,,,0
190001029,'1199596',2139,,12768,11,,,0
190001029,'1199644',909,,12769,11,,,0
190001029,'1199650',1854,,12770,11,,,0
