3029,'1196871',647,,10230,20,,,0
3029,'1196875',2357,,10231,20,,,0
3029,'1196902',1548,,10232,20,,,0
3029,'1196918',1148,,10233,20,,,0
3029,'1196929',757,,10234,20,,,0
3029,'1197004',2146,,10235,20,,,0
3029,'1197012',1448,,10236,20,,,0
3029,'1197066',1857,,10237,20,,,0
3029,'1197101',1318,,10238,20,,,0
3029,'1197253',1557,,10239,20,,,0
3029,'1197290',817,,10240,20,,,0
3029,'1197380',2157,,10241,20,,,0
3029,'1197402',1618,,10242,20,,,0
3029,'1197413',2046,,10243,20,,,0
3029,'1197417',1057,,10244,20,,,0
3029,'1197427',2215,,10245,20,,,0
3029,'1197507',2346,,10246,20,,,0
3029,'1197510',1818,,10247,20,,,0
3029,'1197558',1017,,10248,20,,,0
3029,'1197601',947,,10249,20,,,0
3029,'1197654',1157,,10250,20,,,0
3029,'1197697',1218,,10251,20,,,0
3029,'1197823',1248,,10252,20,,,0
3029,'1197828',1418,,10253,20,,,0
3029,'1197856',1648,,10254,20,,,0
3029,'1197870',1348,,10255,20,,,0
3029,'1197895',2115,,10256,20,,,0
3029,'1197903',1946,,10257,20,,,0
3029,'1197920',1257,,10258,20,,,0
3029,'1197958',2246,,10259,20,,,0
3029,'1197998',2145,,10260,20,,,0
3029,'1198039',1657,,10261,20,,,0
3029,'1198070',1748,,10262,20,,,0
3029,'1198115',957,,10263,20,,,0
3029,'1198165',1757,,10264,20,,,0
3029,'1198246',1548,,10265,20,,,0
3029,'1198281',1748,,10266,20,,,0
3029,'1198295',746,,10267,20,,,0
3029,'1198310',2245,,10268,20,,,0
3029,'1198321',1047,,10269,20,,,0
3029,'1198363',1248,,10270,20,,,0
3029,'1198395',747,,10271,20,,,0
3029,'1198434',1518,,10272,20,,,0
3029,'1198445',1148,,10273,20,,,0
3029,'1198462',2045,,10274,20,,,0
3029,'1198484',2257,,10275,20,,,0
3029,'1198500',1718,,10276,20,,,0
3029,'1198518',946,,10277,20,,,0
3029,'1198562',1357,,10278,20,,,0
3029,'1198577',1448,,10279,20,,,0
3029,'1198614',646,,10280,20,,,0
3029,'1198734',1845,,10281,20,,,0
3029,'1198836',847,,10282,20,,,0
3029,'1198936',1457,,10283,20,,,0
3029,'1198983',2057,,10284,20,,,0
3029,'1199061',846,,10285,20,,,0
3029,'1199094',1945,,10286,20,,,0
3029,'1199112',2342,,10287,20,,,0
3029,'1199231',1957,,10288,20,,,0
3029,'1199421',1648,,10289,20,,,0
3029,'1199431',1046,,10290,20,,,0
3029,'1199453',1846,,10291,20,,,0
3029,'1199460',1348,,10292,20,,,0
3029,'1199521',917,,10293,20,,,0
3029,'1199533',1915,,10294,20,,,0
3029,'1199547',717,,10295,20,,,0
3029,'1199601',1117,,10296,20,,,0
3029,'1199629',857,,10297,20,,,0
3029,'1199646',2015,,10298,20,,,0
