3029,'1196871',642,,10230,15,,,0
3029,'1196875',2354,,10231,15,,,0
3029,'1196902',1543,,10232,15,,,0
3029,'1196918',1143,,10233,15,,,0
3029,'1196929',754,,10234,15,,,0
3029,'1197004',2142,,10235,15,,,0
3029,'1197012',1443,,10236,15,,,0
3029,'1197066',1854,,10237,15,,,0
3029,'1197101',1313,,10238,15,,,0
3029,'1197253',1554,,10239,15,,,0
3029,'1197290',812,,10240,15,,,0
3029,'1197380',2154,,10241,15,,,0
3029,'1197402',1613,,10242,15,,,0
3029,'1197413',2042,,10243,15,,,0
3029,'1197417',1054,,10244,15,,,0
3029,'1197427',2211,,10245,15,,,0
3029,'1197507',2342,,10246,15,,,0
3029,'1197510',1813,,10247,15,,,0
3029,'1197558',1012,,10248,15,,,0
3029,'1197601',942,,10249,15,,,0
3029,'1197654',1154,,10250,15,,,0
3029,'1197697',1213,,10251,15,,,0
3029,'1197823',1243,,10252,15,,,0
3029,'1197828',1413,,10253,15,,,0
3029,'1197856',1643,,10254,15,,,0
3029,'1197870',1343,,10255,15,,,0
3029,'1197895',2111,,10256,15,,,0
3029,'1197903',1942,,10257,15,,,0
3029,'1197920',1254,,10258,15,,,0
3029,'1197958',2242,,10259,15,,,0
3029,'1197998',2141,,10260,15,,,0
3029,'1198039',1654,,10261,15,,,0
3029,'1198070',1743,,10262,15,,,0
3029,'1198115',954,,10263,15,,,0
3029,'1198165',1754,,10264,15,,,0
3029,'1198246',1543,,10265,15,,,0
3029,'1198281',1743,,10266,15,,,0
3029,'1198295',742,,10267,15,,,0
3029,'1198310',2241,,10268,15,,,0
3029,'1198321',1042,,10269,15,,,0
3029,'1198363',1243,,10270,15,,,0
3029,'1198395',742,,10271,15,,,0
3029,'1198434',1513,,10272,15,,,0
3029,'1198445',1143,,10273,15,,,0
3029,'1198462',2041,,10274,15,,,0
3029,'1198484',2254,,10275,15,,,0
3029,'1198500',1713,,10276,15,,,0
3029,'1198518',942,,10277,15,,,0
3029,'1198562',1354,,10278,15,,,0
3029,'1198577',1443,,10279,15,,,0
3029,'1198614',642,,10280,15,,,0
3029,'1198734',1841,,10281,15,,,0
3029,'1198836',842,,10282,15,,,0
3029,'1198936',1454,,10283,15,,,0
3029,'1198983',2054,,10284,15,,,0
3029,'1199061',842,,10285,15,,,0
3029,'1199094',1941,,10286,15,,,0
3029,'1199112',2338,,10287,15,,,0
3029,'1199231',1954,,10288,15,,,0
3029,'1199421',1643,,10289,15,,,0
3029,'1199431',1042,,10290,15,,,0
3029,'1199453',1842,,10291,15,,,0
3029,'1199460',1343,,10292,15,,,0
3029,'1199521',912,,10293,15,,,0
3029,'1199533',1911,,10294,15,,,0
3029,'1199547',712,,10295,15,,,0
3029,'1199601',1112,,10296,15,,,0
3029,'1199629',854,,10297,15,,,0
3029,'1199646',2011,,10298,15,,,0
