10029,'1196869',1036,,10389,34,,,0
10029,'1196944',1906,,10390,34,,,0
10029,'1196948',1536,,10391,34,,,0
10029,'1197007',706,,10392,34,,,0
10029,'1197053',1336,,10393,34,,,0
10029,'1197093',1136,,10394,34,,,0
10029,'1197160',1736,,10395,34,,,0
10029,'1197269',1836,,10396,34,,,0
10029,'1197314',2206,,10397,34,,,0
10029,'1197362',2036,,10398,34,,,0
10029,'1197385',836,,10399,34,,,0
10029,'1197414',1436,,10400,34,,,0
10029,'1197492',1706,,10401,34,,,0
10029,'1197523',2236,,10402,34,,,0
10029,'1197565',636,,10403,34,,,0
10029,'1197669',836,,10404,34,,,0
10029,'1197675',2136,,10405,34,,,0
10029,'1197822',1736,,10406,34,,,0
10029,'1197831',1736,,10407,34,,,0
10029,'1197885',2036,,10408,34,,,0
10029,'1197887',1606,,10409,34,,,0
10029,'1197892',1236,,10410,34,,,0
10029,'1197908',2236,,10411,34,,,0
10029,'1197916',2306,,10412,34,,,0
10029,'1197980',2411,,10413,34,,,0
10029,'1198080',1636,,10414,34,,,0
10029,'1198150',1636,,10415,34,,,0
10029,'1198170',1136,,10416,34,,,0
10029,'1198181',1806,,10417,34,,,0
10029,'1198232',1536,,10418,34,,,0
10029,'1198314',1936,,10419,34,,,0
10029,'1198351',1236,,10420,34,,,0
10029,'1198466',2106,,10421,34,,,0
10029,'1198481',1436,,10422,34,,,0
10029,'1198536',1236,,10423,34,,,0
10029,'1198550',1636,,10424,34,,,0
10029,'1198565',2336,,10425,34,,,0
10029,'1198676',736,,10426,34,,,0
10029,'1198703',736,,10427,34,,,0
10029,'1198735',1036,,10428,34,,,0
10029,'1198754',1336,,10429,34,,,0
10029,'1198767',1136,,10430,34,,,0
10029,'1198887',906,,10431,34,,,0
10029,'1198905',1436,,10432,34,,,0
10029,'1198933',836,,10433,34,,,0
10029,'1199013',736,,10434,34,,,0
10029,'1199068',1036,,10435,34,,,0
10029,'1199078',1836,,10436,34,,,0
10029,'1199088',2006,,10437,34,,,0
10029,'1199134',1336,,10438,34,,,0
10029,'1199161',2336,,10439,34,,,0
10029,'1199245',1936,,10440,34,,,0
10029,'1199274',936,,10441,34,,,0
10029,'1199375',1506,,10442,34,,,0
10029,'1199396',806,,10443,34,,,0
10029,'1199411',2136,,10444,34,,,0
10029,'1199422',936,,10445,34,,,0
10029,'1199613',936,,10446,34,,,0
10029,'1199633',1536,,10447,34,,,0
