104019,'1197815',2355,,12041,15,,,0
104019,'1198490',2431,,12054,15,,,0
104019,'1199025',2411,,12063,15,,,0
104029,'1196835',1956,,12074,15,,,0
104029,'1196857',756,,12075,15,,,0
104029,'1196889',755,,12076,15,,,0
104029,'1196928',1741,,12077,15,,,0
104029,'1197002',641,,12078,15,,,0
104029,'1197045',1536,,12079,15,,,0
104029,'1197133',826,,12080,15,,,0
104029,'1197341',1236,,12081,15,,,0
104029,'1197454',1755,,12082,15,,,0
104029,'1197461',711,,12083,15,,,0
104029,'1197467',2155,,12084,15,,,0
104029,'1197481',556,,12085,15,,,0
104029,'1197553',2126,,12086,15,,,0
104029,'1197574',911,,12087,15,,,0
104029,'1197583',2141,,12088,15,,,0
104029,'1197794',1756,,12089,15,,,0
104029,'1197965',1355,,12090,15,,,0
104029,'1197979',1526,,12091,15,,,0
104029,'1198234',1026,,12092,15,,,0
104029,'1198287',1621,,12093,15,,,0
104029,'1198288',1151,,12094,15,,,0
104029,'1198449',1256,,12095,15,,,0
104029,'1198458',1911,,12096,15,,,0
104029,'1198510',941,,12097,15,,,0
104029,'1198521',756,,12098,15,,,0
104029,'1198558',1641,,12099,15,,,0
104029,'1198578',1706,,12100,15,,,0
104029,'1198686',1406,,12101,15,,,0
104029,'1198694',1451,,12102,15,,,0
104029,'1198755',955,,12103,15,,,0
104029,'1198909',1155,,12104,15,,,0
104029,'1198979',1141,,12105,15,,,0
104029,'1199045',2256,,12106,15,,,0
104029,'1199127',2256,,12107,15,,,0
104029,'1199159',1321,,12108,15,,,0
104029,'1199181',911,,12109,15,,,0
104029,'1199193',1555,,12110,15,,,0
104029,'1199356',1411,,12111,15,,,0
104029,'1199360',2026,,12112,15,,,0
104029,'1199374',641,,12113,15,,,0
104029,'1199380',1026,,12114,15,,,0
104029,'1199442',1826,,12115,15,,,0
104029,'1199577',1955,,12116,15,,,0
