101019,'1197003',546,,11803,21,,,0
101019,'1197056',2123,,11804,21,,,0
101019,'1197144',2323,,11805,21,,,0
101019,'1197150',1523,,11806,21,,,0
101019,'1197356',1323,,11807,21,,,0
101019,'1197394',1523,,11808,21,,,0
101019,'1197485',723,,11809,21,,,0
101019,'1197542',1323,,11810,21,,,0
101019,'1197666',1046,,11811,21,,,0
101019,'1197703',2123,,11812,21,,,0
101019,'1197735',1146,,11813,21,,,0
101019,'1197816',1123,,11814,21,,,0
101019,'1197893',746,,11815,21,,,0
101019,'1198002',1723,,11816,21,,,0
101019,'1198014',723,,11817,21,,,0
101019,'1198130',946,,11818,21,,,0
101019,'1198162',1348,,11819,21,,,0
101019,'1198212',1923,,11820,21,,,0
101019,'1198408',2045,,11821,21,,,0
101019,'1198684',923,,11822,21,,,0
101019,'1198907',1923,,11823,21,,,0
101019,'1199079',2246,,11824,21,,,0
101019,'1199178',1748,,11825,21,,,0
101019,'1199186',1548,,11826,21,,,0
101019,'1199279',1723,,11827,21,,,0
101019,'1199401',923,,11828,21,,,0
101019,'1199471',1846,,11829,21,,,0
101019,'1199497',1123,,11830,21,,,0
101019,'1199519',846,,11831,21,,,0
101019,'1199566',1448,,11832,21,,,0
101019,'1199626',1648,,11833,21,,,0
101019,'1199991',1348,,12771,21,,,0
101019,'1199992',2045,,12772,21,,,0
101019,'1199993',846,,12773,21,,,0
101019,'1199995',546,,12774,21,,,0
101019,'1199996',646,,12775,21,,,0
101019,'1200003',1648,,12776,21,,,0
101019,'1200004',1548,,12777,21,,,0
101019,'1200006',1846,,12778,21,,,0
101019,'1200008',746,,12779,21,,,0
101019,'1200009',2246,,12780,21,,,0
101019,'1200011',1046,,12781,21,,,0
101019,'1200013',1146,,12782,21,,,0
101019,'1200014',1448,,12783,21,,,0
101019,'1200015',1748,,12784,21,,,0
101019,'1200018',946,,12785,21,,,0
101029,'1196911',811,,11834,51,,,0
101029,'1197033',1854,,11835,51,,,0
101029,'1197060',911,,11836,51,,,0
101029,'1197096',1054,,11837,51,,,0
101029,'1197257',1111,,11838,51,,,0
101029,'1197272',1254,,11839,51,,,0
101029,'1197326',1614,,11840,51,,,0
101029,'1197581',2054,,11841,51,,,0
101029,'1197673',1454,,11842,51,,,0
101029,'1197747',2211,,11843,51,,,0
101029,'1197977',1654,,11844,51,,,0
101029,'1198059',654,,11845,51,,,0
101029,'1198116',1054,,11846,51,,,0
101029,'1198125',854,,11847,51,,,0
101029,'1198200',1254,,11848,51,,,0
101029,'1198251',1011,,11849,51,,,0
101029,'1198346',854,,11850,51,,,0
101029,'1198498',2254,,11851,51,,,0
101029,'1198530',2254,,11852,51,,,0
101029,'1198631',1714,,11853,51,,,0
101029,'1198644',2431,,11854,51,,,0
101029,'1198710',1654,,11855,51,,,0
101029,'1198715',1811,,11856,51,,,0
101029,'1198953',2054,,11857,51,,,0
101029,'1198984',1414,,11858,51,,,0
101029,'1199108',1314,,11859,51,,,0
101029,'1199117',711,,11860,51,,,0
101029,'1199304',1854,,11861,51,,,0
101029,'1199366',1454,,11862,51,,,0
101029,'1199567',2011,,11863,51,,,0
101029,'1199585',1514,,11864,51,,,0
101029,'1199990',1314,,12786,51,,,0
101029,'1199994',1614,,12787,51,,,0
101029,'1199997',811,,12788,51,,,0
101029,'1199998',1811,,12789,51,,,0
101029,'1199999',1111,,12790,51,,,0
101029,'1200000',2431,,12791,51,,,0
101029,'1200001',711,,12792,51,,,0
101029,'1200002',1714,,12793,51,,,0
101029,'1200005',1514,,12794,51,,,0
101029,'1200007',1011,,12795,51,,,0
101029,'1200010',1414,,12796,51,,,0
101029,'1200012',2011,,12797,51,,,0
101029,'1200016',2211,,12798,51,,,0
101029,'1200017',911,,12799,51,,,0
