104029,'1196835',2006,,12074,28,,,0
104029,'1196857',806,,12075,28,,,0
104029,'1196889',806,,12076,28,,,0
104029,'1196928',1751,,12077,28,,,0
104029,'1197002',651,,12078,28,,,0
104029,'1197045',1547,,12079,28,,,0
104029,'1197133',836,,12080,28,,,0
104029,'1197341',1247,,12081,28,,,0
104029,'1197454',1806,,12082,28,,,0
104029,'1197461',721,,12083,28,,,0
104029,'1197467',2206,,12084,28,,,0
104029,'1197481',606,,12085,28,,,0
104029,'1197553',2136,,12086,28,,,0
104029,'1197574',921,,12087,28,,,0
104029,'1197583',2151,,12088,28,,,0
104029,'1197794',1806,,12089,28,,,0
104029,'1197965',1406,,12090,28,,,0
104029,'1197979',1536,,12091,28,,,0
104029,'1198234',1036,,12092,28,,,0
104029,'1198287',1632,,12093,28,,,0
104029,'1198288',1202,,12094,28,,,0
104029,'1198449',1306,,12095,28,,,0
104029,'1198458',1921,,12096,28,,,0
104029,'1198510',951,,12097,28,,,0
104029,'1198521',806,,12098,28,,,0
104029,'1198558',1651,,12099,28,,,0
104029,'1198578',1717,,12100,28,,,0
104029,'1198686',1417,,12101,28,,,0
104029,'1198694',1502,,12102,28,,,0
104029,'1198755',1006,,12103,28,,,0
104029,'1198909',1206,,12104,28,,,0
104029,'1198979',1151,,12105,28,,,0
104029,'1199045',2306,,12106,28,,,0
104029,'1199127',2306,,12107,28,,,0
104029,'1199159',1332,,12108,28,,,0
104029,'1199181',921,,12109,28,,,0
104029,'1199193',1606,,12110,28,,,0
104029,'1199356',1421,,12111,28,,,0
104029,'1199360',2036,,12112,28,,,0
104029,'1199374',651,,12113,28,,,0
104029,'1199380',1036,,12114,28,,,0
104029,'1199442',1836,,12115,28,,,0
104029,'1199577',2006,,12116,28,,,0
