10029,'1193661',1533,,7624,28,,,0
10029,'1193662',1133,,7625,28,,,0
10029,'1193664',2033,,7626,28,,,0
10029,'1193666',1333,,7627,28,,,0
10029,'1193669',2333,,7628,28,,,0
10029,'1193670',1633,,7629,28,,,0
10029,'1193672',903,,7631,28,,,0
10029,'1193673',2133,,7632,28,,,0
10029,'1193674',1433,,7633,28,,,0
10029,'1193676',1903,,7634,28,,,0
10029,'1193677',733,,7635,28,,,0
10029,'1193684',1733,,7637,28,,,0
10029,'1193685',1033,,7638,28,,,0
10029,'1193688',933,,7639,28,,,0
10029,'1193689',803,,7640,28,,,0
10029,'1193690',2003,,7641,28,,,0
10029,'1193692',2233,,7642,28,,,0
10029,'1193693',933,,7643,28,,,0
10029,'1193694',1333,,7644,28,,,0
10029,'1193695',703,,7645,28,,,0
10029,'1193696',633,,7646,28,,,0
10029,'1193699',2103,,7647,28,,,0
10029,'1193706',833,,7650,28,,,0
10029,'1193712',1833,,7651,28,,,0
10029,'1193713',2303,,7652,28,,,0
10029,'1193716',1933,,7654,28,,,0
10029,'1193719',1433,,7655,28,,,0
10029,'1193721',1033,,7656,28,,,0
10029,'1193726',1733,,7659,28,,,0
10029,'1193727',833,,7660,28,,,0
10029,'1193728',733,,7661,28,,,0
10029,'1193736',2408,,7663,28,,,0
10029,'1193741',2203,,7664,28,,,0
10029,'1193744',1503,,7666,28,,,0
10029,'1193745',1603,,7667,28,,,0
10029,'1193746',1133,,7668,28,,,0
10029,'1193757',1233,,7673,28,,,0
10029,'1193760',1233,,7675,28,,,0
10029,'1193762',1533,,7676,28,,,0
10029,'1193763',1703,,7677,28,,,0
10029,'1193777',1803,,7681,28,,,0
10029,'1193778',1633,,7682,28,,,0
