10029,'1193661',1519,,7624,8,,,0
10029,'1193662',1119,,7625,8,,,0
10029,'1193664',2019,,7626,8,,,0
10029,'1193666',1319,,7627,8,,,0
10029,'1193669',2319,,7628,8,,,0
10029,'1193670',1619,,7629,8,,,0
10029,'1193672',849,,7631,8,,,0
10029,'1193673',2119,,7632,8,,,0
10029,'1193674',1419,,7633,8,,,0
10029,'1193676',1849,,7634,8,,,0
10029,'1193677',719,,7635,8,,,0
10029,'1193684',1719,,7637,8,,,0
10029,'1193685',1019,,7638,8,,,0
10029,'1193688',919,,7639,8,,,0
10029,'1193689',749,,7640,8,,,0
10029,'1193690',1949,,7641,8,,,0
10029,'1193692',2219,,7642,8,,,0
10029,'1193693',919,,7643,8,,,0
10029,'1193694',1319,,7644,8,,,0
10029,'1193695',649,,7645,8,,,0
10029,'1193696',619,,7646,8,,,0
10029,'1193699',2049,,7647,8,,,0
10029,'1193706',819,,7650,8,,,0
10029,'1193712',1819,,7651,8,,,0
10029,'1193713',2249,,7652,8,,,0
10029,'1193716',1919,,7654,8,,,0
10029,'1193719',1419,,7655,8,,,0
10029,'1193721',1019,,7656,8,,,0
10029,'1193726',1719,,7659,8,,,0
10029,'1193727',819,,7660,8,,,0
10029,'1193728',719,,7661,8,,,0
10029,'1193736',2354,,7663,8,,,0
10029,'1193741',2149,,7664,8,,,0
10029,'1193744',1449,,7666,8,,,0
10029,'1193745',1549,,7667,8,,,0
10029,'1193746',1119,,7668,8,,,0
10029,'1193757',1219,,7673,8,,,0
10029,'1193760',1219,,7675,8,,,0
10029,'1193762',1519,,7676,8,,,0
10029,'1193763',1649,,7677,8,,,0
10029,'1193777',1749,,7681,8,,,0
10029,'1193778',1619,,7682,8,,,0
