101029,'1196911',739,,11834,15,,,0
101029,'1197033',1824,,11835,15,,,0
101029,'1197060',839,,11836,15,,,0
101029,'1197096',1024,,11837,15,,,0
101029,'1197257',1039,,11838,15,,,0
101029,'1197272',1224,,11839,15,,,0
101029,'1197326',1541,,11840,15,,,0
101029,'1197581',2024,,11841,15,,,0
101029,'1197673',1424,,11842,15,,,0
101029,'1197747',2139,,11843,15,,,0
101029,'1197977',1624,,11844,15,,,0
101029,'1198059',624,,11845,15,,,0
101029,'1198116',1024,,11846,15,,,0
101029,'1198125',824,,11847,15,,,0
101029,'1198200',1224,,11848,15,,,0
101029,'1198251',939,,11849,15,,,0
101029,'1198346',824,,11850,15,,,0
101029,'1198498',2224,,11851,15,,,0
101029,'1198530',2224,,11852,15,,,0
101029,'1198631',1641,,11853,15,,,0
101029,'1198644',2359,,11854,15,,,0
101029,'1198710',1624,,11855,15,,,0
101029,'1198715',1739,,11856,15,,,0
101029,'1198953',2024,,11857,15,,,0
101029,'1198984',1341,,11858,15,,,0
101029,'1199108',1241,,11859,15,,,0
101029,'1199117',639,,11860,15,,,0
101029,'1199304',1824,,11861,15,,,0
101029,'1199366',1424,,11862,15,,,0
101029,'1199567',1939,,11863,15,,,0
101029,'1199585',1441,,11864,15,,,0
101029,'1199990',1241,,12786,15,,,0
101029,'1199994',1541,,12787,15,,,0
101029,'1199997',739,,12788,15,,,0
101029,'1199998',1739,,12789,15,,,0
101029,'1199999',1039,,12790,15,,,0
101029,'1200000',2359,,12791,15,,,0
101029,'1200001',639,,12792,15,,,0
101029,'1200002',1641,,12793,15,,,0
101029,'1200005',1441,,12794,15,,,0
101029,'1200007',939,,12795,15,,,0
101029,'1200010',1341,,12796,15,,,0
101029,'1200012',1939,,12797,15,,,0
101029,'1200016',2139,,12798,15,,,0
101029,'1200017',839,,12799,15,,,0
