20019,'1190619',640,,8208,6,,,0
20019,'1190641',1710,,8209,6,,,0
20019,'1190738',609,,8210,6,,,0
20019,'1190758',1640,,8211,6,,,0
20019,'1190774',1840,,8212,6,,,0
20019,'1190805',1410,,8213,6,,,0
20019,'1190858',2339,,8216,6,,,0
20019,'1190997',810,,8218,6,,,0
20019,'1191053',840,,8219,6,,,0
20019,'1191089',2140,,8220,6,,,0
20019,'1191136',1910,,8221,6,,,0
20019,'1191180',1340,,8222,6,,,0
20019,'1191306',710,,8224,6,,,0
20019,'1191365',2110,,8225,6,,,0
20019,'1191367',2040,,8226,6,,,0
20019,'1191430',1540,,8228,6,,,0
20019,'1191441',1740,,8229,6,,,0
20019,'1191503',940,,8231,6,,,0
20019,'1191515',639,,8233,6,,,0
20019,'1191641',1810,,8234,6,,,0
20019,'1191735',1940,,8236,6,,,0
20019,'1191765',1040,,8237,6,,,0
20019,'1191882',2240,,8239,6,,,0
20019,'1191930',1640,,8240,6,,,0
20019,'1191994',1110,,8241,6,,,0
20019,'1192132',1310,,8242,6,,,0
20019,'1192365',1740,,8243,6,,,0
20019,'1192376',1210,,8244,6,,,0
20019,'1192518',740,,8248,6,,,0
20019,'1192714',1140,,8252,6,,,0
20019,'1192729',1010,,8253,6,,,0
20019,'1192784',2210,,8254,6,,,0
20019,'1192905',1610,,8255,6,,,0
20019,'1192933',2010,,8257,6,,,0
20019,'1193041',2310,,8258,6,,,0
20019,'1193116',2410,,8259,6,,,0
20019,'1193175',740,,8260,6,,,0
20019,'1193197',910,,8261,6,,,0
20019,'1193231',1240,,8262,6,,,0
20019,'1193236',1440,,8263,6,,,0
20019,'1193274',1510,,8265,6,,,0
102019,'1190597',2054,,9039,6,,,0
102019,'1190683',1324,,9041,6,,,0
102019,'1190693',2224,,9042,6,,,0
102019,'1190718',1854,,9043,6,,,0
102019,'1190741',1124,,9044,6,,,0
102019,'1190958',2324,,9047,6,,,0
102019,'1191221',639,,9048,6,,,0
102019,'1191235',954,,9049,6,,,0
102019,'1191363',824,,9050,6,,,0
102019,'1191449',1624,,9053,6,,,0
102019,'1191519',1424,,9054,6,,,0
102019,'1191533',939,,9055,6,,,0
102019,'1191550',1554,,9057,6,,,0
102019,'1191628',1724,,9058,6,,,0
102019,'1191743',1254,,9059,6,,,0
102019,'1191774',854,,9060,6,,,0
102019,'1191788',1409,,9061,6,,,0
102019,'1191823',2024,,9062,6,,,0
102019,'1192080',1924,,9064,6,,,0
102019,'1192239',1154,,9065,6,,,0
102019,'1192244',2354,,9066,6,,,0
102019,'1192255',1024,,9067,6,,,0
102019,'1192441',554,,9068,6,,,0
102019,'1192464',654,,9069,6,,,0
102019,'1192484',809,,9071,6,,,0
102019,'1192625',1709,,9072,6,,,0
102019,'1192766',2154,,9073,6,,,0
102019,'1192942',1754,,9074,6,,,0
102019,'1193104',1539,,9077,6,,,0
102019,'1193216',1454,,9078,6,,,0
102019,'1193275',724,,9080,6,,,0
