10029,'1193661',1522,,7624,14,,,0
10029,'1193662',1122,,7625,14,,,0
10029,'1193664',2022,,7626,14,,,0
10029,'1193666',1322,,7627,14,,,0
10029,'1193669',2322,,7628,14,,,0
10029,'1193670',1622,,7629,14,,,0
10029,'1193672',851,,7631,14,,,0
10029,'1193673',2122,,7632,14,,,0
10029,'1193674',1422,,7633,14,,,0
10029,'1193676',1852,,7634,14,,,0
10029,'1193677',722,,7635,14,,,0
10029,'1193684',1722,,7637,14,,,0
10029,'1193685',1021,,7638,14,,,0
10029,'1193688',921,,7639,14,,,0
10029,'1193689',751,,7640,14,,,0
10029,'1193690',1952,,7641,14,,,0
10029,'1193692',2222,,7642,14,,,0
10029,'1193693',922,,7643,14,,,0
10029,'1193694',1321,,7644,14,,,0
10029,'1193695',651,,7645,14,,,0
10029,'1193696',621,,7646,14,,,0
10029,'1193699',2052,,7647,14,,,0
10029,'1193706',822,,7650,14,,,0
10029,'1193712',1822,,7651,14,,,0
10029,'1193713',2251,,7652,14,,,0
10029,'1193716',1922,,7654,14,,,0
10029,'1193719',1421,,7655,14,,,0
10029,'1193721',1022,,7656,14,,,0
10029,'1193726',1722,,7659,14,,,0
10029,'1193727',821,,7660,14,,,0
10029,'1193728',721,,7661,14,,,0
10029,'1193736',2356,,7663,14,,,0
10029,'1193741',2152,,7664,14,,,0
10029,'1193744',1451,,7666,14,,,0
10029,'1193745',1552,,7667,14,,,0
10029,'1193746',1121,,7668,14,,,0
10029,'1193757',1221,,7673,14,,,0
10029,'1193760',1222,,7675,14,,,0
10029,'1193762',1522,,7676,14,,,0
10029,'1193763',1652,,7677,14,,,0
10029,'1193777',1752,,7681,14,,,0
10029,'1193778',1622,,7682,14,,,0
