24019,'1196934',642,,11187,17,,,0
24019,'1196988',812,,11188,17,,,0
24019,'1197014',2111,,11189,17,,,0
24019,'1197021',2402,,11190,17,,,0
24019,'1197025',712,,11191,17,,,0
24019,'1197047',1444,,11192,17,,,0
24019,'1197094',1012,,11193,17,,,0
24019,'1197127',2242,,11194,17,,,0
24019,'1197154',927,,11195,17,,,0
24019,'1197203',1611,,11196,17,,,0
24019,'1197210',1327,,11197,17,,,0
24019,'1197244',611,,11198,17,,,0
24019,'1197285',1811,,11199,17,,,0
24019,'1197390',1711,,11200,17,,,0
24019,'1197431',1544,,11201,17,,,0
24019,'1197489',2227,,11202,17,,,0
24019,'1197506',1112,,11203,17,,,0
24019,'1197518',1714,,11204,17,,,0
24019,'1197546',1012,,11205,17,,,0
24019,'1197591',1911,,11206,17,,,0
24019,'1197620',912,,11207,17,,,0
24019,'1197680',1414,,11208,17,,,0
24019,'1197686',1927,,11209,17,,,0
24019,'1197707',1312,,11210,17,,,0
24019,'1197750',2142,,11211,17,,,0
24019,'1197764',1644,,11212,17,,,0
24019,'1197783',2127,,11213,17,,,0
24019,'1197805',742,,11214,17,,,0
24019,'1197843',1627,,11215,17,,,0
24019,'1197844',1212,,11216,17,,,0
24019,'1197878',1427,,11217,17,,,0
24019,'1197883',1314,,11218,17,,,0
24019,'1197954',1827,,11219,17,,,0
24019,'1197955',711,,11220,17,,,0
24019,'1197996',811,,11221,17,,,0
24019,'1198055',1412,,11222,17,,,0
24019,'1198087',1114,,11223,17,,,0
24019,'1198107',1527,,11224,17,,,0
24019,'1198126',2011,,11225,17,,,0
24019,'1198142',942,,11226,17,,,0
24019,'1198175',1614,,11227,17,,,0
24019,'1198559',1842,,11228,17,,,0
24019,'1198657',2327,,11229,17,,,0
24019,'1198659',827,,11230,17,,,0
24019,'1198709',1727,,11231,17,,,0
24019,'1198800',2027,,11232,17,,,0
24019,'1198948',912,,11233,17,,,0
24019,'1198975',1227,,11234,17,,,0
24019,'1199043',1027,,11235,17,,,0
24019,'1199106',727,,11236,17,,,0
24019,'1199219',2211,,11237,17,,,0
24019,'1199387',842,,11238,17,,,0
24019,'1199435',1127,,11239,17,,,0
24019,'1199454',2042,,11240,17,,,0
24019,'1199463',1514,,11241,17,,,0
24019,'1199504',1214,,11242,17,,,0
24019,'1199506',1512,,11243,17,,,0
24019,'1199592',1942,,11244,17,,,0
24019,'1199595',1744,,11245,17,,,0
24019,'1199609',2311,,11246,17,,,0
