105029,'1196840',2328,,12163,73,,,0
105029,'1196987',1042,,12164,73,,,0
105029,'1196996',1716,,12165,73,,,0
105029,'1197020',1559,,12166,73,,,0
105029,'1197097',1816,,12167,73,,,0
105029,'1197137',2040,,12168,73,,,0
105029,'1197220',2028,,12169,73,,,0
105029,'1197228',1531,,12170,73,,,0
105029,'1197231',758,,12171,73,,,0
105029,'1197439',1159,,12172,73,,,0
105029,'1197501',1959,,12173,73,,,0
105029,'1197522',2159,,12174,73,,,0
105029,'1197561',1031,,12175,73,,,0
105029,'1197638',959,,12176,73,,,0
105029,'1197840',2128,,12177,73,,,0
105029,'1197853',2228,,12178,73,,,0
105029,'1197918',1858,,12179,73,,,0
105029,'1197968',2359,,12180,73,,,0
105029,'1198013',1359,,12181,73,,,0
105029,'1198037',1131,,12182,73,,,0
105029,'1198064',1842,,12183,73,,,0
105029,'1198187',1242,,12184,73,,,0
105029,'1198214',1759,,12185,73,,,0
105029,'1198417',1342,,12186,73,,,0
105029,'1198447',1746,,12187,73,,,0
105029,'1198529',1542,,12188,73,,,0
105029,'1198616',728,,12189,73,,,0
105029,'1198625',1646,,12190,73,,,0
105029,'1198711',1346,,12191,73,,,0
105029,'1198718',1601,,12192,73,,,0
105029,'1198725',1742,,12193,73,,,0
105029,'1198779',840,,12194,73,,,0
105029,'1198918',1442,,12195,73,,,0
105029,'1198922',2433,,12196,73,,,0
105029,'1198923',658,,12197,73,,,0
105029,'1199012',640,,12198,73,,,0
105029,'1199037',1431,,12199,73,,,0
105029,'1199107',1501,,12200,73,,,0
105029,'1199124',2440,,12201,73,,,0
105029,'1199144',1246,,12202,73,,,0
105029,'1199148',759,,12203,73,,,0
105029,'1199220',1142,,12204,73,,,0
105029,'1199470',2240,,12205,73,,,0
105029,'1199473',928,,12206,73,,,0
105029,'1199604',828,,12207,73,,,0
105029,'1199607',1642,,12208,73,,,0
