190001019,'1196837',1354,,12495,22,,,0
190001019,'1196862',1646,,12496,22,,,0
190001019,'1196877',1906,,12497,22,,,0
190001019,'1196883',1239,,12498,22,,,0
190001019,'1196901',635,,12499,22,,,0
190001019,'1196926',822,,12500,22,,,0
190001019,'1196927',1936,,12501,22,,,0
190001019,'1196941',2009,,12502,22,,,0
190001019,'1196956',1309,,12503,22,,,0
190001019,'1196974',1254,,12504,22,,,0
190001019,'1197019',1431,,12505,22,,,0
190001019,'1197037',1746,,12506,22,,,0
190001019,'1197055',1921,,12507,22,,,0
190001019,'1197061',1409,,12508,22,,,0
190001019,'1197062',1523,,12509,22,,,0
190001019,'1197067',1801,,12510,22,,,0
190001019,'1197087',1108,,12511,22,,,0
190001019,'1197116',735,,12512,22,,,0
190001019,'1197124',2335,,12513,22,,,0
190001019,'1197149',1224,,12514,22,,,0
190001019,'1197157',952,,12515,22,,,0
190001019,'1197183',2205,,12516,22,,,0
190001019,'1197196',1638,,12517,22,,,0
190001019,'1197239',1408,,12518,22,,,0
190001019,'1197241',937,,12519,22,,,0
190001019,'1197275',909,,12520,22,,,0
190001019,'1197336',1823,,12521,22,,,0
190001019,'1197358',1109,,12522,22,,,0
190001019,'1197359',837,,12523,22,,,0
190001019,'1197381',1723,,12524,22,,,0
190001019,'1197382',1709,,12525,22,,,0
190001019,'1197450',1808,,12526,22,,,0
190001019,'1197483',1123,,12527,22,,,0
190001019,'1197488',1438,,12528,22,,,0
190001019,'1197500',907,,12529,22,,,0
190001019,'1197524',935,,12530,22,,,0
190001019,'1197530',1623,,12531,22,,,0
190001019,'1197543',1609,,12532,22,,,0
190001019,'1197562',2006,,12533,22,,,0
190001019,'1197598',1501,,12534,22,,,0
190001019,'1197653',1039,,12535,22,,,0
190001019,'1197698',1020,,12536,22,,,0
190001019,'1197706',1009,,12537,22,,,0
190001019,'1197709',1124,,12538,22,,,0
190001019,'1197713',1808,,12539,22,,,0
190001019,'1197736',1353,,12540,22,,,0
190001019,'1197746',922,,12541,22,,,0
190001019,'1197811',1850,,12542,22,,,0
190001019,'1197845',1409,,12543,22,,,0
190001019,'1197867',2235,,12544,22,,,0
190001019,'1197877',1109,,12545,22,,,0
190001019,'1197919',1053,,12546,22,,,0
190001019,'1197924',1951,,12547,22,,,0
190001019,'1197933',1753,,12548,22,,,0
190001019,'1197942',1835,,12549,22,,,0
190001019,'1197950',1446,,12550,22,,,0
190001019,'1197953',1038,,12551,22,,,0
190001019,'1197956',1324,,12552,22,,,0
190001019,'1198005',1738,,12553,22,,,0
190001019,'1198015',2409,,12554,22,,,0
190001019,'1198030',2109,,12555,22,,,0
190001019,'1198047',1509,,12556,22,,,0
190001019,'1198065',2105,,12557,22,,,0
190001019,'1198066',707,,12558,22,,,0
190001019,'1198075',2205,,12559,22,,,0
190001019,'1198104',1005,,12560,22,,,0
190001019,'1198135',2021,,12561,22,,,0
190001019,'1198157',2305,,12562,22,,,0
190001019,'1198172',1809,,12563,22,,,0
190001019,'1198202',1153,,12564,22,,,0
190001019,'1198216',1238,,12565,22,,,0
190001019,'1198221',2150,,12566,22,,,0
190001019,'1198238',807,,12567,22,,,0
190001019,'1198255',652,,12568,22,,,0
190001019,'1198261',1851,,12569,22,,,0
190001019,'1198292',1154,,12570,22,,,0
190001019,'1198298',1708,,12571,22,,,0
190001019,'1198311',1616,,12572,22,,,0
190001019,'1198339',1935,,12573,22,,,0
190001019,'1198343',1516,,12574,22,,,0
190001019,'1198372',809,,12575,22,,,0
190001019,'1198396',1731,,12576,22,,,0
190001019,'1198407',1209,,12577,22,,,0
190001019,'1198441',1631,,12578,22,,,0
190001019,'1198467',1836,,12579,22,,,0
190001019,'1198471',1553,,12580,22,,,0
190001019,'1198476',1309,,12581,22,,,0
190001019,'1198499',2309,,12582,22,,,0
190001019,'1198534',2405,,12583,22,,,0
190001019,'1198547',1022,,12584,22,,,0
190001019,'1198574',1538,,12585,22,,,0
190001019,'1198598',835,,12586,22,,,0
190001019,'1198607',905,,12587,22,,,0
190001019,'1198613',2235,,12588,22,,,0
190001019,'1198622',2005,,12589,22,,,0
190001019,'1198646',2121,,12590,22,,,0
190001019,'1198647',705,,12591,22,,,0
190001019,'1198653',2106,,12592,22,,,0
190001019,'1198674',1208,,12593,22,,,0
190001019,'1198678',2051,,12594,22,,,0
190001019,'1198685',2036,,12595,22,,,0
190001019,'1198700',1138,,12596,22,,,0
190001019,'1198707',1423,,12597,22,,,0
190001019,'1198721',1054,,12598,22,,,0
190001019,'1198724',1546,,12599,22,,,0
190001019,'1198784',1223,,12600,22,,,0
190001019,'1198792',1905,,12601,22,,,0
190001019,'1198804',1209,,12602,22,,,0
190001019,'1198821',722,,12603,22,,,0
190001019,'1198827',2135,,12604,22,,,0
190001019,'1198852',2209,,12605,22,,,0
190001019,'1198857',1653,,12606,22,,,0
190001019,'1198864',1821,,12607,22,,,0
190001019,'1198929',1608,,12608,22,,,0
190001019,'1198949',1253,,12609,22,,,0
190001019,'1198960',1909,,12610,22,,,0
190001019,'1198974',1308,,12611,22,,,0
190001019,'1198988',1338,,12612,22,,,0
190001019,'1198997',1453,,12613,22,,,0
190001019,'1199029',2305,,12614,22,,,0
190001019,'1199121',1701,,12615,22,,,0
190001019,'1199126',1339,,12616,22,,,0
190001019,'1199140',2425,,12617,22,,,0
190001019,'1199142',1139,,12618,22,,,0
190001019,'1199166',805,,12619,22,,,0
190001019,'1199192',2035,,12620,22,,,0
190001019,'1199228',752,,12621,22,,,0
190001019,'1199318',1531,,12622,22,,,0
190001019,'1199339',1716,,12623,22,,,0
190001019,'1199371',737,,12624,22,,,0
190001019,'1199373',852,,12625,22,,,0
190001019,'1199385',1323,,12626,22,,,0
190001019,'1199427',1508,,12627,22,,,0
190001019,'1199436',1601,,12628,22,,,0
190001019,'1199510',2335,,12629,22,,,0
190001019,'1199550',2405,,12630,22,,,0
190001019,'1199551',2135,,12631,22,,,0
190001019,'1199648',1007,,12632,22,,,0
