13029,'1196882',1528,,10855,12,,,0
13029,'1196907',1255,,10856,11,,,0
13029,'1196917',1256,,10857,11,,,0
13029,'1196936',1756,,10858,11,,,0
13029,'1196965',754,,10859,11,,,0
13029,'1196972',1626,,10860,11,,,0
13029,'1197006',1455,,10861,11,,,0
13029,'1197082',1155,,10862,11,,,0
13029,'1197122',1055,,10863,11,,,0
13029,'1197184',1455,,10864,11,,,0
13029,'1197188',1924,,10865,11,,,0
13029,'1197193',755,,10866,11,,,0
13029,'1197215',2055,,10867,11,,,0
13029,'1197262',1655,,10868,11,,,0
13029,'1197363',925,,10869,11,,,0
13029,'1197365',2154,,10870,11,,,0
13029,'1197371',955,,10871,11,,,0
13029,'1197444',2254,,10872,11,,,0
13029,'1197556',2255,,10873,11,,,0
13029,'1197773',2024,,10874,11,,,0
13029,'1197812',1456,,10875,11,,,0
13029,'1197866',1355,,10876,11,,,0
13029,'1197909',855,,10877,11,,,0
13029,'1197997',1954,,10878,11,,,0
13029,'1198028',2054,,10879,11,,,0
13029,'1198074',2354,,10880,11,,,0
13029,'1198199',1555,,10881,11,,,0
13029,'1198248',2224,,10882,11,,,0
13029,'1198289',824,,10883,11,,,0
13029,'1198381',1726,,10884,11,,,0
13029,'1198389',1755,,10885,11,,,0
13029,'1198416',1555,,10886,11,,,0
13029,'1198437',1024,,10887,11,,,0
13029,'1198474',1057,,10888,11,,,0
13029,'1198488',1854,,10889,11,,,0
13029,'1198563',724,,10890,11,,,0
13029,'1198648',1054,,10891,11,,,0
13029,'1198673',1255,,10892,11,,,0
13029,'1198704',1855,,10893,11,,,0
13029,'1198733',754,,10894,11,,,0
13029,'1198756',855,,10895,11,,,0
13029,'1198793',954,,10896,11,,,0
13029,'1198811',1355,,10897,11,,,0
13029,'1198812',2355,,10898,11,,,0
13029,'1198828',1155,,10899,11,,,0
13029,'1198858',1556,,10900,11,,,0
13029,'1198910',624,,10901,11,,,0
13029,'1198998',854,,10902,11,,,0
13029,'1199115',654,,10903,11,,,0
13029,'1199250',2155,,10904,11,,,0
13029,'1199324',654,,10905,11,,,0
13029,'1199337',955,,10906,11,,,0
13029,'1199349',2124,,10907,11,,,0
13029,'1199379',2324,,10908,11,,,0
13029,'1199405',1755,,10909,11,,,0
13029,'1199419',1156,,10910,11,,,0
13029,'1199548',1356,,10911,11,,,0
13029,'1199559',1655,,10912,11,,,0
13029,'1199614',1824,,10913,11,,,0
13029,'1199653',1955,,10914,11,,,0
13029,'1199655',1656,,10915,11,,,0
