104029,'1196835',2002,,12074,23,,,0
104029,'1196857',802,,12075,23,,,0
104029,'1196889',802,,12076,23,,,0
104029,'1196928',1747,,12077,23,,,0
104029,'1197002',647,,12078,23,,,0
104029,'1197045',1543,,12079,23,,,0
104029,'1197133',832,,12080,23,,,0
104029,'1197341',1243,,12081,23,,,0
104029,'1197454',1802,,12082,23,,,0
104029,'1197461',717,,12083,23,,,0
104029,'1197467',2202,,12084,23,,,0
104029,'1197481',602,,12085,23,,,0
104029,'1197553',2132,,12086,23,,,0
104029,'1197574',917,,12087,23,,,0
104029,'1197583',2147,,12088,23,,,0
104029,'1197794',1802,,12089,23,,,0
104029,'1197965',1402,,12090,23,,,0
104029,'1197979',1532,,12091,23,,,0
104029,'1198234',1032,,12092,23,,,0
104029,'1198287',1628,,12093,23,,,0
104029,'1198288',1158,,12094,23,,,0
104029,'1198449',1302,,12095,23,,,0
104029,'1198458',1917,,12096,23,,,0
104029,'1198510',947,,12097,23,,,0
104029,'1198521',802,,12098,23,,,0
104029,'1198558',1647,,12099,23,,,0
104029,'1198578',1713,,12100,23,,,0
104029,'1198686',1413,,12101,23,,,0
104029,'1198694',1458,,12102,23,,,0
104029,'1198755',1002,,12103,23,,,0
104029,'1198909',1202,,12104,23,,,0
104029,'1198979',1147,,12105,23,,,0
104029,'1199045',2302,,12106,23,,,0
104029,'1199127',2302,,12107,23,,,0
104029,'1199159',1328,,12108,23,,,0
104029,'1199181',917,,12109,23,,,0
104029,'1199193',1602,,12110,23,,,0
104029,'1199356',1417,,12111,23,,,0
104029,'1199360',2032,,12112,23,,,0
104029,'1199374',647,,12113,23,,,0
104029,'1199380',1032,,12114,23,,,0
104029,'1199442',1832,,12115,23,,,0
104029,'1199577',2002,,12116,23,,,0
