11029,'1199774',1539,,10550,28,,,0
11029,'1199777',953,,10551,28,,,0
11029,'1199778',1339,,10552,28,,,0
11029,'1199779',2336,,10553,28,,,0
11029,'1199780',1238,,10554,28,,,0
11029,'1199781',1153,,10555,28,,,0
11029,'1199782',1654,,10556,28,,,0
11029,'1199783',2238,,10557,28,,,0
11029,'1199785',1336,,10558,28,,,0
11029,'1199786',823,,10559,28,,,0
11029,'1199787',1639,,10560,28,,,0
11029,'1199788',1609,,10561,28,,,0
11029,'1199789',1454,,10562,28,,,0
11029,'1199790',1506,,10563,28,,,0
11029,'1199791',1136,,10564,28,,,0
11029,'1199792',1554,,10565,28,,,0
11029,'1199793',2353,,10566,28,,,0
11029,'1199794',838,,10567,28,,,0
11029,'1199795',1509,,10568,28,,,0
11029,'1199796',1208,,10569,28,,,0
11029,'1199797',1809,,10570,28,,,0
11029,'1199799',753,,10571,28,,,0
11029,'1199800',1724,,10572,28,,,0
11029,'1199804',938,,10573,28,,,0
11029,'1199808',1038,,10574,28,,,0
11029,'1199809',1739,,10575,28,,,0
11029,'1199810',1108,,10576,28,,,0
11029,'1199811',1053,,10577,28,,,0
11029,'1199812',1606,,10578,28,,,0
11029,'1199813',2338,,10579,28,,,0
11029,'1199814',1239,,10580,28,,,0
11029,'1199815',1636,,10581,28,,,0
11029,'1199816',1206,,10582,28,,,0
11029,'1199818',738,,10583,28,,,0
11029,'1199819',1138,,10584,28,,,0
11029,'1199820',1754,,10585,28,,,0
11029,'1199821',1536,,10586,28,,,0
11029,'1199823',1306,,10587,28,,,0
11029,'1199825',2036,,10588,28,,,0
11029,'1199826',2413,,10589,28,,,0
11029,'1199828',1424,,10590,28,,,0
11029,'1199830',1324,,10591,28,,,0
11029,'1199831',2023,,10592,28,,,0
11029,'1199834',653,,10593,28,,,0
11029,'1199836',808,,10594,28,,,0
11029,'1199838',1524,,10595,28,,,0
11029,'1199839',738,,10596,28,,,0
11029,'1199843',1354,,10597,28,,,0
11029,'1199844',2038,,10598,28,,,0
11029,'1199846',1439,,10599,28,,,0
11029,'1199847',938,,10600,28,,,0
11029,'1199848',923,,10601,28,,,0
11029,'1199849',2138,,10602,28,,,0
11029,'1199850',1538,,10603,28,,,0
11029,'1199852',723,,10604,28,,,0
11029,'1199853',1008,,10605,28,,,0
11029,'1199854',853,,10606,28,,,0
11029,'1199855',1638,,10607,28,,,0
11029,'1199856',2136,,10608,28,,,0
11029,'1199858',1624,,10609,28,,,0
11029,'1199860',1038,,10610,28,,,0
11029,'1199862',1953,,10611,28,,,0
11029,'1199863',836,,10612,28,,,0
11029,'1199864',1224,,10613,28,,,0
11029,'1199865',1736,,10614,28,,,0
11029,'1199866',1236,,10615,28,,,0
11029,'1199867',2053,,10616,28,,,0
11029,'1199869',1436,,10617,28,,,0
11029,'1199870',1338,,10618,28,,,0
11029,'1199871',1406,,10619,28,,,0
11029,'1199873',2223,,10620,28,,,0
11029,'1199874',1123,,10621,28,,,0
11029,'1199875',1023,,10622,28,,,0
11029,'1199876',708,,10623,28,,,0
11029,'1199877',1738,,10624,28,,,0
11029,'1199878',1709,,10625,28,,,0
11029,'1199881',1836,,10626,28,,,0
11029,'1199882',1923,,10627,28,,,0
11029,'1199883',1138,,10628,28,,,0
11029,'1199884',1938,,10629,28,,,0
11029,'1199886',1936,,10630,28,,,0
11029,'1199889',736,,10631,28,,,0
11029,'1199890',2123,,10632,28,,,0
11029,'1199891',2236,,10633,28,,,0
11029,'1199892',1838,,10634,28,,,0
11029,'1199893',1036,,10635,28,,,0
11029,'1199898',908,,10636,28,,,0
11029,'1199899',1853,,10637,28,,,0
11029,'1199902',1823,,10638,28,,,0
11029,'1199903',936,,10639,28,,,0
11029,'1199904',1706,,10640,28,,,0
11029,'1199906',638,,10641,28,,,0
11029,'1199907',2323,,10642,28,,,0
11029,'1199910',2253,,10643,28,,,0
11029,'1199911',2153,,10644,28,,,0
11029,'1199912',1409,,10645,28,,,0
11029,'1199913',1254,,10646,28,,,0
11029,'1199914',1309,,10647,28,,,0
11029,'1199919',838,,10648,28,,,0
11029,'1199920',1438,,10649,28,,,0
22029,'1196872',1455,,11159,6,,,0
22029,'1197509',1054,,11160,6,,,0
22029,'1197841',1255,,11161,6,,,0
22029,'1198320',1424,,11162,6,,,0
22029,'1198325',1824,,11163,6,,,0
22029,'1198632',1024,,11164,6,,,0
22029,'1198895',1624,,11165,6,,,0
22029,'1199147',854,,11166,6,,,0
22029,'1199241',1224,,11167,6,,,0
22029,'1199309',824,,11168,6,,,0
140001029,'1196879',628,,12358,20,,,0
140001029,'1196954',959,,12359,20,,,0
140001029,'1196975',1031,,12360,20,,,0
140001029,'1196976',2328,,12361,20,,,0
140001029,'1197010',1346,,12362,20,,,0
140001029,'1197038',1116,,12363,20,,,0
140001029,'1197058',1843,,12364,20,,,0
140001029,'1197078',1128,,12365,20,,,0
140001029,'1197099',2258,,12366,20,,,0
140001029,'1197105',2328,,12367,20,,,0
140001029,'1197113',858,,12368,20,,,0
140001029,'1197141',1447,,12369,20,,,0
140001029,'1197155',1744,,12370,20,,,0
140001029,'1197162',943,,12371,20,,,0
140001029,'1197190',1602,,12372,20,,,0
140001029,'1197195',1702,,12373,20,,,0
140001029,'1197198',1402,,12374,20,,,0
140001029,'1197204',929,,12375,20,,,0
140001029,'1197222',1231,,12376,20,,,0
140001029,'1197249',1229,,12377,20,,,0
140001029,'1197271',1945,,12378,20,,,0
140001029,'1197276',1059,,12379,20,,,0
140001029,'1197293',1517,,12380,20,,,0
140001029,'1197305',1529,,12381,20,,,0
140001029,'1197370',1216,,12382,20,,,0
140001029,'1197377',2228,,12383,20,,,0
140001029,'1197379',758,,12384,20,,,0
140001029,'1197386',1828,,12385,20,,,0
140001029,'1197424',2058,,12386,20,,,0
140001029,'1197426',1014,,12387,20,,,0
140001029,'1197432',958,,12388,20,,,0
140001029,'1197460',2228,,12389,20,,,0
140001029,'1197482',629,,12390,20,,,0
140001029,'1197494',2403,,12391,20,,,0
140001029,'1197497',1659,,12392,20,,,0
140001029,'1197568',1328,,12393,20,,,0
140001029,'1197611',2258,,12394,20,,,0
140001029,'1197612',1547,,12395,20,,,0
140001029,'1197619',1828,,12396,20,,,0
140001029,'1197627',843,,12397,20,,,0
140001029,'1197635',2228,,12398,20,,,0
140001029,'1197649',1331,,12399,20,,,0
140001029,'1197658',1928,,12400,20,,,0
140001029,'1197662',1101,,12401,20,,,0
140001029,'1197723',928,,12402,20,,,0
140001029,'1197758',1246,,12403,20,,,0
140001029,'1197776',2030,,12404,20,,,0
140001029,'1197849',2158,,12405,20,,,0
140001029,'1197888',1958,,12406,20,,,0
140001029,'1197928',1429,,12407,20,,,0
140001029,'1197938',1417,,12408,20,,,0
140001029,'1197948',1502,,12409,20,,,0
140001029,'1197957',1614,,12410,20,,,0
140001029,'1197967',1717,,12411,20,,,0
140001029,'1197972',1559,,12412,20,,,0
140001029,'1197983',728,,12413,20,,,0
140001029,'1198007',2128,,12414,20,,,0
140001029,'1198048',743,,12415,20,,,0
140001029,'1198049',713,,12416,20,,,0
140001029,'1198081',1259,,12417,20,,,0
140001029,'1198099',944,,12418,20,,,0
140001029,'1198101',1131,,12419,20,,,0
140001029,'1198102',829,,12420,20,,,0
140001029,'1198131',2028,,12421,20,,,0
140001029,'1198132',1028,,12422,20,,,0
140001029,'1198186',1759,,12423,20,,,0
140001029,'1198207',658,,12424,20,,,0
140001029,'1198209',913,,12425,20,,,0
140001029,'1198299',1159,,12426,20,,,0
140001029,'1198347',643,,12427,20,,,0
140001029,'1198350',1915,,12428,20,,,0
140001029,'1198371',1432,,12429,20,,,0
140001029,'1198391',2045,,12430,20,,,0
140001029,'1198425',2028,,12431,20,,,0
140001029,'1198451',2358,,12432,20,,,0
140001029,'1198469',1629,,12433,20,,,0
140001029,'1198505',1428,,12434,20,,,0
140001029,'1198517',1201,,12435,20,,,0
140001029,'1198540',728,,12436,20,,,0
140001029,'1198546',1029,,12437,20,,,0
140001029,'1198572',1544,,12438,20,,,0
140001029,'1198636',813,,12439,20,,,0
140001029,'1198643',1228,,12440,20,,,0
140001029,'1198645',1728,,12441,20,,,0
140001029,'1198655',759,,12442,20,,,0
140001029,'1198697',859,,12443,20,,,0
140001029,'1198757',1628,,12444,20,,,0
140001029,'1198770',2000,,12445,20,,,0
140001029,'1198787',1617,,12446,20,,,0
140001029,'1198789',1930,,12447,20,,,0
140001029,'1198794',1046,,12448,20,,,0
140001029,'1198796',2158,,12449,20,,,0
140001029,'1198802',1114,,12450,20,,,0
140001029,'1198817',1514,,12451,20,,,0
140001029,'1198824',1146,,12452,20,,,0
140001029,'1198860',1813,,12453,20,,,0
140001029,'1198934',1714,,12454,20,,,0
140001029,'1198970',1747,,12455,20,,,0
140001029,'1198973',928,,12456,20,,,0
140001029,'1198981',1830,,12457,20,,,0
140001029,'1198986',2328,,12458,20,,,0
140001029,'1198999',1344,,12459,20,,,0
140001029,'1199001',729,,12460,20,,,0
140001029,'1199006',828,,12461,20,,,0
140001029,'1199010',1800,,12462,20,,,0
140001029,'1199031',1214,,12463,20,,,0
140001029,'1199086',1016,,12464,20,,,0
140001029,'1199101',659,,12465,20,,,0
140001029,'1199110',1144,,12466,20,,,0
140001029,'1199113',1644,,12467,20,,,0
140001029,'1199128',1044,,12468,20,,,0
140001029,'1199156',1928,,12469,20,,,0
140001029,'1199174',1316,,12470,20,,,0
140001029,'1199189',828,,12471,20,,,0
140001029,'1199191',1815,,12472,20,,,0
140001029,'1199203',2100,,12473,20,,,0
140001029,'1199247',1647,,12474,20,,,0
140001029,'1199259',1845,,12475,20,,,0
140001029,'1199261',1414,,12476,20,,,0
140001029,'1199275',1532,,12477,20,,,0
140001029,'1199283',1329,,12478,20,,,0
140001029,'1199312',1244,,12479,20,,,0
140001029,'1199341',2015,,12480,20,,,0
140001029,'1199351',1314,,12481,20,,,0
140001029,'1199395',1732,,12482,20,,,0
140001029,'1199415',1858,,12483,20,,,0
140001029,'1199446',1900,,12484,20,,,0
140001029,'1199456',1528,,12485,20,,,0
140001029,'1199465',1729,,12486,20,,,0
140001029,'1199469',2128,,12487,20,,,0
140001029,'1199481',1632,,12488,20,,,0
140001029,'1199494',1459,,12489,20,,,0
140001029,'1199502',1359,,12490,20,,,0
140001029,'1199522',1444,,12491,20,,,0
140001029,'1199528',2128,,12492,20,,,0
140001029,'1199569',1129,,12493,20,,,0
140001029,'1199608',1301,,12494,20,,,0
