103019,'1196838',2029,,11950,12,,,0
103019,'1196888',947,,11951,12,,,0
103019,'1196969',1648,,11952,12,,,0
103019,'1196981',1218,,11953,12,,,0
103019,'1197294',2117,,11954,12,,,0
103019,'1197441',1047,,11955,12,,,0
103019,'1197545',1718,,11956,12,,,0
103019,'1197721',1348,,11957,12,,,0
103019,'1197732',902,,11958,12,,,0
103019,'1197772',1503,,11959,12,,,0
103019,'1197847',1548,,11960,12,,,0
103019,'1197900',2317,,11961,12,,,0
103019,'1197976',2147,,11962,12,,,0
103019,'1198084',747,,11963,12,,,0
103019,'1198108',1429,,11964,12,,,0
103019,'1198169',732,,11965,12,,,0
103019,'1198206',917,,11966,12,,,0
103019,'1198228',1118,,11967,12,,,0
103019,'1198242',1859,,11968,12,,,0
103019,'1198304',1418,,11969,12,,,0
103019,'1198348',2159,,11970,12,,,0
103019,'1198369',2247,,11971,12,,,0
103019,'1198383',1248,,11972,12,,,0
103019,'1198393',647,,11973,12,,,0
103019,'1198760',817,,11975,12,,,0
103019,'1198790',2329,,11976,12,,,0
103019,'1198820',1259,,11977,12,,,0
103019,'1198832',1729,,11978,12,,,0
103019,'1198901',2017,,11979,12,,,0
103019,'1198908',959,,11980,12,,,0
103019,'1198992',1559,,11981,12,,,0
103019,'1199041',1129,,11982,12,,,0
103019,'1199057',1518,,11983,12,,,0
103019,'1199120',1847,,11984,12,,,0
103019,'1199157',1817,,11985,12,,,0
103019,'1199198',829,,11986,12,,,0
103019,'1199232',1633,,11987,12,,,0
103019,'1199535',1947,,11988,12,,,0
