11019,'1190643',957,,7683,17,,,0
11019,'1190656',1528,,7684,17,,,0
11019,'1190734',2257,,7686,17,,,0
11019,'1190739',1128,,7687,17,,,0
11019,'1190806',657,,7688,17,,,0
11019,'1190863',957,,7690,17,,,0
11019,'1190899',1558,,7691,17,,,0
11019,'1190901',1728,,7692,17,,,0
11019,'1190931',1957,,7693,17,,,0
11019,'1190935',2127,,7694,17,,,0
11019,'1191012',1758,,7695,17,,,0
11019,'1191105',1228,,7697,17,,,0
11019,'1191187',1258,,7699,17,,,0
11019,'1191230',727,,7700,17,,,0
11019,'1191238',1458,,7701,17,,,0
11019,'1191240',1658,,7702,17,,,0
11019,'1191293',2057,,7703,17,,,0
11019,'1191319',627,,7704,17,,,0
11019,'1191389',2227,,7705,17,,,0
11019,'1191427',1058,,7706,17,,,0
11019,'1191492',757,,7708,17,,,0
11019,'1191497',1658,,7709,17,,,0
11019,'1191624',1628,,7711,17,,,0
11019,'1191660',757,,7712,17,,,0
11019,'1191669',1728,,7713,17,,,0
11019,'1191675',857,,7714,17,,,0
11019,'1191680',2157,,7715,17,,,0
11019,'1191681',2357,,7716,17,,,0
11019,'1191687',827,,7717,17,,,0
11019,'1191719',1628,,7719,17,,,0
11019,'1191884',1158,,7722,17,,,0
11019,'1192002',1428,,7724,17,,,0
11019,'1192101',1228,,7726,17,,,0
11019,'1192175',1927,,7729,17,,,0
11019,'1192293',657,,7730,17,,,0
11019,'1192335',1758,,7731,17,,,0
11019,'1192404',1158,,7733,17,,,0
11019,'1192430',1857,,7735,17,,,0
11019,'1192493',1358,,7736,17,,,0
11019,'1192513',1258,,7737,17,,,0
11019,'1192569',1328,,7738,17,,,0
11019,'1192573',1328,,7739,17,,,0
11019,'1192733',857,,7740,17,,,0
11019,'1192768',2327,,7741,17,,,0
11019,'1192799',1358,,7742,17,,,0
11019,'1192975',1458,,7743,17,,,0
11019,'1193059',1558,,7744,17,,,0
11019,'1193066',1428,,7745,17,,,0
11019,'1193090',1827,,7746,17,,,0
11019,'1193120',927,,7747,17,,,0
11019,'1193180',1058,,7748,17,,,0
11019,'1193235',2027,,7749,17,,,0
11019,'1193239',1027,,7750,17,,,0
11019,'1193279',1528,,7753,17,,,0
