101019,'1197003',549,,11803,28,,,0
101019,'1197056',2126,,11804,28,,,0
101019,'1197144',2327,,11805,28,,,0
101019,'1197150',1527,,11806,28,,,0
101019,'1197356',1327,,11807,28,,,0
101019,'1197394',1526,,11808,28,,,0
101019,'1197485',726,,11809,28,,,0
101019,'1197542',1326,,11810,28,,,0
101019,'1197666',1049,,11811,28,,,0
101019,'1197703',2127,,11812,28,,,0
101019,'1197735',1149,,11813,28,,,0
101019,'1197816',1126,,11814,28,,,0
101019,'1197893',749,,11815,28,,,0
101019,'1198002',1727,,11816,28,,,0
101019,'1198014',727,,11817,28,,,0
101019,'1198130',949,,11818,28,,,0
101019,'1198162',1351,,11819,28,,,0
101019,'1198212',1927,,11820,28,,,0
101019,'1198408',2048,,11821,28,,,0
101019,'1198684',926,,11822,28,,,0
101019,'1198907',1926,,11823,28,,,0
101019,'1199079',2249,,11824,28,,,0
101019,'1199178',1751,,11825,28,,,0
101019,'1199186',1551,,11826,28,,,0
101019,'1199279',1726,,11827,28,,,0
101019,'1199401',927,,11828,28,,,0
101019,'1199471',1849,,11829,28,,,0
101019,'1199497',1127,,11830,28,,,0
101019,'1199519',849,,11831,28,,,0
101019,'1199566',1451,,11832,28,,,0
101019,'1199626',1651,,11833,28,,,0
101019,'1199991',1351,,12771,28,,,0
101019,'1199992',2048,,12772,28,,,0
101019,'1199993',849,,12773,28,,,0
101019,'1199995',549,,12774,28,,,0
101019,'1199996',649,,12775,28,,,0
101019,'1200003',1651,,12776,28,,,0
101019,'1200004',1551,,12777,28,,,0
101019,'1200006',1849,,12778,28,,,0
101019,'1200008',749,,12779,28,,,0
101019,'1200009',2249,,12780,28,,,0
101019,'1200011',1049,,12781,28,,,0
101019,'1200013',1149,,12782,28,,,0
101019,'1200014',1451,,12783,28,,,0
101019,'1200015',1751,,12784,28,,,0
101019,'1200018',949,,12785,28,,,0
