11029,'1199774',1520,,10550,6,,,0
11029,'1199777',934,,10551,6,,,0
11029,'1199778',1320,,10552,6,,,0
11029,'1199779',2319,,10553,6,,,0
11029,'1199780',1219,,10554,6,,,0
11029,'1199781',1134,,10555,6,,,0
11029,'1199782',1635,,10556,6,,,0
11029,'1199783',2219,,10557,6,,,0
11029,'1199785',1319,,10558,6,,,0
11029,'1199786',804,,10559,6,,,0
11029,'1199787',1620,,10560,6,,,0
11029,'1199788',1550,,10561,6,,,0
11029,'1199789',1435,,10562,6,,,0
11029,'1199790',1449,,10563,6,,,0
11029,'1199791',1119,,10564,6,,,0
11029,'1199792',1535,,10565,6,,,0
11029,'1199793',2334,,10566,6,,,0
11029,'1199794',819,,10567,6,,,0
11029,'1199795',1450,,10568,6,,,0
11029,'1199796',1149,,10569,6,,,0
11029,'1199797',1750,,10570,6,,,0
11029,'1199799',734,,10571,6,,,0
11029,'1199800',1705,,10572,6,,,0
11029,'1199804',919,,10573,6,,,0
11029,'1199808',1019,,10574,6,,,0
11029,'1199809',1720,,10575,6,,,0
11029,'1199810',1049,,10576,6,,,0
11029,'1199811',1034,,10577,6,,,0
11029,'1199812',1549,,10578,6,,,0
11029,'1199813',2319,,10579,6,,,0
11029,'1199814',1220,,10580,6,,,0
11029,'1199815',1619,,10581,6,,,0
11029,'1199816',1149,,10582,6,,,0
11029,'1199818',719,,10583,6,,,0
11029,'1199819',1119,,10584,6,,,0
11029,'1199820',1735,,10585,6,,,0
11029,'1199821',1519,,10586,6,,,0
11029,'1199823',1249,,10587,6,,,0
11029,'1199825',2019,,10588,6,,,0
11029,'1199826',2354,,10589,6,,,0
11029,'1199828',1405,,10590,6,,,0
11029,'1199830',1305,,10591,6,,,0
11029,'1199831',2004,,10592,6,,,0
11029,'1199834',634,,10593,6,,,0
11029,'1199836',749,,10594,6,,,0
11029,'1199838',1505,,10595,6,,,0
11029,'1199839',719,,10596,6,,,0
11029,'1199843',1335,,10597,6,,,0
11029,'1199844',2019,,10598,6,,,0
11029,'1199846',1420,,10599,6,,,0
11029,'1199847',919,,10600,6,,,0
11029,'1199848',904,,10601,6,,,0
11029,'1199849',2119,,10602,6,,,0
11029,'1199850',1519,,10603,6,,,0
11029,'1199852',704,,10604,6,,,0
11029,'1199853',949,,10605,6,,,0
11029,'1199854',834,,10606,6,,,0
11029,'1199855',1619,,10607,6,,,0
11029,'1199856',2119,,10608,6,,,0
11029,'1199858',1605,,10609,6,,,0
11029,'1199860',1019,,10610,6,,,0
11029,'1199862',1934,,10611,6,,,0
11029,'1199863',819,,10612,6,,,0
11029,'1199864',1205,,10613,6,,,0
11029,'1199865',1719,,10614,6,,,0
11029,'1199866',1219,,10615,6,,,0
11029,'1199867',2034,,10616,6,,,0
11029,'1199869',1419,,10617,6,,,0
11029,'1199870',1319,,10618,6,,,0
11029,'1199871',1349,,10619,6,,,0
11029,'1199873',2204,,10620,6,,,0
11029,'1199874',1104,,10621,6,,,0
11029,'1199875',1004,,10622,6,,,0
11029,'1199876',649,,10623,6,,,0
11029,'1199877',1719,,10624,6,,,0
11029,'1199878',1650,,10625,6,,,0
11029,'1199881',1819,,10626,6,,,0
11029,'1199882',1904,,10627,6,,,0
11029,'1199883',1119,,10628,6,,,0
11029,'1199884',1919,,10629,6,,,0
11029,'1199886',1919,,10630,6,,,0
11029,'1199889',719,,10631,6,,,0
11029,'1199890',2104,,10632,6,,,0
11029,'1199891',2219,,10633,6,,,0
11029,'1199892',1819,,10634,6,,,0
11029,'1199893',1019,,10635,6,,,0
11029,'1199898',849,,10636,6,,,0
11029,'1199899',1834,,10637,6,,,0
11029,'1199902',1804,,10638,6,,,0
11029,'1199903',919,,10639,6,,,0
11029,'1199904',1649,,10640,6,,,0
11029,'1199906',619,,10641,6,,,0
11029,'1199907',2304,,10642,6,,,0
11029,'1199910',2234,,10643,6,,,0
11029,'1199911',2134,,10644,6,,,0
11029,'1199912',1350,,10645,6,,,0
11029,'1199913',1235,,10646,6,,,0
11029,'1199914',1250,,10647,6,,,0
11029,'1199919',819,,10648,6,,,0
11029,'1199920',1419,,10649,6,,,0
