23029,'1196989',1525,,11178,14,,,0
23029,'1197720',924,,11179,14,,,0
23029,'1197799',954,,11180,14,,,0
23029,'1197902',1326,,11181,14,,,0
23029,'1198145',1725,,11182,14,,,0
23029,'1198600',1125,,11183,14,,,0
23029,'1199027',1356,,11184,14,,,0
23029,'1199095',1557,,11185,14,,,0
23029,'1199388',1156,,11186,14,,,0
102029,'1196895',1704,,11907,21,,,0
102029,'1196982',1351,,11908,21,,,0
102029,'1197029',2121,,11909,21,,,0
102029,'1197083',1534,,11910,21,,,0
102029,'1197178',1104,,11911,21,,,0
102029,'1197226',706,,11912,21,,,0
102029,'1197263',751,,11913,21,,,0
102029,'1197297',1450,,11914,21,,,0
102029,'1197309',1834,,11915,21,,,0
102029,'1197330',1736,,11916,21,,,0
102029,'1197420',1521,,11917,21,,,0
102029,'1197536',2304,,11918,21,,,0
102029,'1197603',1051,,11919,21,,,0
102029,'1197704',1020,,11920,21,,,0
102029,'1197770',2421,,11921,21,,,0
102029,'1197839',836,,11922,21,,,0
102029,'1198134',1320,,11923,21,,,0
102029,'1198173',934,,11924,21,,,0
102029,'1198220',1234,,11925,21,,,0
102029,'1198227',1750,,11926,21,,,0
102029,'1198249',1821,,11927,21,,,0
102029,'1198376',1606,,11928,21,,,0
102029,'1198502',1651,,11929,21,,,0
102029,'1198531',804,,11930,21,,,0
102029,'1198599',1620,,11931,21,,,0
102029,'1198638',2251,,11932,21,,,0
102029,'1198688',1150,,11933,21,,,0
102029,'1198705',2050,,11934,21,,,0
102029,'1198769',2004,,11935,21,,,0
102029,'1198816',2134,,11936,21,,,0
102029,'1198930',2220,,11937,21,,,0
102029,'1198996',621,,11938,21,,,0
102029,'1199090',850,,11939,21,,,0
102029,'1199168',921,,11940,21,,,0
102029,'1199202',1951,,11941,21,,,0
102029,'1199211',1920,,11942,21,,,0
102029,'1199244',1006,,11943,21,,,0
102029,'1199434',1221,,11944,21,,,0
102029,'1199477',2350,,11945,21,,,0
102029,'1199479',1436,,11946,21,,,0
102029,'1199488',639,,11947,21,,,0
102029,'1199537',1404,,11948,21,,,0
102029,'1199651',720,,11949,21,,,0
