24029,'1196855',2147,,11247,5,,,0
24029,'1196863',1618,,11248,5,,,0
24029,'1196903',1649,,11249,5,,,0
24029,'1196935',1533,,11250,5,,,0
24029,'1196998',947,,11251,5,,,0
24029,'1197011',617,,11252,5,,,0
24029,'1197043',2017,,11253,5,,,0
24029,'1197098',1019,,11254,5,,,0
24029,'1197100',1549,,11255,5,,,0
24029,'1197147',817,,11256,5,,,0
24029,'1197194',1719,,11257,5,,,0
24029,'1197347',1219,,11258,5,,,0
24029,'1197395',2333,,11259,5,,,0
24029,'1197401',1233,,11260,5,,,0
24029,'1197449',1519,,11261,5,,,0
24029,'1197535',1433,,11262,5,,,0
24029,'1197571',1947,,11263,5,,,0
24029,'1197636',833,,11264,5,,,0
24029,'1197711',1419,,11265,5,,,0
24029,'1197716',1419,,11266,5,,,0
24029,'1197740',1619,,11267,5,,,0
24029,'1197752',2247,,11268,5,,,0
24029,'1197838',917,,11269,5,,,0
24029,'1197859',919,,11270,5,,,0
24029,'1197868',2047,,11271,5,,,0
24029,'1198001',1319,,11272,5,,,0
24029,'1198033',717,,11273,5,,,0
24029,'1198069',1833,,11274,5,,,0
24029,'1198091',747,,11275,5,,,0
24029,'1198103',2033,,11276,5,,,0
24029,'1198109',733,,11277,5,,,0
24029,'1198307',2117,,11278,5,,,0
24029,'1198333',1033,,11279,5,,,0
24029,'1198357',1017,,11280,5,,,0
24029,'1198422',1733,,11281,5,,,0
24029,'1198495',1319,,11282,5,,,0
24029,'1198628',1933,,11283,5,,,0
24029,'1198699',1333,,11284,5,,,0
24029,'1198752',1119,,11285,5,,,0
24029,'1198764',1449,,11286,5,,,0
24029,'1198765',1718,,11287,5,,,0
24029,'1198785',2217,,11288,5,,,0
24029,'1198801',1219,,11289,5,,,0
24029,'1198831',1749,,11290,5,,,0
24029,'1198847',1633,,11291,5,,,0
24029,'1198886',717,,11292,5,,,0
24029,'1198954',1133,,11293,5,,,0
24029,'1198966',1519,,11294,5,,,0
24029,'1198971',2233,,11295,5,,,0
24029,'1199014',1917,,11296,5,,,0
24029,'1199150',2317,,11297,5,,,0
24029,'1199169',2407,,11298,5,,,0
24029,'1199217',1119,,11299,5,,,0
24029,'1199230',818,,11300,5,,,0
24029,'1199287',647,,11301,5,,,0
24029,'1199365',2133,,11302,5,,,0
24029,'1199397',847,,11303,5,,,0
24029,'1199530',933,,11304,5,,,0
24029,'1199545',1847,,11305,5,,,0
24029,'1199636',1817,,11306,5,,,0
105019,'1196946',947,,12117,107,,,0
105019,'1197049',1901,,12118,107,,,0
105019,'1197077',635,,12119,107,,,0
105019,'1197115',1246,,12120,107,,,0
105019,'1197131',747,,12121,107,,,0
105019,'1197173',1248,,12122,107,,,0
105019,'1197181',1102,,12123,107,,,0
105019,'1197192',2234,,12124,107,,,0
105019,'1197197',1546,,12125,107,,,0
105019,'1197292',1348,,12126,107,,,0
105019,'1197296',1646,,12127,107,,,0
105019,'1197531',1448,,12128,107,,,0
105019,'1197548',2004,,12129,107,,,0
105019,'1197557',1648,,12130,107,,,0
105019,'1197588',902,,12131,107,,,0
105019,'1197596',2134,,12132,107,,,0
105019,'1197617',1548,,12133,107,,,0
105019,'1197633',1302,,12134,107,,,0
105019,'1197710',843,,12135,107,,,0
105019,'1197779',1831,,12136,107,,,0
105019,'1197825',1501,,12137,107,,,0
105019,'1197971',1146,,12138,107,,,0
105019,'1198112',705,,12139,107,,,0
105019,'1198338',1148,,12140,107,,,0
105019,'1198380',2302,,12141,107,,,0
105019,'1198385',1801,,12142,107,,,0
105019,'1198553',1401,,12143,107,,,0
105019,'1198560',2102,,12144,107,,,0
105019,'1198571',1702,,12145,107,,,0
105019,'1198621',813,,12146,107,,,0
105019,'1198667',1043,,12147,107,,,0
105019,'1198717',1616,,12148,107,,,0
105019,'1198741',943,,12149,107,,,0
105019,'1198746',1931,,12150,107,,,0
105019,'1198889',735,,12151,107,,,0
105019,'1199004',1502,,12152,107,,,0
105019,'1199054',1716,,12153,107,,,0
105019,'1199098',913,,12154,107,,,0
105019,'1199298',2434,,12155,107,,,0
105019,'1199347',2347,,12156,107,,,0
105019,'1199383',2334,,12157,107,,,0
105019,'1199400',1748,,12158,107,,,0
105019,'1199461',1902,,12159,107,,,0
105019,'1199511',1848,,12160,107,,,0
105019,'1199546',2147,,12161,107,,,0
105019,'1199574',1948,,12162,107,,,0
106029,'1196836',1632,,12215,38,,,0
106029,'1196851',1747,,12216,38,,,0
106029,'1197042',1030,,12217,38,,,0
106029,'1197408',1902,,12218,38,,,0
106029,'1198086',800,,12219,38,,,0
106029,'1198615',915,,12220,38,,,0
140001019,'1196866',817,,12221,17,,,0
140001019,'1196880',2216,,12222,17,,,0
140001019,'1196896',1032,,12223,17,,,0
140001019,'1196898',2147,,12224,17,,,0
140001019,'1196900',1933,,12225,17,,,0
140001019,'1196905',1904,,12226,17,,,0
140001019,'1196939',2317,,12227,17,,,0
140001019,'1196943',1334,,12228,17,,,0
140001019,'1196945',2342,,12229,17,,,0
140001019,'1196967',647,,12230,17,,,0
140001019,'1197008',1404,,12231,17,,,0
140001019,'1197072',1425,,12232,17,,,0
140001019,'1197075',1549,,12233,17,,,0
140001019,'1197086',1848,,12234,17,,,0
140001019,'1197088',2047,,12235,17,,,0
140001019,'1197102',702,,12236,17,,,0
140001019,'1197146',1604,,12237,17,,,0
140001019,'1197212',1319,,12238,17,,,0
140001019,'1197216',932,,12239,17,,,0
140001019,'1197238',1204,,12240,17,,,0
140001019,'1197266',1504,,12241,17,,,0
140001019,'1197267',1634,,12242,17,,,0
140001019,'1197281',1640,,12243,17,,,0
140001019,'1197287',947,,12244,17,,,0
140001019,'1197324',1610,,12245,17,,,0
140001019,'1197328',1017,,12246,17,,,0
140001019,'1197350',1047,,12247,17,,,0
140001019,'1197407',1419,,12248,17,,,0
140001019,'1197438',1734,,12249,17,,,0
140001019,'1197459',1002,,12250,17,,,0
140001019,'1197465',1134,,12251,17,,,0
140001019,'1197470',1749,,12252,17,,,0
140001019,'1197474',1017,,12253,17,,,0
140001019,'1197516',1440,,12254,17,,,0
140001019,'1197563',1832,,12255,17,,,0
140001019,'1197567',1947,,12256,17,,,0
140001019,'1197593',1234,,12257,17,,,0
140001019,'1197607',1655,,12258,17,,,0
140001019,'1197613',1755,,12259,17,,,0
140001019,'1197621',1804,,12260,17,,,0
140001019,'1197622',2033,,12261,17,,,0
140001019,'1197646',1219,,12262,17,,,0
140001019,'1197676',1149,,12263,17,,,0
140001019,'1197685',1034,,12264,17,,,0
140001019,'1197688',1319,,12265,17,,,0
140001019,'1197689',1434,,12266,17,,,0
140001019,'1197693',1740,,12267,17,,,0
140001019,'1197729',2003,,12268,17,,,0
140001019,'1197734',1604,,12269,17,,,0
140001019,'1197741',1334,,12270,17,,,0
140001019,'1197745',1219,,12271,17,,,0
140001019,'1197767',1119,,12272,17,,,0
140001019,'1197797',2017,,12273,17,,,0
140001019,'1197802',902,,12274,17,,,0
140001019,'1197830',917,,12275,17,,,0
140001019,'1197894',1819,,12276,17,,,0
140001019,'1197944',1104,,12277,17,,,0
140001019,'1197964',1304,,12278,17,,,0
140001019,'1197966',1049,,12279,17,,,0
140001019,'1197987',1625,,12280,17,,,0
140001019,'1197988',747,,12281,17,,,0
140001019,'1198009',2103,,12282,17,,,0
140001019,'1198027',2304,,12283,17,,,0
140001019,'1198035',832,,12284,17,,,0
140001019,'1198147',2104,,12285,17,,,0
140001019,'1198155',1204,,12286,17,,,0
140001019,'1198177',2048,,12287,17,,,0
140001019,'1198195',1304,,12288,17,,,0
140001019,'1198235',1704,,12289,17,,,0
140001019,'1198264',1304,,12290,17,,,0
140001019,'1198294',1404,,12291,17,,,0
140001019,'1198302',2018,,12292,17,,,0
140001019,'1198324',1804,,12293,17,,,0
140001019,'1198349',732,,12294,17,,,0
140001019,'1198356',1719,,12295,17,,,0
140001019,'1198378',717,,12296,17,,,0
140001019,'1198384',1134,,12297,17,,,0
140001019,'1198418',1917,,12298,17,,,0
140001019,'1198429',1903,,12299,17,,,0
140001019,'1198452',1804,,12300,17,,,0
140001019,'1198461',847,,12301,17,,,0
140001019,'1198463',1833,,12302,17,,,0
140001019,'1198487',1847,,12303,17,,,0
140001019,'1198515',1234,,12304,17,,,0
140001019,'1198535',1710,,12305,17,,,0
140001019,'1198541',1102,,12306,17,,,0
140001019,'1198549',647,,12307,17,,,0
140001019,'1198579',1649,,12308,17,,,0
140001019,'1198595',2118,,12309,17,,,0
140001019,'1198601',1619,,12310,17,,,0
140001019,'1198665',2316,,12311,17,,,0
140001019,'1198666',804,,12312,17,,,0
140001019,'1198714',1455,,12313,17,,,0
140001019,'1198763',2417,,12314,17,,,0
140001019,'1198766',1004,,12315,17,,,0
140001019,'1198781',1818,,12316,17,,,0
140001019,'1198791',1519,,12317,17,,,0
140001019,'1198797',817,,12318,17,,,0
140001019,'1198813',1504,,12319,17,,,0
140001019,'1198814',2404,,12320,17,,,0
140001019,'1198835',1349,,12321,17,,,0
140001019,'1198872',847,,12322,17,,,0
140001019,'1198878',1249,,12323,17,,,0
140001019,'1198900',1510,,12324,17,,,0
140001019,'1198920',2117,,12325,17,,,0
140001019,'1198925',1117,,12326,17,,,0
140001019,'1198926',917,,12327,17,,,0
140001019,'1198932',1002,,12328,17,,,0
140001019,'1198964',1725,,12329,17,,,0
140001019,'1198965',1404,,12330,17,,,0
140001019,'1198980',1540,,12331,17,,,0
140001019,'1199018',2416,,12332,17,,,0
140001019,'1199069',2204,,12333,17,,,0
140001019,'1199136',1249,,12334,17,,,0
140001019,'1199170',747,,12335,17,,,0
140001019,'1199213',2346,,12336,17,,,0
140001019,'1199235',904,,12337,17,,,0
140001019,'1199268',802,,12338,17,,,0
140001019,'1199282',1104,,12339,17,,,0
140001019,'1199297',1525,,12340,17,,,0
140001019,'1199319',947,,12341,17,,,0
140001019,'1199330',1902,,12342,17,,,0
140001019,'1199354',1948,,12343,17,,,0
140001019,'1199367',2146,,12344,17,,,0
140001019,'1199377',1204,,12345,17,,,0
140001019,'1199402',1704,,12346,17,,,0
140001019,'1199414',1449,,12347,17,,,0
140001019,'1199449',1149,,12348,17,,,0
140001019,'1199458',1349,,12349,17,,,0
140001019,'1199468',2246,,12350,17,,,0
140001019,'1199492',1555,,12351,17,,,0
140001019,'1199516',2217,,12352,17,,,0
140001019,'1199563',2247,,12353,17,,,0
140001019,'1199606',1534,,12354,17,,,0
140001019,'1199624',1918,,12355,17,,,0
140001019,'1199632',717,,12356,17,,,0
140001019,'1199638',2004,,12357,17,,,0
