104019,'1197815',2351,,12041,11,,,0
104019,'1198490',2426,,12054,11,,,0
104019,'1199025',2406,,12063,11,,,0
104029,'1196835',1951,,12074,11,,,0
104029,'1196857',751,,12075,11,,,0
104029,'1196889',751,,12076,11,,,0
104029,'1196928',1736,,12077,11,,,0
104029,'1197002',636,,12078,11,,,0
104029,'1197045',1531,,12079,11,,,0
104029,'1197133',821,,12080,11,,,0
104029,'1197341',1231,,12081,11,,,0
104029,'1197454',1751,,12082,11,,,0
104029,'1197461',706,,12083,11,,,0
104029,'1197467',2151,,12084,11,,,0
104029,'1197481',551,,12085,11,,,0
104029,'1197553',2121,,12086,11,,,0
104029,'1197574',906,,12087,11,,,0
104029,'1197583',2136,,12088,11,,,0
104029,'1197794',1751,,12089,11,,,0
104029,'1197965',1351,,12090,11,,,0
104029,'1197979',1521,,12091,11,,,0
104029,'1198234',1021,,12092,11,,,0
104029,'1198287',1616,,12093,11,,,0
104029,'1198288',1146,,12094,11,,,0
104029,'1198449',1251,,12095,11,,,0
104029,'1198458',1906,,12096,11,,,0
104029,'1198510',936,,12097,11,,,0
104029,'1198521',751,,12098,11,,,0
104029,'1198558',1636,,12099,11,,,0
104029,'1198578',1701,,12100,11,,,0
104029,'1198686',1401,,12101,11,,,0
104029,'1198694',1446,,12102,11,,,0
104029,'1198755',951,,12103,11,,,0
104029,'1198909',1151,,12104,11,,,0
104029,'1198979',1136,,12105,11,,,0
104029,'1199045',2251,,12106,11,,,0
104029,'1199127',2251,,12107,11,,,0
104029,'1199159',1316,,12108,11,,,0
104029,'1199181',906,,12109,11,,,0
104029,'1199193',1551,,12110,11,,,0
104029,'1199356',1406,,12111,11,,,0
104029,'1199360',2021,,12112,11,,,0
104029,'1199374',636,,12113,11,,,0
104029,'1199380',1021,,12114,11,,,0
104029,'1199442',1821,,12115,11,,,0
104029,'1199577',1951,,12116,11,,,0
