105029,'1196840',2331,,12163,80,,,0
105029,'1196987',1045,,12164,80,,,0
105029,'1196996',1719,,12165,80,,,0
105029,'1197020',1602,,12166,80,,,0
105029,'1197097',1819,,12167,80,,,0
105029,'1197137',2043,,12168,80,,,0
105029,'1197220',2031,,12169,80,,,0
105029,'1197228',1534,,12170,80,,,0
105029,'1197231',801,,12171,80,,,0
105029,'1197439',1202,,12172,80,,,0
105029,'1197501',2002,,12173,80,,,0
105029,'1197522',2202,,12174,80,,,0
105029,'1197561',1034,,12175,80,,,0
105029,'1197638',1002,,12176,80,,,0
105029,'1197840',2131,,12177,80,,,0
105029,'1197853',2231,,12178,80,,,0
105029,'1197918',1901,,12179,80,,,0
105029,'1197968',2402,,12180,80,,,0
105029,'1198013',1402,,12181,80,,,0
105029,'1198037',1134,,12182,80,,,0
105029,'1198064',1845,,12183,80,,,0
105029,'1198187',1245,,12184,80,,,0
105029,'1198214',1802,,12185,80,,,0
105029,'1198417',1345,,12186,80,,,0
105029,'1198447',1749,,12187,80,,,0
105029,'1198529',1545,,12188,80,,,0
105029,'1198616',731,,12189,80,,,0
105029,'1198625',1649,,12190,80,,,0
105029,'1198711',1349,,12191,80,,,0
105029,'1198718',1604,,12192,80,,,0
105029,'1198725',1745,,12193,80,,,0
105029,'1198779',843,,12194,80,,,0
105029,'1198918',1445,,12195,80,,,0
105029,'1198922',2436,,12196,80,,,0
105029,'1198923',701,,12197,80,,,0
105029,'1199012',643,,12198,80,,,0
105029,'1199037',1434,,12199,80,,,0
105029,'1199107',1504,,12200,80,,,0
105029,'1199124',2443,,12201,80,,,0
105029,'1199144',1249,,12202,80,,,0
105029,'1199148',802,,12203,80,,,0
105029,'1199220',1145,,12204,80,,,0
105029,'1199470',2243,,12205,80,,,0
105029,'1199473',931,,12206,80,,,0
105029,'1199604',831,,12207,80,,,0
105029,'1199607',1645,,12208,80,,,0
