140001029,'1196879',623,,12358,12,,,0
140001029,'1196954',954,,12359,12,,,0
140001029,'1196975',1025,,12360,12,,,0
140001029,'1196976',2323,,12361,12,,,0
140001029,'1197010',1340,,12362,12,,,0
140001029,'1197038',1110,,12363,12,,,0
140001029,'1197058',1838,,12364,12,,,0
140001029,'1197078',1124,,12365,12,,,0
140001029,'1197099',2253,,12366,12,,,0
140001029,'1197105',2324,,12367,12,,,0
140001029,'1197113',853,,12368,12,,,0
140001029,'1197141',1441,,12369,12,,,0
140001029,'1197155',1739,,12370,12,,,0
140001029,'1197162',938,,12371,12,,,0
140001029,'1197190',1556,,12372,12,,,0
140001029,'1197195',1656,,12373,12,,,0
140001029,'1197198',1356,,12374,12,,,0
140001029,'1197204',924,,12375,12,,,0
140001029,'1197222',1225,,12376,12,,,0
140001029,'1197249',1224,,12377,12,,,0
140001029,'1197271',1939,,12378,12,,,0
140001029,'1197276',1054,,12379,12,,,0
140001029,'1197293',1511,,12380,12,,,0
140001029,'1197305',1524,,12381,12,,,0
140001029,'1197370',1210,,12382,12,,,0
140001029,'1197377',2223,,12383,12,,,0
140001029,'1197379',753,,12384,12,,,0
140001029,'1197386',1824,,12385,12,,,0
140001029,'1197424',2053,,12386,12,,,0
140001029,'1197426',1009,,12387,12,,,0
140001029,'1197432',953,,12388,12,,,0
140001029,'1197460',2223,,12389,12,,,0
140001029,'1197482',624,,12390,12,,,0
140001029,'1197494',2358,,12391,12,,,0
140001029,'1197497',1654,,12392,12,,,0
140001029,'1197568',1324,,12393,12,,,0
140001029,'1197611',2253,,12394,12,,,0
140001029,'1197612',1541,,12395,12,,,0
140001029,'1197619',1823,,12396,12,,,0
140001029,'1197627',838,,12397,12,,,0
140001029,'1197635',2224,,12398,12,,,0
140001029,'1197649',1325,,12399,12,,,0
140001029,'1197658',1924,,12400,12,,,0
140001029,'1197662',1055,,12401,12,,,0
140001029,'1197723',924,,12402,12,,,0
140001029,'1197758',1240,,12403,12,,,0
140001029,'1197776',2024,,12404,12,,,0
140001029,'1197849',2153,,12405,12,,,0
140001029,'1197888',1953,,12406,12,,,0
140001029,'1197928',1424,,12407,12,,,0
140001029,'1197938',1411,,12408,12,,,0
140001029,'1197948',1456,,12409,12,,,0
140001029,'1197957',1609,,12410,12,,,0
140001029,'1197967',1711,,12411,12,,,0
140001029,'1197972',1554,,12412,12,,,0
140001029,'1197983',723,,12413,12,,,0
140001029,'1198007',2123,,12414,12,,,0
140001029,'1198048',738,,12415,12,,,0
140001029,'1198049',708,,12416,12,,,0
140001029,'1198081',1254,,12417,12,,,0
140001029,'1198099',939,,12418,12,,,0
140001029,'1198101',1125,,12419,12,,,0
140001029,'1198102',824,,12420,12,,,0
140001029,'1198131',2024,,12421,12,,,0
140001029,'1198132',1024,,12422,12,,,0
140001029,'1198186',1754,,12423,12,,,0
140001029,'1198207',653,,12424,12,,,0
140001029,'1198209',908,,12425,12,,,0
140001029,'1198299',1154,,12426,12,,,0
140001029,'1198347',638,,12427,12,,,0
140001029,'1198350',1909,,12428,12,,,0
140001029,'1198371',1426,,12429,12,,,0
140001029,'1198391',2039,,12430,12,,,0
140001029,'1198425',2023,,12431,12,,,0
140001029,'1198451',2353,,12432,12,,,0
140001029,'1198469',1624,,12433,12,,,0
140001029,'1198505',1424,,12434,12,,,0
140001029,'1198517',1155,,12435,12,,,0
140001029,'1198540',724,,12436,12,,,0
140001029,'1198546',1024,,12437,12,,,0
140001029,'1198572',1539,,12438,12,,,0
140001029,'1198636',808,,12439,12,,,0
140001029,'1198643',1224,,12440,12,,,0
140001029,'1198645',1724,,12441,12,,,0
140001029,'1198655',754,,12442,12,,,0
140001029,'1198697',854,,12443,12,,,0
140001029,'1198757',1624,,12444,12,,,0
140001029,'1198770',1954,,12445,12,,,0
140001029,'1198787',1611,,12446,12,,,0
140001029,'1198789',1924,,12447,12,,,0
140001029,'1198794',1040,,12448,12,,,0
140001029,'1198796',2153,,12449,12,,,0
140001029,'1198802',1109,,12450,12,,,0
140001029,'1198817',1509,,12451,12,,,0
140001029,'1198824',1140,,12452,12,,,0
140001029,'1198860',1808,,12453,12,,,0
140001029,'1198934',1709,,12454,12,,,0
140001029,'1198970',1741,,12455,12,,,0
140001029,'1198973',923,,12456,12,,,0
140001029,'1198981',1824,,12457,12,,,0
140001029,'1198986',2323,,12458,12,,,0
140001029,'1198999',1339,,12459,12,,,0
140001029,'1199001',724,,12460,12,,,0
140001029,'1199006',823,,12461,12,,,0
140001029,'1199010',1754,,12462,12,,,0
140001029,'1199031',1209,,12463,12,,,0
140001029,'1199086',1010,,12464,12,,,0
140001029,'1199101',654,,12465,12,,,0
140001029,'1199110',1139,,12466,12,,,0
140001029,'1199113',1639,,12467,12,,,0
140001029,'1199128',1039,,12468,12,,,0
140001029,'1199156',1923,,12469,12,,,0
140001029,'1199174',1310,,12470,12,,,0
140001029,'1199189',824,,12471,12,,,0
140001029,'1199191',1809,,12472,12,,,0
140001029,'1199203',2054,,12473,12,,,0
140001029,'1199247',1641,,12474,12,,,0
140001029,'1199259',1839,,12475,12,,,0
140001029,'1199261',1409,,12476,12,,,0
140001029,'1199275',1526,,12477,12,,,0
140001029,'1199283',1324,,12478,12,,,0
140001029,'1199312',1239,,12479,12,,,0
140001029,'1199341',2009,,12480,12,,,0
140001029,'1199351',1309,,12481,12,,,0
140001029,'1199395',1726,,12482,12,,,0
140001029,'1199415',1853,,12483,12,,,0
140001029,'1199446',1854,,12484,12,,,0
140001029,'1199456',1524,,12485,12,,,0
140001029,'1199465',1724,,12486,12,,,0
140001029,'1199469',2123,,12487,12,,,0
140001029,'1199481',1626,,12488,12,,,0
140001029,'1199494',1454,,12489,12,,,0
140001029,'1199502',1354,,12490,12,,,0
140001029,'1199522',1439,,12491,12,,,0
140001029,'1199528',2124,,12492,12,,,0
140001029,'1199569',1124,,12493,12,,,0
140001029,'1199608',1255,,12494,12,,,0
