101019,'1197003',537,,11803,11,,,0
101019,'1197056',2115,,11804,11,,,0
101019,'1197144',2316,,11805,11,,,0
101019,'1197150',1516,,11806,11,,,0
101019,'1197356',1316,,11807,11,,,0
101019,'1197394',1515,,11808,11,,,0
101019,'1197485',715,,11809,11,,,0
101019,'1197542',1315,,11810,11,,,0
101019,'1197666',1037,,11811,11,,,0
101019,'1197703',2116,,11812,11,,,0
101019,'1197735',1137,,11813,11,,,0
101019,'1197816',1115,,11814,11,,,0
101019,'1197893',737,,11815,11,,,0
101019,'1198002',1716,,11816,11,,,0
101019,'1198014',716,,11817,11,,,0
101019,'1198130',937,,11818,11,,,0
101019,'1198162',1339,,11819,11,,,0
101019,'1198212',1916,,11820,11,,,0
101019,'1198408',2036,,11821,11,,,0
101019,'1198684',915,,11822,11,,,0
101019,'1198907',1915,,11823,11,,,0
101019,'1199079',2237,,11824,11,,,0
101019,'1199178',1739,,11825,11,,,0
101019,'1199186',1539,,11826,11,,,0
101019,'1199279',1715,,11827,11,,,0
101019,'1199401',916,,11828,11,,,0
101019,'1199471',1837,,11829,11,,,0
101019,'1199497',1116,,11830,11,,,0
101019,'1199519',837,,11831,11,,,0
101019,'1199566',1439,,11832,11,,,0
101019,'1199626',1639,,11833,11,,,0
101019,'1199991',1339,,12771,11,,,0
101019,'1199992',2036,,12772,11,,,0
101019,'1199993',837,,12773,11,,,0
101019,'1199995',537,,12774,11,,,0
101019,'1199996',637,,12775,11,,,0
101019,'1200003',1639,,12776,11,,,0
101019,'1200004',1539,,12777,11,,,0
101019,'1200006',1837,,12778,11,,,0
101019,'1200008',737,,12779,11,,,0
101019,'1200009',2237,,12780,11,,,0
101019,'1200011',1037,,12781,11,,,0
101019,'1200013',1137,,12782,11,,,0
101019,'1200014',1439,,12783,11,,,0
101019,'1200015',1739,,12784,11,,,0
101019,'1200018',937,,12785,11,,,0
101029,'1196911',803,,11834,41,,,0
101029,'1197033',1846,,11835,41,,,0
101029,'1197060',903,,11836,41,,,0
101029,'1197096',1046,,11837,41,,,0
101029,'1197257',1103,,11838,41,,,0
101029,'1197272',1247,,11839,41,,,0
101029,'1197326',1605,,11840,41,,,0
101029,'1197581',2046,,11841,41,,,0
101029,'1197673',1447,,11842,41,,,0
101029,'1197747',2203,,11843,41,,,0
101029,'1197977',1647,,11844,41,,,0
101029,'1198059',647,,11845,41,,,0
101029,'1198116',1047,,11846,41,,,0
101029,'1198125',847,,11847,41,,,0
101029,'1198200',1246,,11848,41,,,0
101029,'1198251',1003,,11849,41,,,0
101029,'1198346',846,,11850,41,,,0
101029,'1198498',2246,,11851,41,,,0
101029,'1198530',2247,,11852,41,,,0
101029,'1198631',1705,,11853,41,,,0
101029,'1198644',2423,,11854,41,,,0
101029,'1198710',1646,,11855,41,,,0
101029,'1198715',1803,,11856,41,,,0
101029,'1198953',2047,,11857,41,,,0
101029,'1198984',1405,,11858,41,,,0
101029,'1199108',1305,,11859,41,,,0
101029,'1199117',703,,11860,41,,,0
101029,'1199304',1847,,11861,41,,,0
101029,'1199366',1446,,11862,41,,,0
101029,'1199567',2003,,11863,41,,,0
101029,'1199585',1505,,11864,41,,,0
101029,'1199990',1305,,12786,41,,,0
101029,'1199994',1605,,12787,41,,,0
101029,'1199997',803,,12788,41,,,0
101029,'1199998',1803,,12789,41,,,0
101029,'1199999',1103,,12790,41,,,0
101029,'1200000',2423,,12791,41,,,0
101029,'1200001',703,,12792,41,,,0
101029,'1200002',1705,,12793,41,,,0
101029,'1200005',1505,,12794,41,,,0
101029,'1200007',1003,,12795,41,,,0
101029,'1200010',1405,,12796,41,,,0
101029,'1200012',2003,,12797,41,,,0
101029,'1200016',2203,,12798,41,,,0
101029,'1200017',903,,12799,41,,,0
