24019,'1196934',636,,11187,11,,,0
24019,'1196988',806,,11188,11,,,0
24019,'1197014',2106,,11189,11,,,0
24019,'1197021',2356,,11190,11,,,0
24019,'1197025',706,,11191,11,,,0
24019,'1197047',1438,,11192,11,,,0
24019,'1197094',1006,,11193,11,,,0
24019,'1197127',2236,,11194,11,,,0
24019,'1197154',922,,11195,11,,,0
24019,'1197203',1606,,11196,11,,,0
24019,'1197210',1322,,11197,11,,,0
24019,'1197244',606,,11198,11,,,0
24019,'1197285',1806,,11199,11,,,0
24019,'1197390',1706,,11200,11,,,0
24019,'1197431',1538,,11201,11,,,0
24019,'1197489',2222,,11202,11,,,0
24019,'1197506',1107,,11203,11,,,0
24019,'1197518',1708,,11204,11,,,0
24019,'1197546',1007,,11205,11,,,0
24019,'1197591',1906,,11206,11,,,0
24019,'1197620',907,,11207,11,,,0
24019,'1197680',1408,,11208,11,,,0
24019,'1197686',1922,,11209,11,,,0
24019,'1197707',1307,,11210,11,,,0
24019,'1197750',2136,,11211,11,,,0
24019,'1197764',1638,,11212,11,,,0
24019,'1197783',2122,,11213,11,,,0
24019,'1197805',736,,11214,11,,,0
24019,'1197843',1622,,11215,11,,,0
24019,'1197844',1207,,11216,11,,,0
24019,'1197878',1422,,11217,11,,,0
24019,'1197883',1308,,11218,11,,,0
24019,'1197954',1822,,11219,11,,,0
24019,'1197955',706,,11220,11,,,0
24019,'1197996',806,,11221,11,,,0
24019,'1198055',1407,,11222,11,,,0
24019,'1198087',1108,,11223,11,,,0
24019,'1198107',1522,,11224,11,,,0
24019,'1198126',2006,,11225,11,,,0
24019,'1198142',936,,11226,11,,,0
24019,'1198175',1608,,11227,11,,,0
24019,'1198559',1836,,11228,11,,,0
24019,'1198657',2322,,11229,11,,,0
24019,'1198659',822,,11230,11,,,0
24019,'1198709',1722,,11231,11,,,0
24019,'1198800',2022,,11232,11,,,0
24019,'1198948',906,,11233,11,,,0
24019,'1198975',1222,,11234,11,,,0
24019,'1199043',1022,,11235,11,,,0
24019,'1199106',722,,11236,11,,,0
24019,'1199219',2206,,11237,11,,,0
24019,'1199387',836,,11238,11,,,0
24019,'1199435',1122,,11239,11,,,0
24019,'1199454',2036,,11240,11,,,0
24019,'1199463',1508,,11241,11,,,0
24019,'1199504',1208,,11242,11,,,0
24019,'1199506',1507,,11243,11,,,0
24019,'1199592',1936,,11244,11,,,0
24019,'1199595',1738,,11245,11,,,0
24019,'1199609',2306,,11246,11,,,0
