14029,'1196849',1721,,10975,11,,,0
14029,'1196912',751,,10976,11,,,0
14029,'1197024',1521,,10977,11,,,0
14029,'1197041',2321,,10978,11,,,0
14029,'1197050',1621,,10979,11,,,0
14029,'1197119',1721,,10980,11,,,0
14029,'1197130',2221,,10981,11,,,0
14029,'1197219',1521,,10982,11,,,0
14029,'1197237',1321,,10983,11,,,0
14029,'1197250',621,,10984,11,,,0
14029,'1197265',1751,,10985,11,,,0
14029,'1197310',2221,,10986,11,,,0
14029,'1197323',1321,,10987,11,,,0
14029,'1197440',2121,,10988,11,,,0
14029,'1197456',1521,,10989,11,,,0
14029,'1197472',1121,,10990,11,,,0
14029,'1197493',1851,,10991,11,,,0
14029,'1197512',1621,,10992,11,,,0
14029,'1197515',1421,,10993,11,,,0
14029,'1197597',721,,10994,11,,,0
14029,'1197605',2251,,10995,11,,,0
14029,'1197639',1221,,10996,11,,,0
14029,'1197699',1951,,10997,11,,,0
14029,'1197717',1721,,10998,11,,,0
14029,'1197738',1021,,10999,11,,,0
14029,'1197809',1621,,11000,11,,,0
14029,'1197863',2356,,11001,11,,,0
14029,'1197882',1421,,11002,11,,,0
14029,'1197961',1221,,11003,11,,,0
14029,'1198040',1021,,11004,11,,,0
14029,'1198078',1121,,11005,11,,,0
14029,'1198100',851,,11006,11,,,0
14029,'1198198',2151,,11007,11,,,0
14029,'1198204',2051,,11008,11,,,0
14029,'1198269',651,,11009,11,,,0
14029,'1198326',921,,11010,11,,,0
14029,'1198404',721,,11011,11,,,0
14029,'1198426',2121,,11012,11,,,0
14029,'1198570',821,,11013,11,,,0
14029,'1198612',2321,,11014,11,,,0
14029,'1198728',821,,11015,11,,,0
14029,'1198772',1821,,11016,11,,,0
14029,'1198830',921,,11017,11,,,0
14029,'1198941',1121,,11018,11,,,0
14029,'1198956',1421,,11019,11,,,0
14029,'1199040',2021,,11020,11,,,0
14029,'1199065',1221,,11021,11,,,0
14029,'1199076',1821,,11022,11,,,0
14029,'1199083',1651,,11023,11,,,0
14029,'1199184',921,,11024,11,,,0
14029,'1199200',821,,11025,11,,,0
14029,'1199222',1551,,11026,11,,,0
14029,'1199266',1321,,11027,11,,,0
14029,'1199447',1921,,11028,11,,,0
14029,'1199472',2021,,11029,11,,,0
14029,'1199520',1021,,11030,11,,,0
14029,'1199554',721,,11031,11,,,0
14029,'1199573',1921,,11032,11,,,0
14029,'1199643',1451,,11033,11,,,0
