10019,'1196894',2045,,10329,6,,,0
10019,'1196915',1645,,10330,6,,,0
10019,'1196923',1045,,10331,6,,,0
10019,'1197054',2215,,10332,6,,,0
10019,'1197091',1445,,10333,6,,,0
10019,'1197121',1045,,10334,6,,,0
10019,'1197207',945,,10335,6,,,0
10019,'1197335',815,,10336,6,,,0
10019,'1197345',2115,,10337,6,,,0
10019,'1197397',1445,,10338,6,,,0
10019,'1197418',2345,,10339,6,,,0
10019,'1197505',1545,,10340,6,,,0
10019,'1197587',915,,10341,6,,,0
10019,'1197595',1045,,10342,6,,,0
10019,'1197737',1345,,10343,6,,,0
10019,'1197756',1845,,10344,6,,,0
10019,'1197759',1515,,10345,6,,,0
10019,'1197766',2245,,10346,6,,,0
10019,'1197915',1945,,10347,6,,,0
10019,'1197927',745,,10348,6,,,0
10019,'1197935',645,,10349,6,,,0
10019,'1197985',945,,10350,6,,,0
10019,'1198010',1815,,10351,6,,,0
10019,'1198016',1945,,10352,6,,,0
10019,'1198164',645,,10353,6,,,0
10019,'1198167',1545,,10354,6,,,0
10019,'1198226',1345,,10355,6,,,0
10019,'1198257',1445,,10356,6,,,0
10019,'1198280',2315,,10357,6,,,0
10019,'1198300',1545,,10358,6,,,0
10019,'1198361',2145,,10359,6,,,0
10019,'1198366',845,,10360,6,,,0
10019,'1198390',1845,,10361,6,,,0
10019,'1198410',1745,,10362,6,,,0
10019,'1198440',745,,10363,6,,,0
10019,'1198475',1145,,10364,6,,,0
10019,'1198480',2145,,10365,6,,,0
10019,'1198509',616,,10366,6,,,0
10019,'1198520',1245,,10367,6,,,0
10019,'1198542',2345,,10368,6,,,0
10019,'1198583',2245,,10369,6,,,0
10019,'1198726',1915,,10370,6,,,0
10019,'1198809',845,,10371,6,,,0
10019,'1198815',1645,,10372,6,,,0
10019,'1198881',1615,,10373,6,,,0
10019,'1198903',845,,10374,6,,,0
10019,'1198955',1145,,10375,6,,,0
10019,'1198962',1645,,10376,6,,,0
10019,'1198993',1145,,10377,6,,,0
10019,'1199007',2045,,10378,6,,,0
10019,'1199032',1345,,10379,6,,,0
10019,'1199053',1745,,10380,6,,,0
10019,'1199056',1745,,10381,6,,,0
10019,'1199257',1715,,10382,6,,,0
10019,'1199300',1245,,10383,6,,,0
10019,'1199321',945,,10384,6,,,0
10019,'1199323',2015,,10385,6,,,0
10019,'1199353',1245,,10386,6,,,0
10019,'1199424',715,,10387,6,,,0
10019,'1199598',745,,10388,6,,,0
103029,'1196853',1442,,11989,12,,,0
103029,'1196867',1312,,11990,12,,,0
103029,'1196892',1742,,11991,12,,,0
103029,'1196973',1733,,11992,12,,,0
103029,'1197031',1405,,11993,12,,,0
103029,'1197085',2042,,11994,12,,,0
103029,'1197108',1912,,11995,12,,,0
103029,'1197233',1002,,11996,12,,,0
103029,'1197315',1235,,11997,12,,,0
103029,'1197321',1105,,11998,12,,,0
103029,'1197346',1433,,11999,12,,,0
103029,'1197499',1834,,12000,12,,,0
103029,'1197743',805,,12001,12,,,0
103029,'1197784',935,,12002,12,,,0
103029,'1197852',1303,,12003,12,,,0
103029,'1198282',1133,,12004,12,,,0
103029,'1198444',1535,,12005,12,,,0
103029,'1198568',702,,12006,12,,,0
103029,'1198723',2004,,12007,12,,,0
103029,'1198855',832,,12008,12,,,0
103029,'1198880',1518,,12009,12,,,0
103029,'1198882',635,,12010,12,,,0
103029,'1198911',2134,,12011,12,,,0
103029,'1198914',1648,,12012,12,,,0
103029,'1198921',842,,12013,12,,,0
103029,'1198928',747,,12014,12,,,0
103029,'1198990',917,,12015,12,,,0
103029,'1199021',1612,,12016,12,,,0
103029,'1199109',2304,,12017,12,,,0
103029,'1199145',2212,,12018,12,,,0
103029,'1199146',1142,,12019,12,,,0
103029,'1199172',2202,,12020,12,,,0
103029,'1199215',2332,,12021,12,,,0
103029,'1199475',1902,,12022,12,,,0
103029,'1199565',1012,,12023,12,,,0
103029,'1199579',1603,,12024,12,,,0
103029,'1199581',2032,,12025,12,,,0
103029,'1199593',1705,,12026,12,,,0
