13019,'1196852',1337,,10793,30,,,0
13019,'1196856',1735,,10794,30,,,0
13019,'1196922',634,,10795,4,,,0
13019,'1196999',936,,10796,30,,,0
13019,'1197035',635,,10797,30,,,0
13019,'1197132',1507,,10798,30,,,0
13019,'1197251',1607,,10799,30,,,0
13019,'1197279',735,,10800,30,,,0
13019,'1197353',2305,,10801,30,,,0
13019,'1197357',1835,,10802,30,,,0
13019,'1197451',2235,,10803,30,,,0
13019,'1197487',836,,10804,30,,,0
13019,'1197555',1637,,10805,30,,,0
13019,'1197570',935,,10806,30,,,0
13019,'1197575',1635,,10807,30,,,0
13019,'1197641',2035,,10808,30,,,0
13019,'1197645',1707,,10809,30,,,0
13019,'1197648',705,,10810,30,,,0
13019,'1197690',1635,,10811,30,,,0
13019,'1197692',1737,,10812,30,,,0
13019,'1197730',1437,,10813,30,,,0
13019,'1197762',2410,,10814,30,,,0
13019,'1197803',735,,10815,30,,,0
13019,'1197834',1235,,10816,30,,,0
13019,'1197854',2035,,10817,30,,,0
13019,'1197962',1335,,10818,30,,,0
13019,'1197975',1038,,10819,30,,,0
13019,'1198041',1135,,10820,30,,,0
13019,'1198094',1805,,10821,30,,,0
13019,'1198160',835,,10822,30,,,0
13019,'1198201',1235,,10823,30,,,0
13019,'1198243',1835,,10824,30,,,0
13019,'1198290',2205,,10825,30,,,0
13019,'1198352',735,,10826,30,,,0
13019,'1198355',1905,,10827,30,,,0
13019,'1198382',805,,10828,30,,,0
13019,'1198402',2235,,10829,30,,,0
13019,'1198552',2135,,10830,30,,,0
13019,'1198554',1935,,10831,30,,,0
13019,'1198602',1135,,10832,30,,,0
13019,'1198611',2005,,10833,30,,,0
13019,'1198630',1537,,10834,30,,,0
13019,'1198675',1237,,10835,30,,,0
13019,'1198690',605,,10836,4,,,0
13019,'1198716',1035,,10837,30,,,0
13019,'1198729',1005,,10838,30,,,0
13019,'1198761',1335,,10839,30,,,0
13019,'1198778',935,,10840,30,,,0
13019,'1198837',2335,,10841,30,,,0
13019,'1198874',1137,,10842,30,,,0
13019,'1198888',906,,10843,30,,,0
13019,'1199044',835,,10844,30,,,0
13019,'1199123',1035,,10845,30,,,0
13019,'1199151',1435,,10846,30,,,0
13019,'1199233',1435,,10847,30,,,0
13019,'1199276',1535,,10848,30,,,0
13019,'1199284',2105,,10849,30,,,0
13019,'1199418',1935,,10850,30,,,0
13019,'1199448',1735,,10851,30,,,0
13019,'1199536',2135,,10852,30,,,0
13019,'1199588',2335,,10853,30,,,0
13019,'1199631',1535,,10854,30,,,0
