11029,'1199774',1518,,10550,3,,,0
11029,'1199777',932,,10551,3,,,0
11029,'1199778',1318,,10552,3,,,0
11029,'1199779',2317,,10553,3,,,0
11029,'1199780',1217,,10554,3,,,0
11029,'1199781',1132,,10555,3,,,0
11029,'1199782',1633,,10556,3,,,0
11029,'1199783',2217,,10557,3,,,0
11029,'1199785',1317,,10558,3,,,0
11029,'1199786',802,,10559,3,,,0
11029,'1199787',1618,,10560,3,,,0
11029,'1199788',1548,,10561,3,,,0
11029,'1199789',1433,,10562,3,,,0
11029,'1199790',1447,,10563,3,,,0
11029,'1199791',1117,,10564,3,,,0
11029,'1199792',1533,,10565,3,,,0
11029,'1199793',2332,,10566,3,,,0
11029,'1199794',817,,10567,3,,,0
11029,'1199795',1448,,10568,3,,,0
11029,'1199796',1147,,10569,3,,,0
11029,'1199797',1748,,10570,3,,,0
11029,'1199799',732,,10571,3,,,0
11029,'1199800',1703,,10572,3,,,0
11029,'1199804',917,,10573,3,,,0
11029,'1199808',1017,,10574,3,,,0
11029,'1199809',1718,,10575,3,,,0
11029,'1199810',1047,,10576,3,,,0
11029,'1199811',1032,,10577,3,,,0
11029,'1199812',1547,,10578,3,,,0
11029,'1199813',2317,,10579,3,,,0
11029,'1199814',1218,,10580,3,,,0
11029,'1199815',1617,,10581,3,,,0
11029,'1199816',1147,,10582,3,,,0
11029,'1199818',717,,10583,3,,,0
11029,'1199819',1117,,10584,3,,,0
11029,'1199820',1733,,10585,3,,,0
11029,'1199821',1517,,10586,3,,,0
11029,'1199823',1247,,10587,3,,,0
11029,'1199825',2017,,10588,3,,,0
11029,'1199826',2352,,10589,3,,,0
11029,'1199828',1403,,10590,3,,,0
11029,'1199830',1303,,10591,3,,,0
11029,'1199831',2002,,10592,3,,,0
11029,'1199834',632,,10593,3,,,0
11029,'1199836',747,,10594,3,,,0
11029,'1199838',1503,,10595,3,,,0
11029,'1199839',717,,10596,3,,,0
11029,'1199843',1333,,10597,3,,,0
11029,'1199844',2017,,10598,3,,,0
11029,'1199846',1418,,10599,3,,,0
11029,'1199847',917,,10600,3,,,0
11029,'1199848',902,,10601,3,,,0
11029,'1199849',2117,,10602,3,,,0
11029,'1199850',1517,,10603,3,,,0
11029,'1199852',702,,10604,3,,,0
11029,'1199853',947,,10605,3,,,0
11029,'1199854',832,,10606,3,,,0
11029,'1199855',1617,,10607,3,,,0
11029,'1199856',2117,,10608,3,,,0
11029,'1199858',1603,,10609,3,,,0
11029,'1199860',1017,,10610,3,,,0
11029,'1199862',1932,,10611,3,,,0
11029,'1199863',817,,10612,3,,,0
11029,'1199864',1203,,10613,3,,,0
11029,'1199865',1717,,10614,3,,,0
11029,'1199866',1217,,10615,3,,,0
11029,'1199867',2032,,10616,3,,,0
11029,'1199869',1417,,10617,3,,,0
11029,'1199870',1317,,10618,3,,,0
11029,'1199871',1347,,10619,3,,,0
11029,'1199873',2202,,10620,3,,,0
11029,'1199874',1102,,10621,3,,,0
11029,'1199875',1002,,10622,3,,,0
11029,'1199876',647,,10623,3,,,0
11029,'1199877',1717,,10624,3,,,0
11029,'1199878',1648,,10625,3,,,0
11029,'1199881',1817,,10626,3,,,0
11029,'1199882',1902,,10627,3,,,0
11029,'1199883',1117,,10628,3,,,0
11029,'1199884',1917,,10629,3,,,0
11029,'1199886',1917,,10630,3,,,0
11029,'1199889',717,,10631,3,,,0
11029,'1199890',2102,,10632,3,,,0
11029,'1199891',2217,,10633,3,,,0
11029,'1199892',1817,,10634,3,,,0
11029,'1199893',1017,,10635,3,,,0
11029,'1199898',847,,10636,3,,,0
11029,'1199899',1832,,10637,3,,,0
11029,'1199902',1802,,10638,3,,,0
11029,'1199903',917,,10639,3,,,0
11029,'1199904',1647,,10640,3,,,0
11029,'1199906',617,,10641,3,,,0
11029,'1199907',2302,,10642,3,,,0
11029,'1199910',2232,,10643,3,,,0
11029,'1199911',2132,,10644,3,,,0
11029,'1199912',1348,,10645,3,,,0
11029,'1199913',1233,,10646,3,,,0
11029,'1199914',1248,,10647,3,,,0
11029,'1199919',817,,10648,3,,,0
11029,'1199920',1417,,10649,3,,,0
