104019,'1196891',2334,,12027,21,,,0
104019,'1197169',2410,,12028,21,,,0
104019,'1197256',1338,,12029,21,,,0
104019,'1197286',2134,,12030,21,,,0
104019,'1197298',1208,,12031,21,,,0
104019,'1197387',2235,,12032,21,,,0
104019,'1197452',2005,,12033,21,,,0
104019,'1197544',920,,12034,21,,,0
104019,'1197547',1235,,12035,21,,,0
104019,'1197640',1534,,12036,21,,,0
104019,'1197714',1805,,12037,21,,,0
104019,'1197725',2105,,12038,21,,,0
104019,'1197761',734,,12039,21,,,0
104019,'1197801',1005,,12040,21,,,0
104019,'1197820',805,,12042,21,,,0
104019,'1197873',620,,12043,21,,,0
104019,'1197937',1505,,12044,21,,,0
104019,'1198060',1734,,12045,21,,,0
104019,'1198073',2350,,12046,21,,,0
104019,'1198077',2235,,12047,21,,,0
104019,'1198194',1123,,12048,21,,,0
104019,'1198253',1134,,12049,21,,,0
104019,'1198313',1508,,12050,21,,,0
104019,'1198322',1620,,12051,21,,,0
104019,'1198353',1253,,12052,21,,,0
104019,'1198411',934,,12053,21,,,0
104019,'1198567',1735,,12055,21,,,0
104019,'1198664',850,,12056,21,,,0
104019,'1198683',1350,,12057,21,,,0
104019,'1198738',1935,,12058,21,,,0
104019,'1198750',1934,,12059,21,,,0
104019,'1198780',850,,12060,21,,,0
104019,'1198913',1423,,12061,21,,,0
104019,'1198958',650,,12062,21,,,0
104019,'1199185',735,,12064,21,,,0
104019,'1199190',1120,,12065,21,,,0
104019,'1199331',1334,,12066,21,,,0
104019,'1199407',1850,,12067,21,,,0
104019,'1199459',1720,,12068,21,,,0
104019,'1199490',1638,,12069,21,,,0
104019,'1199539',1005,,12070,21,,,0
104019,'1199564',735,,12071,21,,,0
104019,'1199583',1553,,12072,21,,,0
104019,'1199617',2120,,12073,21,,,0
