26029,'1190602',1218,,8654,11,,,0
26029,'1190669',2217,,8656,11,,,0
26029,'1190686',1817,,8658,11,,,0
26029,'1190727',1717,,8660,11,,,0
26029,'1190889',617,,8661,11,,,0
26029,'1190895',1917,,8662,11,,,0
26029,'1190902',2117,,8663,11,,,0
26029,'1190943',1018,,8664,11,,,0
26029,'1191009',917,,8665,11,,,0
26029,'1191080',1517,,8666,11,,,0
26029,'1191118',1447,,8667,11,,,0
26029,'1191253',2217,,8669,11,,,0
26029,'1191440',817,,8671,11,,,0
26029,'1191491',717,,8673,11,,,0
26029,'1191544',1047,,8674,11,,,0
26029,'1191695',617,,8675,11,,,0
26029,'1191702',2118,,8676,11,,,0
26029,'1191808',2317,,8677,11,,,0
26029,'1191881',1718,,8678,11,,,0
26029,'1191902',817,,8679,11,,,0
26029,'1191938',1347,,8680,11,,,0
26029,'1191972',1318,,8682,11,,,0
26029,'1192047',1518,,8684,11,,,0
26029,'1192289',1118,,8687,11,,,0
26029,'1192423',1418,,8688,11,,,0
26029,'1192540',717,,8689,11,,,0
26029,'1192618',1618,,8690,11,,,0
26029,'1192622',2317,,8691,11,,,0
26029,'1192657',1818,,8693,11,,,0
26029,'1192671',1147,,8694,11,,,0
26029,'1192730',2018,,8695,11,,,0
26029,'1192852',917,,8697,11,,,0
26029,'1192966',1247,,8700,11,,,0
26029,'1193153',1618,,8702,11,,,0
26029,'1193187',2017,,8703,11,,,0
26029,'1193205',1017,,8704,11,,,0
26029,'1193297',1918,,8706,11,,,0
