26029,'1190602',1216,,8654,8,,,0
26029,'1190669',2216,,8656,8,,,0
26029,'1190686',1816,,8658,8,,,0
26029,'1190727',1716,,8660,8,,,0
26029,'1190889',615,,8661,8,,,0
26029,'1190895',1916,,8662,8,,,0
26029,'1190902',2116,,8663,8,,,0
26029,'1190943',1016,,8664,8,,,0
26029,'1191009',916,,8665,8,,,0
26029,'1191080',1516,,8666,8,,,0
26029,'1191118',1446,,8667,8,,,0
26029,'1191253',2215,,8669,8,,,0
26029,'1191440',816,,8671,8,,,0
26029,'1191491',715,,8673,8,,,0
26029,'1191544',1046,,8674,8,,,0
26029,'1191695',616,,8675,8,,,0
26029,'1191702',2116,,8676,8,,,0
26029,'1191808',2316,,8677,8,,,0
26029,'1191881',1716,,8678,8,,,0
26029,'1191902',815,,8679,8,,,0
26029,'1191938',1346,,8680,8,,,0
26029,'1191972',1316,,8682,8,,,0
26029,'1192047',1516,,8684,8,,,0
26029,'1192289',1116,,8687,8,,,0
26029,'1192423',1416,,8688,8,,,0
26029,'1192540',716,,8689,8,,,0
26029,'1192618',1617,,8690,8,,,0
26029,'1192622',2315,,8691,8,,,0
26029,'1192657',1816,,8693,8,,,0
26029,'1192671',1146,,8694,8,,,0
26029,'1192730',2016,,8695,8,,,0
26029,'1192852',915,,8697,8,,,0
26029,'1192966',1246,,8700,8,,,0
26029,'1193153',1616,,8702,8,,,0
26029,'1193187',2016,,8703,8,,,0
26029,'1193205',1016,,8704,8,,,0
26029,'1193297',1916,,8706,8,,,0
