3029,'1196871',638,,10230,10,,,0
3029,'1196875',2351,,10231,10,,,0
3029,'1196902',1539,,10232,10,,,0
3029,'1196918',1139,,10233,10,,,0
3029,'1196929',751,,10234,10,,,0
3029,'1197004',2138,,10235,10,,,0
3029,'1197012',1439,,10236,10,,,0
3029,'1197066',1851,,10237,10,,,0
3029,'1197101',1309,,10238,10,,,0
3029,'1197253',1551,,10239,10,,,0
3029,'1197290',808,,10240,10,,,0
3029,'1197380',2151,,10241,10,,,0
3029,'1197402',1609,,10242,10,,,0
3029,'1197413',2038,,10243,10,,,0
3029,'1197417',1051,,10244,10,,,0
3029,'1197427',2208,,10245,10,,,0
3029,'1197507',2338,,10246,10,,,0
3029,'1197510',1809,,10247,10,,,0
3029,'1197558',1008,,10248,10,,,0
3029,'1197601',938,,10249,10,,,0
3029,'1197654',1151,,10250,10,,,0
3029,'1197697',1209,,10251,10,,,0
3029,'1197823',1239,,10252,10,,,0
3029,'1197828',1409,,10253,10,,,0
3029,'1197856',1639,,10254,10,,,0
3029,'1197870',1339,,10255,10,,,0
3029,'1197895',2108,,10256,10,,,0
3029,'1197903',1938,,10257,10,,,0
3029,'1197920',1251,,10258,10,,,0
3029,'1197958',2238,,10259,10,,,0
3029,'1197998',2138,,10260,10,,,0
3029,'1198039',1651,,10261,10,,,0
3029,'1198070',1739,,10262,10,,,0
3029,'1198115',951,,10263,10,,,0
3029,'1198165',1751,,10264,10,,,0
3029,'1198246',1539,,10265,10,,,0
3029,'1198281',1739,,10266,10,,,0
3029,'1198295',738,,10267,10,,,0
3029,'1198310',2238,,10268,10,,,0
3029,'1198321',1038,,10269,10,,,0
3029,'1198363',1239,,10270,10,,,0
3029,'1198395',738,,10271,10,,,0
3029,'1198434',1509,,10272,10,,,0
3029,'1198445',1139,,10273,10,,,0
3029,'1198462',2038,,10274,10,,,0
3029,'1198484',2251,,10275,10,,,0
3029,'1198500',1709,,10276,10,,,0
3029,'1198518',938,,10277,10,,,0
3029,'1198562',1351,,10278,10,,,0
3029,'1198577',1439,,10279,10,,,0
3029,'1198614',638,,10280,10,,,0
3029,'1198734',1838,,10281,10,,,0
3029,'1198836',838,,10282,10,,,0
3029,'1198936',1451,,10283,10,,,0
3029,'1198983',2051,,10284,10,,,0
3029,'1199061',838,,10285,10,,,0
3029,'1199094',1938,,10286,10,,,0
3029,'1199112',2335,,10287,10,,,0
3029,'1199231',1951,,10288,10,,,0
3029,'1199421',1639,,10289,10,,,0
3029,'1199431',1038,,10290,10,,,0
3029,'1199453',1838,,10291,10,,,0
3029,'1199460',1339,,10292,10,,,0
3029,'1199521',908,,10293,10,,,0
3029,'1199533',1908,,10294,10,,,0
3029,'1199547',708,,10295,10,,,0
3029,'1199601',1108,,10296,10,,,0
3029,'1199629',851,,10297,10,,,0
3029,'1199646',2008,,10298,10,,,0
29029,'1196899',1235,,11779,2,,,0
29029,'1197015',1550,,11780,2,,,0
29029,'1197158',835,,11781,2,,,0
29029,'1197161',2035,,11782,2,,,0
29029,'1197340',950,,11783,2,,,0
29029,'1197455',1035,,11784,2,,,0
29029,'1197503',1335,,11785,2,,,0
29029,'1197514',1450,,11786,2,,,0
29029,'1197579',2235,,11787,2,,,0
29029,'1197580',2335,,11788,2,,,0
29029,'1197733',1050,,11789,2,,,0
29029,'1197827',1735,,11790,2,,,0
29029,'1198085',1635,,11791,2,,,0
29029,'1198192',1250,,11792,2,,,0
29029,'1198245',1150,,11793,2,,,0
29029,'1198309',935,,11794,2,,,0
29029,'1198331',2135,,11795,2,,,0
29029,'1198551',1835,,11796,2,,,0
29029,'1198575',1350,,11797,2,,,0
29029,'1198844',1535,,11798,2,,,0
29029,'1199028',735,,11799,2,,,0
29029,'1199153',1435,,11800,2,,,0
29029,'1199188',1135,,11801,2,,,0
29029,'1199343',1935,,11802,2,,,0
190001029,'1196847',1109,,12633,13,,,0
190001029,'1196850',1323,,12634,13,,,0
190001029,'1196860',1754,,12635,13,,,0
190001029,'1196897',1641,,12636,13,,,0
190001029,'1196906',1739,,12637,13,,,0
190001029,'1196908',1354,,12638,13,,,0
190001029,'1196953',1209,,12639,13,,,0
190001029,'1196957',1239,,12640,13,,,0
190001029,'1196963',1624,,12641,13,,,0
190001029,'1197018',1356,,12642,13,,,0
190001029,'1197048',2359,,12643,13,,,0
190001029,'1197052',1739,,12644,13,,,0
190001029,'1197074',1311,,12645,13,,,0
190001029,'1197089',1824,,12646,13,,,0
190001029,'1197125',709,,12647,13,,,0
190001029,'1197135',1541,,12648,13,,,0
190001029,'1197148',1023,,12649,13,,,0
190001029,'1197153',1039,,12650,13,,,0
190001029,'1197176',1424,,12651,13,,,0
190001029,'1197177',2024,,12652,13,,,0
190001029,'1197199',1411,,12653,13,,,0
190001029,'1197224',1524,,12654,13,,,0
190001029,'1197245',1526,,12655,13,,,0
190001029,'1197247',2309,,12656,13,,,0
190001029,'1197252',1523,,12657,13,,,0
190001029,'1197260',1839,,12658,13,,,0
190001029,'1197284',1154,,12659,13,,,0
190001029,'1197289',654,,12660,13,,,0
190001029,'1197291',1256,,12661,13,,,0
190001029,'1197301',1324,,12662,13,,,0
190001029,'1197338',1656,,12663,13,,,0
190001029,'1197391',1824,,12664,13,,,0
190001029,'1197396',1111,,12665,13,,,0
190001029,'1197428',2009,,12666,13,,,0
190001029,'1197434',1454,,12667,13,,,0
190001029,'1197476',1124,,12668,13,,,0
190001029,'1197511',1509,,12669,13,,,0
190001029,'1197533',1409,,12670,13,,,0
190001029,'1197582',1626,,12671,13,,,0
190001029,'1197659',1611,,12672,13,,,0
190001029,'1197668',823,,12673,13,,,0
190001029,'1197682',1139,,12674,13,,,0
190001029,'1197683',2039,,12675,13,,,0
190001029,'1197684',1156,,12676,13,,,0
190001029,'1197778',1141,,12677,13,,,0
190001029,'1197833',1456,,12678,13,,,0
190001029,'1197836',1341,,12679,13,,,0
190001029,'1197848',2109,,12680,13,,,0
190001029,'1197886',1441,,12681,13,,,0
190001029,'1197890',754,,12682,13,,,0
190001029,'1197905',1011,,12683,13,,,0
190001029,'1197913',2209,,12684,13,,,0
190001029,'1197921',1254,,12685,13,,,0
190001029,'1197922',954,,12686,13,,,0
190001029,'1197992',1556,,12687,13,,,0
190001029,'1197993',909,,12688,13,,,0
190001029,'1198050',609,,12689,13,,,0
190001029,'1198051',1823,,12690,13,,,0
190001029,'1198052',839,,12691,13,,,0
190001029,'1198054',1423,,12692,13,,,0
190001029,'1198082',1654,,12693,13,,,0
190001029,'1198095',1924,,12694,13,,,0
190001029,'1198106',2239,,12695,13,,,0
190001029,'1198117',723,,12696,13,,,0
190001029,'1198128',1123,,12697,13,,,0
190001029,'1198174',939,,12698,13,,,0
190001029,'1198223',2323,,12699,13,,,0
190001029,'1198252',1426,,12700,13,,,0
190001029,'1198272',809,,12701,13,,,0
190001029,'1198293',1726,,12702,13,,,0
190001029,'1198306',854,,12703,13,,,0
190001029,'1198323',739,,12704,13,,,0
190001029,'1198373',1241,,12705,13,,,0
190001029,'1198398',2339,,12706,13,,,0
190001029,'1198415',923,,12707,13,,,0
190001029,'1198446',1809,,12708,13,,,0
190001029,'1198450',1754,,12709,13,,,0
190001029,'1198459',739,,12710,13,,,0
190001029,'1198491',2039,,12711,13,,,0
190001029,'1198504',839,,12712,13,,,0
190001029,'1198519',2339,,12713,13,,,0
190001029,'1198527',639,,12714,13,,,0
190001029,'1198576',2123,,12715,13,,,0
190001029,'1198589',2309,,12716,13,,,0
190001029,'1198594',809,,12717,13,,,0
190001029,'1198620',2223,,12718,13,,,0
190001029,'1198634',1439,,12719,13,,,0
190001029,'1198641',709,,12720,13,,,0
190001029,'1198687',1054,,12721,13,,,0
190001029,'1198747',924,,12722,13,,,0
190001029,'1198758',2054,,12723,13,,,0
190001029,'1198798',1709,,12724,13,,,0
190001029,'1198839',1839,,12725,13,,,0
190001029,'1198853',2139,,12726,13,,,0
190001029,'1198897',1554,,12727,13,,,0
190001029,'1198906',2109,,12728,13,,,0
190001029,'1198916',1711,,12729,13,,,0
190001029,'1198939',1809,,12730,13,,,0
190001029,'1198946',2239,,12731,13,,,0
190001029,'1198952',1923,,12732,13,,,0
190001029,'1198977',2124,,12733,13,,,0
190001029,'1198982',1723,,12734,13,,,0
190001029,'1199067',1939,,12735,13,,,0
190001029,'1199081',1126,,12736,13,,,0
190001029,'1199082',724,,12737,13,,,0
190001029,'1199103',1724,,12738,13,,,0
190001029,'1199165',1339,,12739,13,,,0
190001029,'1199204',1224,,12740,13,,,0
190001029,'1199210',1954,,12741,13,,,0
190001029,'1199221',1211,,12742,13,,,0
190001029,'1199226',1939,,12743,13,,,0
190001029,'1199256',1223,,12744,13,,,0
190001029,'1199270',1326,,12745,13,,,0
190001029,'1199289',1026,,12746,13,,,0
190001029,'1199303',639,,12747,13,,,0
190001029,'1199322',1056,,12748,13,,,0
190001029,'1199332',939,,12749,13,,,0
190001029,'1199345',1024,,12750,13,,,0
190001029,'1199364',1511,,12751,13,,,0
190001029,'1199390',1041,,12752,13,,,0
190001029,'1199391',1226,,12753,13,,,0
190001029,'1199399',1309,,12754,13,,,0
190001029,'1199406',1539,,12755,13,,,0
190001029,'1199432',1009,,12756,13,,,0
190001029,'1199451',954,,12757,13,,,0
190001029,'1199467',1909,,12758,13,,,0
190001029,'1199482',1639,,12759,13,,,0
190001029,'1199489',624,,12760,13,,,0
190001029,'1199514',1909,,12761,13,,,0
190001029,'1199524',2209,,12762,13,,,0
190001029,'1199526',2023,,12763,13,,,0
190001029,'1199555',824,,12764,13,,,0
190001029,'1199558',1623,,12765,13,,,0
190001029,'1199571',2009,,12766,13,,,0
190001029,'1199594',1609,,12767,13,,,0
190001029,'1199596',2139,,12768,13,,,0
190001029,'1199644',909,,12769,13,,,0
190001029,'1199650',1854,,12770,13,,,0
