24019,'1196934',637,,11187,12,,,0
24019,'1196988',807,,11188,12,,,0
24019,'1197014',2107,,11189,12,,,0
24019,'1197021',2357,,11190,12,,,0
24019,'1197025',707,,11191,12,,,0
24019,'1197047',1439,,11192,12,,,0
24019,'1197094',1007,,11193,12,,,0
24019,'1197127',2237,,11194,12,,,0
24019,'1197154',923,,11195,12,,,0
24019,'1197203',1607,,11196,12,,,0
24019,'1197210',1323,,11197,12,,,0
24019,'1197244',607,,11198,12,,,0
24019,'1197285',1807,,11199,12,,,0
24019,'1197390',1707,,11200,12,,,0
24019,'1197431',1539,,11201,12,,,0
24019,'1197489',2223,,11202,12,,,0
24019,'1197506',1108,,11203,12,,,0
24019,'1197518',1709,,11204,12,,,0
24019,'1197546',1008,,11205,12,,,0
24019,'1197591',1907,,11206,12,,,0
24019,'1197620',908,,11207,12,,,0
24019,'1197680',1409,,11208,12,,,0
24019,'1197686',1923,,11209,12,,,0
24019,'1197707',1308,,11210,12,,,0
24019,'1197750',2137,,11211,12,,,0
24019,'1197764',1639,,11212,12,,,0
24019,'1197783',2123,,11213,12,,,0
24019,'1197805',737,,11214,12,,,0
24019,'1197843',1623,,11215,12,,,0
24019,'1197844',1208,,11216,12,,,0
24019,'1197878',1423,,11217,12,,,0
24019,'1197883',1309,,11218,12,,,0
24019,'1197954',1823,,11219,12,,,0
24019,'1197955',707,,11220,12,,,0
24019,'1197996',807,,11221,12,,,0
24019,'1198055',1408,,11222,12,,,0
24019,'1198087',1109,,11223,12,,,0
24019,'1198107',1523,,11224,12,,,0
24019,'1198126',2007,,11225,12,,,0
24019,'1198142',937,,11226,12,,,0
24019,'1198175',1609,,11227,12,,,0
24019,'1198559',1837,,11228,12,,,0
24019,'1198657',2323,,11229,12,,,0
24019,'1198659',823,,11230,12,,,0
24019,'1198709',1723,,11231,12,,,0
24019,'1198800',2023,,11232,12,,,0
24019,'1198948',907,,11233,12,,,0
24019,'1198975',1223,,11234,12,,,0
24019,'1199043',1023,,11235,12,,,0
24019,'1199106',723,,11236,12,,,0
24019,'1199219',2207,,11237,12,,,0
24019,'1199387',837,,11238,12,,,0
24019,'1199435',1123,,11239,12,,,0
24019,'1199454',2037,,11240,12,,,0
24019,'1199463',1509,,11241,12,,,0
24019,'1199504',1209,,11242,12,,,0
24019,'1199506',1508,,11243,12,,,0
24019,'1199592',1937,,11244,12,,,0
24019,'1199595',1739,,11245,12,,,0
24019,'1199609',2307,,11246,12,,,0
