2019,'1196937',932,,9945,23,,,0
2019,'1196952',1932,,9946,23,,,0
2019,'1196959',732,,9947,23,,,0
2019,'1196966',1017,,9948,23,,,0
2019,'1196990',932,,9949,23,,,0
2019,'1196992',1705,,9950,23,,,0
2019,'1196993',2102,,9951,23,,,0
2019,'1197022',1332,,9952,23,,,0
2019,'1197046',2402,,9953,23,,,0
2019,'1197068',1218,,9954,23,,,0
2019,'1197140',834,,9955,23,,,0
2019,'1197142',2232,,9956,23,,,0
2019,'1197156',704,,9957,23,,,0
2019,'1197159',1250,,9958,23,,,0
2019,'1197165',1318,,9959,23,,,0
2019,'1197200',2048,,9960,23,,,0
2019,'1197205',2332,,9961,23,,,0
2019,'1197230',1605,,9962,23,,,0
2019,'1197258',1535,,9963,23,,,0
2019,'1197273',1832,,9964,23,,,0
2019,'1197277',1019,,9965,23,,,0
2019,'1197304',2032,,9966,23,,,0
2019,'1197311',1805,,9967,23,,,0
2019,'1197384',849,,9968,23,,,0
2019,'1197388',1518,,9969,23,,,0
2019,'1197409',1405,,9970,23,,,0
2019,'1197517',1550,,9971,23,,,0
2019,'1197526',1148,,9972,23,,,0
2019,'1197532',1232,,9973,23,,,0
2019,'1197541',1818,,9974,23,,,0
2019,'1197604',1948,,9975,23,,,0
2019,'1197630',1235,,9976,23,,,0
2019,'1197631',1748,,9977,23,,,0
2019,'1197670',949,,9978,23,,,0
2019,'1197671',1350,,9979,23,,,0
2019,'1197694',1918,,9980,23,,,0
2019,'1197780',1034,,9981,23,,,0
2019,'1197798',1848,,9982,23,,,0
2019,'1197818',1432,,9983,23,,,0
2019,'1197842',1305,,9984,23,,,0
2019,'1197864',2132,,9985,23,,,0
2019,'1197879',1418,,9986,23,,,0
2019,'1197881',1032,,9987,23,,,0
2019,'1197904',904,,9988,23,,,0
2019,'1197931',1204,,9989,23,,,0
2019,'1197939',1520,,9990,23,,,0
2019,'1197952',2408,,9991,23,,,0
2019,'1197970',934,,9992,23,,,0
2019,'1197994',1134,,9993,23,,,0
2019,'1198000',719,,9994,23,,,0
2019,'1198018',734,,9995,23,,,0
2019,'1198034',819,,9996,23,,,0
2019,'1198058',1620,,9997,23,,,0
2019,'1198063',1650,,9998,23,,,0
2019,'1198138',1648,,9999,23,,,0
2019,'1198180',1049,,10000,23,,,0
2019,'1198182',1220,,10001,23,,,0
2019,'1198197',2232,,10002,23,,,0
2019,'1198230',2118,,10003,23,,,0
2019,'1198247',1505,,10004,23,,,0
2019,'1198270',1932,,10005,23,,,0
2019,'1198273',749,,10006,23,,,0
2019,'1198286',802,,10007,23,,,0
2019,'1198328',1735,,10008,23,,,0
2019,'1198379',1750,,10010,23,,,0
2019,'1198387',1548,,10011,23,,,0
2019,'1198392',1149,,10012,23,,,0
2019,'1198443',2017,,10013,23,,,0
2019,'1198453',2147,,10014,23,,,0
2019,'1198468',1248,,10015,23,,,0
2019,'1198483',1732,,10016,23,,,0
2019,'1198564',1119,,10017,23,,,0
2019,'1198584',2317,,10018,23,,,0
2019,'1198637',1635,,10019,23,,,0
2019,'1198722',1532,,10020,23,,,0
2019,'1198740',919,,10021,23,,,0
2019,'1198744',1847,,10022,23,,,0
2019,'1198846',847,,10023,23,,,0
2019,'1198873',649,,10024,23,,,0
2019,'1198904',1348,,10025,23,,,0
2019,'1198940',2218,,10026,23,,,0
2019,'1199047',1320,,10027,23,,,0
2019,'1199073',1718,,10028,23,,,0
2019,'1199085',2148,,10029,23,,,0
2019,'1199096',1448,,10030,23,,,0
2019,'1199176',1047,,10031,23,,,0
2019,'1199234',2018,,10032,23,,,0
2019,'1199238',717,,10033,23,,,0
2019,'1199242',1132,,10034,23,,,0
2019,'1199272',1004,,10035,23,,,0
2019,'1199326',2318,,10036,23,,,0
2019,'1199327',1420,,10037,23,,,0
2019,'1199334',1632,,10038,23,,,0
2019,'1199352',1720,,10039,23,,,0
2019,'1199368',1450,,10040,23,,,0
2019,'1199372',1817,,10041,23,,,0
2019,'1199378',1435,,10042,23,,,0
2019,'1199438',1104,,10043,23,,,0
2019,'1199439',804,,10044,23,,,0
2019,'1199485',1335,,10045,23,,,0
2019,'1199505',832,,10046,23,,,0
2019,'1199525',2248,,10047,23,,,0
2019,'1199540',1118,,10048,23,,,0
2019,'1199630',2348,,10049,23,,,0
2019,'1199652',1618,,10050,23,,,0
11029,'1199774',1545,,10550,35,,,0
11029,'1199777',959,,10551,35,,,0
11029,'1199778',1345,,10552,35,,,0
11029,'1199779',2341,,10553,35,,,0
11029,'1199781',1159,,10555,35,,,0
11029,'1199782',1700,,10556,35,,,0
11029,'1199785',1341,,10558,35,,,0
11029,'1199786',829,,10559,35,,,0
11029,'1199787',1645,,10560,35,,,0
11029,'1199788',1615,,10561,35,,,0
11029,'1199789',1500,,10562,35,,,0
11029,'1199790',1511,,10563,35,,,0
11029,'1199791',1141,,10564,35,,,0
11029,'1199792',1600,,10565,35,,,0
11029,'1199793',2359,,10566,35,,,0
11029,'1199794',844,,10567,35,,,0
11029,'1199795',1515,,10568,35,,,0
11029,'1199796',1214,,10569,35,,,0
11029,'1199797',1815,,10570,35,,,0
11029,'1199799',759,,10571,35,,,0
11029,'1199800',1730,,10572,35,,,0
11029,'1199804',944,,10573,35,,,0
11029,'1199809',1745,,10575,35,,,0
11029,'1199810',1114,,10576,35,,,0
11029,'1199811',1059,,10577,35,,,0
11029,'1199812',1611,,10578,35,,,0
11029,'1199814',1245,,10580,35,,,0
11029,'1199815',1641,,10581,35,,,0
11029,'1199816',1211,,10582,35,,,0
11029,'1199818',744,,10583,35,,,0
11029,'1199819',1144,,10584,35,,,0
11029,'1199820',1800,,10585,35,,,0
11029,'1199821',1541,,10586,35,,,0
11029,'1199823',1311,,10587,35,,,0
11029,'1199825',2041,,10588,35,,,0
11029,'1199826',2419,,10589,35,,,0
11029,'1199828',1430,,10590,35,,,0
11029,'1199830',1330,,10591,35,,,0
11029,'1199831',2029,,10592,35,,,0
11029,'1199834',659,,10593,35,,,0
11029,'1199836',814,,10594,35,,,0
11029,'1199838',1530,,10595,35,,,0
11029,'1199843',1400,,10597,35,,,0
11029,'1199846',1445,,10599,35,,,0
11029,'1199848',929,,10601,35,,,0
11029,'1199852',729,,10604,35,,,0
11029,'1199853',1014,,10605,35,,,0
11029,'1199854',859,,10606,35,,,0
11029,'1199856',2141,,10608,35,,,0
11029,'1199858',1630,,10609,35,,,0
11029,'1199860',1044,,10610,35,,,0
11029,'1199862',1959,,10611,35,,,0
11029,'1199863',841,,10612,35,,,0
11029,'1199864',1230,,10613,35,,,0
11029,'1199865',1741,,10614,35,,,0
11029,'1199866',1241,,10615,35,,,0
11029,'1199867',2059,,10616,35,,,0
11029,'1199869',1441,,10617,35,,,0
11029,'1199871',1411,,10619,35,,,0
11029,'1199873',2229,,10620,35,,,0
11029,'1199874',1129,,10621,35,,,0
11029,'1199875',1029,,10622,35,,,0
11029,'1199876',714,,10623,35,,,0
11029,'1199878',1715,,10625,35,,,0
11029,'1199881',1841,,10626,35,,,0
11029,'1199882',1929,,10627,35,,,0
11029,'1199886',1941,,10630,35,,,0
11029,'1199889',741,,10631,35,,,0
11029,'1199890',2129,,10632,35,,,0
11029,'1199891',2241,,10633,35,,,0
11029,'1199893',1041,,10635,35,,,0
11029,'1199898',914,,10636,35,,,0
11029,'1199899',1859,,10637,35,,,0
11029,'1199902',1829,,10638,35,,,0
11029,'1199903',941,,10639,35,,,0
11029,'1199904',1711,,10640,35,,,0
11029,'1199906',644,,10641,35,,,0
11029,'1199907',2329,,10642,35,,,0
11029,'1199910',2259,,10643,35,,,0
11029,'1199911',2159,,10644,35,,,0
11029,'1199912',1415,,10645,35,,,0
11029,'1199913',1300,,10646,35,,,0
11029,'1199914',1315,,10647,35,,,0
