10019,'1196894',2045,,10329,7,,,0
10019,'1196915',1645,,10330,7,,,0
10019,'1196923',1045,,10331,7,,,0
10019,'1197054',2215,,10332,7,,,0
10019,'1197091',1445,,10333,7,,,0
10019,'1197121',1045,,10334,7,,,0
10019,'1197207',945,,10335,7,,,0
10019,'1197335',815,,10336,7,,,0
10019,'1197345',2115,,10337,7,,,0
10019,'1197397',1445,,10338,7,,,0
10019,'1197418',2345,,10339,7,,,0
10019,'1197505',1545,,10340,7,,,0
10019,'1197587',915,,10341,7,,,0
10019,'1197595',1045,,10342,7,,,0
10019,'1197737',1345,,10343,7,,,0
10019,'1197756',1845,,10344,7,,,0
10019,'1197759',1515,,10345,7,,,0
10019,'1197766',2245,,10346,7,,,0
10019,'1197915',1945,,10347,7,,,0
10019,'1197927',745,,10348,7,,,0
10019,'1197935',645,,10349,7,,,0
10019,'1197985',945,,10350,7,,,0
10019,'1198010',1815,,10351,7,,,0
10019,'1198016',1945,,10352,7,,,0
10019,'1198164',645,,10353,7,,,0
10019,'1198167',1545,,10354,7,,,0
10019,'1198226',1345,,10355,7,,,0
10019,'1198257',1445,,10356,7,,,0
10019,'1198280',2315,,10357,7,,,0
10019,'1198300',1545,,10358,7,,,0
10019,'1198361',2145,,10359,7,,,0
10019,'1198366',845,,10360,7,,,0
10019,'1198390',1845,,10361,7,,,0
10019,'1198410',1745,,10362,7,,,0
10019,'1198440',745,,10363,7,,,0
10019,'1198475',1145,,10364,7,,,0
10019,'1198480',2145,,10365,7,,,0
10019,'1198509',616,,10366,7,,,0
10019,'1198520',1245,,10367,7,,,0
10019,'1198542',2345,,10368,7,,,0
10019,'1198583',2245,,10369,7,,,0
10019,'1198726',1915,,10370,7,,,0
10019,'1198809',845,,10371,7,,,0
10019,'1198815',1645,,10372,7,,,0
10019,'1198881',1615,,10373,7,,,0
10019,'1198903',845,,10374,7,,,0
10019,'1198955',1145,,10375,7,,,0
10019,'1198962',1645,,10376,7,,,0
10019,'1198993',1145,,10377,7,,,0
10019,'1199007',2045,,10378,7,,,0
10019,'1199032',1345,,10379,7,,,0
10019,'1199053',1745,,10380,7,,,0
10019,'1199056',1745,,10381,7,,,0
10019,'1199257',1715,,10382,7,,,0
10019,'1199300',1245,,10383,7,,,0
10019,'1199321',945,,10384,7,,,0
10019,'1199323',2015,,10385,7,,,0
10019,'1199353',1245,,10386,7,,,0
10019,'1199424',715,,10387,7,,,0
10019,'1199598',745,,10388,7,,,0
103029,'1196853',1442,,11989,13,,,0
103029,'1196867',1312,,11990,13,,,0
103029,'1196892',1742,,11991,13,,,0
103029,'1196973',1733,,11992,13,,,0
103029,'1197031',1405,,11993,13,,,0
103029,'1197085',2042,,11994,13,,,0
103029,'1197108',1912,,11995,13,,,0
103029,'1197233',1002,,11996,13,,,0
103029,'1197315',1235,,11997,13,,,0
103029,'1197321',1105,,11998,13,,,0
103029,'1197346',1433,,11999,13,,,0
103029,'1197499',1834,,12000,13,,,0
103029,'1197743',805,,12001,13,,,0
103029,'1197784',935,,12002,13,,,0
103029,'1197852',1303,,12003,13,,,0
103029,'1198282',1133,,12004,13,,,0
103029,'1198444',1535,,12005,13,,,0
103029,'1198568',702,,12006,13,,,0
103029,'1198723',2004,,12007,13,,,0
103029,'1198855',832,,12008,13,,,0
103029,'1198880',1518,,12009,13,,,0
103029,'1198882',635,,12010,13,,,0
103029,'1198911',2134,,12011,13,,,0
103029,'1198914',1648,,12012,13,,,0
103029,'1198921',842,,12013,13,,,0
103029,'1198928',747,,12014,13,,,0
103029,'1198990',917,,12015,13,,,0
103029,'1199021',1612,,12016,13,,,0
103029,'1199109',2304,,12017,13,,,0
103029,'1199145',2212,,12018,13,,,0
103029,'1199146',1142,,12019,13,,,0
103029,'1199172',2202,,12020,13,,,0
103029,'1199215',2332,,12021,13,,,0
103029,'1199475',1902,,12022,13,,,0
103029,'1199565',1012,,12023,13,,,0
103029,'1199579',1603,,12024,13,,,0
103029,'1199581',2032,,12025,13,,,0
103029,'1199593',1705,,12026,13,,,0
