4029,'1196947',1731,,10314,10,,,0
4029,'1196960',1431,,10315,10,,,0
4029,'1197081',1631,,10316,10,,,0
4029,'1197217',1701,,10317,10,,,0
4029,'1197243',831,,10318,10,,,0
4029,'1197423',1401,,10319,10,,,0
4029,'1198231',1801,,10320,10,,,0
4029,'1198271',1531,,10321,10,,,0
4029,'1198399',801,,10322,10,,,0
4029,'1198606',1001,,10323,10,,,0
4029,'1198651',1501,,10324,10,,,0
4029,'1199058',731,,10325,10,,,0
4029,'1199062',901,,10326,10,,,0
4029,'1199498',1601,,10327,10,,,0
4029,'1199611',931,,10328,10,,,0
190001019,'1196837',1347,,12495,17,,,0
190001019,'1196862',1639,,12496,17,,,0
190001019,'1196877',1901,,12497,17,,,0
190001019,'1196883',1232,,12498,17,,,0
190001019,'1196901',630,,12499,17,,,0
190001019,'1196926',816,,12500,17,,,0
190001019,'1196927',1931,,12501,17,,,0
190001019,'1196941',2004,,12502,17,,,0
190001019,'1196956',1302,,12503,17,,,0
190001019,'1196974',1247,,12504,17,,,0
190001019,'1197019',1424,,12505,17,,,0
190001019,'1197037',1739,,12506,17,,,0
190001019,'1197055',1916,,12507,17,,,0
190001019,'1197061',1404,,12508,17,,,0
190001019,'1197062',1517,,12509,17,,,0
190001019,'1197067',1754,,12510,17,,,0
190001019,'1197087',1102,,12511,17,,,0
190001019,'1197116',730,,12512,17,,,0
190001019,'1197124',2330,,12513,17,,,0
190001019,'1197149',1217,,12514,17,,,0
190001019,'1197157',946,,12515,17,,,0
190001019,'1197183',2200,,12516,17,,,0
190001019,'1197196',1632,,12517,17,,,0
190001019,'1197239',1402,,12518,17,,,0
190001019,'1197241',931,,12519,17,,,0
190001019,'1197275',904,,12520,17,,,0
190001019,'1197336',1817,,12521,17,,,0
190001019,'1197358',1104,,12522,17,,,0
190001019,'1197359',831,,12523,17,,,0
190001019,'1197381',1717,,12524,17,,,0
190001019,'1197382',1704,,12525,17,,,0
190001019,'1197450',1801,,12526,17,,,0
190001019,'1197483',1117,,12527,17,,,0
190001019,'1197488',1432,,12528,17,,,0
190001019,'1197500',901,,12529,17,,,0
190001019,'1197524',930,,12530,17,,,0
190001019,'1197530',1617,,12531,17,,,0
190001019,'1197543',1604,,12532,17,,,0
190001019,'1197562',2001,,12533,17,,,0
190001019,'1197598',1454,,12534,17,,,0
190001019,'1197653',1032,,12535,17,,,0
190001019,'1197698',1015,,12536,17,,,0
190001019,'1197706',1004,,12537,17,,,0
190001019,'1197709',1117,,12538,17,,,0
190001019,'1197713',1802,,12539,17,,,0
190001019,'1197736',1347,,12540,17,,,0
190001019,'1197746',916,,12541,17,,,0
190001019,'1197811',1845,,12542,17,,,0
190001019,'1197845',1402,,12543,17,,,0
190001019,'1197867',2230,,12544,17,,,0
190001019,'1197877',1102,,12545,17,,,0
190001019,'1197919',1047,,12546,17,,,0
190001019,'1197924',1946,,12547,17,,,0
190001019,'1197933',1747,,12548,17,,,0
190001019,'1197942',1830,,12549,17,,,0
190001019,'1197950',1439,,12550,17,,,0
190001019,'1197953',1032,,12551,17,,,0
190001019,'1197956',1317,,12552,17,,,0
190001019,'1198005',1732,,12553,17,,,0
190001019,'1198015',2404,,12554,17,,,0
190001019,'1198030',2104,,12555,17,,,0
190001019,'1198047',1504,,12556,17,,,0
190001019,'1198065',2100,,12557,17,,,0
190001019,'1198066',701,,12558,17,,,0
190001019,'1198075',2200,,12559,17,,,0
190001019,'1198104',1000,,12560,17,,,0
190001019,'1198135',2016,,12561,17,,,0
190001019,'1198157',2300,,12562,17,,,0
190001019,'1198172',1804,,12563,17,,,0
190001019,'1198202',1147,,12564,17,,,0
190001019,'1198216',1232,,12565,17,,,0
190001019,'1198221',2145,,12566,17,,,0
190001019,'1198238',801,,12567,17,,,0
190001019,'1198255',646,,12568,17,,,0
190001019,'1198261',1846,,12569,17,,,0
190001019,'1198292',1147,,12570,17,,,0
190001019,'1198298',1702,,12571,17,,,0
190001019,'1198311',1609,,12572,17,,,0
190001019,'1198339',1930,,12573,17,,,0
190001019,'1198343',1509,,12574,17,,,0
190001019,'1198372',804,,12575,17,,,0
190001019,'1198396',1724,,12576,17,,,0
190001019,'1198407',1202,,12577,17,,,0
190001019,'1198441',1624,,12578,17,,,0
190001019,'1198467',1831,,12579,17,,,0
190001019,'1198471',1547,,12580,17,,,0
190001019,'1198476',1304,,12581,17,,,0
190001019,'1198499',2304,,12582,17,,,0
190001019,'1198534',2400,,12583,17,,,0
190001019,'1198547',1016,,12584,17,,,0
190001019,'1198574',1532,,12585,17,,,0
190001019,'1198598',830,,12586,17,,,0
190001019,'1198607',900,,12587,17,,,0
190001019,'1198613',2230,,12588,17,,,0
190001019,'1198622',2000,,12589,17,,,0
190001019,'1198646',2116,,12590,17,,,0
190001019,'1198647',700,,12591,17,,,0
190001019,'1198653',2101,,12592,17,,,0
190001019,'1198674',1202,,12593,17,,,0
190001019,'1198678',2046,,12594,17,,,0
190001019,'1198685',2031,,12595,17,,,0
190001019,'1198700',1132,,12596,17,,,0
190001019,'1198707',1417,,12597,17,,,0
190001019,'1198721',1047,,12598,17,,,0
190001019,'1198724',1539,,12599,17,,,0
190001019,'1198784',1217,,12600,17,,,0
190001019,'1198792',1900,,12601,17,,,0
190001019,'1198804',1204,,12602,17,,,0
190001019,'1198821',716,,12603,17,,,0
190001019,'1198827',2130,,12604,17,,,0
190001019,'1198852',2204,,12605,17,,,0
190001019,'1198857',1647,,12606,17,,,0
190001019,'1198864',1816,,12607,17,,,0
190001019,'1198929',1602,,12608,17,,,0
190001019,'1198949',1247,,12609,17,,,0
190001019,'1198960',1904,,12610,17,,,0
190001019,'1198974',1302,,12611,17,,,0
190001019,'1198988',1332,,12612,17,,,0
190001019,'1198997',1447,,12613,17,,,0
190001019,'1199029',2300,,12614,17,,,0
190001019,'1199121',1654,,12615,17,,,0
190001019,'1199126',1332,,12616,17,,,0
190001019,'1199140',2420,,12617,17,,,0
190001019,'1199142',1132,,12618,17,,,0
190001019,'1199166',800,,12619,17,,,0
190001019,'1199192',2030,,12620,17,,,0
190001019,'1199228',746,,12621,17,,,0
190001019,'1199318',1524,,12622,17,,,0
190001019,'1199339',1709,,12623,17,,,0
190001019,'1199371',731,,12624,17,,,0
190001019,'1199373',846,,12625,17,,,0
190001019,'1199385',1317,,12626,17,,,0
190001019,'1199427',1502,,12627,17,,,0
190001019,'1199436',1554,,12628,17,,,0
190001019,'1199510',2330,,12629,17,,,0
190001019,'1199550',2400,,12630,17,,,0
190001019,'1199551',2130,,12631,17,,,0
190001019,'1199648',1001,,12632,17,,,0
