105029,'1196840',2253,,12163,12,,,0
105029,'1196987',1008,,12164,12,,,0
105029,'1196996',1639,,12165,12,,,0
105029,'1197020',1522,,12166,12,,,0
105029,'1197097',1739,,12167,12,,,0
105029,'1197137',2007,,12168,12,,,0
105029,'1197220',1953,,12169,12,,,0
105029,'1197228',1454,,12170,12,,,0
105029,'1197231',723,,12171,12,,,0
105029,'1197439',1122,,12172,12,,,0
105029,'1197501',1922,,12173,12,,,0
105029,'1197522',2122,,12174,12,,,0
105029,'1197561',954,,12175,12,,,0
105029,'1197638',922,,12176,12,,,0
105029,'1197840',2053,,12177,12,,,0
105029,'1197853',2153,,12178,12,,,0
105029,'1197918',1823,,12179,12,,,0
105029,'1197968',2322,,12180,12,,,0
105029,'1198013',1322,,12181,12,,,0
105029,'1198037',1054,,12182,12,,,0
105029,'1198064',1808,,12183,12,,,0
105029,'1198187',1208,,12184,12,,,0
105029,'1198214',1722,,12185,12,,,0
105029,'1198417',1308,,12186,12,,,0
105029,'1198447',1709,,12187,12,,,0
105029,'1198529',1508,,12188,12,,,0
105029,'1198616',653,,12189,12,,,0
105029,'1198625',1609,,12190,12,,,0
105029,'1198711',1309,,12191,12,,,0
105029,'1198718',1524,,12192,12,,,0
105029,'1198725',1708,,12193,12,,,0
105029,'1198779',807,,12194,12,,,0
105029,'1198918',1408,,12195,12,,,0
105029,'1198922',2358,,12196,12,,,0
105029,'1198923',623,,12197,12,,,0
105029,'1199012',607,,12198,12,,,0
105029,'1199037',1354,,12199,12,,,0
105029,'1199107',1424,,12200,12,,,0
105029,'1199124',2407,,12201,12,,,0
105029,'1199144',1209,,12202,12,,,0
105029,'1199148',722,,12203,12,,,0
105029,'1199220',1108,,12204,12,,,0
105029,'1199470',2207,,12205,12,,,0
105029,'1199473',853,,12206,12,,,0
105029,'1199604',753,,12207,12,,,0
105029,'1199607',1608,,12208,12,,,0
106019,'1196832',938,,12209,12,,,0
106019,'1196841',708,,12210,12,,,0
106019,'1197348',823,,12211,12,,,0
106019,'1197389',1809,,12212,12,,,0
106019,'1197951',1539,,12213,12,,,0
106019,'1198120',1654,,12214,12,,,0
