14019,'1190713',1355,,8090,23,,,0
14019,'1190978',1655,,8092,23,,,0
14019,'1191058',2253,,8093,23,,,0
14019,'1191115',754,,8095,23,,,0
14019,'1191156',1525,,8096,23,,,0
14019,'1191216',1355,,8098,23,,,0
14019,'1191434',953,,8102,23,,,0
14019,'1191451',954,,8103,23,,,0
14019,'1191488',1255,,8104,23,,,0
14019,'1191517',654,,8105,23,,,0
14019,'1191609',2324,,8106,23,,,0
14019,'1191614',1824,,8107,23,,,0
14019,'1191636',1755,,8108,23,,,0
14019,'1191714',1155,,8109,23,,,0
14019,'1191747',1455,,8110,23,,,0
14019,'1191757',924,,8111,23,,,0
14019,'1191841',753,,8112,23,,,0
14019,'1191852',1924,,8113,23,,,0
14019,'1191970',2153,,8114,23,,,0
14019,'1191991',2053,,8115,23,,,0
14019,'1192119',2224,,8117,23,,,0
14019,'1192156',1555,,8118,23,,,0
14019,'1192341',724,,8121,23,,,0
14019,'1192538',1655,,8124,23,,,0
14019,'1192564',2353,,8125,23,,,0
14019,'1192713',1853,,8130,23,,,0
14019,'1192727',1255,,8131,23,,,0
14019,'1192788',1455,,8132,23,,,0
14019,'1192791',1155,,8133,23,,,0
14019,'1192803',824,,8134,23,,,0
14019,'1192837',854,,8136,23,,,0
14019,'1192840',1625,,8137,23,,,0
14019,'1192863',2124,,8138,23,,,0
14019,'1192916',1953,,8139,23,,,0
14019,'1192927',853,,8140,23,,,0
14019,'1192946',2024,,8141,23,,,0
14019,'1192962',1055,,8142,23,,,0
14019,'1192987',1755,,8143,23,,,0
14019,'1193071',1055,,8144,23,,,0
14019,'1193088',1725,,8145,23,,,0
14019,'1193127',1555,,8146,23,,,0
14019,'1193190',653,,8147,23,,,0
