24019,'1196934',633,,11187,3,,,0
24019,'1196988',803,,11188,3,,,0
24019,'1197014',2102,,11189,3,,,0
24019,'1197021',2353,,11190,3,,,0
24019,'1197025',703,,11191,3,,,0
24019,'1197047',1433,,11192,3,,,0
24019,'1197094',1003,,11193,3,,,0
24019,'1197127',2233,,11194,3,,,0
24019,'1197154',917,,11195,3,,,0
24019,'1197203',1602,,11196,3,,,0
24019,'1197210',1317,,11197,3,,,0
24019,'1197244',602,,11198,3,,,0
24019,'1197285',1802,,11199,3,,,0
24019,'1197390',1702,,11200,3,,,0
24019,'1197431',1533,,11201,3,,,0
24019,'1197489',2217,,11202,3,,,0
24019,'1197506',1102,,11203,3,,,0
24019,'1197518',1703,,11204,3,,,0
24019,'1197546',1002,,11205,3,,,0
24019,'1197591',1902,,11206,3,,,0
24019,'1197620',902,,11207,3,,,0
24019,'1197680',1403,,11208,3,,,0
24019,'1197686',1917,,11209,3,,,0
24019,'1197707',1302,,11210,3,,,0
24019,'1197750',2133,,11211,3,,,0
24019,'1197764',1633,,11212,3,,,0
24019,'1197783',2117,,11213,3,,,0
24019,'1197805',733,,11214,3,,,0
24019,'1197843',1617,,11215,3,,,0
24019,'1197844',1202,,11216,3,,,0
24019,'1197878',1417,,11217,3,,,0
24019,'1197883',1303,,11218,3,,,0
24019,'1197954',1817,,11219,3,,,0
24019,'1197955',702,,11220,3,,,0
24019,'1197996',802,,11221,3,,,0
24019,'1198055',1402,,11222,3,,,0
24019,'1198087',1103,,11223,3,,,0
24019,'1198107',1517,,11224,3,,,0
24019,'1198126',2002,,11225,3,,,0
24019,'1198142',933,,11226,3,,,0
24019,'1198175',1603,,11227,3,,,0
24019,'1198559',1833,,11228,3,,,0
24019,'1198657',2317,,11229,3,,,0
24019,'1198659',817,,11230,3,,,0
24019,'1198709',1717,,11231,3,,,0
24019,'1198800',2017,,11232,3,,,0
24019,'1198948',903,,11233,3,,,0
24019,'1198975',1217,,11234,3,,,0
24019,'1199043',1017,,11235,3,,,0
24019,'1199106',717,,11236,3,,,0
24019,'1199219',2202,,11237,3,,,0
24019,'1199387',833,,11238,3,,,0
24019,'1199435',1117,,11239,3,,,0
24019,'1199454',2033,,11240,3,,,0
24019,'1199463',1503,,11241,3,,,0
24019,'1199504',1203,,11242,3,,,0
24019,'1199506',1502,,11243,3,,,0
24019,'1199592',1933,,11244,3,,,0
24019,'1199595',1733,,11245,3,,,0
24019,'1199609',2302,,11246,3,,,0
105029,'1196840',2247,,12163,3,,,0
105029,'1196987',1002,,12164,3,,,0
105029,'1196996',1632,,12165,3,,,0
105029,'1197020',1517,,12166,3,,,0
105029,'1197097',1732,,12167,3,,,0
105029,'1197137',2002,,12168,3,,,0
105029,'1197220',1947,,12169,3,,,0
105029,'1197228',1447,,12170,3,,,0
105029,'1197231',717,,12171,3,,,0
105029,'1197439',1117,,12172,3,,,0
105029,'1197501',1917,,12173,3,,,0
105029,'1197522',2117,,12174,3,,,0
105029,'1197561',947,,12175,3,,,0
105029,'1197638',917,,12176,3,,,0
105029,'1197840',2047,,12177,3,,,0
105029,'1197853',2147,,12178,3,,,0
105029,'1197918',1817,,12179,3,,,0
105029,'1197968',2317,,12180,3,,,0
105029,'1198013',1317,,12181,3,,,0
105029,'1198037',1047,,12182,3,,,0
105029,'1198064',1802,,12183,3,,,0
105029,'1198187',1202,,12184,3,,,0
105029,'1198214',1717,,12185,3,,,0
105029,'1198417',1302,,12186,3,,,0
105029,'1198447',1702,,12187,3,,,0
105029,'1198529',1502,,12188,3,,,0
105029,'1198616',647,,12189,3,,,0
105029,'1198625',1602,,12190,3,,,0
105029,'1198711',1302,,12191,3,,,0
105029,'1198718',1517,,12192,3,,,0
105029,'1198725',1702,,12193,3,,,0
105029,'1198779',802,,12194,3,,,0
105029,'1198918',1402,,12195,3,,,0
105029,'1198922',2352,,12196,3,,,0
105029,'1198923',617,,12197,3,,,0
105029,'1199012',602,,12198,3,,,0
105029,'1199037',1347,,12199,3,,,0
105029,'1199107',1417,,12200,3,,,0
105029,'1199124',2402,,12201,3,,,0
105029,'1199144',1202,,12202,3,,,0
105029,'1199148',717,,12203,3,,,0
105029,'1199220',1102,,12204,3,,,0
105029,'1199470',2202,,12205,3,,,0
105029,'1199473',847,,12206,3,,,0
105029,'1199604',747,,12207,3,,,0
105029,'1199607',1602,,12208,3,,,0
106019,'1196832',932,,12209,3,,,0
106019,'1196841',702,,12210,3,,,0
106019,'1197348',817,,12211,3,,,0
106019,'1197389',1802,,12212,3,,,0
106019,'1197951',1532,,12213,3,,,0
106019,'1198120',1647,,12214,3,,,0
140001029,'1196879',617,,12358,3,,,0
140001029,'1196954',947,,12359,3,,,0
140001029,'1196975',1017,,12360,3,,,0
140001029,'1196976',2317,,12361,3,,,0
140001029,'1197010',1332,,12362,3,,,0
140001029,'1197038',1102,,12363,3,,,0
140001029,'1197058',1832,,12364,3,,,0
140001029,'1197078',1117,,12365,3,,,0
140001029,'1197099',2247,,12366,3,,,0
140001029,'1197105',2317,,12367,3,,,0
140001029,'1197113',847,,12368,3,,,0
140001029,'1197141',1433,,12369,3,,,0
140001029,'1197155',1732,,12370,3,,,0
140001029,'1197162',932,,12371,3,,,0
140001029,'1197190',1548,,12372,3,,,0
140001029,'1197195',1648,,12373,3,,,0
140001029,'1197198',1348,,12374,3,,,0
140001029,'1197204',917,,12375,3,,,0
140001029,'1197222',1217,,12376,3,,,0
140001029,'1197249',1217,,12377,3,,,0
140001029,'1197271',1932,,12378,3,,,0
140001029,'1197276',1047,,12379,3,,,0
140001029,'1197293',1503,,12380,3,,,0
140001029,'1197305',1517,,12381,3,,,0
140001029,'1197370',1202,,12382,3,,,0
140001029,'1197377',2217,,12383,3,,,0
140001029,'1197379',747,,12384,3,,,0
140001029,'1197386',1817,,12385,3,,,0
140001029,'1197424',2047,,12386,3,,,0
140001029,'1197426',1002,,12387,3,,,0
140001029,'1197432',947,,12388,3,,,0
140001029,'1197460',2217,,12389,3,,,0
140001029,'1197482',617,,12390,3,,,0
140001029,'1197494',2352,,12391,3,,,0
140001029,'1197497',1647,,12392,3,,,0
140001029,'1197568',1317,,12393,3,,,0
140001029,'1197611',2247,,12394,3,,,0
140001029,'1197612',1533,,12395,3,,,0
140001029,'1197619',1817,,12396,3,,,0
140001029,'1197627',832,,12397,3,,,0
140001029,'1197635',2217,,12398,3,,,0
140001029,'1197649',1317,,12399,3,,,0
140001029,'1197658',1917,,12400,3,,,0
140001029,'1197662',1047,,12401,3,,,0
140001029,'1197723',917,,12402,3,,,0
140001029,'1197758',1232,,12403,3,,,0
140001029,'1197776',2017,,12404,3,,,0
140001029,'1197849',2147,,12405,3,,,0
140001029,'1197888',1947,,12406,3,,,0
140001029,'1197928',1417,,12407,3,,,0
140001029,'1197938',1403,,12408,3,,,0
140001029,'1197948',1448,,12409,3,,,0
140001029,'1197957',1602,,12410,3,,,0
140001029,'1197967',1703,,12411,3,,,0
140001029,'1197972',1547,,12412,3,,,0
140001029,'1197983',717,,12413,3,,,0
140001029,'1198007',2117,,12414,3,,,0
140001029,'1198048',732,,12415,3,,,0
140001029,'1198049',702,,12416,3,,,0
140001029,'1198081',1247,,12417,3,,,0
140001029,'1198099',932,,12418,3,,,0
140001029,'1198101',1117,,12419,3,,,0
140001029,'1198102',817,,12420,3,,,0
140001029,'1198131',2017,,12421,3,,,0
140001029,'1198132',1017,,12422,3,,,0
140001029,'1198186',1747,,12423,3,,,0
140001029,'1198207',647,,12424,3,,,0
140001029,'1198209',902,,12425,3,,,0
140001029,'1198299',1147,,12426,3,,,0
140001029,'1198347',632,,12427,3,,,0
140001029,'1198350',1902,,12428,3,,,0
140001029,'1198371',1418,,12429,3,,,0
140001029,'1198391',2032,,12430,3,,,0
140001029,'1198425',2017,,12431,3,,,0
140001029,'1198451',2347,,12432,3,,,0
140001029,'1198469',1617,,12433,3,,,0
140001029,'1198505',1417,,12434,3,,,0
140001029,'1198517',1147,,12435,3,,,0
140001029,'1198540',717,,12436,3,,,0
140001029,'1198546',1017,,12437,3,,,0
140001029,'1198572',1532,,12438,3,,,0
140001029,'1198636',802,,12439,3,,,0
140001029,'1198643',1217,,12440,3,,,0
140001029,'1198645',1717,,12441,3,,,0
140001029,'1198655',747,,12442,3,,,0
140001029,'1198697',847,,12443,3,,,0
140001029,'1198757',1617,,12444,3,,,0
140001029,'1198770',1947,,12445,3,,,0
140001029,'1198787',1603,,12446,3,,,0
140001029,'1198789',1917,,12447,3,,,0
140001029,'1198794',1032,,12448,3,,,0
140001029,'1198796',2147,,12449,3,,,0
140001029,'1198802',1102,,12450,3,,,0
140001029,'1198817',1502,,12451,3,,,0
140001029,'1198824',1132,,12452,3,,,0
140001029,'1198860',1802,,12453,3,,,0
140001029,'1198934',1702,,12454,3,,,0
140001029,'1198970',1733,,12455,3,,,0
140001029,'1198973',917,,12456,3,,,0
140001029,'1198981',1817,,12457,3,,,0
140001029,'1198986',2317,,12458,3,,,0
140001029,'1198999',1332,,12459,3,,,0
140001029,'1199001',717,,12460,3,,,0
140001029,'1199006',817,,12461,3,,,0
140001029,'1199010',1747,,12462,3,,,0
140001029,'1199031',1202,,12463,3,,,0
140001029,'1199086',1002,,12464,3,,,0
140001029,'1199101',647,,12465,3,,,0
140001029,'1199110',1132,,12466,3,,,0
140001029,'1199113',1632,,12467,3,,,0
140001029,'1199128',1032,,12468,3,,,0
140001029,'1199156',1917,,12469,3,,,0
140001029,'1199174',1302,,12470,3,,,0
140001029,'1199189',817,,12471,3,,,0
140001029,'1199191',1802,,12472,3,,,0
140001029,'1199203',2047,,12473,3,,,0
140001029,'1199247',1633,,12474,3,,,0
140001029,'1199259',1832,,12475,3,,,0
140001029,'1199261',1402,,12476,3,,,0
140001029,'1199275',1518,,12477,3,,,0
140001029,'1199283',1317,,12478,3,,,0
140001029,'1199312',1232,,12479,3,,,0
140001029,'1199341',2002,,12480,3,,,0
140001029,'1199351',1302,,12481,3,,,0
140001029,'1199395',1718,,12482,3,,,0
140001029,'1199415',1847,,12483,3,,,0
140001029,'1199446',1847,,12484,3,,,0
140001029,'1199456',1517,,12485,3,,,0
140001029,'1199465',1717,,12486,3,,,0
140001029,'1199469',2117,,12487,3,,,0
140001029,'1199481',1618,,12488,3,,,0
140001029,'1199494',1447,,12489,3,,,0
140001029,'1199502',1347,,12490,3,,,0
140001029,'1199522',1432,,12491,3,,,0
140001029,'1199528',2117,,12492,3,,,0
140001029,'1199569',1117,,12493,3,,,0
140001029,'1199608',1247,,12494,3,,,0
