13029,'1196882',1525,,10855,6,,,0
13029,'1196907',1252,,10856,5,,,0
13029,'1196917',1253,,10857,5,,,0
13029,'1196936',1753,,10858,5,,,0
13029,'1196965',751,,10859,5,,,0
13029,'1196972',1623,,10860,5,,,0
13029,'1197006',1452,,10861,5,,,0
13029,'1197082',1152,,10862,5,,,0
13029,'1197122',1052,,10863,5,,,0
13029,'1197184',1452,,10864,5,,,0
13029,'1197188',1921,,10865,5,,,0
13029,'1197193',752,,10866,5,,,0
13029,'1197215',2052,,10867,5,,,0
13029,'1197262',1652,,10868,5,,,0
13029,'1197363',922,,10869,5,,,0
13029,'1197365',2151,,10870,5,,,0
13029,'1197371',952,,10871,5,,,0
13029,'1197444',2251,,10872,5,,,0
13029,'1197556',2252,,10873,5,,,0
13029,'1197773',2021,,10874,5,,,0
13029,'1197812',1453,,10875,5,,,0
13029,'1197866',1352,,10876,5,,,0
13029,'1197909',852,,10877,5,,,0
13029,'1197997',1951,,10878,5,,,0
13029,'1198028',2051,,10879,5,,,0
13029,'1198074',2351,,10880,5,,,0
13029,'1198199',1552,,10881,5,,,0
13029,'1198248',2221,,10882,5,,,0
13029,'1198289',821,,10883,5,,,0
13029,'1198381',1723,,10884,5,,,0
13029,'1198389',1752,,10885,5,,,0
13029,'1198416',1552,,10886,5,,,0
13029,'1198437',1021,,10887,5,,,0
13029,'1198474',1054,,10888,5,,,0
13029,'1198488',1851,,10889,5,,,0
13029,'1198563',721,,10890,5,,,0
13029,'1198648',1051,,10891,5,,,0
13029,'1198673',1252,,10892,5,,,0
13029,'1198704',1852,,10893,5,,,0
13029,'1198733',751,,10894,5,,,0
13029,'1198756',852,,10895,5,,,0
13029,'1198793',951,,10896,5,,,0
13029,'1198811',1352,,10897,5,,,0
13029,'1198812',2352,,10898,5,,,0
13029,'1198828',1152,,10899,5,,,0
13029,'1198858',1553,,10900,5,,,0
13029,'1198910',621,,10901,5,,,0
13029,'1198998',851,,10902,5,,,0
13029,'1199115',651,,10903,5,,,0
13029,'1199250',2152,,10904,5,,,0
13029,'1199324',651,,10905,5,,,0
13029,'1199337',952,,10906,5,,,0
13029,'1199349',2121,,10907,5,,,0
13029,'1199379',2321,,10908,5,,,0
13029,'1199405',1752,,10909,5,,,0
13029,'1199419',1153,,10910,5,,,0
13029,'1199548',1353,,10911,5,,,0
13029,'1199559',1652,,10912,5,,,0
13029,'1199614',1821,,10913,5,,,0
13029,'1199653',1952,,10914,5,,,0
13029,'1199655',1653,,10915,5,,,0
