10019,'1196894',2045,,10329,5,,,0
10019,'1196915',1645,,10330,5,,,0
10019,'1196923',1045,,10331,5,,,0
10019,'1197054',2215,,10332,5,,,0
10019,'1197091',1445,,10333,5,,,0
10019,'1197121',1045,,10334,5,,,0
10019,'1197207',945,,10335,5,,,0
10019,'1197335',815,,10336,5,,,0
10019,'1197345',2115,,10337,5,,,0
10019,'1197397',1445,,10338,5,,,0
10019,'1197418',2345,,10339,5,,,0
10019,'1197505',1545,,10340,5,,,0
10019,'1197587',915,,10341,5,,,0
10019,'1197595',1045,,10342,5,,,0
10019,'1197737',1345,,10343,5,,,0
10019,'1197756',1845,,10344,5,,,0
10019,'1197759',1515,,10345,5,,,0
10019,'1197766',2245,,10346,5,,,0
10019,'1197915',1945,,10347,5,,,0
10019,'1197927',745,,10348,5,,,0
10019,'1197935',645,,10349,5,,,0
10019,'1197985',945,,10350,5,,,0
10019,'1198010',1815,,10351,5,,,0
10019,'1198016',1945,,10352,5,,,0
10019,'1198164',645,,10353,5,,,0
10019,'1198167',1545,,10354,5,,,0
10019,'1198226',1345,,10355,5,,,0
10019,'1198257',1445,,10356,5,,,0
10019,'1198280',2315,,10357,5,,,0
10019,'1198300',1545,,10358,5,,,0
10019,'1198361',2145,,10359,5,,,0
10019,'1198366',845,,10360,5,,,0
10019,'1198390',1845,,10361,5,,,0
10019,'1198410',1745,,10362,5,,,0
10019,'1198440',745,,10363,5,,,0
10019,'1198475',1145,,10364,5,,,0
10019,'1198480',2145,,10365,5,,,0
10019,'1198509',616,,10366,5,,,0
10019,'1198520',1245,,10367,5,,,0
10019,'1198542',2345,,10368,5,,,0
10019,'1198583',2245,,10369,5,,,0
10019,'1198726',1915,,10370,5,,,0
10019,'1198809',845,,10371,5,,,0
10019,'1198815',1645,,10372,5,,,0
10019,'1198881',1615,,10373,5,,,0
10019,'1198903',845,,10374,5,,,0
10019,'1198955',1145,,10375,5,,,0
10019,'1198962',1645,,10376,5,,,0
10019,'1198993',1145,,10377,5,,,0
10019,'1199007',2045,,10378,5,,,0
10019,'1199032',1345,,10379,5,,,0
10019,'1199053',1745,,10380,5,,,0
10019,'1199056',1745,,10381,5,,,0
10019,'1199257',1715,,10382,5,,,0
10019,'1199300',1245,,10383,5,,,0
10019,'1199321',945,,10384,5,,,0
10019,'1199323',2015,,10385,5,,,0
10019,'1199353',1245,,10386,5,,,0
10019,'1199424',715,,10387,5,,,0
10019,'1199598',745,,10388,5,,,0
103029,'1196853',1441,,11989,11,,,0
103029,'1196867',1311,,11990,11,,,0
103029,'1196892',1741,,11991,11,,,0
103029,'1196973',1733,,11992,11,,,0
103029,'1197031',1405,,11993,11,,,0
103029,'1197085',2041,,11994,11,,,0
103029,'1197108',1911,,11995,11,,,0
103029,'1197233',1002,,11996,11,,,0
103029,'1197315',1235,,11997,11,,,0
103029,'1197321',1105,,11998,11,,,0
103029,'1197346',1433,,11999,11,,,0
103029,'1197499',1834,,12000,11,,,0
103029,'1197743',805,,12001,11,,,0
103029,'1197784',935,,12002,11,,,0
103029,'1197852',1303,,12003,11,,,0
103029,'1198282',1133,,12004,11,,,0
103029,'1198444',1535,,12005,11,,,0
103029,'1198568',702,,12006,11,,,0
103029,'1198723',2004,,12007,11,,,0
103029,'1198855',832,,12008,11,,,0
103029,'1198880',1518,,12009,11,,,0
103029,'1198882',635,,12010,11,,,0
103029,'1198911',2134,,12011,11,,,0
103029,'1198914',1648,,12012,11,,,0
103029,'1198921',841,,12013,11,,,0
103029,'1198928',747,,12014,11,,,0
103029,'1198990',917,,12015,11,,,0
103029,'1199021',1611,,12016,11,,,0
103029,'1199109',2304,,12017,11,,,0
103029,'1199145',2211,,12018,11,,,0
103029,'1199146',1141,,12019,11,,,0
103029,'1199172',2202,,12020,11,,,0
103029,'1199215',2332,,12021,11,,,0
103029,'1199475',1902,,12022,11,,,0
103029,'1199565',1011,,12023,11,,,0
103029,'1199579',1603,,12024,11,,,0
103029,'1199581',2032,,12025,11,,,0
103029,'1199593',1705,,12026,11,,,0
