10019,'1193663',2224,,7564,27,,,0
10019,'1193667',625,,7566,27,,,0
10019,'1193668',954,,7567,27,,,0
10019,'1193678',2154,,7569,27,,,0
10019,'1193679',1829,,7570,27,,,0
10019,'1193680',754,,7571,27,,,0
10019,'1193682',654,,7573,27,,,0
10019,'1193687',1059,,7575,27,,,0
10019,'1193691',1759,,7576,27,,,0
10019,'1193697',1859,,7577,27,,,0
10019,'1193698',1924,,7578,27,,,0
10019,'1193700',2054,,7579,27,,,0
10019,'1193707',954,,7583,27,,,0
10019,'1193708',854,,7584,27,,,0
10019,'1193710',1259,,7586,27,,,0
10019,'1193715',1300,,7588,27,,,0
10019,'1193717',2124,,7589,27,,,0
10019,'1193718',1359,,7590,27,,,0
10019,'1193720',1624,,7591,27,,,0
10019,'1193724',1500,,7592,27,,,0
10019,'1193725',2024,,7593,27,,,0
10019,'1193731',1459,,7595,27,,,0
10019,'1193732',2324,,7596,27,,,0
10019,'1193733',1759,,7597,27,,,0
10019,'1193734',1200,,7598,27,,,0
10019,'1193737',1100,,7600,27,,,0
10019,'1193738',1159,,7601,27,,,0
10019,'1193739',2254,,7602,27,,,0
10019,'1193740',1659,,7603,27,,,0
10019,'1193743',1525,,7604,27,,,0
10019,'1193747',2354,,7605,27,,,0
10019,'1193749',1954,,7606,27,,,0
10019,'1193752',724,,7607,27,,,0
10019,'1193754',1724,,7608,27,,,0
10019,'1193755',1559,,7609,27,,,0
10019,'1193759',1400,,7611,27,,,0
10019,'1193761',1659,,7612,27,,,0
10019,'1193765',655,,7613,27,,,0
10019,'1193767',824,,7615,27,,,0
10019,'1193768',924,,7616,27,,,0
10019,'1193771',754,,7619,27,,,0
10019,'1193772',1559,,7620,27,,,0
10019,'1193779',854,,7623,27,,,0
