105019,'1196946',938,,12117,96,,,0
105019,'1197049',1850,,12118,96,,,0
105019,'1197077',625,,12119,96,,,0
105019,'1197115',1235,,12120,96,,,0
105019,'1197131',738,,12121,96,,,0
105019,'1197173',1239,,12122,96,,,0
105019,'1197181',1054,,12123,96,,,0
105019,'1197192',2225,,12124,96,,,0
105019,'1197197',1535,,12125,96,,,0
105019,'1197292',1339,,12126,96,,,0
105019,'1197296',1635,,12127,96,,,0
105019,'1197531',1439,,12128,96,,,0
105019,'1197548',1955,,12129,96,,,0
105019,'1197557',1639,,12130,96,,,0
105019,'1197588',854,,12131,96,,,0
105019,'1197596',2125,,12132,96,,,0
105019,'1197617',1539,,12133,96,,,0
105019,'1197633',1254,,12134,96,,,0
105019,'1197710',832,,12135,96,,,0
105019,'1197779',1820,,12136,96,,,0
105019,'1197825',1450,,12137,96,,,0
105019,'1197971',1135,,12138,96,,,0
105019,'1198112',655,,12139,96,,,0
105019,'1198338',1139,,12140,96,,,0
105019,'1198380',2254,,12141,96,,,0
105019,'1198385',1750,,12142,96,,,0
105019,'1198553',1350,,12143,96,,,0
105019,'1198560',2054,,12144,96,,,0
105019,'1198571',1654,,12145,96,,,0
105019,'1198621',802,,12146,96,,,0
105019,'1198667',1032,,12147,96,,,0
105019,'1198717',1605,,12148,96,,,0
105019,'1198741',932,,12149,96,,,0
105019,'1198746',1920,,12150,96,,,0
105019,'1198889',725,,12151,96,,,0
105019,'1199004',1454,,12152,96,,,0
105019,'1199054',1705,,12153,96,,,0
105019,'1199098',902,,12154,96,,,0
105019,'1199298',2425,,12155,96,,,0
105019,'1199347',2338,,12156,96,,,0
105019,'1199383',2325,,12157,96,,,0
105019,'1199400',1739,,12158,96,,,0
105019,'1199461',1854,,12159,96,,,0
105019,'1199511',1839,,12160,96,,,0
105019,'1199546',2138,,12161,96,,,0
105019,'1199574',1939,,12162,96,,,0
106029,'1196836',1623,,12215,27,,,0
106029,'1196851',1738,,12216,27,,,0
106029,'1197042',1021,,12217,27,,,0
106029,'1197408',1853,,12218,27,,,0
106029,'1198086',751,,12219,27,,,0
106029,'1198615',906,,12220,27,,,0
