101019,'1197003',551,,11803,32,,,0
101019,'1197056',2128,,11804,32,,,0
101019,'1197144',2329,,11805,32,,,0
101019,'1197150',1529,,11806,32,,,0
101019,'1197356',1329,,11807,32,,,0
101019,'1197394',1528,,11808,32,,,0
101019,'1197485',728,,11809,32,,,0
101019,'1197542',1328,,11810,32,,,0
101019,'1197666',1051,,11811,32,,,0
101019,'1197703',2129,,11812,32,,,0
101019,'1197735',1151,,11813,32,,,0
101019,'1197816',1128,,11814,32,,,0
101019,'1197893',751,,11815,32,,,0
101019,'1198002',1729,,11816,32,,,0
101019,'1198014',729,,11817,32,,,0
101019,'1198130',951,,11818,32,,,0
101019,'1198162',1353,,11819,32,,,0
101019,'1198212',1929,,11820,32,,,0
101019,'1198408',2050,,11821,32,,,0
101019,'1198684',928,,11822,32,,,0
101019,'1198907',1928,,11823,32,,,0
101019,'1199079',2251,,11824,32,,,0
101019,'1199178',1753,,11825,32,,,0
101019,'1199186',1553,,11826,32,,,0
101019,'1199279',1728,,11827,32,,,0
101019,'1199401',929,,11828,32,,,0
101019,'1199471',1851,,11829,32,,,0
101019,'1199497',1129,,11830,32,,,0
101019,'1199519',851,,11831,32,,,0
101019,'1199566',1453,,11832,32,,,0
101019,'1199626',1653,,11833,32,,,0
