101029,'1196911',754,,11834,30,,,0
101029,'1197033',1837,,11835,30,,,0
101029,'1197060',854,,11836,30,,,0
101029,'1197096',1037,,11837,30,,,0
101029,'1197257',1054,,11838,30,,,0
101029,'1197272',1238,,11839,30,,,0
101029,'1197326',1556,,11840,30,,,0
101029,'1197581',2037,,11841,30,,,0
101029,'1197673',1438,,11842,30,,,0
101029,'1197747',2154,,11843,30,,,0
101029,'1197977',1638,,11844,30,,,0
101029,'1198059',638,,11845,30,,,0
101029,'1198116',1038,,11846,30,,,0
101029,'1198125',838,,11847,30,,,0
101029,'1198200',1237,,11848,30,,,0
101029,'1198251',954,,11849,30,,,0
101029,'1198346',837,,11850,30,,,0
101029,'1198498',2237,,11851,30,,,0
101029,'1198530',2238,,11852,30,,,0
101029,'1198631',1656,,11853,30,,,0
101029,'1198644',2414,,11854,30,,,0
101029,'1198710',1637,,11855,30,,,0
101029,'1198715',1754,,11856,30,,,0
101029,'1198953',2038,,11857,30,,,0
101029,'1198984',1356,,11858,30,,,0
101029,'1199108',1256,,11859,30,,,0
101029,'1199117',654,,11860,30,,,0
101029,'1199304',1838,,11861,30,,,0
101029,'1199366',1437,,11862,30,,,0
101029,'1199567',1954,,11863,30,,,0
101029,'1199585',1456,,11864,30,,,0
