14029,'1196849',1735,,10975,39,,,0
14029,'1196912',805,,10976,39,,,0
14029,'1197024',1535,,10977,39,,,0
14029,'1197041',2335,,10978,39,,,0
14029,'1197050',1633,,10979,39,,,0
14029,'1197119',1736,,10980,39,,,0
14029,'1197130',2233,,10981,39,,,0
14029,'1197219',1533,,10982,39,,,0
14029,'1197237',1333,,10983,39,,,0
14029,'1197250',635,,10984,39,,,0
14029,'1197265',1805,,10985,39,,,0
14029,'1197310',2235,,10986,39,,,0
14029,'1197323',1335,,10987,39,,,0
14029,'1197440',2133,,10988,39,,,0
14029,'1197456',1536,,10989,39,,,0
14029,'1197472',1133,,10990,39,,,0
14029,'1197493',1905,,10991,39,,,0
14029,'1197512',1636,,10992,39,,,0
14029,'1197515',1435,,10993,39,,,0
14029,'1197597',735,,10994,39,,,0
14029,'1197605',2305,,10995,39,,,0
14029,'1197639',1233,,10996,39,,,0
14029,'1197699',2005,,10997,39,,,0
14029,'1197717',1733,,10998,39,,,0
14029,'1197738',1033,,10999,39,,,0
14029,'1197809',1635,,11000,39,,,0
14029,'1197863',2410,,11001,39,,,0
14029,'1197882',1433,,11002,39,,,0
14029,'1197961',1235,,11003,39,,,0
14029,'1198040',1035,,11004,39,,,0
14029,'1198078',1135,,11005,39,,,0
14029,'1198100',905,,11006,39,,,0
14029,'1198198',2205,,11007,39,,,0
14029,'1198204',2105,,11008,39,,,0
14029,'1198269',705,,11009,39,,,0
14029,'1198326',933,,11010,39,,,0
14029,'1198404',735,,11011,39,,,0
14029,'1198426',2135,,11012,39,,,0
14029,'1198570',835,,11013,39,,,0
14029,'1198612',2333,,11014,39,,,0
14029,'1198728',833,,11015,39,,,0
14029,'1198772',1835,,11016,39,,,0
14029,'1198830',935,,11017,39,,,0
14029,'1198941',1136,,11018,39,,,0
14029,'1198956',1436,,11019,39,,,0
14029,'1199040',2035,,11020,39,,,0
14029,'1199065',1236,,11021,39,,,0
14029,'1199076',1833,,11022,39,,,0
14029,'1199083',1706,,11023,39,,,0
14029,'1199184',935,,11024,39,,,0
14029,'1199200',835,,11025,39,,,0
14029,'1199222',1606,,11026,39,,,0
14029,'1199266',1336,,11027,39,,,0
14029,'1199447',1935,,11028,39,,,0
14029,'1199472',2033,,11029,39,,,0
14029,'1199520',1036,,11030,39,,,0
14029,'1199554',733,,11031,39,,,0
14029,'1199573',1933,,11032,39,,,0
14029,'1199643',1506,,11033,39,,,0
