105019,'1196946',914,,12117,54,,,0
105019,'1197049',1823,,12118,54,,,0
105019,'1197077',601,,12119,54,,,0
105019,'1197115',1208,,12120,54,,,0
105019,'1197131',714,,12121,54,,,0
105019,'1197173',1216,,12122,54,,,0
105019,'1197181',1032,,12123,54,,,0
105019,'1197192',2201,,12124,54,,,0
105019,'1197197',1508,,12125,54,,,0
105019,'1197292',1316,,12126,54,,,0
105019,'1197296',1608,,12127,54,,,0
105019,'1197531',1416,,12128,54,,,0
105019,'1197548',1931,,12129,54,,,0
105019,'1197557',1616,,12130,54,,,0
105019,'1197588',832,,12131,54,,,0
105019,'1197596',2101,,12132,54,,,0
105019,'1197617',1516,,12133,54,,,0
105019,'1197633',1232,,12134,54,,,0
105019,'1197710',805,,12135,54,,,0
105019,'1197779',1753,,12136,54,,,0
105019,'1197825',1423,,12137,54,,,0
105019,'1197971',1108,,12138,54,,,0
105019,'1198112',631,,12139,54,,,0
105019,'1198338',1116,,12140,54,,,0
105019,'1198380',2232,,12141,54,,,0
105019,'1198385',1723,,12142,54,,,0
105019,'1198553',1323,,12143,54,,,0
105019,'1198560',2032,,12144,54,,,0
105019,'1198571',1632,,12145,54,,,0
105019,'1198621',735,,12146,54,,,0
105019,'1198667',1005,,12147,54,,,0
105019,'1198717',1538,,12148,54,,,0
105019,'1198741',905,,12149,54,,,0
105019,'1198746',1853,,12150,54,,,0
105019,'1198889',701,,12151,54,,,0
105019,'1199004',1432,,12152,54,,,0
105019,'1199054',1638,,12153,54,,,0
105019,'1199098',835,,12154,54,,,0
105019,'1199298',2401,,12155,54,,,0
105019,'1199347',2314,,12156,54,,,0
105019,'1199383',2301,,12157,54,,,0
105019,'1199400',1716,,12158,54,,,0
105019,'1199461',1832,,12159,54,,,0
105019,'1199511',1816,,12160,54,,,0
105019,'1199546',2114,,12161,54,,,0
105019,'1199574',1916,,12162,54,,,0
106029,'1196836',1611,,12215,5,,,0
106029,'1196851',1726,,12216,5,,,0
106029,'1197042',1009,,12217,5,,,0
106029,'1197408',1841,,12218,5,,,0
106029,'1198086',739,,12219,5,,,0
106029,'1198615',854,,12220,5,,,0
