13019,'1196852',1346,,10793,46,,,0
13019,'1196856',1744,,10794,46,,,0
13019,'1196922',643,,10795,20,,,0
13019,'1196999',945,,10796,46,,,0
13019,'1197035',644,,10797,46,,,0
13019,'1197132',1516,,10798,46,,,0
13019,'1197251',1616,,10799,46,,,0
13019,'1197279',744,,10800,46,,,0
13019,'1197353',2314,,10801,46,,,0
13019,'1197357',1844,,10802,46,,,0
13019,'1197451',2244,,10803,46,,,0
13019,'1197487',845,,10804,46,,,0
13019,'1197555',1646,,10805,46,,,0
13019,'1197570',944,,10806,46,,,0
13019,'1197575',1644,,10807,46,,,0
13019,'1197641',2044,,10808,46,,,0
13019,'1197645',1716,,10809,46,,,0
13019,'1197648',714,,10810,46,,,0
13019,'1197690',1644,,10811,46,,,0
13019,'1197692',1746,,10812,46,,,0
13019,'1197730',1446,,10813,46,,,0
13019,'1197762',2419,,10814,46,,,0
13019,'1197803',744,,10815,46,,,0
13019,'1197834',1244,,10816,46,,,0
13019,'1197854',2044,,10817,46,,,0
13019,'1197962',1344,,10818,46,,,0
13019,'1197975',1047,,10819,46,,,0
13019,'1198041',1144,,10820,46,,,0
13019,'1198094',1814,,10821,46,,,0
13019,'1198160',844,,10822,46,,,0
13019,'1198201',1244,,10823,46,,,0
13019,'1198243',1844,,10824,46,,,0
13019,'1198290',2214,,10825,46,,,0
13019,'1198352',744,,10826,46,,,0
13019,'1198355',1914,,10827,46,,,0
13019,'1198382',814,,10828,46,,,0
13019,'1198402',2244,,10829,46,,,0
13019,'1198552',2144,,10830,46,,,0
13019,'1198554',1944,,10831,46,,,0
13019,'1198602',1144,,10832,46,,,0
13019,'1198611',2014,,10833,46,,,0
13019,'1198630',1546,,10834,46,,,0
13019,'1198675',1246,,10835,46,,,0
13019,'1198690',614,,10836,20,,,0
13019,'1198716',1044,,10837,46,,,0
13019,'1198729',1014,,10838,46,,,0
13019,'1198761',1344,,10839,46,,,0
13019,'1198778',944,,10840,46,,,0
13019,'1198837',2344,,10841,46,,,0
13019,'1198874',1146,,10842,46,,,0
13019,'1198888',915,,10843,46,,,0
13019,'1199044',844,,10844,46,,,0
13019,'1199123',1044,,10845,46,,,0
13019,'1199151',1444,,10846,46,,,0
13019,'1199233',1444,,10847,46,,,0
13019,'1199276',1544,,10848,46,,,0
13019,'1199284',2114,,10849,46,,,0
13019,'1199418',1944,,10850,46,,,0
13019,'1199448',1744,,10851,46,,,0
13019,'1199536',2144,,10852,46,,,0
13019,'1199588',2344,,10853,46,,,0
13019,'1199631',1544,,10854,46,,,0
