10029,'1196869',1038,,10389,38,,,0
10029,'1196944',1908,,10390,38,,,0
10029,'1196948',1538,,10391,38,,,0
10029,'1197007',708,,10392,38,,,0
10029,'1197053',1338,,10393,38,,,0
10029,'1197093',1138,,10394,38,,,0
10029,'1197160',1738,,10395,38,,,0
10029,'1197269',1838,,10396,38,,,0
10029,'1197314',2208,,10397,38,,,0
10029,'1197362',2038,,10398,38,,,0
10029,'1197385',838,,10399,38,,,0
10029,'1197414',1438,,10400,38,,,0
10029,'1197492',1708,,10401,38,,,0
10029,'1197523',2238,,10402,38,,,0
10029,'1197565',638,,10403,38,,,0
10029,'1197669',838,,10404,38,,,0
10029,'1197675',2138,,10405,38,,,0
10029,'1197822',1738,,10406,38,,,0
10029,'1197831',1738,,10407,38,,,0
10029,'1197885',2038,,10408,38,,,0
10029,'1197887',1608,,10409,38,,,0
10029,'1197892',1238,,10410,38,,,0
10029,'1197908',2238,,10411,38,,,0
10029,'1197916',2308,,10412,38,,,0
10029,'1197980',2413,,10413,38,,,0
10029,'1198080',1638,,10414,38,,,0
10029,'1198150',1638,,10415,38,,,0
10029,'1198170',1138,,10416,38,,,0
10029,'1198181',1808,,10417,38,,,0
10029,'1198232',1538,,10418,38,,,0
10029,'1198314',1938,,10419,38,,,0
10029,'1198351',1238,,10420,38,,,0
10029,'1198466',2108,,10421,38,,,0
10029,'1198481',1438,,10422,38,,,0
10029,'1198536',1238,,10423,38,,,0
10029,'1198550',1638,,10424,38,,,0
10029,'1198565',2338,,10425,38,,,0
10029,'1198676',738,,10426,38,,,0
10029,'1198703',738,,10427,38,,,0
10029,'1198735',1038,,10428,38,,,0
10029,'1198754',1338,,10429,38,,,0
10029,'1198767',1138,,10430,38,,,0
10029,'1198887',908,,10431,38,,,0
10029,'1198905',1438,,10432,38,,,0
10029,'1198933',838,,10433,38,,,0
10029,'1199013',738,,10434,38,,,0
10029,'1199068',1038,,10435,38,,,0
10029,'1199078',1838,,10436,38,,,0
10029,'1199088',2008,,10437,38,,,0
10029,'1199134',1338,,10438,38,,,0
10029,'1199161',2338,,10439,38,,,0
10029,'1199245',1938,,10440,38,,,0
10029,'1199274',938,,10441,38,,,0
10029,'1199375',1508,,10442,38,,,0
10029,'1199396',808,,10443,38,,,0
10029,'1199411',2138,,10444,38,,,0
10029,'1199422',938,,10445,38,,,0
10029,'1199613',938,,10446,38,,,0
10029,'1199633',1538,,10447,38,,,0
