104029,'1196835',2007,,12074,32,,,0
104029,'1196857',807,,12075,32,,,0
104029,'1196889',808,,12076,32,,,0
104029,'1196928',1752,,12077,32,,,0
104029,'1197002',652,,12078,32,,,0
104029,'1197045',1549,,12079,32,,,0
104029,'1197133',837,,12080,32,,,0
104029,'1197341',1249,,12081,32,,,0
104029,'1197454',1808,,12082,32,,,0
104029,'1197461',722,,12083,32,,,0
104029,'1197467',2208,,12084,32,,,0
104029,'1197481',607,,12085,32,,,0
104029,'1197553',2137,,12086,32,,,0
104029,'1197574',922,,12087,32,,,0
104029,'1197583',2152,,12088,32,,,0
104029,'1197794',1807,,12089,32,,,0
104029,'1197965',1408,,12090,32,,,0
104029,'1197979',1537,,12091,32,,,0
104029,'1198234',1037,,12092,32,,,0
104029,'1198287',1634,,12093,32,,,0
104029,'1198288',1204,,12094,32,,,0
104029,'1198449',1307,,12095,32,,,0
104029,'1198458',1922,,12096,32,,,0
104029,'1198510',952,,12097,32,,,0
104029,'1198521',807,,12098,32,,,0
104029,'1198558',1652,,12099,32,,,0
104029,'1198578',1719,,12100,32,,,0
104029,'1198686',1419,,12101,32,,,0
104029,'1198694',1504,,12102,32,,,0
104029,'1198755',1008,,12103,32,,,0
104029,'1198909',1208,,12104,32,,,0
104029,'1198979',1152,,12105,32,,,0
104029,'1199045',2307,,12106,32,,,0
104029,'1199127',2307,,12107,32,,,0
104029,'1199159',1334,,12108,32,,,0
104029,'1199181',922,,12109,32,,,0
104029,'1199193',1608,,12110,32,,,0
104029,'1199356',1422,,12111,32,,,0
104029,'1199360',2037,,12112,32,,,0
104029,'1199374',652,,12113,32,,,0
104029,'1199380',1037,,12114,32,,,0
104029,'1199442',1837,,12115,32,,,0
104029,'1199577',2008,,12116,32,,,0
