11019,'1196876',1501,,10448,20,,,0
11019,'1196884',1301,,10449,24,,,0
11019,'1196914',1144,,10450,24,,,0
11019,'1196958',803,,10451,24,,,0
11019,'1197000',1301,,10452,20,,,0
11019,'1197070',1901,,10453,20,,,0
11019,'1197071',1843,,10454,24,,,0
11019,'1197114',929,,10455,24,,,0
11019,'1197185',2301,,10456,20,,,0
11019,'1197191',1501,,10457,24,,,0
11019,'1197229',1416,,10458,24,,,0
11019,'1197234',1715,,10459,24,,,0
11019,'1197264',1746,,10460,24,,,0
11019,'1197274',944,,10461,24,,,0
11019,'1197327',1345,,10462,24,,,0
11019,'1197343',744,,10463,24,,,0
11019,'1197351',1601,,10464,20,,,0
11019,'1197398',1831,,10465,24,,,0
11019,'1197412',2313,,10466,24,,,0
11019,'1197422',1646,,10467,24,,,0
11019,'1197446',2401,,10468,20,,,0
11019,'1197463',714,,10469,24,,,0
11019,'1197502',629,,10470,24,,,0
11019,'1197519',759,,10471,24,,,0
11019,'1197564',2303,,10472,24,,,0
11019,'1197573',1401,,10473,20,,,0
11019,'1197695',1114,,10474,24,,,0
11019,'1197696',814,,10475,24,,,0
11019,'1197753',901,,10476,20,,,0
11019,'1197763',1531,,10477,24,,,0
11019,'1197795',2043,,10478,24,,,0
11019,'1197832',1631,,10479,24,,,0
11019,'1197875',2430,,10480,24,,,0
11019,'1197917',2403,,10481,24,,,0
11019,'1197925',1129,,10482,24,,,0
11019,'1197934',1545,,10483,24,,,0
11019,'1197978',1913,,10484,24,,,0
11019,'1197990',1445,,10485,24,,,0
11019,'1198012',859,,10486,24,,,0
11019,'1198053',1003,,10487,24,,,0
11019,'1198076',2013,,10488,24,,,0
11019,'1198113',2113,,10489,24,,,0
11019,'1198146',2243,,10490,24,,,0
11019,'1198266',2003,,10491,24,,,0
11019,'1198296',1701,,10492,20,,,0
11019,'1198337',914,,10493,24,,,0
11019,'1198341',1203,,10494,24,,,0
11019,'1198362',2201,,10495,20,,,0
11019,'1198405',1903,,10496,24,,,0
11019,'1198419',1516,,10497,24,,,0
11019,'1198470',1316,,10498,24,,,0
11019,'1198493',1816,,10499,24,,,0
11019,'1198506',1103,,10500,24,,,0
11019,'1198543',1029,,10501,24,,,0
11019,'1198548',1616,,10502,24,,,0
11019,'1198573',1159,,10503,24,,,0
11019,'1198590',2001,,10504,20,,,0
11019,'1198610',1601,,10505,24,,,0
11019,'1198623',703,,10506,24,,,0
11019,'1198660',1315,,10507,24,,,0
11019,'1198662',1801,,10508,20,,,0
11019,'1198696',1446,,10509,24,,,0
11019,'1198771',1515,,10510,24,,,0
11019,'1198808',959,,10511,24,,,0
11019,'1198843',2101,,10512,20,,,0
11019,'1198927',1059,,10513,24,,,0
11019,'1198951',1731,,10514,24,,,0
11019,'1198978',1943,,10515,24,,,0
11019,'1199022',1243,,10516,24,,,0
11019,'1199024',2203,,10517,24,,,0
11019,'1199026',2213,,10518,24,,,0
11019,'1199059',1615,,10519,24,,,0
11019,'1199060',1401,,10520,24,,,0
11019,'1199064',1815,,10521,24,,,0
11019,'1199091',801,,10522,20,,,0
11019,'1199100',2143,,10523,24,,,0
11019,'1199118',1716,,10524,24,,,0
11019,'1199132',659,,10525,24,,,0
11019,'1199143',1745,,10526,24,,,0
11019,'1199154',1431,,10527,24,,,0
11019,'1199177',1701,,10528,24,,,0
11019,'1199180',2103,,10529,24,,,0
11019,'1199214',729,,10530,24,,,0
11019,'1199225',1546,,10531,24,,,0
11019,'1199227',1201,,10532,20,,,0
11019,'1199229',1415,,10533,24,,,0
11019,'1199253',1001,,10534,20,,,0
11019,'1199301',2340,,10535,24,,,0
11019,'1199306',1101,,10536,20,,,0
11019,'1199370',1801,,10537,24,,,0
11019,'1199376',844,,10538,24,,,0
11019,'1199394',903,,10539,24,,,0
11019,'1199403',829,,10540,24,,,0
11019,'1199410',1214,,10541,24,,,0
11019,'1199462',2410,,10542,24,,,0
11019,'1199476',1014,,10543,24,,,0
11019,'1199496',1331,,10544,24,,,0
11019,'1199508',1229,,10545,24,,,0
11019,'1199591',1645,,10546,24,,,0
11019,'1199603',1246,,10547,24,,,0
11019,'1199619',1044,,10548,24,,,0
11019,'1199623',1346,,10549,24,,,0
