105019,'1196946',908,,12117,45,,,0
105019,'1197049',1817,,12118,45,,,0
105019,'1197077',555,,12119,45,,,0
105019,'1197115',1202,,12120,45,,,0
105019,'1197131',708,,12121,45,,,0
105019,'1197173',1210,,12122,45,,,0
105019,'1197181',1027,,12123,45,,,0
105019,'1197192',2155,,12124,45,,,0
105019,'1197197',1502,,12125,45,,,0
105019,'1197292',1310,,12126,45,,,0
105019,'1197296',1602,,12127,45,,,0
105019,'1197531',1410,,12128,45,,,0
105019,'1197548',1925,,12129,45,,,0
105019,'1197557',1610,,12130,45,,,0
105019,'1197588',827,,12131,45,,,0
105019,'1197596',2055,,12132,45,,,0
105019,'1197617',1510,,12133,45,,,0
105019,'1197633',1227,,12134,45,,,0
105019,'1197710',759,,12135,45,,,0
105019,'1197779',1747,,12136,45,,,0
105019,'1197825',1417,,12137,45,,,0
105019,'1197971',1102,,12138,45,,,0
105019,'1198112',625,,12139,45,,,0
105019,'1198338',1110,,12140,45,,,0
105019,'1198380',2227,,12141,45,,,0
105019,'1198385',1717,,12142,45,,,0
105019,'1198553',1317,,12143,45,,,0
105019,'1198560',2027,,12144,45,,,0
105019,'1198571',1627,,12145,45,,,0
105019,'1198621',729,,12146,45,,,0
105019,'1198667',959,,12147,45,,,0
105019,'1198717',1532,,12148,45,,,0
105019,'1198741',859,,12149,45,,,0
105019,'1198746',1847,,12150,45,,,0
105019,'1198889',655,,12151,45,,,0
105019,'1199004',1427,,12152,45,,,0
105019,'1199054',1632,,12153,45,,,0
105019,'1199098',829,,12154,45,,,0
105019,'1199298',2355,,12155,45,,,0
105019,'1199347',2308,,12156,45,,,0
105019,'1199383',2255,,12157,45,,,0
105019,'1199400',1710,,12158,45,,,0
105019,'1199461',1827,,12159,45,,,0
105019,'1199511',1810,,12160,45,,,0
105019,'1199546',2108,,12161,45,,,0
105019,'1199574',1910,,12162,45,,,0
