12029,'1196881',1137,,10722,36,,,0
12029,'1196886',1707,,10723,36,,,0
12029,'1196921',835,,10724,36,,,0
12029,'1196925',1637,,10725,36,,,0
12029,'1197005',2411,,10726,36,,,0
12029,'1197009',2336,,10727,36,,,0
12029,'1197092',1806,,10728,36,,,0
12029,'1197112',907,,10729,36,,,0
12029,'1197136',2306,,10730,36,,,0
12029,'1197164',737,,10731,36,,,0
12029,'1197202',1537,,10732,36,,,0
12029,'1197246',1407,,10733,36,,,0
12029,'1197415',1107,,10734,36,,,0
12029,'1197416',1537,,10735,36,,,0
12029,'1197484',1935,,10736,36,,,0
12029,'1197496',2206,,10737,36,,,0
12029,'1197608',1207,,10738,36,,,0
12029,'1197678',1835,,10739,36,,,0
12029,'1197742',1337,,10740,36,,,0
12029,'1197777',2335,,10741,36,,,0
12029,'1197790',2236,,10742,36,,,0
12029,'1197947',1735,,10743,36,,,0
12029,'1198008',1407,,10744,36,,,0
12029,'1198017',1906,,10745,36,,,0
12029,'1198020',1737,,10746,36,,,0
12029,'1198024',937,,10747,36,,,0
12029,'1198092',1836,,10748,36,,,0
12029,'1198139',1607,,10749,36,,,0
12029,'1198185',1207,,10750,36,,,0
12029,'1198205',837,,10751,36,,,0
12029,'1198239',1007,,10752,36,,,0
12029,'1198318',735,,10753,36,,,0
12029,'1198336',1137,,10754,36,,,0
12029,'1198360',1035,,10755,36,,,0
12029,'1198400',736,,10756,36,,,0
12029,'1198511',2235,,10757,36,,,0
12029,'1198528',1535,,10758,36,,,0
12029,'1198538',1437,,10759,36,,,0
12029,'1198556',2106,,10760,36,,,0
12029,'1198681',1936,,10761,36,,,0
12029,'1198731',2036,,10762,36,,,0
12029,'1198732',1337,,10763,36,,,0
12029,'1198745',2135,,10764,36,,,0
12029,'1198748',935,,10765,36,,,0
12029,'1198775',1037,,10766,36,,,0
12029,'1198818',1737,,10767,36,,,0
12029,'1198856',1135,,10768,36,,,0
12029,'1198877',1307,,10769,36,,,0
12029,'1198898',836,,10770,36,,,0
12029,'1198947',637,,10771,36,,,0
12029,'1198959',1237,,10772,36,,,0
12029,'1198976',1707,,10773,36,,,0
12029,'1199093',1507,,10774,36,,,0
12029,'1199207',1507,,10775,36,,,0
12029,'1199281',1335,,10776,36,,,0
12029,'1199325',1637,,10777,36,,,0
12029,'1199340',1107,,10778,36,,,0
12029,'1199357',1437,,10779,36,,,0
12029,'1199382',807,,10780,36,,,0
12029,'1199384',936,,10781,36,,,0
12029,'1199423',2006,,10782,36,,,0
12029,'1199437',1435,,10783,36,,,0
12029,'1199445',2035,,10784,36,,,0
12029,'1199457',1635,,10785,36,,,0
12029,'1199487',1037,,10786,36,,,0
12029,'1199500',707,,10787,36,,,0
12029,'1199501',1607,,10788,36,,,0
12029,'1199531',1237,,10789,36,,,0
12029,'1199556',2136,,10790,36,,,0
12029,'1199590',1307,,10791,36,,,0
12029,'1199639',1235,,10792,36,,,0
