12029,'1196881',1136,,10722,33,,,0
12029,'1196886',1706,,10723,33,,,0
12029,'1196921',834,,10724,33,,,0
12029,'1196925',1636,,10725,33,,,0
12029,'1197005',2410,,10726,33,,,0
12029,'1197009',2335,,10727,33,,,0
12029,'1197092',1805,,10728,33,,,0
12029,'1197112',906,,10729,33,,,0
12029,'1197136',2305,,10730,33,,,0
12029,'1197164',736,,10731,33,,,0
12029,'1197202',1536,,10732,33,,,0
12029,'1197246',1406,,10733,33,,,0
12029,'1197415',1106,,10734,33,,,0
12029,'1197416',1536,,10735,33,,,0
12029,'1197484',1934,,10736,33,,,0
12029,'1197496',2205,,10737,33,,,0
12029,'1197608',1206,,10738,33,,,0
12029,'1197678',1834,,10739,33,,,0
12029,'1197742',1336,,10740,33,,,0
12029,'1197777',2334,,10741,33,,,0
12029,'1197790',2235,,10742,33,,,0
12029,'1197947',1734,,10743,33,,,0
12029,'1198008',1406,,10744,33,,,0
12029,'1198017',1905,,10745,33,,,0
12029,'1198020',1736,,10746,33,,,0
12029,'1198024',936,,10747,33,,,0
12029,'1198092',1835,,10748,33,,,0
12029,'1198139',1606,,10749,33,,,0
12029,'1198185',1206,,10750,33,,,0
12029,'1198205',836,,10751,33,,,0
12029,'1198239',1006,,10752,33,,,0
12029,'1198318',734,,10753,33,,,0
12029,'1198336',1136,,10754,33,,,0
12029,'1198360',1034,,10755,33,,,0
12029,'1198400',735,,10756,33,,,0
12029,'1198511',2234,,10757,33,,,0
12029,'1198528',1534,,10758,33,,,0
12029,'1198538',1436,,10759,33,,,0
12029,'1198556',2105,,10760,33,,,0
12029,'1198681',1935,,10761,33,,,0
12029,'1198731',2035,,10762,33,,,0
12029,'1198732',1336,,10763,33,,,0
12029,'1198745',2134,,10764,33,,,0
12029,'1198748',934,,10765,33,,,0
12029,'1198775',1036,,10766,33,,,0
12029,'1198818',1736,,10767,33,,,0
12029,'1198856',1134,,10768,33,,,0
12029,'1198877',1306,,10769,33,,,0
12029,'1198898',835,,10770,33,,,0
12029,'1198947',636,,10771,33,,,0
12029,'1198959',1236,,10772,33,,,0
12029,'1198976',1706,,10773,33,,,0
12029,'1199093',1506,,10774,33,,,0
12029,'1199207',1506,,10775,33,,,0
12029,'1199281',1334,,10776,33,,,0
12029,'1199325',1636,,10777,33,,,0
12029,'1199340',1106,,10778,33,,,0
12029,'1199357',1436,,10779,33,,,0
12029,'1199382',806,,10780,33,,,0
12029,'1199384',935,,10781,33,,,0
12029,'1199423',2005,,10782,33,,,0
12029,'1199437',1434,,10783,33,,,0
12029,'1199445',2034,,10784,33,,,0
12029,'1199457',1634,,10785,33,,,0
12029,'1199487',1036,,10786,33,,,0
12029,'1199500',706,,10787,33,,,0
12029,'1199501',1606,,10788,33,,,0
12029,'1199531',1236,,10789,33,,,0
12029,'1199556',2135,,10790,33,,,0
12029,'1199590',1306,,10791,33,,,0
12029,'1199639',1234,,10792,33,,,0
23029,'1196989',1519,,11178,5,,,0
23029,'1197720',918,,11179,5,,,0
23029,'1197799',948,,11180,5,,,0
23029,'1197902',1320,,11181,5,,,0
23029,'1198145',1719,,11182,5,,,0
23029,'1198600',1119,,11183,5,,,0
23029,'1199027',1350,,11184,5,,,0
23029,'1199095',1550,,11185,5,,,0
23029,'1199388',1150,,11186,5,,,0
