104029,'1196835',2009,,12074,37,,,0
104029,'1196857',809,,12075,37,,,0
104029,'1196889',810,,12076,37,,,0
104029,'1196928',1754,,12077,37,,,0
104029,'1197002',654,,12078,37,,,0
104029,'1197045',1552,,12079,37,,,0
104029,'1197133',839,,12080,37,,,0
104029,'1197341',1252,,12081,37,,,0
104029,'1197454',1810,,12082,37,,,0
104029,'1197461',724,,12083,37,,,0
104029,'1197467',2210,,12084,37,,,0
104029,'1197481',609,,12085,37,,,0
104029,'1197553',2139,,12086,37,,,0
104029,'1197574',924,,12087,37,,,0
104029,'1197583',2154,,12088,37,,,0
104029,'1197794',1809,,12089,37,,,0
104029,'1197965',1410,,12090,37,,,0
104029,'1197979',1539,,12091,37,,,0
104029,'1198234',1039,,12092,37,,,0
104029,'1198287',1637,,12093,37,,,0
104029,'1198288',1207,,12094,37,,,0
104029,'1198449',1309,,12095,37,,,0
104029,'1198458',1924,,12096,37,,,0
104029,'1198510',954,,12097,37,,,0
104029,'1198521',809,,12098,37,,,0
104029,'1198558',1654,,12099,37,,,0
104029,'1198578',1722,,12100,37,,,0
104029,'1198686',1422,,12101,37,,,0
104029,'1198694',1507,,12102,37,,,0
104029,'1198755',1010,,12103,37,,,0
104029,'1198909',1210,,12104,37,,,0
104029,'1198979',1154,,12105,37,,,0
104029,'1199045',2309,,12106,37,,,0
104029,'1199127',2309,,12107,37,,,0
104029,'1199159',1337,,12108,37,,,0
104029,'1199181',924,,12109,37,,,0
104029,'1199193',1610,,12110,37,,,0
104029,'1199356',1424,,12111,37,,,0
104029,'1199360',2039,,12112,37,,,0
104029,'1199374',654,,12113,37,,,0
104029,'1199380',1039,,12114,37,,,0
104029,'1199442',1839,,12115,37,,,0
104029,'1199577',2010,,12116,37,,,0
