13029,'1196882',1535,,10855,22,,,0
13029,'1196907',1300,,10856,21,,,0
13029,'1196917',1303,,10857,21,,,0
13029,'1196936',1803,,10858,21,,,0
13029,'1196965',759,,10859,21,,,0
13029,'1196972',1633,,10860,21,,,0
13029,'1197006',1500,,10861,21,,,0
13029,'1197082',1200,,10862,21,,,0
13029,'1197122',1100,,10863,21,,,0
13029,'1197184',1501,,10864,21,,,0
13029,'1197188',1930,,10865,21,,,0
13029,'1197193',800,,10866,21,,,0
13029,'1197215',2100,,10867,21,,,0
13029,'1197262',1701,,10868,21,,,0
13029,'1197363',932,,10869,21,,,0
13029,'1197365',2159,,10870,21,,,0
13029,'1197371',1000,,10871,21,,,0
13029,'1197444',2259,,10872,21,,,0
13029,'1197556',2300,,10873,21,,,0
13029,'1197773',2030,,10874,21,,,0
13029,'1197812',1503,,10875,21,,,0
13029,'1197866',1400,,10876,21,,,0
13029,'1197909',902,,10877,21,,,0
13029,'1197997',1959,,10878,21,,,0
13029,'1198028',2059,,10879,21,,,0
13029,'1198074',2359,,10880,21,,,0
13029,'1198199',1600,,10881,21,,,0
13029,'1198248',2230,,10882,21,,,0
13029,'1198289',831,,10883,21,,,0
13029,'1198381',1733,,10884,21,,,0
13029,'1198389',1800,,10885,21,,,0
13029,'1198416',1601,,10886,21,,,0
13029,'1198437',1031,,10887,21,,,0
13029,'1198474',1104,,10888,21,,,0
13029,'1198488',1859,,10889,21,,,0
13029,'1198563',731,,10890,21,,,0
13029,'1198648',1059,,10891,21,,,0
13029,'1198673',1301,,10892,21,,,0
13029,'1198704',1900,,10893,21,,,0
13029,'1198733',801,,10894,21,,,0
13029,'1198756',900,,10895,21,,,0
13029,'1198793',959,,10896,21,,,0
13029,'1198811',1401,,10897,21,,,0
13029,'1198812',2400,,10898,21,,,0
13029,'1198828',1201,,10899,21,,,0
13029,'1198858',1603,,10900,21,,,0
13029,'1198910',631,,10901,21,,,0
13029,'1198998',859,,10902,21,,,0
13029,'1199115',701,,10903,21,,,0
13029,'1199250',2200,,10904,21,,,0
13029,'1199324',659,,10905,21,,,0
13029,'1199337',1002,,10906,21,,,0
13029,'1199349',2130,,10907,21,,,0
13029,'1199379',2330,,10908,21,,,0
13029,'1199405',1801,,10909,21,,,0
13029,'1199419',1203,,10910,21,,,0
13029,'1199548',1403,,10911,21,,,0
13029,'1199559',1700,,10912,21,,,0
13029,'1199614',1830,,10913,21,,,0
13029,'1199653',2000,,10914,21,,,0
13029,'1199655',1703,,10915,21,,,0
101019,'1197003',614,,11803,55,,,0
101019,'1197056',2152,,11804,55,,,0
101019,'1197144',2351,,11805,55,,,0
101019,'1197150',1551,,11806,55,,,0
101019,'1197356',1351,,11807,55,,,0
101019,'1197394',1552,,11808,55,,,0
101019,'1197485',752,,11809,55,,,0
101019,'1197542',1352,,11810,55,,,0
101019,'1197666',1114,,11811,55,,,0
101019,'1197703',2151,,11812,55,,,0
101019,'1197735',1214,,11813,55,,,0
101019,'1197816',1152,,11814,55,,,0
101019,'1197893',814,,11815,55,,,0
101019,'1198002',1751,,11816,55,,,0
101019,'1198014',751,,11817,55,,,0
101019,'1198130',1014,,11818,55,,,0
101019,'1198162',1416,,11819,55,,,0
101019,'1198212',1951,,11820,55,,,0
101019,'1198408',2113,,11821,55,,,0
101019,'1198684',952,,11822,55,,,0
101019,'1198907',1952,,11823,55,,,0
101019,'1199079',2314,,11824,55,,,0
101019,'1199178',1816,,11825,55,,,0
101019,'1199186',1616,,11826,55,,,0
101019,'1199279',1752,,11827,55,,,0
101019,'1199401',951,,11828,55,,,0
101019,'1199471',1914,,11829,55,,,0
101019,'1199497',1151,,11830,55,,,0
101019,'1199519',914,,11831,55,,,0
101019,'1199566',1516,,11832,55,,,0
101019,'1199626',1716,,11833,55,,,0
