24019,'1190647',1213,,8361,16,,,0
24019,'1191048',610,,8365,16,,,0
24019,'1191082',2141,,8366,16,,,0
24019,'1191137',1543,,8368,16,,,0
24019,'1191141',1313,,8369,16,,,0
24019,'1191142',1413,,8370,16,,,0
24019,'1191201',1511,,8373,16,,,0
24019,'1191254',2041,,8374,16,,,0
24019,'1191255',1610,,8375,16,,,0
24019,'1191295',1910,,8376,16,,,0
24019,'1191545',2210,,8379,16,,,0
24019,'1191590',1111,,8380,16,,,0
24019,'1191601',810,,8381,16,,,0
24019,'1191611',1941,,8382,16,,,0
24019,'1191656',1211,,8383,16,,,0
24019,'1191707',711,,8384,16,,,0
24019,'1191927',2241,,8385,16,,,0
24019,'1191985',1613,,8387,16,,,0
24019,'1191988',2010,,8388,16,,,0
24019,'1192102',1411,,8389,16,,,0
24019,'1192138',1311,,8390,16,,,0
24019,'1192209',911,,8392,16,,,0
24019,'1192332',911,,8395,16,,,0
24019,'1192336',2401,,8396,16,,,0
24019,'1192345',1841,,8397,16,,,0
24019,'1192408',1643,,8398,16,,,0
24019,'1192447',1443,,8399,16,,,0
24019,'1192487',1713,,8401,16,,,0
24019,'1192521',811,,8402,16,,,0
24019,'1192603',641,,8403,16,,,0
24019,'1192660',710,,8404,16,,,0
24019,'1192685',2310,,8405,16,,,0
24019,'1192701',1513,,8406,16,,,0
24019,'1192783',741,,8408,16,,,0
24019,'1192879',1810,,8409,16,,,0
24019,'1192911',941,,8410,16,,,0
24019,'1192935',1743,,8411,16,,,0
24019,'1192971',2110,,8413,16,,,0
24019,'1193067',841,,8415,16,,,0
24019,'1193077',1011,,8416,16,,,0
24019,'1193230',1710,,8418,16,,,0
24019,'1193296',1113,,8419,16,,,0
24019,'1193299',1011,,8420,16,,,0
