13019,'1196852',1345,,10793,45,,,0
13019,'1196856',1743,,10794,45,,,0
13019,'1196922',642,,10795,19,,,0
13019,'1196999',944,,10796,45,,,0
13019,'1197035',643,,10797,45,,,0
13019,'1197132',1515,,10798,45,,,0
13019,'1197251',1615,,10799,45,,,0
13019,'1197279',743,,10800,45,,,0
13019,'1197353',2313,,10801,45,,,0
13019,'1197357',1843,,10802,45,,,0
13019,'1197451',2243,,10803,45,,,0
13019,'1197487',844,,10804,45,,,0
13019,'1197555',1645,,10805,45,,,0
13019,'1197570',943,,10806,45,,,0
13019,'1197575',1643,,10807,45,,,0
13019,'1197641',2043,,10808,45,,,0
13019,'1197645',1715,,10809,45,,,0
13019,'1197648',713,,10810,45,,,0
13019,'1197690',1643,,10811,45,,,0
13019,'1197692',1745,,10812,45,,,0
13019,'1197730',1445,,10813,45,,,0
13019,'1197762',2418,,10814,45,,,0
13019,'1197803',743,,10815,45,,,0
13019,'1197834',1243,,10816,45,,,0
13019,'1197854',2043,,10817,45,,,0
13019,'1197962',1343,,10818,45,,,0
13019,'1197975',1046,,10819,45,,,0
13019,'1198041',1143,,10820,45,,,0
13019,'1198094',1813,,10821,45,,,0
13019,'1198160',843,,10822,45,,,0
13019,'1198201',1243,,10823,45,,,0
13019,'1198243',1843,,10824,45,,,0
13019,'1198290',2213,,10825,45,,,0
13019,'1198352',743,,10826,45,,,0
13019,'1198355',1913,,10827,45,,,0
13019,'1198382',813,,10828,45,,,0
13019,'1198402',2243,,10829,45,,,0
13019,'1198552',2143,,10830,45,,,0
13019,'1198554',1943,,10831,45,,,0
13019,'1198602',1143,,10832,45,,,0
13019,'1198611',2013,,10833,45,,,0
13019,'1198630',1545,,10834,45,,,0
13019,'1198675',1245,,10835,45,,,0
13019,'1198690',613,,10836,19,,,0
13019,'1198716',1043,,10837,45,,,0
13019,'1198729',1013,,10838,45,,,0
13019,'1198761',1343,,10839,45,,,0
13019,'1198778',943,,10840,45,,,0
13019,'1198837',2343,,10841,45,,,0
13019,'1198874',1145,,10842,45,,,0
13019,'1198888',914,,10843,45,,,0
13019,'1199044',843,,10844,45,,,0
13019,'1199123',1043,,10845,45,,,0
13019,'1199151',1443,,10846,45,,,0
13019,'1199233',1443,,10847,45,,,0
13019,'1199276',1543,,10848,45,,,0
13019,'1199284',2113,,10849,45,,,0
13019,'1199418',1943,,10850,45,,,0
13019,'1199448',1743,,10851,45,,,0
13019,'1199536',2143,,10852,45,,,0
13019,'1199588',2343,,10853,45,,,0
13019,'1199631',1543,,10854,45,,,0
101029,'1196911',748,,11834,27,,,0
101029,'1197033',1831,,11835,27,,,0
101029,'1197060',848,,11836,27,,,0
101029,'1197096',1031,,11837,27,,,0
101029,'1197257',1048,,11838,27,,,0
101029,'1197272',1233,,11839,27,,,0
101029,'1197326',1550,,11840,27,,,0
101029,'1197581',2031,,11841,27,,,0
101029,'1197673',1433,,11842,27,,,0
101029,'1197747',2148,,11843,27,,,0
101029,'1197977',1633,,11844,27,,,0
101029,'1198059',633,,11845,27,,,0
101029,'1198116',1033,,11846,27,,,0
101029,'1198125',833,,11847,27,,,0
101029,'1198200',1231,,11848,27,,,0
101029,'1198251',948,,11849,27,,,0
101029,'1198346',831,,11850,27,,,0
101029,'1198498',2231,,11851,27,,,0
101029,'1198530',2233,,11852,27,,,0
101029,'1198631',1650,,11853,27,,,0
101029,'1198644',2408,,11854,27,,,0
101029,'1198710',1631,,11855,27,,,0
101029,'1198715',1748,,11856,27,,,0
101029,'1198953',2033,,11857,27,,,0
101029,'1198984',1350,,11858,27,,,0
101029,'1199108',1250,,11859,27,,,0
101029,'1199117',648,,11860,27,,,0
101029,'1199304',1833,,11861,27,,,0
101029,'1199366',1431,,11862,27,,,0
101029,'1199567',1948,,11863,27,,,0
101029,'1199585',1450,,11864,27,,,0
101029,'1199990',1250,,12786,27,,,0
101029,'1199994',1550,,12787,27,,,0
101029,'1199997',748,,12788,27,,,0
101029,'1199998',1748,,12789,27,,,0
101029,'1199999',1048,,12790,27,,,0
101029,'1200000',2408,,12791,27,,,0
101029,'1200001',648,,12792,27,,,0
101029,'1200002',1650,,12793,27,,,0
101029,'1200005',1450,,12794,27,,,0
101029,'1200007',948,,12795,27,,,0
101029,'1200010',1350,,12796,27,,,0
101029,'1200012',1948,,12797,27,,,0
101029,'1200016',2148,,12798,27,,,0
101029,'1200017',848,,12799,27,,,0
