2029,'1196924',1516,,10051,12,,,0
2029,'1196985',1201,,10052,12,,,0
2029,'1196991',2244,,10053,12,,,0
2029,'1197028',2044,,10054,12,,,0
2029,'1197134',1831,,10055,12,,,0
2029,'1197139',930,,10056,12,,,0
2029,'1197143',2331,,10057,12,,,0
2029,'1197168',1616,,10058,12,,,0
2029,'1197170',646,,10059,12,,,0
2029,'1197175',1501,,10060,12,,,0
2029,'1197208',1446,,10061,12,,,0
2029,'1197209',901,,10062,12,,,0
2029,'1197218',715,,10063,12,,,0
2029,'1197261',1631,,10064,12,,,0
2029,'1197268',1701,,10065,12,,,0
2029,'1197282',645,,10066,12,,,0
2029,'1197288',2144,,10067,12,,,0
2029,'1197331',1627,,10068,12,,,0
2029,'1197332',2214,,10069,12,,,0
2029,'1197367',1427,,10070,12,,,0
2029,'1197375',900,,10071,12,,,0
2029,'1197411',1045,,10072,12,,,0
2029,'1197419',1331,,10073,12,,,0
2029,'1197430',700,,10074,12,,,0
2029,'1197437',1000,,10075,12,,,0
2029,'1197491',1357,,10076,12,,,0
2029,'1197508',800,,10077,12,,,0
2029,'1197527',1246,,10078,12,,,0
2029,'1197534',1046,,10079,12,,,0
2029,'1197599',1646,,10080,12,,,0
2029,'1197642',745,,10081,12,,,0
2029,'1197644',1816,,10082,12,,,0
2029,'1197647',945,,10083,12,,,0
2029,'1197651',2340,,10084,12,,,0
2029,'1197655',2410,,10085,12,,,0
2029,'1197665',1031,,10086,12,,,0
2029,'1197667',1946,,10087,12,,,0
2029,'1197739',1716,,10088,12,,,0
2029,'1197769',1146,,10089,12,,,0
2029,'1197800',1015,,10090,12,,,0
2029,'1197808',2014,,10091,12,,,0
2029,'1197821',746,,10092,12,,,0
2029,'1197871',815,,10093,12,,,0
2029,'1197901',845,,10094,12,,,0
2029,'1197910',1746,,10095,12,,,0
2029,'1198003',1101,,10096,12,,,0
2029,'1198023',1230,,10097,12,,,0
2029,'1198042',846,,10098,12,,,0
2029,'1198045',2246,,10099,12,,,0
2029,'1198089',915,,10100,12,,,0
2029,'1198144',1030,,10101,12,,,0
2029,'1198156',2314,,10102,12,,,0
2029,'1198168',2031,,10103,12,,,0
2029,'1198184',946,,10104,12,,,0
2029,'1198213',1416,,10105,12,,,0
2029,'1198215',1831,,10106,12,,,0
2029,'1198275',1145,,10107,12,,,0
2029,'1198291',1100,,10108,12,,,0
2029,'1198335',1944,,10109,12,,,0
2029,'1198359',1327,,10110,12,,,0
2029,'1198433',1346,,10111,12,,,0
2029,'1198455',1227,,10112,12,,,0
2029,'1198473',1757,,10113,12,,,0
2029,'1198494',1727,,10114,12,,,0
2029,'1198537',1746,,10115,12,,,0
2029,'1198581',1131,,10116,12,,,0
2029,'1198603',1546,,10117,12,,,0
2029,'1198608',946,,10118,12,,,0
2029,'1198619',2416,,10119,12,,,0
2029,'1198682',1431,,10120,12,,,0
2029,'1198743',2246,,10121,12,,,0
2029,'1198838',1346,,10122,12,,,0
2029,'1198840',1457,,10123,12,,,0
2029,'1198841',730,,10124,12,,,0
2029,'1198851',2114,,10125,12,,,0
2029,'1198854',1200,,10126,12,,,0
2029,'1198870',731,,10127,12,,,0
2029,'1198967',2346,,10128,12,,,0
2029,'1199005',1601,,10129,12,,,0
2029,'1199023',1527,,10130,12,,,0
2029,'1199042',1946,,10131,12,,,0
2029,'1199046',1844,,10132,12,,,0
2029,'1199049',1115,,10133,12,,,0
2029,'1199063',1316,,10134,12,,,0
2029,'1199099',1301,,10135,12,,,0
2029,'1199116',1731,,10136,12,,,0
2029,'1199173',1557,,10137,12,,,0
2029,'1199237',2146,,10138,12,,,0
2029,'1199240',830,,10139,12,,,0
2029,'1199269',1246,,10140,12,,,0
2029,'1199288',1546,,10141,12,,,0
2029,'1199299',2201,,10142,12,,,0
2029,'1199305',1215,,10143,12,,,0
2029,'1199316',1801,,10144,12,,,0
2029,'1199329',1646,,10145,12,,,0
2029,'1199333',816,,10146,12,,,0
2029,'1199335',1257,,10147,12,,,0
2029,'1199398',2046,,10148,12,,,0
2029,'1199466',1914,,10149,12,,,0
2029,'1199478',1846,,10150,12,,,0
2029,'1199484',1531,,10151,12,,,0
2029,'1199542',2430,,10152,12,,,0
2029,'1199552',1401,,10153,12,,,0
2029,'1199560',1901,,10154,12,,,0
2029,'1199580',2116,,10155,12,,,0
2029,'1199620',1446,,10156,12,,,0
2029,'1199621',1130,,10157,12,,,0
2029,'1199635',1657,,10158,12,,,0
