101019,'1197003',529,,11803,4,,,0
101019,'1197056',2109,,11804,4,,,0
101019,'1197144',2309,,11805,4,,,0
101019,'1197150',1509,,11806,4,,,0
101019,'1197356',1309,,11807,4,,,0
101019,'1197394',1509,,11808,4,,,0
101019,'1197485',709,,11809,4,,,0
101019,'1197542',1309,,11810,4,,,0
101019,'1197666',1029,,11811,4,,,0
101019,'1197703',2109,,11812,4,,,0
101019,'1197735',1129,,11813,4,,,0
101019,'1197816',1109,,11814,4,,,0
101019,'1197893',729,,11815,4,,,0
101019,'1198002',1709,,11816,4,,,0
101019,'1198014',709,,11817,4,,,0
101019,'1198130',929,,11818,4,,,0
101019,'1198162',1332,,11819,4,,,0
101019,'1198212',1909,,11820,4,,,0
101019,'1198408',2028,,11821,4,,,0
101019,'1198684',909,,11822,4,,,0
101019,'1198907',1909,,11823,4,,,0
101019,'1199079',2229,,11824,4,,,0
101019,'1199178',1732,,11825,4,,,0
101019,'1199186',1532,,11826,4,,,0
101019,'1199279',1709,,11827,4,,,0
101019,'1199401',909,,11828,4,,,0
101019,'1199471',1829,,11829,4,,,0
101019,'1199497',1109,,11830,4,,,0
101019,'1199519',829,,11831,4,,,0
101019,'1199566',1432,,11832,4,,,0
101019,'1199626',1632,,11833,4,,,0
101019,'1199991',1332,,12771,4,,,0
101019,'1199992',2028,,12772,4,,,0
101019,'1199993',829,,12773,4,,,0
101019,'1199995',529,,12774,4,,,0
101019,'1199996',629,,12775,4,,,0
101019,'1200003',1632,,12776,4,,,0
101019,'1200004',1532,,12777,4,,,0
101019,'1200006',1829,,12778,4,,,0
101019,'1200008',729,,12779,4,,,0
101019,'1200009',2229,,12780,4,,,0
101019,'1200011',1029,,12781,4,,,0
101019,'1200013',1129,,12782,4,,,0
101019,'1200014',1432,,12783,4,,,0
101019,'1200015',1732,,12784,4,,,0
101019,'1200018',929,,12785,4,,,0
