11029,'1199774',1540,,10550,30,,,0
11029,'1199777',954,,10551,30,,,0
11029,'1199778',1340,,10552,30,,,0
11029,'1199779',2338,,10553,30,,,0
11029,'1199780',1239,,10554,30,,,0
11029,'1199781',1154,,10555,30,,,0
11029,'1199782',1655,,10556,30,,,0
11029,'1199783',2239,,10557,30,,,0
11029,'1199785',1338,,10558,30,,,0
11029,'1199786',824,,10559,30,,,0
11029,'1199787',1640,,10560,30,,,0
11029,'1199788',1610,,10561,30,,,0
11029,'1199789',1455,,10562,30,,,0
11029,'1199790',1508,,10563,30,,,0
11029,'1199791',1138,,10564,30,,,0
11029,'1199792',1555,,10565,30,,,0
11029,'1199793',2354,,10566,30,,,0
11029,'1199794',839,,10567,30,,,0
11029,'1199795',1510,,10568,30,,,0
11029,'1199796',1209,,10569,30,,,0
11029,'1199797',1810,,10570,30,,,0
11029,'1199799',754,,10571,30,,,0
11029,'1199800',1725,,10572,30,,,0
11029,'1199804',939,,10573,30,,,0
11029,'1199808',1039,,10574,30,,,0
11029,'1199809',1740,,10575,30,,,0
11029,'1199810',1109,,10576,30,,,0
11029,'1199811',1054,,10577,30,,,0
11029,'1199812',1608,,10578,30,,,0
11029,'1199813',2339,,10579,30,,,0
11029,'1199814',1240,,10580,30,,,0
11029,'1199815',1638,,10581,30,,,0
11029,'1199816',1208,,10582,30,,,0
11029,'1199818',739,,10583,30,,,0
11029,'1199819',1139,,10584,30,,,0
11029,'1199820',1755,,10585,30,,,0
11029,'1199821',1538,,10586,30,,,0
11029,'1199823',1308,,10587,30,,,0
11029,'1199825',2038,,10588,30,,,0
11029,'1199826',2414,,10589,30,,,0
11029,'1199828',1425,,10590,30,,,0
11029,'1199830',1325,,10591,30,,,0
11029,'1199831',2024,,10592,30,,,0
11029,'1199834',654,,10593,30,,,0
11029,'1199836',809,,10594,30,,,0
11029,'1199838',1525,,10595,30,,,0
11029,'1199839',739,,10596,30,,,0
11029,'1199843',1355,,10597,30,,,0
11029,'1199844',2039,,10598,30,,,0
11029,'1199846',1440,,10599,30,,,0
11029,'1199847',939,,10600,30,,,0
11029,'1199848',924,,10601,30,,,0
11029,'1199849',2139,,10602,30,,,0
11029,'1199850',1539,,10603,30,,,0
11029,'1199852',724,,10604,30,,,0
11029,'1199853',1009,,10605,30,,,0
11029,'1199854',854,,10606,30,,,0
11029,'1199855',1639,,10607,30,,,0
11029,'1199856',2138,,10608,30,,,0
11029,'1199858',1625,,10609,30,,,0
11029,'1199860',1039,,10610,30,,,0
11029,'1199862',1954,,10611,30,,,0
11029,'1199863',838,,10612,30,,,0
11029,'1199864',1225,,10613,30,,,0
11029,'1199865',1738,,10614,30,,,0
11029,'1199866',1238,,10615,30,,,0
11029,'1199867',2054,,10616,30,,,0
11029,'1199869',1438,,10617,30,,,0
11029,'1199870',1339,,10618,30,,,0
11029,'1199871',1408,,10619,30,,,0
11029,'1199873',2224,,10620,30,,,0
11029,'1199874',1124,,10621,30,,,0
11029,'1199875',1024,,10622,30,,,0
11029,'1199876',709,,10623,30,,,0
11029,'1199877',1739,,10624,30,,,0
11029,'1199878',1710,,10625,30,,,0
11029,'1199881',1838,,10626,30,,,0
11029,'1199882',1924,,10627,30,,,0
11029,'1199883',1139,,10628,30,,,0
11029,'1199884',1939,,10629,30,,,0
11029,'1199886',1938,,10630,30,,,0
11029,'1199889',738,,10631,30,,,0
11029,'1199890',2124,,10632,30,,,0
11029,'1199891',2238,,10633,30,,,0
11029,'1199892',1839,,10634,30,,,0
11029,'1199893',1038,,10635,30,,,0
11029,'1199898',909,,10636,30,,,0
11029,'1199899',1854,,10637,30,,,0
11029,'1199902',1824,,10638,30,,,0
11029,'1199903',938,,10639,30,,,0
11029,'1199904',1708,,10640,30,,,0
11029,'1199906',639,,10641,30,,,0
11029,'1199907',2324,,10642,30,,,0
11029,'1199910',2254,,10643,30,,,0
11029,'1199911',2154,,10644,30,,,0
11029,'1199912',1410,,10645,30,,,0
11029,'1199913',1255,,10646,30,,,0
11029,'1199914',1310,,10647,30,,,0
11029,'1199919',839,,10648,30,,,0
11029,'1199920',1439,,10649,30,,,0
22029,'1196872',1456,,11159,8,,,0
22029,'1197509',1055,,11160,8,,,0
22029,'1197841',1256,,11161,8,,,0
22029,'1198320',1425,,11162,8,,,0
22029,'1198325',1825,,11163,8,,,0
22029,'1198632',1025,,11164,8,,,0
22029,'1198895',1625,,11165,8,,,0
22029,'1199147',855,,11166,8,,,0
22029,'1199241',1225,,11167,8,,,0
22029,'1199309',824,,11168,8,,,0
140001029,'1196879',629,,12358,22,,,0
140001029,'1196954',1000,,12359,22,,,0
140001029,'1196975',1032,,12360,22,,,0
140001029,'1196976',2329,,12361,22,,,0
140001029,'1197010',1347,,12362,22,,,0
140001029,'1197038',1117,,12363,22,,,0
140001029,'1197058',1844,,12364,22,,,0
140001029,'1197078',1129,,12365,22,,,0
140001029,'1197099',2259,,12366,22,,,0
140001029,'1197105',2329,,12367,22,,,0
140001029,'1197113',859,,12368,22,,,0
140001029,'1197141',1448,,12369,22,,,0
140001029,'1197155',1745,,12370,22,,,0
140001029,'1197162',944,,12371,22,,,0
140001029,'1197190',1603,,12372,22,,,0
140001029,'1197195',1703,,12373,22,,,0
140001029,'1197198',1403,,12374,22,,,0
140001029,'1197204',930,,12375,22,,,0
140001029,'1197222',1232,,12376,22,,,0
140001029,'1197249',1230,,12377,22,,,0
140001029,'1197271',1946,,12378,22,,,0
140001029,'1197276',1100,,12379,22,,,0
140001029,'1197293',1518,,12380,22,,,0
140001029,'1197305',1530,,12381,22,,,0
140001029,'1197370',1217,,12382,22,,,0
140001029,'1197377',2229,,12383,22,,,0
140001029,'1197379',759,,12384,22,,,0
140001029,'1197386',1829,,12385,22,,,0
140001029,'1197424',2059,,12386,22,,,0
140001029,'1197426',1015,,12387,22,,,0
140001029,'1197432',959,,12388,22,,,0
140001029,'1197460',2229,,12389,22,,,0
140001029,'1197482',630,,12390,22,,,0
140001029,'1197494',2404,,12391,22,,,0
140001029,'1197497',1700,,12392,22,,,0
140001029,'1197568',1329,,12393,22,,,0
140001029,'1197611',2259,,12394,22,,,0
140001029,'1197612',1548,,12395,22,,,0
140001029,'1197619',1829,,12396,22,,,0
140001029,'1197627',844,,12397,22,,,0
140001029,'1197635',2229,,12398,22,,,0
140001029,'1197649',1332,,12399,22,,,0
140001029,'1197658',1929,,12400,22,,,0
140001029,'1197662',1102,,12401,22,,,0
140001029,'1197723',929,,12402,22,,,0
140001029,'1197758',1247,,12403,22,,,0
140001029,'1197776',2031,,12404,22,,,0
140001029,'1197849',2159,,12405,22,,,0
140001029,'1197888',1959,,12406,22,,,0
140001029,'1197928',1430,,12407,22,,,0
140001029,'1197938',1418,,12408,22,,,0
140001029,'1197948',1503,,12409,22,,,0
140001029,'1197957',1615,,12410,22,,,0
140001029,'1197967',1718,,12411,22,,,0
140001029,'1197972',1600,,12412,22,,,0
140001029,'1197983',729,,12413,22,,,0
140001029,'1198007',2129,,12414,22,,,0
140001029,'1198048',744,,12415,22,,,0
140001029,'1198049',714,,12416,22,,,0
140001029,'1198081',1300,,12417,22,,,0
140001029,'1198099',945,,12418,22,,,0
140001029,'1198101',1132,,12419,22,,,0
140001029,'1198102',830,,12420,22,,,0
140001029,'1198131',2029,,12421,22,,,0
140001029,'1198132',1029,,12422,22,,,0
140001029,'1198186',1800,,12423,22,,,0
140001029,'1198207',659,,12424,22,,,0
140001029,'1198209',914,,12425,22,,,0
140001029,'1198299',1200,,12426,22,,,0
140001029,'1198347',644,,12427,22,,,0
140001029,'1198350',1916,,12428,22,,,0
140001029,'1198371',1433,,12429,22,,,0
140001029,'1198391',2046,,12430,22,,,0
140001029,'1198425',2029,,12431,22,,,0
140001029,'1198451',2359,,12432,22,,,0
140001029,'1198469',1630,,12433,22,,,0
140001029,'1198505',1429,,12434,22,,,0
140001029,'1198517',1202,,12435,22,,,0
140001029,'1198540',729,,12436,22,,,0
140001029,'1198546',1030,,12437,22,,,0
140001029,'1198572',1545,,12438,22,,,0
140001029,'1198636',814,,12439,22,,,0
140001029,'1198643',1229,,12440,22,,,0
140001029,'1198645',1729,,12441,22,,,0
140001029,'1198655',800,,12442,22,,,0
140001029,'1198697',900,,12443,22,,,0
140001029,'1198757',1629,,12444,22,,,0
140001029,'1198770',2001,,12445,22,,,0
140001029,'1198787',1618,,12446,22,,,0
140001029,'1198789',1931,,12447,22,,,0
140001029,'1198794',1047,,12448,22,,,0
140001029,'1198796',2159,,12449,22,,,0
140001029,'1198802',1115,,12450,22,,,0
140001029,'1198817',1515,,12451,22,,,0
140001029,'1198824',1147,,12452,22,,,0
140001029,'1198860',1814,,12453,22,,,0
140001029,'1198934',1715,,12454,22,,,0
140001029,'1198970',1748,,12455,22,,,0
140001029,'1198973',929,,12456,22,,,0
140001029,'1198981',1831,,12457,22,,,0
140001029,'1198986',2329,,12458,22,,,0
140001029,'1198999',1345,,12459,22,,,0
140001029,'1199001',730,,12460,22,,,0
140001029,'1199006',829,,12461,22,,,0
140001029,'1199010',1801,,12462,22,,,0
140001029,'1199031',1215,,12463,22,,,0
140001029,'1199086',1017,,12464,22,,,0
140001029,'1199101',700,,12465,22,,,0
140001029,'1199110',1145,,12466,22,,,0
140001029,'1199113',1645,,12467,22,,,0
140001029,'1199128',1045,,12468,22,,,0
140001029,'1199156',1929,,12469,22,,,0
140001029,'1199174',1317,,12470,22,,,0
140001029,'1199189',829,,12471,22,,,0
140001029,'1199191',1816,,12472,22,,,0
140001029,'1199203',2101,,12473,22,,,0
140001029,'1199247',1648,,12474,22,,,0
140001029,'1199259',1846,,12475,22,,,0
140001029,'1199261',1415,,12476,22,,,0
140001029,'1199275',1533,,12477,22,,,0
140001029,'1199283',1330,,12478,22,,,0
140001029,'1199312',1245,,12479,22,,,0
140001029,'1199341',2016,,12480,22,,,0
140001029,'1199351',1315,,12481,22,,,0
140001029,'1199395',1733,,12482,22,,,0
140001029,'1199415',1859,,12483,22,,,0
140001029,'1199446',1901,,12484,22,,,0
140001029,'1199456',1529,,12485,22,,,0
140001029,'1199465',1730,,12486,22,,,0
140001029,'1199469',2129,,12487,22,,,0
140001029,'1199481',1633,,12488,22,,,0
140001029,'1199494',1500,,12489,22,,,0
140001029,'1199502',1400,,12490,22,,,0
140001029,'1199522',1445,,12491,22,,,0
140001029,'1199528',2129,,12492,22,,,0
140001029,'1199569',1130,,12493,22,,,0
140001029,'1199608',1302,,12494,22,,,0
