105019,'1196946',939,,12117,98,,,0
105019,'1197049',1851,,12118,98,,,0
105019,'1197077',626,,12119,98,,,0
105019,'1197115',1236,,12120,98,,,0
105019,'1197131',739,,12121,98,,,0
105019,'1197173',1240,,12122,98,,,0
105019,'1197181',1054,,12123,98,,,0
105019,'1197192',2226,,12124,98,,,0
105019,'1197197',1536,,12125,98,,,0
105019,'1197292',1340,,12126,98,,,0
105019,'1197296',1636,,12127,98,,,0
105019,'1197531',1440,,12128,98,,,0
105019,'1197548',1956,,12129,98,,,0
105019,'1197557',1640,,12130,98,,,0
105019,'1197588',854,,12131,98,,,0
105019,'1197596',2126,,12132,98,,,0
105019,'1197617',1540,,12133,98,,,0
105019,'1197633',1254,,12134,98,,,0
105019,'1197710',833,,12135,98,,,0
105019,'1197779',1821,,12136,98,,,0
105019,'1197825',1451,,12137,98,,,0
105019,'1197971',1136,,12138,98,,,0
105019,'1198112',656,,12139,98,,,0
105019,'1198338',1140,,12140,98,,,0
105019,'1198380',2254,,12141,98,,,0
105019,'1198385',1751,,12142,98,,,0
105019,'1198553',1351,,12143,98,,,0
105019,'1198560',2054,,12144,98,,,0
105019,'1198571',1654,,12145,98,,,0
105019,'1198621',803,,12146,98,,,0
105019,'1198667',1033,,12147,98,,,0
105019,'1198717',1606,,12148,98,,,0
105019,'1198741',933,,12149,98,,,0
105019,'1198746',1921,,12150,98,,,0
105019,'1198889',726,,12151,98,,,0
105019,'1199004',1454,,12152,98,,,0
105019,'1199054',1706,,12153,98,,,0
105019,'1199098',903,,12154,98,,,0
105019,'1199298',2426,,12155,98,,,0
105019,'1199347',2339,,12156,98,,,0
105019,'1199383',2326,,12157,98,,,0
105019,'1199400',1740,,12158,98,,,0
105019,'1199461',1854,,12159,98,,,0
105019,'1199511',1840,,12160,98,,,0
105019,'1199546',2139,,12161,98,,,0
105019,'1199574',1940,,12162,98,,,0
106029,'1196836',1624,,12215,29,,,0
106029,'1196851',1739,,12216,29,,,0
106029,'1197042',1022,,12217,29,,,0
106029,'1197408',1854,,12218,29,,,0
106029,'1198086',752,,12219,29,,,0
106029,'1198615',907,,12220,29,,,0
