27019,'1190698',1912,,8707,3,,,0
27019,'1190710',1742,,8708,3,,,0
27019,'1190723',2242,,8709,3,,,0
27019,'1190917',2312,,8710,3,,,0
27019,'1190996',742,,8712,3,,,0
27019,'1191047',1742,,8713,3,,,0
27019,'1191101',642,,8714,3,,,0
27019,'1191139',2212,,8715,3,,,0
27019,'1191209',1642,,8718,3,,,0
27019,'1191346',1142,,8720,3,,,0
27019,'1191460',1342,,8721,3,,,0
27019,'1191513',1442,,8722,3,,,0
27019,'1191616',942,,8723,3,,,0
27019,'1191740',942,,8725,3,,,0
27019,'1191746',842,,8726,3,,,0
27019,'1191829',2012,,8727,3,,,0
27019,'1191871',1442,,8728,3,,,0
27019,'1192223',1042,,8735,3,,,0
27019,'1192272',1342,,8736,3,,,0
27019,'1192334',642,,8737,3,,,0
27019,'1192456',1242,,8738,3,,,0
27019,'1192470',1042,,8739,3,,,0
27019,'1192604',842,,8740,3,,,0
27019,'1192609',1542,,8741,3,,,0
27019,'1192670',2342,,8742,3,,,0
27019,'1192710',1242,,8743,3,,,0
27019,'1192814',1942,,8745,3,,,0
27019,'1192867',1842,,8746,3,,,0
27019,'1192887',742,,8747,3,,,0
27019,'1192919',2142,,8748,3,,,0
27019,'1192945',1842,,8749,3,,,0
27019,'1193065',2042,,8751,3,,,0
27019,'1193144',1542,,8754,3,,,0
27019,'1193212',2112,,8756,3,,,0
27019,'1193249',1142,,8757,3,,,0
27019,'1193273',1642,,8758,3,,,0
