101029,'1196911',820,,11834,63,,,0
101029,'1197033',1903,,11835,63,,,0
101029,'1197060',920,,11836,63,,,0
101029,'1197096',1103,,11837,63,,,0
101029,'1197257',1120,,11838,63,,,0
101029,'1197272',1303,,11839,63,,,0
101029,'1197326',1623,,11840,63,,,0
101029,'1197581',2103,,11841,63,,,0
101029,'1197673',1503,,11842,63,,,0
101029,'1197747',2220,,11843,63,,,0
101029,'1197977',1703,,11844,63,,,0
101029,'1198059',703,,11845,63,,,0
101029,'1198116',1103,,11846,63,,,0
101029,'1198125',903,,11847,63,,,0
101029,'1198200',1303,,11848,63,,,0
101029,'1198251',1020,,11849,63,,,0
101029,'1198346',903,,11850,63,,,0
101029,'1198498',2303,,11851,63,,,0
101029,'1198530',2303,,11852,63,,,0
101029,'1198631',1723,,11853,63,,,0
101029,'1198644',2440,,11854,63,,,0
101029,'1198710',1703,,11855,63,,,0
101029,'1198715',1820,,11856,63,,,0
101029,'1198953',2103,,11857,63,,,0
101029,'1198984',1423,,11858,63,,,0
101029,'1199108',1323,,11859,63,,,0
101029,'1199117',720,,11860,63,,,0
101029,'1199304',1903,,11861,63,,,0
101029,'1199366',1503,,11862,63,,,0
101029,'1199567',2020,,11863,63,,,0
101029,'1199585',1523,,11864,63,,,0
101029,'1199990',1323,,12786,63,,,0
101029,'1199994',1623,,12787,63,,,0
101029,'1199997',820,,12788,63,,,0
101029,'1199998',1820,,12789,63,,,0
101029,'1199999',1120,,12790,63,,,0
101029,'1200000',2440,,12791,63,,,0
101029,'1200001',720,,12792,63,,,0
101029,'1200002',1723,,12793,63,,,0
101029,'1200005',1523,,12794,63,,,0
101029,'1200007',1020,,12795,63,,,0
101029,'1200010',1423,,12796,63,,,0
101029,'1200012',2020,,12797,63,,,0
101029,'1200016',2220,,12798,63,,,0
101029,'1200017',920,,12799,63,,,0
