24029,'1196855',2149,,11247,8,,,0
24029,'1196863',1620,,11248,8,,,0
24029,'1196903',1651,,11249,8,,,0
24029,'1196935',1535,,11250,8,,,0
24029,'1196998',949,,11251,8,,,0
24029,'1197011',619,,11252,8,,,0
24029,'1197043',2019,,11253,8,,,0
24029,'1197098',1021,,11254,8,,,0
24029,'1197100',1551,,11255,8,,,0
24029,'1197147',819,,11256,8,,,0
24029,'1197194',1721,,11257,8,,,0
24029,'1197347',1221,,11258,8,,,0
24029,'1197395',2335,,11259,8,,,0
24029,'1197401',1235,,11260,8,,,0
24029,'1197449',1521,,11261,8,,,0
24029,'1197535',1435,,11262,8,,,0
24029,'1197571',1949,,11263,8,,,0
24029,'1197636',835,,11264,8,,,0
24029,'1197711',1421,,11265,8,,,0
24029,'1197716',1421,,11266,8,,,0
24029,'1197740',1621,,11267,8,,,0
24029,'1197752',2249,,11268,8,,,0
24029,'1197838',919,,11269,8,,,0
24029,'1197859',921,,11270,8,,,0
24029,'1197868',2049,,11271,8,,,0
24029,'1198001',1321,,11272,8,,,0
24029,'1198033',719,,11273,8,,,0
24029,'1198069',1835,,11274,8,,,0
24029,'1198091',749,,11275,8,,,0
24029,'1198103',2035,,11276,8,,,0
24029,'1198109',735,,11277,8,,,0
24029,'1198307',2119,,11278,8,,,0
24029,'1198333',1035,,11279,8,,,0
24029,'1198357',1019,,11280,8,,,0
24029,'1198422',1735,,11281,8,,,0
24029,'1198495',1321,,11282,8,,,0
24029,'1198628',1935,,11283,8,,,0
24029,'1198699',1335,,11284,8,,,0
24029,'1198752',1121,,11285,8,,,0
24029,'1198764',1451,,11286,8,,,0
24029,'1198765',1720,,11287,8,,,0
24029,'1198785',2219,,11288,8,,,0
24029,'1198801',1221,,11289,8,,,0
24029,'1198831',1751,,11290,8,,,0
24029,'1198847',1635,,11291,8,,,0
24029,'1198886',719,,11292,8,,,0
24029,'1198954',1135,,11293,8,,,0
24029,'1198966',1521,,11294,8,,,0
24029,'1198971',2235,,11295,8,,,0
24029,'1199014',1919,,11296,8,,,0
24029,'1199150',2319,,11297,8,,,0
24029,'1199169',2409,,11298,8,,,0
24029,'1199217',1121,,11299,8,,,0
24029,'1199230',820,,11300,8,,,0
24029,'1199287',649,,11301,8,,,0
24029,'1199365',2135,,11302,8,,,0
24029,'1199397',849,,11303,8,,,0
24029,'1199530',935,,11304,8,,,0
24029,'1199545',1849,,11305,8,,,0
24029,'1199636',1819,,11306,8,,,0
105019,'1196946',949,,12117,110,,,0
105019,'1197049',1903,,12118,110,,,0
105019,'1197077',637,,12119,110,,,0
105019,'1197115',1248,,12120,110,,,0
105019,'1197131',749,,12121,110,,,0
105019,'1197173',1250,,12122,110,,,0
105019,'1197181',1104,,12123,110,,,0
105019,'1197192',2236,,12124,110,,,0
105019,'1197197',1548,,12125,110,,,0
105019,'1197292',1350,,12126,110,,,0
105019,'1197296',1648,,12127,110,,,0
105019,'1197531',1450,,12128,110,,,0
105019,'1197548',2006,,12129,110,,,0
105019,'1197557',1650,,12130,110,,,0
105019,'1197588',904,,12131,110,,,0
105019,'1197596',2136,,12132,110,,,0
105019,'1197617',1550,,12133,110,,,0
105019,'1197633',1304,,12134,110,,,0
105019,'1197710',845,,12135,110,,,0
105019,'1197779',1833,,12136,110,,,0
105019,'1197825',1503,,12137,110,,,0
105019,'1197971',1148,,12138,110,,,0
105019,'1198112',707,,12139,110,,,0
105019,'1198338',1150,,12140,110,,,0
105019,'1198380',2304,,12141,110,,,0
105019,'1198385',1803,,12142,110,,,0
105019,'1198553',1403,,12143,110,,,0
105019,'1198560',2104,,12144,110,,,0
105019,'1198571',1704,,12145,110,,,0
105019,'1198621',815,,12146,110,,,0
105019,'1198667',1045,,12147,110,,,0
105019,'1198717',1618,,12148,110,,,0
105019,'1198741',945,,12149,110,,,0
105019,'1198746',1933,,12150,110,,,0
105019,'1198889',737,,12151,110,,,0
105019,'1199004',1504,,12152,110,,,0
105019,'1199054',1718,,12153,110,,,0
105019,'1199098',915,,12154,110,,,0
105019,'1199298',2436,,12155,110,,,0
105019,'1199347',2349,,12156,110,,,0
105019,'1199383',2336,,12157,110,,,0
105019,'1199400',1750,,12158,110,,,0
105019,'1199461',1904,,12159,110,,,0
105019,'1199511',1850,,12160,110,,,0
105019,'1199546',2149,,12161,110,,,0
105019,'1199574',1950,,12162,110,,,0
106029,'1196836',1634,,12215,41,,,0
106029,'1196851',1749,,12216,41,,,0
106029,'1197042',1032,,12217,41,,,0
106029,'1197408',1904,,12218,41,,,0
106029,'1198086',802,,12219,41,,,0
106029,'1198615',917,,12220,41,,,0
140001019,'1196866',819,,12221,20,,,0
140001019,'1196880',2218,,12222,20,,,0
140001019,'1196896',1034,,12223,20,,,0
140001019,'1196898',2149,,12224,20,,,0
140001019,'1196900',1935,,12225,20,,,0
140001019,'1196905',1906,,12226,20,,,0
140001019,'1196939',2319,,12227,20,,,0
140001019,'1196943',1336,,12228,20,,,0
140001019,'1196945',2344,,12229,20,,,0
140001019,'1196967',649,,12230,20,,,0
140001019,'1197008',1406,,12231,20,,,0
140001019,'1197072',1428,,12232,20,,,0
140001019,'1197075',1551,,12233,20,,,0
140001019,'1197086',1850,,12234,20,,,0
140001019,'1197088',2049,,12235,20,,,0
140001019,'1197102',704,,12236,20,,,0
140001019,'1197146',1606,,12237,20,,,0
140001019,'1197212',1321,,12238,20,,,0
140001019,'1197216',934,,12239,20,,,0
140001019,'1197238',1206,,12240,20,,,0
140001019,'1197266',1506,,12241,20,,,0
140001019,'1197267',1636,,12242,20,,,0
140001019,'1197281',1643,,12243,20,,,0
140001019,'1197287',949,,12244,20,,,0
140001019,'1197324',1613,,12245,20,,,0
140001019,'1197328',1019,,12246,20,,,0
140001019,'1197350',1049,,12247,20,,,0
140001019,'1197407',1421,,12248,20,,,0
140001019,'1197438',1736,,12249,20,,,0
140001019,'1197459',1004,,12250,20,,,0
140001019,'1197465',1136,,12251,20,,,0
140001019,'1197470',1751,,12252,20,,,0
140001019,'1197474',1019,,12253,20,,,0
140001019,'1197516',1443,,12254,20,,,0
140001019,'1197563',1834,,12255,20,,,0
140001019,'1197567',1949,,12256,20,,,0
140001019,'1197593',1236,,12257,20,,,0
140001019,'1197607',1658,,12258,20,,,0
140001019,'1197613',1758,,12259,20,,,0
140001019,'1197621',1806,,12260,20,,,0
140001019,'1197622',2035,,12261,20,,,0
140001019,'1197646',1221,,12262,20,,,0
140001019,'1197676',1151,,12263,20,,,0
140001019,'1197685',1036,,12264,20,,,0
140001019,'1197688',1321,,12265,20,,,0
140001019,'1197689',1436,,12266,20,,,0
140001019,'1197693',1743,,12267,20,,,0
140001019,'1197729',2005,,12268,20,,,0
140001019,'1197734',1606,,12269,20,,,0
140001019,'1197741',1336,,12270,20,,,0
140001019,'1197745',1221,,12271,20,,,0
140001019,'1197767',1121,,12272,20,,,0
140001019,'1197797',2019,,12273,20,,,0
140001019,'1197802',904,,12274,20,,,0
140001019,'1197830',919,,12275,20,,,0
140001019,'1197894',1821,,12276,20,,,0
140001019,'1197944',1106,,12277,20,,,0
140001019,'1197964',1306,,12278,20,,,0
140001019,'1197966',1051,,12279,20,,,0
140001019,'1197987',1628,,12280,20,,,0
140001019,'1197988',749,,12281,20,,,0
140001019,'1198009',2105,,12282,20,,,0
140001019,'1198027',2306,,12283,20,,,0
140001019,'1198035',834,,12284,20,,,0
140001019,'1198147',2106,,12285,20,,,0
140001019,'1198155',1206,,12286,20,,,0
140001019,'1198177',2050,,12287,20,,,0
140001019,'1198195',1306,,12288,20,,,0
140001019,'1198235',1706,,12289,20,,,0
140001019,'1198264',1306,,12290,20,,,0
140001019,'1198294',1406,,12291,20,,,0
140001019,'1198302',2020,,12292,20,,,0
140001019,'1198324',1806,,12293,20,,,0
140001019,'1198349',734,,12294,20,,,0
140001019,'1198356',1721,,12295,20,,,0
140001019,'1198378',719,,12296,20,,,0
140001019,'1198384',1136,,12297,20,,,0
140001019,'1198418',1919,,12298,20,,,0
140001019,'1198429',1905,,12299,20,,,0
140001019,'1198452',1806,,12300,20,,,0
140001019,'1198461',849,,12301,20,,,0
140001019,'1198463',1835,,12302,20,,,0
140001019,'1198487',1849,,12303,20,,,0
140001019,'1198515',1236,,12304,20,,,0
140001019,'1198535',1713,,12305,20,,,0
140001019,'1198541',1104,,12306,20,,,0
140001019,'1198549',649,,12307,20,,,0
140001019,'1198579',1651,,12308,20,,,0
140001019,'1198595',2120,,12309,20,,,0
140001019,'1198601',1621,,12310,20,,,0
140001019,'1198665',2318,,12311,20,,,0
140001019,'1198666',806,,12312,20,,,0
140001019,'1198714',1458,,12313,20,,,0
140001019,'1198763',2419,,12314,20,,,0
140001019,'1198766',1006,,12315,20,,,0
140001019,'1198781',1820,,12316,20,,,0
140001019,'1198791',1521,,12317,20,,,0
140001019,'1198797',819,,12318,20,,,0
140001019,'1198813',1506,,12319,20,,,0
140001019,'1198814',2406,,12320,20,,,0
140001019,'1198835',1351,,12321,20,,,0
140001019,'1198872',849,,12322,20,,,0
140001019,'1198878',1251,,12323,20,,,0
140001019,'1198900',1513,,12324,20,,,0
140001019,'1198920',2119,,12325,20,,,0
140001019,'1198925',1119,,12326,20,,,0
140001019,'1198926',919,,12327,20,,,0
140001019,'1198932',1004,,12328,20,,,0
140001019,'1198964',1728,,12329,20,,,0
140001019,'1198965',1406,,12330,20,,,0
140001019,'1198980',1543,,12331,20,,,0
140001019,'1199018',2418,,12332,20,,,0
140001019,'1199069',2206,,12333,20,,,0
140001019,'1199136',1251,,12334,20,,,0
140001019,'1199170',749,,12335,20,,,0
140001019,'1199213',2348,,12336,20,,,0
140001019,'1199235',906,,12337,20,,,0
140001019,'1199268',804,,12338,20,,,0
140001019,'1199282',1106,,12339,20,,,0
140001019,'1199297',1528,,12340,20,,,0
140001019,'1199319',949,,12341,20,,,0
140001019,'1199330',1904,,12342,20,,,0
140001019,'1199354',1950,,12343,20,,,0
140001019,'1199367',2148,,12344,20,,,0
140001019,'1199377',1206,,12345,20,,,0
140001019,'1199402',1706,,12346,20,,,0
140001019,'1199414',1451,,12347,20,,,0
140001019,'1199449',1151,,12348,20,,,0
140001019,'1199458',1351,,12349,20,,,0
140001019,'1199468',2248,,12350,20,,,0
140001019,'1199492',1558,,12351,20,,,0
140001019,'1199516',2219,,12352,20,,,0
140001019,'1199563',2249,,12353,20,,,0
140001019,'1199606',1536,,12354,20,,,0
140001019,'1199624',1920,,12355,20,,,0
140001019,'1199632',719,,12356,20,,,0
140001019,'1199638',2006,,12357,20,,,0
