27019,'1190698',1916,,8707,8,,,0
27019,'1190710',1746,,8708,8,,,0
27019,'1190723',2245,,8709,8,,,0
27019,'1190917',2316,,8710,8,,,0
27019,'1190996',745,,8712,8,,,0
27019,'1191047',1745,,8713,8,,,0
27019,'1191101',646,,8714,8,,,0
27019,'1191139',2216,,8715,8,,,0
27019,'1191209',1645,,8718,8,,,0
27019,'1191346',1146,,8720,8,,,0
27019,'1191460',1345,,8721,8,,,0
27019,'1191513',1445,,8722,8,,,0
27019,'1191616',945,,8723,8,,,0
27019,'1191740',946,,8725,8,,,0
27019,'1191746',845,,8726,8,,,0
27019,'1191829',2016,,8727,8,,,0
27019,'1191871',1446,,8728,8,,,0
27019,'1192223',1045,,8735,8,,,0
27019,'1192272',1346,,8736,8,,,0
27019,'1192334',645,,8737,8,,,0
27019,'1192456',1245,,8738,8,,,0
27019,'1192470',1046,,8739,8,,,0
27019,'1192604',846,,8740,8,,,0
27019,'1192609',1546,,8741,8,,,0
27019,'1192670',2345,,8742,8,,,0
27019,'1192710',1246,,8743,8,,,0
27019,'1192814',1945,,8745,8,,,0
27019,'1192867',1846,,8746,8,,,0
27019,'1192887',746,,8747,8,,,0
27019,'1192919',2145,,8748,8,,,0
27019,'1192945',1845,,8749,8,,,0
27019,'1193065',2045,,8751,8,,,0
27019,'1193144',1545,,8754,8,,,0
27019,'1193212',2116,,8756,8,,,0
27019,'1193249',1145,,8757,8,,,0
27019,'1193273',1646,,8758,8,,,0
