3029,'1196871',652,,10230,28,,,0
3029,'1196875',2404,,10231,28,,,0
3029,'1196902',1553,,10232,28,,,0
3029,'1196918',1153,,10233,28,,,0
3029,'1196929',804,,10234,28,,,0
3029,'1197004',2151,,10235,28,,,0
3029,'1197012',1453,,10236,28,,,0
3029,'1197066',1904,,10237,28,,,0
3029,'1197101',1323,,10238,28,,,0
3029,'1197253',1604,,10239,28,,,0
3029,'1197290',822,,10240,28,,,0
3029,'1197380',2204,,10241,28,,,0
3029,'1197402',1623,,10242,28,,,0
3029,'1197413',2051,,10243,28,,,0
3029,'1197417',1104,,10244,28,,,0
3029,'1197427',2220,,10245,28,,,0
3029,'1197507',2351,,10246,28,,,0
3029,'1197510',1823,,10247,28,,,0
3029,'1197558',1022,,10248,28,,,0
3029,'1197601',952,,10249,28,,,0
3029,'1197654',1204,,10250,28,,,0
3029,'1197697',1223,,10251,28,,,0
3029,'1197823',1253,,10252,28,,,0
3029,'1197828',1423,,10253,28,,,0
3029,'1197856',1653,,10254,28,,,0
3029,'1197870',1353,,10255,28,,,0
3029,'1197895',2120,,10256,28,,,0
3029,'1197903',1951,,10257,28,,,0
3029,'1197920',1304,,10258,28,,,0
3029,'1197958',2251,,10259,28,,,0
3029,'1197998',2150,,10260,28,,,0
3029,'1198039',1704,,10261,28,,,0
3029,'1198070',1753,,10262,28,,,0
3029,'1198115',1004,,10263,28,,,0
3029,'1198165',1804,,10264,28,,,0
3029,'1198246',1553,,10265,28,,,0
3029,'1198281',1753,,10266,28,,,0
3029,'1198295',751,,10267,28,,,0
3029,'1198310',2250,,10268,28,,,0
3029,'1198321',1052,,10269,28,,,0
3029,'1198363',1253,,10270,28,,,0
3029,'1198395',752,,10271,28,,,0
3029,'1198434',1523,,10272,28,,,0
3029,'1198445',1153,,10273,28,,,0
3029,'1198462',2050,,10274,28,,,0
3029,'1198484',2304,,10275,28,,,0
3029,'1198500',1723,,10276,28,,,0
3029,'1198518',951,,10277,28,,,0
3029,'1198562',1404,,10278,28,,,0
3029,'1198577',1453,,10279,28,,,0
3029,'1198614',651,,10280,28,,,0
3029,'1198734',1850,,10281,28,,,0
3029,'1198836',852,,10282,28,,,0
3029,'1198936',1504,,10283,28,,,0
3029,'1198983',2104,,10284,28,,,0
3029,'1199061',851,,10285,28,,,0
3029,'1199094',1950,,10286,28,,,0
3029,'1199112',2347,,10287,28,,,0
3029,'1199231',2004,,10288,28,,,0
3029,'1199421',1653,,10289,28,,,0
3029,'1199431',1051,,10290,28,,,0
3029,'1199453',1851,,10291,28,,,0
3029,'1199460',1353,,10292,28,,,0
3029,'1199521',922,,10293,28,,,0
3029,'1199533',1920,,10294,28,,,0
3029,'1199547',722,,10295,28,,,0
3029,'1199601',1122,,10296,28,,,0
3029,'1199629',904,,10297,28,,,0
3029,'1199646',2020,,10298,28,,,0
4029,'1196947',1737,,10314,16,,,0
4029,'1196960',1437,,10315,16,,,0
4029,'1197081',1637,,10316,16,,,0
4029,'1197217',1707,,10317,16,,,0
4029,'1197243',837,,10318,16,,,0
4029,'1197423',1407,,10319,16,,,0
4029,'1198231',1807,,10320,16,,,0
4029,'1198271',1538,,10321,16,,,0
4029,'1198399',807,,10322,16,,,0
4029,'1198606',1007,,10323,16,,,0
4029,'1198651',1508,,10324,16,,,0
4029,'1199058',737,,10325,16,,,0
4029,'1199062',907,,10326,16,,,0
4029,'1199498',1608,,10327,16,,,0
4029,'1199611',937,,10328,16,,,0
10019,'1196894',2100,,10329,36,,,0
10019,'1196915',1700,,10330,36,,,0
10019,'1196923',1100,,10331,36,,,0
10019,'1197054',2230,,10332,36,,,0
10019,'1197091',1500,,10333,36,,,0
10019,'1197121',1101,,10334,36,,,0
10019,'1197207',1000,,10335,36,,,0
10019,'1197335',830,,10336,36,,,0
10019,'1197345',2130,,10337,36,,,0
10019,'1197397',1501,,10338,36,,,0
10019,'1197418',2400,,10339,36,,,0
10019,'1197505',1600,,10340,36,,,0
10019,'1197587',930,,10341,36,,,0
10019,'1197595',1100,,10342,36,,,0
10019,'1197737',1401,,10343,36,,,0
10019,'1197756',1900,,10344,36,,,0
10019,'1197759',1531,,10345,36,,,0
10019,'1197766',2300,,10346,36,,,0
10019,'1197915',2000,,10347,36,,,0
10019,'1197927',800,,10348,36,,,0
10019,'1197935',700,,10349,36,,,0
10019,'1197985',1000,,10350,36,,,0
10019,'1198010',1830,,10351,36,,,0
10019,'1198016',2000,,10352,36,,,0
10019,'1198164',700,,10353,36,,,0
10019,'1198167',1600,,10354,36,,,0
10019,'1198226',1400,,10355,36,,,0
10019,'1198257',1500,,10356,36,,,0
10019,'1198280',2330,,10357,36,,,0
10019,'1198300',1601,,10358,36,,,0
10019,'1198361',2200,,10359,36,,,0
10019,'1198366',900,,10360,36,,,0
10019,'1198390',1900,,10361,36,,,0
10019,'1198410',1800,,10362,36,,,0
10019,'1198440',800,,10363,36,,,0
10019,'1198475',1200,,10364,36,,,0
10019,'1198480',2200,,10365,36,,,0
10019,'1198509',631,,10366,36,,,0
10019,'1198520',1300,,10367,36,,,0
10019,'1198542',2400,,10368,36,,,0
10019,'1198583',2300,,10369,36,,,0
10019,'1198726',1930,,10370,36,,,0
10019,'1198809',900,,10371,36,,,0
10019,'1198815',1700,,10372,36,,,0
10019,'1198881',1631,,10373,36,,,0
10019,'1198903',900,,10374,36,,,0
10019,'1198955',1201,,10375,36,,,0
10019,'1198962',1701,,10376,36,,,0
10019,'1198993',1200,,10377,36,,,0
10019,'1199007',2100,,10378,36,,,0
10019,'1199032',1400,,10379,36,,,0
10019,'1199053',1801,,10380,36,,,0
10019,'1199056',1800,,10381,36,,,0
10019,'1199257',1731,,10382,36,,,0
10019,'1199300',1300,,10383,36,,,0
10019,'1199321',1000,,10384,36,,,0
10019,'1199323',2030,,10385,36,,,0
10019,'1199353',1301,,10386,36,,,0
10019,'1199424',730,,10387,36,,,0
10019,'1199598',800,,10388,36,,,0
14019,'1196890',1836,,10916,45,,,0
14019,'1196970',2106,,10917,45,,,0
14019,'1196984',1405,,10918,45,,,0
14019,'1197073',2206,,10919,45,,,0
14019,'1197090',805,,10920,45,,,0
14019,'1197106',1738,,10921,45,,,0
14019,'1197152',1608,,10922,45,,,0
14019,'1197163',1707,,10923,45,,,0
14019,'1197189',2005,,10924,45,,,0
14019,'1197473',1006,,10925,45,,,0
14019,'1197576',1205,,10926,45,,,0
14019,'1197578',1905,,10927,45,,,0
14019,'1197606',905,,10928,45,,,0
14019,'1197719',1607,,10929,45,,,0
14019,'1197768',1708,,10930,45,,,0
14019,'1197774',1307,,10931,45,,,0
14019,'1197807',706,,10932,45,,,0
14019,'1197857',1305,,10933,45,,,0
14019,'1197872',806,,10934,45,,,0
14019,'1197899',2336,,10935,45,,,0
14019,'1197912',1705,,10936,45,,,0
14019,'1197929',1407,,10937,45,,,0
14019,'1197946',2006,,10938,45,,,0
14019,'1198043',2406,,10939,45,,,0
14019,'1198056',1936,,10940,45,,,0
14019,'1198057',706,,10941,45,,,0
14019,'1198062',1605,,10942,45,,,0
14019,'1198118',2036,,10943,45,,,0
14019,'1198151',1505,,10944,45,,,0
14019,'1198161',1508,,10945,45,,,0
14019,'1198262',1507,,10946,45,,,0
14019,'1198285',2306,,10947,45,,,0
14019,'1198312',1006,,10948,45,,,0
14019,'1198386',1906,,10949,45,,,0
14019,'1198412',1208,,10950,45,,,0
14019,'1198436',906,,10951,45,,,0
14019,'1198460',1108,,10952,45,,,0
14019,'1198507',906,,10953,45,,,0
14019,'1198513',1308,,10954,45,,,0
14019,'1198539',1106,,10955,45,,,0
14019,'1198751',2105,,10956,45,,,0
14019,'1198810',2405,,10957,45,,,0
14019,'1198859',1538,,10958,45,,,0
14019,'1198869',936,,10959,45,,,0
14019,'1198890',2205,,10960,45,,,0
14019,'1199036',736,,10961,45,,,0
14019,'1199048',806,,10962,45,,,0
14019,'1199075',836,,10963,45,,,0
14019,'1199084',1105,,10964,45,,,0
14019,'1199131',2136,,10965,45,,,0
14019,'1199280',2305,,10966,45,,,0
14019,'1199286',1005,,10967,45,,,0
14019,'1199393',1408,,10968,45,,,0
14019,'1199441',1638,,10969,45,,,0
14019,'1199444',1807,,10970,45,,,0
14019,'1199523',1805,,10971,45,,,0
14019,'1199538',1808,,10972,45,,,0
14019,'1199568',2236,,10973,45,,,0
14019,'1199582',1207,,10974,45,,,0
