13019,'1190607',924,,7967,14,,,0
13019,'1190640',1624,,7969,14,,,0
13019,'1190733',1024,,7970,14,,,0
13019,'1190801',1224,,7971,14,,,0
13019,'1190811',1924,,7972,14,,,0
13019,'1191064',954,,7974,14,,,0
13019,'1191079',854,,7975,14,,,0
13019,'1191259',724,,7976,14,,,0
13019,'1191324',724,,7977,14,,,0
13019,'1191439',1725,,7978,14,,,0
13019,'1191613',1525,,7983,14,,,0
13019,'1191629',2224,,7984,14,,,0
13019,'1191643',2054,,7986,14,,,0
13019,'1191663',1225,,7987,14,,,0
13019,'1191733',1025,,7988,14,,,0
13019,'1191945',1324,,7989,14,,,0
13019,'1192060',754,,7990,14,,,0
13019,'1192062',2154,,7991,14,,,0
13019,'1192072',1125,,7992,14,,,0
13019,'1192088',624,,7993,14,,,0
13019,'1192127',1455,,7994,14,,,0
13019,'1192154',1425,,7995,14,,,0
13019,'1192163',1424,,7996,14,,,0
13019,'1192228',824,,7997,14,,,0
13019,'1192313',824,,8000,14,,,0
13019,'1192426',1555,,8001,14,,,0
13019,'1192486',1655,,8002,14,,,0
13019,'1192492',1854,,8003,14,,,0
13019,'1192497',1124,,8004,14,,,0
13019,'1192498',1724,,8005,14,,,0
13019,'1192501',1754,,8006,14,,,0
13019,'1192637',2124,,8012,14,,,0
13019,'1192715',2254,,8014,14,,,0
13019,'1192811',2024,,8016,14,,,0
13019,'1192876',1625,,8017,14,,,0
13019,'1192895',924,,8018,14,,,0
13019,'1193039',1524,,8021,14,,,0
13019,'1193073',1954,,8022,14,,,0
13019,'1193083',2324,,8023,14,,,0
13019,'1193132',654,,8025,14,,,0
13019,'1193188',1824,,8026,14,,,0
13019,'1193199',2359,,8027,14,,,0
13019,'1193221',1325,,8028,14,,,0
