12029,'1196881',1122,,10722,12,,,0
12029,'1196886',1652,,10723,12,,,0
12029,'1196921',823,,10724,12,,,0
12029,'1196925',1622,,10725,12,,,0
12029,'1197005',2357,,10726,12,,,0
12029,'1197009',2322,,10727,12,,,0
12029,'1197092',1752,,10728,12,,,0
12029,'1197112',852,,10729,12,,,0
12029,'1197136',2252,,10730,12,,,0
12029,'1197164',722,,10731,12,,,0
12029,'1197202',1522,,10732,12,,,0
12029,'1197246',1352,,10733,12,,,0
12029,'1197415',1052,,10734,12,,,0
12029,'1197416',1522,,10735,12,,,0
12029,'1197484',1923,,10736,12,,,0
12029,'1197496',2152,,10737,12,,,0
12029,'1197608',1152,,10738,12,,,0
12029,'1197678',1823,,10739,12,,,0
12029,'1197742',1322,,10740,12,,,0
12029,'1197777',2323,,10741,12,,,0
12029,'1197790',2222,,10742,12,,,0
12029,'1197947',1723,,10743,12,,,0
12029,'1198008',1352,,10744,12,,,0
12029,'1198017',1852,,10745,12,,,0
12029,'1198020',1722,,10746,12,,,0
12029,'1198024',922,,10747,12,,,0
12029,'1198092',1822,,10748,12,,,0
12029,'1198139',1552,,10749,12,,,0
12029,'1198185',1152,,10750,12,,,0
12029,'1198205',822,,10751,12,,,0
12029,'1198239',952,,10752,12,,,0
12029,'1198318',723,,10753,12,,,0
12029,'1198336',1122,,10754,12,,,0
12029,'1198360',1023,,10755,12,,,0
12029,'1198400',722,,10756,12,,,0
12029,'1198511',2223,,10757,12,,,0
12029,'1198528',1523,,10758,12,,,0
12029,'1198538',1422,,10759,12,,,0
12029,'1198556',2052,,10760,12,,,0
12029,'1198681',1922,,10761,12,,,0
12029,'1198731',2022,,10762,12,,,0
12029,'1198732',1322,,10763,12,,,0
12029,'1198745',2123,,10764,12,,,0
12029,'1198748',923,,10765,12,,,0
12029,'1198775',1022,,10766,12,,,0
12029,'1198818',1722,,10767,12,,,0
12029,'1198856',1123,,10768,12,,,0
12029,'1198877',1252,,10769,12,,,0
12029,'1198898',822,,10770,12,,,0
12029,'1198947',622,,10771,12,,,0
12029,'1198959',1222,,10772,12,,,0
12029,'1198976',1652,,10773,12,,,0
12029,'1199093',1452,,10774,12,,,0
12029,'1199207',1452,,10775,12,,,0
12029,'1199281',1323,,10776,12,,,0
12029,'1199325',1622,,10777,12,,,0
12029,'1199340',1052,,10778,12,,,0
12029,'1199357',1422,,10779,12,,,0
12029,'1199382',752,,10780,12,,,0
12029,'1199384',922,,10781,12,,,0
12029,'1199423',1952,,10782,12,,,0
12029,'1199437',1423,,10783,12,,,0
12029,'1199445',2023,,10784,12,,,0
12029,'1199457',1623,,10785,12,,,0
12029,'1199487',1022,,10786,12,,,0
12029,'1199500',652,,10787,12,,,0
12029,'1199501',1552,,10788,12,,,0
12029,'1199531',1222,,10789,12,,,0
12029,'1199556',2122,,10790,12,,,0
12029,'1199590',1252,,10791,12,,,0
12029,'1199639',1223,,10792,12,,,0
