13029,'1196882',1534,,10855,21,,,0
13029,'1196907',1300,,10856,20,,,0
13029,'1196917',1302,,10857,20,,,0
13029,'1196936',1802,,10858,20,,,0
13029,'1196965',759,,10859,20,,,0
13029,'1196972',1632,,10860,20,,,0
13029,'1197006',1500,,10861,20,,,0
13029,'1197082',1200,,10862,20,,,0
13029,'1197122',1100,,10863,20,,,0
13029,'1197184',1500,,10864,20,,,0
13029,'1197188',1930,,10865,20,,,0
13029,'1197193',800,,10866,20,,,0
13029,'1197215',2100,,10867,20,,,0
13029,'1197262',1700,,10868,20,,,0
13029,'1197363',931,,10869,20,,,0
13029,'1197365',2159,,10870,20,,,0
13029,'1197371',1000,,10871,20,,,0
13029,'1197444',2259,,10872,20,,,0
13029,'1197556',2300,,10873,20,,,0
13029,'1197773',2030,,10874,20,,,0
13029,'1197812',1502,,10875,20,,,0
13029,'1197866',1400,,10876,20,,,0
13029,'1197909',901,,10877,20,,,0
13029,'1197997',1959,,10878,20,,,0
13029,'1198028',2059,,10879,20,,,0
13029,'1198074',2359,,10880,20,,,0
13029,'1198199',1600,,10881,20,,,0
13029,'1198248',2230,,10882,20,,,0
13029,'1198289',830,,10883,20,,,0
13029,'1198381',1732,,10884,20,,,0
13029,'1198389',1800,,10885,20,,,0
13029,'1198416',1600,,10886,20,,,0
13029,'1198437',1030,,10887,20,,,0
13029,'1198474',1103,,10888,20,,,0
13029,'1198488',1859,,10889,20,,,0
13029,'1198563',730,,10890,20,,,0
13029,'1198648',1059,,10891,20,,,0
13029,'1198673',1300,,10892,20,,,0
13029,'1198704',1900,,10893,20,,,0
13029,'1198733',800,,10894,20,,,0
13029,'1198756',900,,10895,20,,,0
13029,'1198793',959,,10896,20,,,0
13029,'1198811',1400,,10897,20,,,0
13029,'1198812',2400,,10898,20,,,0
13029,'1198828',1200,,10899,20,,,0
13029,'1198858',1602,,10900,20,,,0
13029,'1198910',630,,10901,20,,,0
13029,'1198998',859,,10902,20,,,0
13029,'1199115',700,,10903,20,,,0
13029,'1199250',2200,,10904,20,,,0
13029,'1199324',659,,10905,20,,,0
13029,'1199337',1001,,10906,20,,,0
13029,'1199349',2130,,10907,20,,,0
13029,'1199379',2330,,10908,20,,,0
13029,'1199405',1800,,10909,20,,,0
13029,'1199419',1202,,10910,20,,,0
13029,'1199548',1402,,10911,20,,,0
13029,'1199559',1700,,10912,20,,,0
13029,'1199614',1830,,10913,20,,,0
13029,'1199653',2000,,10914,20,,,0
13029,'1199655',1702,,10915,20,,,0
101019,'1197003',614,,11803,54,,,0
101019,'1197056',2152,,11804,54,,,0
101019,'1197144',2351,,11805,54,,,0
101019,'1197150',1551,,11806,54,,,0
101019,'1197356',1351,,11807,54,,,0
101019,'1197394',1552,,11808,54,,,0
101019,'1197485',752,,11809,54,,,0
101019,'1197542',1352,,11810,54,,,0
101019,'1197666',1114,,11811,54,,,0
101019,'1197703',2151,,11812,54,,,0
101019,'1197735',1214,,11813,54,,,0
101019,'1197816',1152,,11814,54,,,0
101019,'1197893',814,,11815,54,,,0
101019,'1198002',1751,,11816,54,,,0
101019,'1198014',751,,11817,54,,,0
101019,'1198130',1014,,11818,54,,,0
101019,'1198162',1416,,11819,54,,,0
101019,'1198212',1951,,11820,54,,,0
101019,'1198408',2113,,11821,54,,,0
101019,'1198684',952,,11822,54,,,0
101019,'1198907',1952,,11823,54,,,0
101019,'1199079',2314,,11824,54,,,0
101019,'1199178',1816,,11825,54,,,0
101019,'1199186',1616,,11826,54,,,0
101019,'1199279',1752,,11827,54,,,0
101019,'1199401',951,,11828,54,,,0
101019,'1199471',1914,,11829,54,,,0
101019,'1199497',1151,,11830,54,,,0
101019,'1199519',914,,11831,54,,,0
101019,'1199566',1516,,11832,54,,,0
101019,'1199626',1716,,11833,54,,,0
