101019,'1197003',603,,11803,39,,,0
101019,'1197056',2140,,11804,39,,,0
101019,'1197144',2340,,11805,39,,,0
101019,'1197150',1540,,11806,39,,,0
101019,'1197356',1340,,11807,39,,,0
101019,'1197394',1540,,11808,39,,,0
101019,'1197485',740,,11809,39,,,0
101019,'1197542',1340,,11810,39,,,0
101019,'1197666',1103,,11811,39,,,0
101019,'1197703',2140,,11812,39,,,0
101019,'1197735',1203,,11813,39,,,0
101019,'1197816',1140,,11814,39,,,0
101019,'1197893',803,,11815,39,,,0
101019,'1198002',1740,,11816,39,,,0
101019,'1198014',740,,11817,39,,,0
101019,'1198130',1003,,11818,39,,,0
101019,'1198162',1405,,11819,39,,,0
101019,'1198212',1940,,11820,39,,,0
101019,'1198408',2102,,11821,39,,,0
101019,'1198684',940,,11822,39,,,0
101019,'1198907',1940,,11823,39,,,0
101019,'1199079',2303,,11824,39,,,0
101019,'1199178',1805,,11825,39,,,0
101019,'1199186',1605,,11826,39,,,0
101019,'1199279',1740,,11827,39,,,0
101019,'1199401',940,,11828,39,,,0
101019,'1199471',1903,,11829,39,,,0
101019,'1199497',1140,,11830,39,,,0
101019,'1199519',903,,11831,39,,,0
101019,'1199566',1505,,11832,39,,,0
101019,'1199626',1705,,11833,39,,,0
101019,'1199991',1405,,12771,39,,,0
101019,'1199992',2102,,12772,39,,,0
101019,'1199993',903,,12773,39,,,0
101019,'1199995',603,,12774,39,,,0
101019,'1199996',703,,12775,39,,,0
101019,'1200003',1705,,12776,39,,,0
101019,'1200004',1605,,12777,39,,,0
101019,'1200006',1903,,12778,39,,,0
101019,'1200008',803,,12779,39,,,0
101019,'1200009',2303,,12780,39,,,0
101019,'1200011',1103,,12781,39,,,0
101019,'1200013',1203,,12782,39,,,0
101019,'1200014',1505,,12783,39,,,0
101019,'1200015',1805,,12784,39,,,0
101019,'1200018',1003,,12785,39,,,0
