101029,'1196911',800,,11834,36,,,0
101029,'1197033',1843,,11835,36,,,0
101029,'1197060',900,,11836,36,,,0
101029,'1197096',1043,,11837,36,,,0
101029,'1197257',1100,,11838,36,,,0
101029,'1197272',1244,,11839,36,,,0
101029,'1197326',1602,,11840,36,,,0
101029,'1197581',2043,,11841,36,,,0
101029,'1197673',1444,,11842,36,,,0
101029,'1197747',2200,,11843,36,,,0
101029,'1197977',1644,,11844,36,,,0
101029,'1198059',644,,11845,36,,,0
101029,'1198116',1044,,11846,36,,,0
101029,'1198125',844,,11847,36,,,0
101029,'1198200',1243,,11848,36,,,0
101029,'1198251',1000,,11849,36,,,0
101029,'1198346',843,,11850,36,,,0
101029,'1198498',2243,,11851,36,,,0
101029,'1198530',2244,,11852,36,,,0
101029,'1198631',1702,,11853,36,,,0
101029,'1198644',2420,,11854,36,,,0
101029,'1198710',1643,,11855,36,,,0
101029,'1198715',1800,,11856,36,,,0
101029,'1198953',2044,,11857,36,,,0
101029,'1198984',1402,,11858,36,,,0
101029,'1199108',1302,,11859,36,,,0
101029,'1199117',700,,11860,36,,,0
101029,'1199304',1844,,11861,36,,,0
101029,'1199366',1443,,11862,36,,,0
101029,'1199567',2000,,11863,36,,,0
101029,'1199585',1502,,11864,36,,,0
