28019,'1196931',2339,,11637,14,,,0
28019,'1196961',959,,11638,14,,,0
28019,'1197034',1139,,11639,14,,,0
28019,'1197242',1539,,11640,14,,,0
28019,'1197295',1359,,11641,14,,,0
28019,'1197458',1939,,11642,14,,,0
28019,'1197551',859,,11643,14,,,0
28019,'1197718',2139,,11644,14,,,0
28019,'1197726',1759,,11645,14,,,0
28019,'1197861',1839,,11646,14,,,0
28019,'1197862',1239,,11647,14,,,0
28019,'1198022',659,,11648,14,,,0
28019,'1198061',2059,,11649,14,,,0
28019,'1198096',1439,,11650,14,,,0
28019,'1198110',1159,,11651,14,,,0
28019,'1198319',1959,,11652,14,,,0
28019,'1198329',1639,,11653,14,,,0
28019,'1198345',1459,,11654,14,,,0
28019,'1198414',1059,,11655,14,,,0
28019,'1198454',1039,,11656,14,,,0
28019,'1198522',1559,,11657,14,,,0
28019,'1198672',939,,11658,14,,,0
28019,'1198739',2159,,11659,14,,,0
28019,'1198919',739,,11660,14,,,0
28019,'1198968',1259,,11661,14,,,0
28019,'1199033',2359,,11662,14,,,0
28019,'1199206',2039,,11663,14,,,0
28019,'1199243',2259,,11664,14,,,0
28019,'1199296',1859,,11665,14,,,0
28019,'1199344',1739,,11666,14,,,0
28019,'1199417',1659,,11667,14,,,0
28019,'1199450',839,,11668,14,,,0
28019,'1199529',1339,,11669,14,,,0
28019,'1199584',759,,11670,14,,,0
28019,'1199602',2239,,11671,14,,,0
28019,'1199775',1744,,11672,14,,,0
28019,'1199776',1714,,11673,14,,,0
28019,'1199784',1814,,11674,14,,,0
28019,'1199803',714,,11675,14,,,0
28019,'1199807',2014,,11676,14,,,0
28019,'1199817',2214,,11677,14,,,0
28019,'1199832',2314,,11678,14,,,0
28019,'1199835',1514,,11679,14,,,0
28019,'1199837',1644,,11680,14,,,0
28019,'1199842',1844,,11681,14,,,0
28019,'1199845',914,,11682,14,,,0
28019,'1199851',814,,11683,14,,,0
28019,'1199859',1914,,11684,14,,,0
28019,'1199861',844,,11685,14,,,0
28019,'1199868',1418,,11686,14,,,0
28019,'1199872',644,,11687,14,,,0
28019,'1199880',1314,,11688,14,,,0
28019,'1199885',744,,11689,14,,,0
28019,'1199887',1214,,11690,14,,,0
28019,'1199894',1614,,11691,14,,,0
28019,'1199897',614,,11692,14,,,0
28019,'1199900',2114,,11693,14,,,0
28019,'1199908',1014,,11694,14,,,0
28019,'1199917',1114,,11695,14,,,0
