10029,'1193661',1525,,7624,21,,,0
10029,'1193662',1125,,7625,21,,,0
10029,'1193664',2025,,7626,21,,,0
10029,'1193666',1325,,7627,21,,,0
10029,'1193669',2325,,7628,21,,,0
10029,'1193670',1625,,7629,21,,,0
10029,'1193672',854,,7631,21,,,0
10029,'1193673',2125,,7632,21,,,0
10029,'1193674',1425,,7633,21,,,0
10029,'1193676',1855,,7634,21,,,0
10029,'1193677',725,,7635,21,,,0
10029,'1193684',1725,,7637,21,,,0
10029,'1193685',1024,,7638,21,,,0
10029,'1193688',924,,7639,21,,,0
10029,'1193689',754,,7640,21,,,0
10029,'1193690',1955,,7641,21,,,0
10029,'1193692',2225,,7642,21,,,0
10029,'1193693',925,,7643,21,,,0
10029,'1193694',1324,,7644,21,,,0
10029,'1193695',654,,7645,21,,,0
10029,'1193696',624,,7646,21,,,0
10029,'1193699',2055,,7647,21,,,0
10029,'1193706',825,,7650,21,,,0
10029,'1193712',1825,,7651,21,,,0
10029,'1193713',2254,,7652,21,,,0
10029,'1193716',1925,,7654,21,,,0
10029,'1193719',1424,,7655,21,,,0
10029,'1193721',1025,,7656,21,,,0
10029,'1193726',1725,,7659,21,,,0
10029,'1193727',824,,7660,21,,,0
10029,'1193728',724,,7661,21,,,0
10029,'1193736',2359,,7663,21,,,0
10029,'1193741',2155,,7664,21,,,0
10029,'1193744',1454,,7666,21,,,0
10029,'1193745',1555,,7667,21,,,0
10029,'1193746',1124,,7668,21,,,0
10029,'1193757',1224,,7673,21,,,0
10029,'1193760',1225,,7675,21,,,0
10029,'1193762',1525,,7676,21,,,0
10029,'1193763',1655,,7677,21,,,0
10029,'1193777',1755,,7681,21,,,0
10029,'1193778',1625,,7682,21,,,0
