102029,'1190835',1910,,9081,6,,,0
102029,'1190937',630,,9082,6,,,0
102029,'1191107',2210,,9083,6,,,0
102029,'1191135',740,,9084,6,,,0
102029,'1191181',1140,,9086,6,,,0
102029,'1191262',1440,,9087,6,,,0
102029,'1191304',710,,9088,6,,,0
102029,'1191433',910,,9089,6,,,0
102029,'1191496',2240,,9091,6,,,0
102029,'1191671',840,,9092,6,,,0
102029,'1191805',1555,,9094,6,,,0
102029,'1191922',610,,9095,6,,,0
102029,'1192040',1310,,9097,6,,,0
102029,'1192054',1340,,9098,6,,,0
102029,'1192165',1010,,9100,6,,,0
102029,'1192219',2110,,9101,6,,,0
102029,'1192269',1510,,9103,6,,,0
102029,'1192425',1210,,9104,6,,,0
102029,'1192474',2340,,9106,6,,,0
102029,'1192505',655,,9107,6,,,0
102029,'1192509',1940,,9108,6,,,0
102029,'1192621',1725,,9109,6,,,0
102029,'1192631',955,,9110,6,,,0
102029,'1192870',1610,,9113,6,,,0
102029,'1192893',1810,,9114,6,,,0
102029,'1192925',1640,,9115,6,,,0
102029,'1193000',2410,,9117,6,,,0
102029,'1193010',1040,,9118,6,,,0
102029,'1193070',825,,9119,6,,,0
102029,'1193141',2040,,9121,6,,,0
102029,'1193243',1740,,9122,6,,,0
102029,'1193313',1425,,9123,6,,,0
