3019,'1196834',1812,,10159,18,,,0
3019,'1196848',2112,,10160,18,,,0
3019,'1196854',712,,10161,18,,,0
3019,'1196968',1228,,10162,18,,,0
3019,'1196971',2012,,10163,18,,,0
3019,'1197069',713,,10164,18,,,0
3019,'1197076',2142,,10165,18,,,0
3019,'1197107',1243,,10166,18,,,0
3019,'1197120',2412,,10167,18,,,0
3019,'1197318',2212,,10168,18,,,0
3019,'1197369',2328,,10169,18,,,0
3019,'1197372',2228,,10170,18,,,0
3019,'1197378',912,,10171,18,,,0
3019,'1197462',913,,10172,18,,,0
3019,'1197478',1613,,10173,18,,,0
3019,'1197537',928,,10174,18,,,0
3019,'1197572',1343,,10175,18,,,0
3019,'1197590',843,,10176,18,,,0
3019,'1197618',1713,,10177,18,,,0
3019,'1197731',2012,,10179,18,,,0
3019,'1197748',1013,,10180,18,,,0
3019,'1197755',1043,,10181,18,,,0
3019,'1197810',1443,,10182,18,,,0
3019,'1197819',1912,,10183,18,,,0
3019,'1197850',1543,,10184,18,,,0
3019,'1197851',943,,10185,18,,,0
3019,'1197897',1113,,10186,18,,,0
3019,'1197923',1213,,10187,18,,,0
3019,'1197941',1513,,10188,18,,,0
3019,'1198025',1613,,10189,18,,,0
3019,'1198093',1842,,10190,18,,,0
3019,'1198098',1143,,10191,18,,,0
3019,'1198111',1012,,10192,18,,,0
3019,'1198119',1528,,10193,18,,,0
3019,'1198124',1413,,10194,18,,,0
3019,'1198153',1912,,10195,18,,,0
3019,'1198229',1513,,10196,18,,,0
3019,'1198237',1643,,10197,18,,,0
3019,'1198265',2112,,10198,18,,,0
3019,'1198278',1942,,10199,18,,,0
3019,'1198430',1628,,10200,18,,,0
3019,'1198432',1812,,10201,18,,,0
3019,'1198501',1713,,10202,18,,,0
3019,'1198514',643,,10203,18,,,0
3019,'1198654',1728,,10204,18,,,0
3019,'1198677',828,,10205,18,,,0
3019,'1198680',813,,10206,18,,,0
3019,'1198689',2402,,10207,18,,,0
3019,'1198691',1743,,10208,18,,,0
3019,'1198742',2212,,10209,18,,,0
3019,'1198777',1413,,10210,18,,,0
3019,'1198788',728,,10211,18,,,0
3019,'1198845',1028,,10212,18,,,0
3019,'1198989',2128,,10213,18,,,0
3019,'1198991',1828,,10214,18,,,0
3019,'1199009',1328,,10215,18,,,0
3019,'1199035',1213,,10216,18,,,0
3019,'1199052',2028,,10217,18,,,0
3019,'1199066',1128,,10218,18,,,0
3019,'1199133',1313,,10219,18,,,0
3019,'1199262',2312,,10220,18,,,0
3019,'1199277',743,,10221,18,,,0
3019,'1199346',1313,,10222,18,,,0
3019,'1199408',2042,,10223,18,,,0
3019,'1199412',1428,,10224,18,,,0
3019,'1199440',2312,,10225,18,,,0
3019,'1199509',812,,10226,18,,,0
3019,'1199600',1928,,10228,18,,,0
3019,'1199612',1113,,10229,18,,,0
