28019,'1196931',2332,,11637,3,,,0
28019,'1196961',952,,11638,3,,,0
28019,'1197034',1132,,11639,3,,,0
28019,'1197242',1532,,11640,3,,,0
28019,'1197295',1352,,11641,3,,,0
28019,'1197458',1932,,11642,3,,,0
28019,'1197551',852,,11643,3,,,0
28019,'1197718',2132,,11644,3,,,0
28019,'1197726',1752,,11645,3,,,0
28019,'1197861',1832,,11646,3,,,0
28019,'1197862',1232,,11647,3,,,0
28019,'1198022',652,,11648,3,,,0
28019,'1198061',2052,,11649,3,,,0
28019,'1198096',1432,,11650,3,,,0
28019,'1198110',1152,,11651,3,,,0
28019,'1198319',1952,,11652,3,,,0
28019,'1198329',1632,,11653,3,,,0
28019,'1198345',1452,,11654,3,,,0
28019,'1198414',1052,,11655,3,,,0
28019,'1198454',1032,,11656,3,,,0
28019,'1198522',1552,,11657,3,,,0
28019,'1198672',932,,11658,3,,,0
28019,'1198739',2152,,11659,3,,,0
28019,'1198919',732,,11660,3,,,0
28019,'1198968',1252,,11661,3,,,0
28019,'1199033',2352,,11662,3,,,0
28019,'1199206',2032,,11663,3,,,0
28019,'1199243',2252,,11664,3,,,0
28019,'1199296',1852,,11665,3,,,0
28019,'1199344',1732,,11666,3,,,0
28019,'1199417',1652,,11667,3,,,0
28019,'1199450',832,,11668,3,,,0
28019,'1199529',1332,,11669,3,,,0
28019,'1199584',752,,11670,3,,,0
28019,'1199602',2232,,11671,3,,,0
28019,'1199775',1737,,11672,3,,,0
28019,'1199776',1707,,11673,3,,,0
28019,'1199784',1807,,11674,3,,,0
28019,'1199803',707,,11675,3,,,0
28019,'1199807',2007,,11676,3,,,0
28019,'1199817',2207,,11677,3,,,0
28019,'1199832',2307,,11678,3,,,0
28019,'1199835',1507,,11679,3,,,0
28019,'1199837',1637,,11680,3,,,0
28019,'1199842',1837,,11681,3,,,0
28019,'1199845',907,,11682,3,,,0
28019,'1199851',807,,11683,3,,,0
28019,'1199859',1907,,11684,3,,,0
28019,'1199861',837,,11685,3,,,0
28019,'1199868',1407,,11686,3,,,0
28019,'1199872',637,,11687,3,,,0
28019,'1199880',1307,,11688,3,,,0
28019,'1199885',737,,11689,3,,,0
28019,'1199887',1207,,11690,3,,,0
28019,'1199894',1607,,11691,3,,,0
28019,'1199897',607,,11692,3,,,0
28019,'1199900',2107,,11693,3,,,0
28019,'1199908',1007,,11694,3,,,0
28019,'1199917',1107,,11695,3,,,0
