11019,'1196876',1503,,10448,24,,,0
11019,'1196884',1303,,10449,28,,,0
11019,'1196914',1146,,10450,28,,,0
11019,'1196958',805,,10451,28,,,0
11019,'1197000',1303,,10452,24,,,0
11019,'1197070',1903,,10453,24,,,0
11019,'1197071',1845,,10454,28,,,0
11019,'1197114',931,,10455,28,,,0
11019,'1197185',2303,,10456,24,,,0
11019,'1197191',1503,,10457,28,,,0
11019,'1197229',1418,,10458,28,,,0
11019,'1197234',1717,,10459,28,,,0
11019,'1197264',1748,,10460,28,,,0
11019,'1197274',946,,10461,28,,,0
11019,'1197327',1347,,10462,28,,,0
11019,'1197343',746,,10463,28,,,0
11019,'1197351',1603,,10464,24,,,0
11019,'1197398',1833,,10465,28,,,0
11019,'1197412',2315,,10466,28,,,0
11019,'1197422',1648,,10467,28,,,0
11019,'1197446',2403,,10468,24,,,0
11019,'1197463',716,,10469,28,,,0
11019,'1197502',631,,10470,28,,,0
11019,'1197519',801,,10471,28,,,0
11019,'1197564',2305,,10472,28,,,0
11019,'1197573',1403,,10473,24,,,0
11019,'1197695',1116,,10474,28,,,0
11019,'1197696',816,,10475,28,,,0
11019,'1197753',903,,10476,24,,,0
11019,'1197763',1533,,10477,28,,,0
11019,'1197795',2045,,10478,28,,,0
11019,'1197832',1633,,10479,28,,,0
11019,'1197875',2432,,10480,28,,,0
11019,'1197917',2405,,10481,28,,,0
11019,'1197925',1131,,10482,28,,,0
11019,'1197934',1547,,10483,28,,,0
11019,'1197978',1915,,10484,28,,,0
11019,'1197990',1447,,10485,28,,,0
11019,'1198012',901,,10486,28,,,0
11019,'1198053',1005,,10487,28,,,0
11019,'1198076',2015,,10488,28,,,0
11019,'1198113',2115,,10489,28,,,0
11019,'1198146',2245,,10490,28,,,0
11019,'1198266',2005,,10491,28,,,0
11019,'1198296',1703,,10492,24,,,0
11019,'1198337',916,,10493,28,,,0
11019,'1198341',1205,,10494,28,,,0
11019,'1198362',2203,,10495,24,,,0
11019,'1198405',1905,,10496,28,,,0
11019,'1198419',1518,,10497,28,,,0
11019,'1198470',1318,,10498,28,,,0
11019,'1198493',1818,,10499,28,,,0
11019,'1198506',1105,,10500,28,,,0
11019,'1198543',1031,,10501,28,,,0
11019,'1198548',1618,,10502,28,,,0
11019,'1198573',1201,,10503,28,,,0
11019,'1198590',2003,,10504,24,,,0
11019,'1198610',1603,,10505,28,,,0
11019,'1198623',705,,10506,28,,,0
11019,'1198660',1317,,10507,28,,,0
11019,'1198662',1803,,10508,24,,,0
11019,'1198696',1448,,10509,28,,,0
11019,'1198771',1517,,10510,28,,,0
11019,'1198808',1001,,10511,28,,,0
11019,'1198843',2103,,10512,24,,,0
11019,'1198927',1101,,10513,28,,,0
11019,'1198951',1733,,10514,28,,,0
11019,'1198978',1945,,10515,28,,,0
11019,'1199022',1245,,10516,28,,,0
11019,'1199024',2205,,10517,28,,,0
11019,'1199026',2215,,10518,28,,,0
11019,'1199059',1617,,10519,28,,,0
11019,'1199060',1403,,10520,28,,,0
11019,'1199064',1817,,10521,28,,,0
11019,'1199091',803,,10522,24,,,0
11019,'1199100',2145,,10523,28,,,0
11019,'1199118',1718,,10524,28,,,0
11019,'1199132',701,,10525,28,,,0
11019,'1199143',1747,,10526,28,,,0
11019,'1199154',1433,,10527,28,,,0
11019,'1199177',1703,,10528,28,,,0
11019,'1199180',2105,,10529,28,,,0
11019,'1199214',731,,10530,28,,,0
11019,'1199225',1548,,10531,28,,,0
11019,'1199227',1203,,10532,24,,,0
11019,'1199229',1417,,10533,28,,,0
11019,'1199253',1003,,10534,24,,,0
11019,'1199301',2342,,10535,28,,,0
11019,'1199306',1103,,10536,24,,,0
11019,'1199370',1803,,10537,28,,,0
11019,'1199376',846,,10538,28,,,0
11019,'1199394',905,,10539,28,,,0
11019,'1199403',831,,10540,28,,,0
11019,'1199410',1216,,10541,28,,,0
11019,'1199462',2412,,10542,28,,,0
11019,'1199476',1016,,10543,28,,,0
11019,'1199496',1333,,10544,28,,,0
11019,'1199508',1231,,10545,28,,,0
11019,'1199591',1647,,10546,28,,,0
11019,'1199603',1248,,10547,28,,,0
11019,'1199619',1046,,10548,28,,,0
11019,'1199623',1348,,10549,28,,,0
