28019,'1196931',2336,,11637,8,,,0
28019,'1196961',956,,11638,8,,,0
28019,'1197034',1136,,11639,8,,,0
28019,'1197242',1536,,11640,8,,,0
28019,'1197295',1356,,11641,8,,,0
28019,'1197458',1936,,11642,8,,,0
28019,'1197551',856,,11643,8,,,0
28019,'1197718',2136,,11644,8,,,0
28019,'1197726',1756,,11645,8,,,0
28019,'1197861',1836,,11646,8,,,0
28019,'1197862',1236,,11647,8,,,0
28019,'1198022',656,,11648,8,,,0
28019,'1198061',2056,,11649,8,,,0
28019,'1198096',1436,,11650,8,,,0
28019,'1198110',1156,,11651,8,,,0
28019,'1198319',1956,,11652,8,,,0
28019,'1198329',1636,,11653,8,,,0
28019,'1198345',1456,,11654,8,,,0
28019,'1198414',1056,,11655,8,,,0
28019,'1198454',1036,,11656,8,,,0
28019,'1198522',1556,,11657,8,,,0
28019,'1198672',936,,11658,8,,,0
28019,'1198739',2156,,11659,8,,,0
28019,'1198919',736,,11660,8,,,0
28019,'1198968',1256,,11661,8,,,0
28019,'1199033',2356,,11662,8,,,0
28019,'1199206',2036,,11663,8,,,0
28019,'1199243',2256,,11664,8,,,0
28019,'1199296',1856,,11665,8,,,0
28019,'1199344',1736,,11666,8,,,0
28019,'1199417',1656,,11667,8,,,0
28019,'1199450',836,,11668,8,,,0
28019,'1199529',1336,,11669,8,,,0
28019,'1199584',756,,11670,8,,,0
28019,'1199602',2236,,11671,8,,,0
28019,'1199775',1741,,11672,8,,,0
28019,'1199776',1711,,11673,8,,,0
28019,'1199784',1811,,11674,8,,,0
28019,'1199803',711,,11675,8,,,0
28019,'1199807',2011,,11676,8,,,0
28019,'1199817',2211,,11677,8,,,0
28019,'1199832',2311,,11678,8,,,0
28019,'1199835',1511,,11679,8,,,0
28019,'1199837',1641,,11680,8,,,0
28019,'1199842',1841,,11681,8,,,0
28019,'1199845',911,,11682,8,,,0
28019,'1199851',811,,11683,8,,,0
28019,'1199859',1911,,11684,8,,,0
28019,'1199861',841,,11685,8,,,0
28019,'1199868',1412,,11686,8,,,0
28019,'1199872',641,,11687,8,,,0
28019,'1199880',1311,,11688,8,,,0
28019,'1199885',741,,11689,8,,,0
28019,'1199887',1211,,11690,8,,,0
28019,'1199894',1611,,11691,8,,,0
28019,'1199897',611,,11692,8,,,0
28019,'1199900',2111,,11693,8,,,0
28019,'1199908',1011,,11694,8,,,0
28019,'1199917',1111,,11695,8,,,0
