24019,'1190647',1208,,8361,10,,,0
24019,'1191048',606,,8365,10,,,0
24019,'1191082',2136,,8366,10,,,0
24019,'1191137',1538,,8368,10,,,0
24019,'1191141',1308,,8369,10,,,0
24019,'1191142',1408,,8370,10,,,0
24019,'1191201',1507,,8373,10,,,0
24019,'1191254',2036,,8374,10,,,0
24019,'1191255',1606,,8375,10,,,0
24019,'1191295',1906,,8376,10,,,0
24019,'1191545',2206,,8379,10,,,0
24019,'1191590',1107,,8380,10,,,0
24019,'1191601',806,,8381,10,,,0
24019,'1191611',1936,,8382,10,,,0
24019,'1191656',1207,,8383,10,,,0
24019,'1191707',706,,8384,10,,,0
24019,'1191927',2236,,8385,10,,,0
24019,'1191985',1608,,8387,10,,,0
24019,'1191988',2006,,8388,10,,,0
24019,'1192102',1407,,8389,10,,,0
24019,'1192138',1307,,8390,10,,,0
24019,'1192209',907,,8392,10,,,0
24019,'1192332',906,,8395,10,,,0
24019,'1192336',2356,,8396,10,,,0
24019,'1192345',1836,,8397,10,,,0
24019,'1192408',1638,,8398,10,,,0
24019,'1192447',1438,,8399,10,,,0
24019,'1192487',1708,,8401,10,,,0
24019,'1192521',806,,8402,10,,,0
24019,'1192603',636,,8403,10,,,0
24019,'1192660',706,,8404,10,,,0
24019,'1192685',2306,,8405,10,,,0
24019,'1192701',1508,,8406,10,,,0
24019,'1192783',736,,8408,10,,,0
24019,'1192879',1806,,8409,10,,,0
24019,'1192911',936,,8410,10,,,0
24019,'1192935',1738,,8411,10,,,0
24019,'1192971',2106,,8413,10,,,0
24019,'1193067',836,,8415,10,,,0
24019,'1193077',1007,,8416,10,,,0
24019,'1193230',1706,,8418,10,,,0
24019,'1193296',1108,,8419,10,,,0
24019,'1193299',1006,,8420,10,,,0
