101019,'1197003',551,,11803,30,,,0
101019,'1197056',2128,,11804,30,,,0
101019,'1197144',2328,,11805,30,,,0
101019,'1197150',1528,,11806,30,,,0
101019,'1197356',1328,,11807,30,,,0
101019,'1197394',1528,,11808,30,,,0
101019,'1197485',728,,11809,30,,,0
101019,'1197542',1328,,11810,30,,,0
101019,'1197666',1051,,11811,30,,,0
101019,'1197703',2128,,11812,30,,,0
101019,'1197735',1151,,11813,30,,,0
101019,'1197816',1128,,11814,30,,,0
101019,'1197893',751,,11815,30,,,0
101019,'1198002',1728,,11816,30,,,0
101019,'1198014',728,,11817,30,,,0
101019,'1198130',951,,11818,30,,,0
101019,'1198162',1353,,11819,30,,,0
101019,'1198212',1928,,11820,30,,,0
101019,'1198408',2050,,11821,30,,,0
101019,'1198684',928,,11822,30,,,0
101019,'1198907',1928,,11823,30,,,0
101019,'1199079',2251,,11824,30,,,0
101019,'1199178',1753,,11825,30,,,0
101019,'1199186',1553,,11826,30,,,0
101019,'1199279',1728,,11827,30,,,0
101019,'1199401',928,,11828,30,,,0
101019,'1199471',1851,,11829,30,,,0
101019,'1199497',1128,,11830,30,,,0
101019,'1199519',851,,11831,30,,,0
101019,'1199566',1453,,11832,30,,,0
101019,'1199626',1653,,11833,30,,,0
101019,'1199991',1353,,12771,30,,,0
101019,'1199992',2050,,12772,30,,,0
101019,'1199993',851,,12773,30,,,0
101019,'1199995',551,,12774,30,,,0
101019,'1199996',651,,12775,30,,,0
101019,'1200003',1653,,12776,30,,,0
101019,'1200004',1553,,12777,30,,,0
101019,'1200006',1851,,12778,30,,,0
101019,'1200008',751,,12779,30,,,0
101019,'1200009',2251,,12780,30,,,0
101019,'1200011',1051,,12781,30,,,0
101019,'1200013',1151,,12782,30,,,0
101019,'1200014',1453,,12783,30,,,0
101019,'1200015',1753,,12784,30,,,0
101019,'1200018',951,,12785,30,,,0
