24029,'1196855',2146,,11247,3,,,0
24029,'1196863',1616,,11248,3,,,0
24029,'1196903',1648,,11249,3,,,0
24029,'1196935',1532,,11250,3,,,0
24029,'1196998',946,,11251,3,,,0
24029,'1197011',615,,11252,3,,,0
24029,'1197043',2016,,11253,3,,,0
24029,'1197098',1017,,11254,3,,,0
24029,'1197100',1548,,11255,3,,,0
24029,'1197147',816,,11256,3,,,0
24029,'1197194',1718,,11257,3,,,0
24029,'1197347',1217,,11258,3,,,0
24029,'1197395',2332,,11259,3,,,0
24029,'1197401',1232,,11260,3,,,0
24029,'1197449',1517,,11261,3,,,0
24029,'1197535',1432,,11262,3,,,0
24029,'1197571',1946,,11263,3,,,0
24029,'1197636',832,,11264,3,,,0
24029,'1197711',1418,,11265,3,,,0
24029,'1197716',1417,,11266,3,,,0
24029,'1197740',1618,,11267,3,,,0
24029,'1197752',2246,,11268,3,,,0
24029,'1197838',916,,11269,3,,,0
24029,'1197859',917,,11270,3,,,0
24029,'1197868',2046,,11271,3,,,0
24029,'1198001',1318,,11272,3,,,0
24029,'1198033',715,,11273,3,,,0
24029,'1198069',1832,,11274,3,,,0
24029,'1198091',746,,11275,3,,,0
24029,'1198103',2032,,11276,3,,,0
24029,'1198109',732,,11277,3,,,0
24029,'1198307',2116,,11278,3,,,0
24029,'1198333',1032,,11279,3,,,0
24029,'1198357',1016,,11280,3,,,0
24029,'1198422',1732,,11281,3,,,0
24029,'1198495',1317,,11282,3,,,0
24029,'1198628',1932,,11283,3,,,0
24029,'1198699',1332,,11284,3,,,0
24029,'1198752',1118,,11285,3,,,0
24029,'1198764',1448,,11286,3,,,0
24029,'1198765',1716,,11287,3,,,0
24029,'1198785',2216,,11288,3,,,0
24029,'1198801',1218,,11289,3,,,0
24029,'1198831',1748,,11290,3,,,0
24029,'1198847',1632,,11291,3,,,0
24029,'1198886',716,,11292,3,,,0
24029,'1198954',1132,,11293,3,,,0
24029,'1198966',1518,,11294,3,,,0
24029,'1198971',2232,,11295,3,,,0
24029,'1199014',1916,,11296,3,,,0
24029,'1199150',2316,,11297,3,,,0
24029,'1199169',2406,,11298,3,,,0
24029,'1199217',1117,,11299,3,,,0
24029,'1199230',816,,11300,3,,,0
24029,'1199287',646,,11301,3,,,0
24029,'1199365',2132,,11302,3,,,0
24029,'1199397',846,,11303,3,,,0
24029,'1199530',932,,11304,3,,,0
24029,'1199545',1846,,11305,3,,,0
24029,'1199636',1816,,11306,3,,,0
105019,'1196946',946,,12117,105,,,0
105019,'1197049',1859,,12118,105,,,0
105019,'1197077',634,,12119,105,,,0
105019,'1197115',1244,,12120,105,,,0
105019,'1197131',746,,12121,105,,,0
105019,'1197173',1247,,12122,105,,,0
105019,'1197181',1101,,12123,105,,,0
105019,'1197192',2233,,12124,105,,,0
105019,'1197197',1544,,12125,105,,,0
105019,'1197292',1347,,12126,105,,,0
105019,'1197296',1644,,12127,105,,,0
105019,'1197531',1447,,12128,105,,,0
105019,'1197548',2003,,12129,105,,,0
105019,'1197557',1647,,12130,105,,,0
105019,'1197588',901,,12131,105,,,0
105019,'1197596',2133,,12132,105,,,0
105019,'1197617',1547,,12133,105,,,0
105019,'1197633',1301,,12134,105,,,0
105019,'1197710',841,,12135,105,,,0
105019,'1197779',1829,,12136,105,,,0
105019,'1197825',1459,,12137,105,,,0
105019,'1197971',1144,,12138,105,,,0
105019,'1198112',704,,12139,105,,,0
105019,'1198338',1147,,12140,105,,,0
105019,'1198380',2301,,12141,105,,,0
105019,'1198385',1759,,12142,105,,,0
105019,'1198553',1359,,12143,105,,,0
105019,'1198560',2101,,12144,105,,,0
105019,'1198571',1701,,12145,105,,,0
105019,'1198621',811,,12146,105,,,0
105019,'1198667',1041,,12147,105,,,0
105019,'1198717',1614,,12148,105,,,0
105019,'1198741',941,,12149,105,,,0
105019,'1198746',1929,,12150,105,,,0
105019,'1198889',734,,12151,105,,,0
105019,'1199004',1501,,12152,105,,,0
105019,'1199054',1714,,12153,105,,,0
105019,'1199098',911,,12154,105,,,0
105019,'1199298',2433,,12155,105,,,0
105019,'1199347',2346,,12156,105,,,0
105019,'1199383',2333,,12157,105,,,0
105019,'1199400',1747,,12158,105,,,0
105019,'1199461',1901,,12159,105,,,0
105019,'1199511',1847,,12160,105,,,0
105019,'1199546',2146,,12161,105,,,0
105019,'1199574',1947,,12162,105,,,0
106029,'1196836',1631,,12215,36,,,0
106029,'1196851',1746,,12216,36,,,0
106029,'1197042',1029,,12217,36,,,0
106029,'1197408',1901,,12218,36,,,0
106029,'1198086',759,,12219,36,,,0
106029,'1198615',914,,12220,36,,,0
140001019,'1196866',816,,12221,15,,,0
140001019,'1196880',2215,,12222,15,,,0
140001019,'1196896',1031,,12223,15,,,0
140001019,'1196898',2146,,12224,15,,,0
140001019,'1196900',1931,,12225,15,,,0
140001019,'1196905',1903,,12226,15,,,0
140001019,'1196939',2316,,12227,15,,,0
140001019,'1196943',1332,,12228,15,,,0
140001019,'1196945',2341,,12229,15,,,0
140001019,'1196967',646,,12230,15,,,0
140001019,'1197008',1403,,12231,15,,,0
140001019,'1197072',1424,,12232,15,,,0
140001019,'1197075',1547,,12233,15,,,0
140001019,'1197086',1846,,12234,15,,,0
140001019,'1197088',2046,,12235,15,,,0
140001019,'1197102',701,,12236,15,,,0
140001019,'1197146',1602,,12237,15,,,0
140001019,'1197212',1317,,12238,15,,,0
140001019,'1197216',931,,12239,15,,,0
140001019,'1197238',1202,,12240,15,,,0
140001019,'1197266',1502,,12241,15,,,0
140001019,'1197267',1632,,12242,15,,,0
140001019,'1197281',1639,,12243,15,,,0
140001019,'1197287',946,,12244,15,,,0
140001019,'1197324',1609,,12245,15,,,0
140001019,'1197328',1016,,12246,15,,,0
140001019,'1197350',1046,,12247,15,,,0
140001019,'1197407',1417,,12248,15,,,0
140001019,'1197438',1732,,12249,15,,,0
140001019,'1197459',1001,,12250,15,,,0
140001019,'1197465',1132,,12251,15,,,0
140001019,'1197470',1747,,12252,15,,,0
140001019,'1197474',1016,,12253,15,,,0
140001019,'1197516',1439,,12254,15,,,0
140001019,'1197563',1831,,12255,15,,,0
140001019,'1197567',1946,,12256,15,,,0
140001019,'1197593',1232,,12257,15,,,0
140001019,'1197607',1654,,12258,15,,,0
140001019,'1197613',1754,,12259,15,,,0
140001019,'1197621',1802,,12260,15,,,0
140001019,'1197622',2031,,12261,15,,,0
140001019,'1197646',1217,,12262,15,,,0
140001019,'1197676',1147,,12263,15,,,0
140001019,'1197685',1032,,12264,15,,,0
140001019,'1197688',1317,,12265,15,,,0
140001019,'1197689',1432,,12266,15,,,0
140001019,'1197693',1739,,12267,15,,,0
140001019,'1197729',2001,,12268,15,,,0
140001019,'1197734',1603,,12269,15,,,0
140001019,'1197741',1332,,12270,15,,,0
140001019,'1197745',1217,,12271,15,,,0
140001019,'1197767',1117,,12272,15,,,0
140001019,'1197797',2016,,12273,15,,,0
140001019,'1197802',901,,12274,15,,,0
140001019,'1197830',916,,12275,15,,,0
140001019,'1197894',1817,,12276,15,,,0
140001019,'1197944',1103,,12277,15,,,0
140001019,'1197964',1302,,12278,15,,,0
140001019,'1197966',1047,,12279,15,,,0
140001019,'1197987',1624,,12280,15,,,0
140001019,'1197988',746,,12281,15,,,0
140001019,'1198009',2101,,12282,15,,,0
140001019,'1198027',2303,,12283,15,,,0
140001019,'1198035',831,,12284,15,,,0
140001019,'1198147',2103,,12285,15,,,0
140001019,'1198155',1202,,12286,15,,,0
140001019,'1198177',2046,,12287,15,,,0
140001019,'1198195',1302,,12288,15,,,0
140001019,'1198235',1702,,12289,15,,,0
140001019,'1198264',1303,,12290,15,,,0
140001019,'1198294',1402,,12291,15,,,0
140001019,'1198302',2016,,12292,15,,,0
140001019,'1198324',1802,,12293,15,,,0
140001019,'1198349',731,,12294,15,,,0
140001019,'1198356',1717,,12295,15,,,0
140001019,'1198378',716,,12296,15,,,0
140001019,'1198384',1132,,12297,15,,,0
140001019,'1198418',1916,,12298,15,,,0
140001019,'1198429',1901,,12299,15,,,0
140001019,'1198452',1803,,12300,15,,,0
140001019,'1198461',846,,12301,15,,,0
140001019,'1198463',1831,,12302,15,,,0
140001019,'1198487',1846,,12303,15,,,0
140001019,'1198515',1232,,12304,15,,,0
140001019,'1198535',1709,,12305,15,,,0
140001019,'1198541',1101,,12306,15,,,0
140001019,'1198549',646,,12307,15,,,0
140001019,'1198579',1647,,12308,15,,,0
140001019,'1198595',2116,,12309,15,,,0
140001019,'1198601',1617,,12310,15,,,0
140001019,'1198665',2315,,12311,15,,,0
140001019,'1198666',803,,12312,15,,,0
140001019,'1198714',1454,,12313,15,,,0
140001019,'1198763',2416,,12314,15,,,0
140001019,'1198766',1003,,12315,15,,,0
140001019,'1198781',1816,,12316,15,,,0
140001019,'1198791',1517,,12317,15,,,0
140001019,'1198797',816,,12318,15,,,0
140001019,'1198813',1503,,12319,15,,,0
140001019,'1198814',2403,,12320,15,,,0
140001019,'1198835',1347,,12321,15,,,0
140001019,'1198872',846,,12322,15,,,0
140001019,'1198878',1247,,12323,15,,,0
140001019,'1198900',1509,,12324,15,,,0
140001019,'1198920',2116,,12325,15,,,0
140001019,'1198925',1116,,12326,15,,,0
140001019,'1198926',916,,12327,15,,,0
140001019,'1198932',1001,,12328,15,,,0
140001019,'1198964',1724,,12329,15,,,0
140001019,'1198965',1402,,12330,15,,,0
140001019,'1198980',1539,,12331,15,,,0
140001019,'1199018',2415,,12332,15,,,0
140001019,'1199069',2203,,12333,15,,,0
140001019,'1199136',1247,,12334,15,,,0
140001019,'1199170',746,,12335,15,,,0
140001019,'1199213',2345,,12336,15,,,0
140001019,'1199235',903,,12337,15,,,0
140001019,'1199268',801,,12338,15,,,0
140001019,'1199282',1102,,12339,15,,,0
140001019,'1199297',1524,,12340,15,,,0
140001019,'1199319',946,,12341,15,,,0
140001019,'1199330',1901,,12342,15,,,0
140001019,'1199354',1946,,12343,15,,,0
140001019,'1199367',2145,,12344,15,,,0
140001019,'1199377',1203,,12345,15,,,0
140001019,'1199402',1703,,12346,15,,,0
140001019,'1199414',1447,,12347,15,,,0
140001019,'1199449',1147,,12348,15,,,0
140001019,'1199458',1347,,12349,15,,,0
140001019,'1199468',2245,,12350,15,,,0
140001019,'1199492',1554,,12351,15,,,0
140001019,'1199516',2216,,12352,15,,,0
140001019,'1199563',2246,,12353,15,,,0
140001019,'1199606',1532,,12354,15,,,0
140001019,'1199624',1916,,12355,15,,,0
140001019,'1199632',716,,12356,15,,,0
140001019,'1199638',2003,,12357,15,,,0
