12019,'1190645',1622,,7824,9,,,0
12019,'1190716',651,,7826,9,,,0
12019,'1190831',2151,,7830,9,,,0
12019,'1190872',851,,7831,9,,,0
12019,'1190905',851,,7833,9,,,0
12019,'1190925',2021,,7834,9,,,0
12019,'1190938',1622,,7835,9,,,0
12019,'1191207',1752,,7836,9,,,0
12019,'1191227',1722,,7837,9,,,0
12019,'1191300',1522,,7839,9,,,0
12019,'1191320',2321,,7840,9,,,0
12019,'1191414',1722,,7842,9,,,0
12019,'1191419',1452,,7843,9,,,0
12019,'1191420',2121,,7844,9,,,0
12019,'1191448',751,,7845,9,,,0
12019,'1191466',1652,,7846,9,,,0
12019,'1191470',1452,,7847,9,,,0
12019,'1191522',1052,,7848,9,,,0
12019,'1191598',1152,,7850,9,,,0
12019,'1191639',1222,,7851,9,,,0
12019,'1191674',1122,,7852,9,,,0
12019,'1191686',1322,,7853,9,,,0
12019,'1191803',1252,,7857,9,,,0
12019,'1191804',1552,,7858,9,,,0
12019,'1191818',1352,,7859,9,,,0
12019,'1191855',1851,,7860,9,,,0
12019,'1191973',1122,,7861,9,,,0
12019,'1192006',1021,,7863,9,,,0
12019,'1192018',1252,,7864,9,,,0
12019,'1192022',1921,,7865,9,,,0
12019,'1192099',821,,7866,9,,,0
12019,'1192145',1352,,7867,9,,,0
12019,'1192151',751,,7868,9,,,0
12019,'1192194',721,,7869,9,,,0
12019,'1192261',1152,,7870,9,,,0
12019,'1192280',2221,,7871,9,,,0
12019,'1192281',1322,,7872,9,,,0
12019,'1192301',1222,,7874,9,,,0
12019,'1192340',1422,,7875,9,,,0
12019,'1192366',1821,,7876,9,,,0
12019,'1192412',921,,7877,9,,,0
12019,'1192530',1522,,7879,9,,,0
12019,'1192561',2351,,7880,9,,,0
12019,'1192582',1951,,7881,9,,,0
12019,'1192611',2251,,7882,9,,,0
12019,'1192642',621,,7883,9,,,0
12019,'1193003',1552,,7884,9,,,0
12019,'1193055',1652,,7885,9,,,0
12019,'1193068',951,,7886,9,,,0
12019,'1193119',2051,,7887,9,,,0
12019,'1193147',1052,,7888,9,,,0
12019,'1193167',1422,,7889,9,,,0
12019,'1193176',653,,7890,9,,,0
12019,'1193229',1752,,7892,9,,,0
12019,'1193305',951,,7895,9,,,0
