12029,'1196881',1128,,10722,24,,,0
12029,'1196886',1658,,10723,24,,,0
12029,'1196921',829,,10724,24,,,0
12029,'1196925',1628,,10725,24,,,0
12029,'1197005',2403,,10726,24,,,0
12029,'1197009',2328,,10727,24,,,0
12029,'1197092',1758,,10728,24,,,0
12029,'1197112',858,,10729,24,,,0
12029,'1197136',2258,,10730,24,,,0
12029,'1197164',728,,10731,24,,,0
12029,'1197202',1528,,10732,24,,,0
12029,'1197246',1358,,10733,24,,,0
12029,'1197415',1058,,10734,24,,,0
12029,'1197416',1528,,10735,24,,,0
12029,'1197484',1929,,10736,24,,,0
12029,'1197496',2158,,10737,24,,,0
12029,'1197608',1158,,10738,24,,,0
12029,'1197678',1829,,10739,24,,,0
12029,'1197742',1328,,10740,24,,,0
12029,'1197777',2329,,10741,24,,,0
12029,'1197790',2228,,10742,24,,,0
12029,'1197947',1729,,10743,24,,,0
12029,'1198008',1358,,10744,24,,,0
12029,'1198017',1858,,10745,24,,,0
12029,'1198020',1728,,10746,24,,,0
12029,'1198024',928,,10747,24,,,0
12029,'1198092',1828,,10748,24,,,0
12029,'1198139',1558,,10749,24,,,0
12029,'1198185',1158,,10750,24,,,0
12029,'1198205',828,,10751,24,,,0
12029,'1198239',958,,10752,24,,,0
12029,'1198318',729,,10753,24,,,0
12029,'1198336',1128,,10754,24,,,0
12029,'1198360',1029,,10755,24,,,0
12029,'1198400',728,,10756,24,,,0
12029,'1198511',2229,,10757,24,,,0
12029,'1198528',1529,,10758,24,,,0
12029,'1198538',1428,,10759,24,,,0
12029,'1198556',2058,,10760,24,,,0
12029,'1198681',1928,,10761,24,,,0
12029,'1198731',2028,,10762,24,,,0
12029,'1198732',1328,,10763,24,,,0
12029,'1198745',2129,,10764,24,,,0
12029,'1198748',929,,10765,24,,,0
12029,'1198775',1028,,10766,24,,,0
12029,'1198818',1728,,10767,24,,,0
12029,'1198856',1129,,10768,24,,,0
12029,'1198877',1258,,10769,24,,,0
12029,'1198898',828,,10770,24,,,0
12029,'1198947',628,,10771,24,,,0
12029,'1198959',1228,,10772,24,,,0
12029,'1198976',1658,,10773,24,,,0
12029,'1199093',1458,,10774,24,,,0
12029,'1199207',1458,,10775,24,,,0
12029,'1199281',1329,,10776,24,,,0
12029,'1199325',1628,,10777,24,,,0
12029,'1199340',1058,,10778,24,,,0
12029,'1199357',1428,,10779,24,,,0
12029,'1199382',758,,10780,24,,,0
12029,'1199384',928,,10781,24,,,0
12029,'1199423',1958,,10782,24,,,0
12029,'1199437',1429,,10783,24,,,0
12029,'1199445',2029,,10784,24,,,0
12029,'1199457',1629,,10785,24,,,0
12029,'1199487',1028,,10786,24,,,0
12029,'1199500',658,,10787,24,,,0
12029,'1199501',1558,,10788,24,,,0
12029,'1199531',1228,,10789,24,,,0
12029,'1199556',2128,,10790,24,,,0
12029,'1199590',1258,,10791,24,,,0
12029,'1199639',1229,,10792,24,,,0
