104019,'1196891',2327,,12027,9,,,0
104019,'1197169',2403,,12028,9,,,0
104019,'1197256',1331,,12029,9,,,0
104019,'1197286',2127,,12030,9,,,0
104019,'1197298',1201,,12031,9,,,0
104019,'1197387',2228,,12032,9,,,0
104019,'1197452',1958,,12033,9,,,0
104019,'1197544',913,,12034,9,,,0
104019,'1197547',1228,,12035,9,,,0
104019,'1197640',1527,,12036,9,,,0
104019,'1197714',1758,,12037,9,,,0
104019,'1197725',2058,,12038,9,,,0
104019,'1197761',727,,12039,9,,,0
104019,'1197801',958,,12040,9,,,0
104019,'1197820',758,,12042,9,,,0
104019,'1197873',613,,12043,9,,,0
104019,'1197937',1458,,12044,9,,,0
104019,'1198060',1727,,12045,9,,,0
104019,'1198073',2343,,12046,9,,,0
104019,'1198077',2228,,12047,9,,,0
104019,'1198194',1116,,12048,9,,,0
104019,'1198253',1127,,12049,9,,,0
104019,'1198313',1501,,12050,9,,,0
104019,'1198322',1613,,12051,9,,,0
104019,'1198353',1246,,12052,9,,,0
104019,'1198411',927,,12053,9,,,0
104019,'1198567',1728,,12055,9,,,0
104019,'1198664',843,,12056,9,,,0
104019,'1198683',1343,,12057,9,,,0
104019,'1198738',1928,,12058,9,,,0
104019,'1198750',1927,,12059,9,,,0
104019,'1198780',843,,12060,9,,,0
104019,'1198913',1416,,12061,9,,,0
104019,'1198958',643,,12062,9,,,0
104019,'1199185',728,,12064,9,,,0
104019,'1199190',1113,,12065,9,,,0
104019,'1199331',1327,,12066,9,,,0
104019,'1199407',1843,,12067,9,,,0
104019,'1199459',1713,,12068,9,,,0
104019,'1199490',1631,,12069,9,,,0
104019,'1199539',958,,12070,9,,,0
104019,'1199564',728,,12071,9,,,0
104019,'1199583',1546,,12072,9,,,0
104019,'1199617',2113,,12073,9,,,0
