101019,'1197003',556,,11803,35,,,0
101019,'1197056',2133,,11804,35,,,0
101019,'1197144',2334,,11805,35,,,0
101019,'1197150',1534,,11806,35,,,0
101019,'1197356',1334,,11807,35,,,0
101019,'1197394',1533,,11808,35,,,0
101019,'1197485',733,,11809,35,,,0
101019,'1197542',1333,,11810,35,,,0
101019,'1197666',1056,,11811,35,,,0
101019,'1197703',2134,,11812,35,,,0
101019,'1197735',1156,,11813,35,,,0
101019,'1197816',1133,,11814,35,,,0
101019,'1197893',756,,11815,35,,,0
101019,'1198002',1734,,11816,35,,,0
101019,'1198014',734,,11817,35,,,0
101019,'1198130',956,,11818,35,,,0
101019,'1198162',1358,,11819,35,,,0
101019,'1198212',1934,,11820,35,,,0
101019,'1198408',2055,,11821,35,,,0
101019,'1198684',933,,11822,35,,,0
101019,'1198907',1933,,11823,35,,,0
101019,'1199079',2256,,11824,35,,,0
101019,'1199178',1758,,11825,35,,,0
101019,'1199186',1558,,11826,35,,,0
101019,'1199279',1733,,11827,35,,,0
101019,'1199401',934,,11828,35,,,0
101019,'1199471',1856,,11829,35,,,0
101019,'1199497',1134,,11830,35,,,0
101019,'1199519',856,,11831,35,,,0
101019,'1199566',1458,,11832,35,,,0
101019,'1199626',1658,,11833,35,,,0
101019,'1199991',1358,,12771,35,,,0
101019,'1199992',2055,,12772,35,,,0
101019,'1199993',856,,12773,35,,,0
101019,'1199995',556,,12774,35,,,0
101019,'1199996',656,,12775,35,,,0
101019,'1200003',1658,,12776,35,,,0
101019,'1200004',1558,,12777,35,,,0
101019,'1200006',1856,,12778,35,,,0
101019,'1200008',756,,12779,35,,,0
101019,'1200009',2256,,12780,35,,,0
101019,'1200011',1056,,12781,35,,,0
101019,'1200013',1156,,12782,35,,,0
101019,'1200014',1458,,12783,35,,,0
101019,'1200015',1758,,12784,35,,,0
101019,'1200018',956,,12785,35,,,0
