12029,'1196881',1138,,10722,37,,,0
12029,'1196886',1708,,10723,37,,,0
12029,'1196921',836,,10724,37,,,0
12029,'1196925',1638,,10725,37,,,0
12029,'1197005',2412,,10726,37,,,0
12029,'1197009',2337,,10727,37,,,0
12029,'1197092',1807,,10728,37,,,0
12029,'1197112',908,,10729,37,,,0
12029,'1197136',2307,,10730,37,,,0
12029,'1197164',738,,10731,37,,,0
12029,'1197202',1538,,10732,37,,,0
12029,'1197246',1408,,10733,37,,,0
12029,'1197415',1108,,10734,37,,,0
12029,'1197416',1538,,10735,37,,,0
12029,'1197484',1936,,10736,37,,,0
12029,'1197496',2207,,10737,37,,,0
12029,'1197608',1208,,10738,37,,,0
12029,'1197678',1836,,10739,37,,,0
12029,'1197742',1338,,10740,37,,,0
12029,'1197777',2336,,10741,37,,,0
12029,'1197790',2237,,10742,37,,,0
12029,'1197947',1736,,10743,37,,,0
12029,'1198008',1408,,10744,37,,,0
12029,'1198017',1907,,10745,37,,,0
12029,'1198020',1738,,10746,37,,,0
12029,'1198024',938,,10747,37,,,0
12029,'1198092',1837,,10748,37,,,0
12029,'1198139',1608,,10749,37,,,0
12029,'1198185',1208,,10750,37,,,0
12029,'1198205',838,,10751,37,,,0
12029,'1198239',1008,,10752,37,,,0
12029,'1198318',736,,10753,37,,,0
12029,'1198336',1138,,10754,37,,,0
12029,'1198360',1036,,10755,37,,,0
12029,'1198400',737,,10756,37,,,0
12029,'1198511',2236,,10757,37,,,0
12029,'1198528',1536,,10758,37,,,0
12029,'1198538',1438,,10759,37,,,0
12029,'1198556',2107,,10760,37,,,0
12029,'1198681',1937,,10761,37,,,0
12029,'1198731',2037,,10762,37,,,0
12029,'1198732',1338,,10763,37,,,0
12029,'1198745',2136,,10764,37,,,0
12029,'1198748',936,,10765,37,,,0
12029,'1198775',1038,,10766,37,,,0
12029,'1198818',1738,,10767,37,,,0
12029,'1198856',1136,,10768,37,,,0
12029,'1198877',1308,,10769,37,,,0
12029,'1198898',837,,10770,37,,,0
12029,'1198947',638,,10771,37,,,0
12029,'1198959',1238,,10772,37,,,0
12029,'1198976',1708,,10773,37,,,0
12029,'1199093',1508,,10774,37,,,0
12029,'1199207',1508,,10775,37,,,0
12029,'1199281',1336,,10776,37,,,0
12029,'1199325',1638,,10777,37,,,0
12029,'1199340',1108,,10778,37,,,0
12029,'1199357',1438,,10779,37,,,0
12029,'1199382',808,,10780,37,,,0
12029,'1199384',937,,10781,37,,,0
12029,'1199423',2007,,10782,37,,,0
12029,'1199437',1436,,10783,37,,,0
12029,'1199445',2036,,10784,37,,,0
12029,'1199457',1636,,10785,37,,,0
12029,'1199487',1038,,10786,37,,,0
12029,'1199500',708,,10787,37,,,0
12029,'1199501',1608,,10788,37,,,0
12029,'1199531',1238,,10789,37,,,0
12029,'1199556',2137,,10790,37,,,0
12029,'1199590',1308,,10791,37,,,0
12029,'1199639',1236,,10792,37,,,0
