14019,'1190713',1358,,8090,27,,,0
14019,'1190978',1658,,8092,27,,,0
14019,'1191058',2255,,8093,27,,,0
14019,'1191115',756,,8095,27,,,0
14019,'1191156',1528,,8096,27,,,0
14019,'1191216',1358,,8098,27,,,0
14019,'1191434',955,,8102,27,,,0
14019,'1191451',956,,8103,27,,,0
14019,'1191488',1258,,8104,27,,,0
14019,'1191517',656,,8105,27,,,0
14019,'1191609',2326,,8106,27,,,0
14019,'1191614',1826,,8107,27,,,0
14019,'1191636',1758,,8108,27,,,0
14019,'1191714',1158,,8109,27,,,0
14019,'1191747',1458,,8110,27,,,0
14019,'1191757',926,,8111,27,,,0
14019,'1191841',755,,8112,27,,,0
14019,'1191852',1926,,8113,27,,,0
14019,'1191970',2155,,8114,27,,,0
14019,'1191991',2055,,8115,27,,,0
14019,'1192119',2226,,8117,27,,,0
14019,'1192156',1558,,8118,27,,,0
14019,'1192341',726,,8121,27,,,0
14019,'1192538',1658,,8124,27,,,0
14019,'1192564',2355,,8125,27,,,0
14019,'1192713',1855,,8130,27,,,0
14019,'1192727',1258,,8131,27,,,0
14019,'1192788',1458,,8132,27,,,0
14019,'1192791',1158,,8133,27,,,0
14019,'1192803',826,,8134,27,,,0
14019,'1192837',856,,8136,27,,,0
14019,'1192840',1628,,8137,27,,,0
14019,'1192863',2126,,8138,27,,,0
14019,'1192916',1955,,8139,27,,,0
14019,'1192927',855,,8140,27,,,0
14019,'1192946',2026,,8141,27,,,0
14019,'1192962',1058,,8142,27,,,0
14019,'1192987',1758,,8143,27,,,0
14019,'1193071',1058,,8144,27,,,0
14019,'1193088',1728,,8145,27,,,0
14019,'1193127',1558,,8146,27,,,0
14019,'1193190',655,,8147,27,,,0
