3029,'1196871',633,,10230,4,,,0
3029,'1196875',2347,,10231,4,,,0
3029,'1196902',1533,,10232,4,,,0
3029,'1196918',1132,,10233,4,,,0
3029,'1196929',747,,10234,4,,,0
3029,'1197004',2132,,10235,4,,,0
3029,'1197012',1433,,10236,4,,,0
3029,'1197066',1847,,10237,4,,,0
3029,'1197101',1302,,10238,4,,,0
3029,'1197253',1547,,10239,4,,,0
3029,'1197290',803,,10240,4,,,0
3029,'1197380',2147,,10241,4,,,0
3029,'1197402',1602,,10242,4,,,0
3029,'1197413',2032,,10243,4,,,0
3029,'1197417',1047,,10244,4,,,0
3029,'1197427',2203,,10245,4,,,0
3029,'1197507',2332,,10246,4,,,0
3029,'1197510',1802,,10247,4,,,0
3029,'1197558',1003,,10248,4,,,0
3029,'1197601',933,,10249,4,,,0
3029,'1197654',1147,,10250,4,,,0
3029,'1197697',1202,,10251,4,,,0
3029,'1197823',1232,,10252,4,,,0
3029,'1197828',1402,,10253,4,,,0
3029,'1197856',1633,,10254,4,,,0
3029,'1197870',1332,,10255,4,,,0
3029,'1197895',2103,,10256,4,,,0
3029,'1197903',1932,,10257,4,,,0
3029,'1197920',1247,,10258,4,,,0
3029,'1197958',2232,,10259,4,,,0
3029,'1197998',2133,,10260,4,,,0
3029,'1198039',1647,,10261,4,,,0
3029,'1198070',1732,,10262,4,,,0
3029,'1198115',947,,10263,4,,,0
3029,'1198165',1747,,10264,4,,,0
3029,'1198246',1532,,10265,4,,,0
3029,'1198281',1733,,10266,4,,,0
3029,'1198295',732,,10267,4,,,0
3029,'1198310',2233,,10268,4,,,0
3029,'1198321',1033,,10269,4,,,0
3029,'1198363',1233,,10270,4,,,0
3029,'1198395',733,,10271,4,,,0
3029,'1198434',1502,,10272,4,,,0
3029,'1198445',1133,,10273,4,,,0
3029,'1198462',2033,,10274,4,,,0
3029,'1198484',2247,,10275,4,,,0
3029,'1198500',1702,,10276,4,,,0
3029,'1198518',932,,10277,4,,,0
3029,'1198562',1347,,10278,4,,,0
3029,'1198577',1432,,10279,4,,,0
3029,'1198614',632,,10280,4,,,0
3029,'1198734',1833,,10281,4,,,0
3029,'1198836',833,,10282,4,,,0
3029,'1198936',1447,,10283,4,,,0
3029,'1198983',2047,,10284,4,,,0
3029,'1199061',832,,10285,4,,,0
3029,'1199094',1933,,10286,4,,,0
3029,'1199112',2330,,10287,4,,,0
3029,'1199231',1947,,10288,4,,,0
3029,'1199421',1632,,10289,4,,,0
3029,'1199431',1032,,10290,4,,,0
3029,'1199453',1832,,10291,4,,,0
3029,'1199460',1333,,10292,4,,,0
3029,'1199521',903,,10293,4,,,0
3029,'1199533',1903,,10294,4,,,0
3029,'1199547',703,,10295,4,,,0
3029,'1199601',1103,,10296,4,,,0
3029,'1199629',847,,10297,4,,,0
3029,'1199646',2003,,10298,4,,,0
4029,'1196947',1727,,10314,4,,,0
4029,'1196960',1427,,10315,4,,,0
4029,'1197081',1627,,10316,4,,,0
4029,'1197217',1657,,10317,4,,,0
4029,'1197243',827,,10318,4,,,0
4029,'1197423',1357,,10319,4,,,0
4029,'1198231',1757,,10320,4,,,0
4029,'1198271',1527,,10321,4,,,0
4029,'1198399',757,,10322,4,,,0
4029,'1198606',957,,10323,4,,,0
4029,'1198651',1457,,10324,4,,,0
4029,'1199058',727,,10325,4,,,0
4029,'1199062',857,,10326,4,,,0
4029,'1199498',1557,,10327,4,,,0
4029,'1199611',927,,10328,4,,,0
