190001019,'1196837',1341,,12495,7,,,0
190001019,'1196862',1632,,12496,7,,,0
190001019,'1196877',1855,,12497,7,,,0
190001019,'1196883',1226,,12498,7,,,0
190001019,'1196901',625,,12499,7,,,0
190001019,'1196926',811,,12500,7,,,0
190001019,'1196927',1925,,12501,7,,,0
190001019,'1196941',2000,,12502,7,,,0
190001019,'1196956',1256,,12503,7,,,0
190001019,'1196974',1241,,12504,7,,,0
190001019,'1197019',1417,,12505,7,,,0
190001019,'1197037',1732,,12506,7,,,0
190001019,'1197055',1910,,12507,7,,,0
190001019,'1197061',1400,,12508,7,,,0
190001019,'1197062',1512,,12509,7,,,0
190001019,'1197067',1747,,12510,7,,,0
190001019,'1197087',1057,,12511,7,,,0
190001019,'1197116',725,,12512,7,,,0
190001019,'1197124',2325,,12513,7,,,0
190001019,'1197149',1211,,12514,7,,,0
190001019,'1197157',941,,12515,7,,,0
190001019,'1197183',2155,,12516,7,,,0
190001019,'1197196',1627,,12517,7,,,0
190001019,'1197239',1357,,12518,7,,,0
190001019,'1197241',926,,12519,7,,,0
190001019,'1197275',900,,12520,7,,,0
190001019,'1197336',1812,,12521,7,,,0
190001019,'1197358',1100,,12522,7,,,0
190001019,'1197359',826,,12523,7,,,0
190001019,'1197381',1712,,12524,7,,,0
190001019,'1197382',1700,,12525,7,,,0
190001019,'1197450',1755,,12526,7,,,0
190001019,'1197483',1112,,12527,7,,,0
190001019,'1197488',1427,,12528,7,,,0
190001019,'1197500',856,,12529,7,,,0
190001019,'1197524',925,,12530,7,,,0
190001019,'1197530',1612,,12531,7,,,0
190001019,'1197543',1600,,12532,7,,,0
190001019,'1197562',1955,,12533,7,,,0
190001019,'1197598',1447,,12534,7,,,0
190001019,'1197653',1026,,12535,7,,,0
190001019,'1197698',1010,,12536,7,,,0
190001019,'1197706',1000,,12537,7,,,0
190001019,'1197709',1111,,12538,7,,,0
190001019,'1197713',1757,,12539,7,,,0
190001019,'1197736',1342,,12540,7,,,0
190001019,'1197746',911,,12541,7,,,0
190001019,'1197811',1840,,12542,7,,,0
190001019,'1197845',1356,,12543,7,,,0
190001019,'1197867',2225,,12544,7,,,0
190001019,'1197877',1056,,12545,7,,,0
190001019,'1197919',1042,,12546,7,,,0
190001019,'1197924',1940,,12547,7,,,0
190001019,'1197933',1742,,12548,7,,,0
190001019,'1197942',1825,,12549,7,,,0
190001019,'1197950',1432,,12550,7,,,0
190001019,'1197953',1027,,12551,7,,,0
190001019,'1197956',1311,,12552,7,,,0
190001019,'1198005',1727,,12553,7,,,0
190001019,'1198015',2400,,12554,7,,,0
190001019,'1198030',2100,,12555,7,,,0
190001019,'1198047',1500,,12556,7,,,0
190001019,'1198065',2055,,12557,7,,,0
190001019,'1198066',656,,12558,7,,,0
190001019,'1198075',2155,,12559,7,,,0
190001019,'1198104',955,,12560,7,,,0
190001019,'1198135',2010,,12561,7,,,0
190001019,'1198157',2255,,12562,7,,,0
190001019,'1198172',1800,,12563,7,,,0
190001019,'1198202',1142,,12564,7,,,0
190001019,'1198216',1227,,12565,7,,,0
190001019,'1198221',2140,,12566,7,,,0
190001019,'1198238',756,,12567,7,,,0
190001019,'1198255',641,,12568,7,,,0
190001019,'1198261',1840,,12569,7,,,0
190001019,'1198292',1141,,12570,7,,,0
190001019,'1198298',1657,,12571,7,,,0
190001019,'1198311',1602,,12572,7,,,0
190001019,'1198339',1925,,12573,7,,,0
190001019,'1198343',1502,,12574,7,,,0
190001019,'1198372',800,,12575,7,,,0
190001019,'1198396',1717,,12576,7,,,0
190001019,'1198407',1156,,12577,7,,,0
190001019,'1198441',1617,,12578,7,,,0
190001019,'1198467',1825,,12579,7,,,0
190001019,'1198471',1542,,12580,7,,,0
190001019,'1198476',1300,,12581,7,,,0
190001019,'1198499',2300,,12582,7,,,0
190001019,'1198534',2355,,12583,7,,,0
190001019,'1198547',1011,,12584,7,,,0
190001019,'1198574',1527,,12585,7,,,0
190001019,'1198598',825,,12586,7,,,0
190001019,'1198607',855,,12587,7,,,0
190001019,'1198613',2225,,12588,7,,,0
190001019,'1198622',1955,,12589,7,,,0
190001019,'1198646',2110,,12590,7,,,0
190001019,'1198647',655,,12591,7,,,0
190001019,'1198653',2055,,12592,7,,,0
190001019,'1198674',1157,,12593,7,,,0
190001019,'1198678',2040,,12594,7,,,0
190001019,'1198685',2025,,12595,7,,,0
190001019,'1198700',1127,,12596,7,,,0
190001019,'1198707',1412,,12597,7,,,0
190001019,'1198721',1041,,12598,7,,,0
190001019,'1198724',1532,,12599,7,,,0
190001019,'1198784',1212,,12600,7,,,0
190001019,'1198792',1855,,12601,7,,,0
190001019,'1198804',1200,,12602,7,,,0
190001019,'1198821',711,,12603,7,,,0
190001019,'1198827',2125,,12604,7,,,0
190001019,'1198852',2200,,12605,7,,,0
190001019,'1198857',1642,,12606,7,,,0
190001019,'1198864',1810,,12607,7,,,0
190001019,'1198929',1557,,12608,7,,,0
190001019,'1198949',1242,,12609,7,,,0
190001019,'1198960',1900,,12610,7,,,0
190001019,'1198974',1257,,12611,7,,,0
190001019,'1198988',1327,,12612,7,,,0
190001019,'1198997',1442,,12613,7,,,0
190001019,'1199029',2255,,12614,7,,,0
190001019,'1199121',1647,,12615,7,,,0
190001019,'1199126',1326,,12616,7,,,0
190001019,'1199140',2415,,12617,7,,,0
190001019,'1199142',1126,,12618,7,,,0
190001019,'1199166',755,,12619,7,,,0
190001019,'1199192',2025,,12620,7,,,0
190001019,'1199228',741,,12621,7,,,0
190001019,'1199318',1517,,12622,7,,,0
190001019,'1199339',1702,,12623,7,,,0
190001019,'1199371',726,,12624,7,,,0
190001019,'1199373',841,,12625,7,,,0
190001019,'1199385',1312,,12626,7,,,0
190001019,'1199427',1457,,12627,7,,,0
190001019,'1199436',1547,,12628,7,,,0
190001019,'1199510',2325,,12629,7,,,0
190001019,'1199550',2355,,12630,7,,,0
190001019,'1199551',2125,,12631,7,,,0
190001019,'1199648',956,,12632,7,,,0
