3029,'1196871',653,,10230,29,,,0
3029,'1196875',2405,,10231,29,,,0
3029,'1196902',1554,,10232,29,,,0
3029,'1196918',1154,,10233,29,,,0
3029,'1196929',805,,10234,29,,,0
3029,'1197004',2152,,10235,29,,,0
3029,'1197012',1454,,10236,29,,,0
3029,'1197066',1905,,10237,29,,,0
3029,'1197101',1324,,10238,29,,,0
3029,'1197253',1605,,10239,29,,,0
3029,'1197290',823,,10240,29,,,0
3029,'1197380',2205,,10241,29,,,0
3029,'1197402',1624,,10242,29,,,0
3029,'1197413',2052,,10243,29,,,0
3029,'1197417',1105,,10244,29,,,0
3029,'1197427',2221,,10245,29,,,0
3029,'1197507',2352,,10246,29,,,0
3029,'1197510',1824,,10247,29,,,0
3029,'1197558',1023,,10248,29,,,0
3029,'1197601',953,,10249,29,,,0
3029,'1197654',1205,,10250,29,,,0
3029,'1197697',1224,,10251,29,,,0
3029,'1197823',1254,,10252,29,,,0
3029,'1197828',1424,,10253,29,,,0
3029,'1197856',1654,,10254,29,,,0
3029,'1197870',1354,,10255,29,,,0
3029,'1197895',2121,,10256,29,,,0
3029,'1197903',1952,,10257,29,,,0
3029,'1197920',1305,,10258,29,,,0
3029,'1197958',2252,,10259,29,,,0
3029,'1197998',2151,,10260,29,,,0
3029,'1198039',1705,,10261,29,,,0
3029,'1198070',1754,,10262,29,,,0
3029,'1198115',1005,,10263,29,,,0
3029,'1198165',1805,,10264,29,,,0
3029,'1198246',1554,,10265,29,,,0
3029,'1198281',1754,,10266,29,,,0
3029,'1198295',752,,10267,29,,,0
3029,'1198310',2251,,10268,29,,,0
3029,'1198321',1053,,10269,29,,,0
3029,'1198363',1254,,10270,29,,,0
3029,'1198395',753,,10271,29,,,0
3029,'1198434',1524,,10272,29,,,0
3029,'1198445',1154,,10273,29,,,0
3029,'1198462',2051,,10274,29,,,0
3029,'1198484',2305,,10275,29,,,0
3029,'1198500',1724,,10276,29,,,0
3029,'1198518',952,,10277,29,,,0
3029,'1198562',1405,,10278,29,,,0
3029,'1198577',1454,,10279,29,,,0
3029,'1198614',652,,10280,29,,,0
3029,'1198734',1851,,10281,29,,,0
3029,'1198836',853,,10282,29,,,0
3029,'1198936',1505,,10283,29,,,0
3029,'1198983',2105,,10284,29,,,0
3029,'1199061',852,,10285,29,,,0
3029,'1199094',1951,,10286,29,,,0
3029,'1199112',2347,,10287,29,,,0
3029,'1199231',2005,,10288,29,,,0
3029,'1199421',1654,,10289,29,,,0
3029,'1199431',1052,,10290,29,,,0
3029,'1199453',1852,,10291,29,,,0
3029,'1199460',1354,,10292,29,,,0
3029,'1199521',923,,10293,29,,,0
3029,'1199533',1921,,10294,29,,,0
3029,'1199547',723,,10295,29,,,0
3029,'1199601',1123,,10296,29,,,0
3029,'1199629',905,,10297,29,,,0
3029,'1199646',2021,,10298,29,,,0
4029,'1196947',1738,,10314,17,,,0
4029,'1196960',1438,,10315,17,,,0
4029,'1197081',1639,,10316,17,,,0
4029,'1197217',1708,,10317,17,,,0
4029,'1197243',838,,10318,17,,,0
4029,'1197423',1408,,10319,17,,,0
4029,'1198231',1808,,10320,17,,,0
4029,'1198271',1539,,10321,17,,,0
4029,'1198399',808,,10322,17,,,0
4029,'1198606',1008,,10323,17,,,0
4029,'1198651',1509,,10324,17,,,0
4029,'1199058',738,,10325,17,,,0
4029,'1199062',908,,10326,17,,,0
4029,'1199498',1609,,10327,17,,,0
4029,'1199611',938,,10328,17,,,0
10019,'1196894',2100,,10329,37,,,0
10019,'1196915',1700,,10330,37,,,0
10019,'1196923',1101,,10331,37,,,0
10019,'1197054',2231,,10332,37,,,0
10019,'1197091',1501,,10333,37,,,0
10019,'1197121',1102,,10334,37,,,0
10019,'1197207',1000,,10335,37,,,0
10019,'1197335',831,,10336,37,,,0
10019,'1197345',2131,,10337,37,,,0
10019,'1197397',1502,,10338,37,,,0
10019,'1197418',2400,,10339,37,,,0
10019,'1197505',1601,,10340,37,,,0
10019,'1197587',931,,10341,37,,,0
10019,'1197595',1100,,10342,37,,,0
10019,'1197737',1402,,10343,37,,,0
10019,'1197756',1900,,10344,37,,,0
10019,'1197759',1532,,10345,37,,,0
10019,'1197766',2300,,10346,37,,,0
10019,'1197915',2000,,10347,37,,,0
10019,'1197927',800,,10348,37,,,0
10019,'1197935',701,,10349,37,,,0
10019,'1197985',1001,,10350,37,,,0
10019,'1198010',1831,,10351,37,,,0
10019,'1198016',2000,,10352,37,,,0
10019,'1198164',700,,10353,37,,,0
10019,'1198167',1600,,10354,37,,,0
10019,'1198226',1400,,10355,37,,,0
10019,'1198257',1500,,10356,37,,,0
10019,'1198280',2331,,10357,37,,,0
10019,'1198300',1602,,10358,37,,,0
10019,'1198361',2200,,10359,37,,,0
10019,'1198366',900,,10360,37,,,0
10019,'1198390',1900,,10361,37,,,0
10019,'1198410',1800,,10362,37,,,0
10019,'1198440',800,,10363,37,,,0
10019,'1198475',1200,,10364,37,,,0
10019,'1198480',2200,,10365,37,,,0
10019,'1198509',632,,10366,37,,,0
10019,'1198520',1301,,10367,37,,,0
10019,'1198542',2400,,10368,37,,,0
10019,'1198583',2300,,10369,37,,,0
10019,'1198726',1931,,10370,37,,,0
10019,'1198809',900,,10371,37,,,0
10019,'1198815',1701,,10372,37,,,0
10019,'1198881',1632,,10373,37,,,0
10019,'1198903',901,,10374,37,,,0
10019,'1198955',1202,,10375,37,,,0
10019,'1198962',1702,,10376,37,,,0
10019,'1198993',1201,,10377,37,,,0
10019,'1199007',2100,,10378,37,,,0
10019,'1199032',1401,,10379,37,,,0
10019,'1199053',1802,,10380,37,,,0
10019,'1199056',1801,,10381,37,,,0
10019,'1199257',1732,,10382,37,,,0
10019,'1199300',1300,,10383,37,,,0
10019,'1199321',1000,,10384,37,,,0
10019,'1199323',2031,,10385,37,,,0
10019,'1199353',1302,,10386,37,,,0
10019,'1199424',731,,10387,37,,,0
10019,'1199598',801,,10388,37,,,0
13029,'1196882',1539,,10855,27,,,0
13029,'1196907',1305,,10856,26,,,0
13029,'1196917',1307,,10857,26,,,0
13029,'1196936',1807,,10858,26,,,0
13029,'1196965',804,,10859,26,,,0
13029,'1196972',1637,,10860,26,,,0
13029,'1197006',1505,,10861,26,,,0
13029,'1197082',1205,,10862,26,,,0
13029,'1197122',1105,,10863,26,,,0
13029,'1197184',1506,,10864,26,,,0
13029,'1197188',1934,,10865,26,,,0
13029,'1197193',805,,10866,26,,,0
13029,'1197215',2105,,10867,26,,,0
13029,'1197262',1706,,10868,26,,,0
13029,'1197363',936,,10869,26,,,0
13029,'1197365',2204,,10870,26,,,0
13029,'1197371',1005,,10871,26,,,0
13029,'1197444',2304,,10872,26,,,0
13029,'1197556',2305,,10873,26,,,0
13029,'1197773',2034,,10874,26,,,0
13029,'1197812',1507,,10875,26,,,0
13029,'1197866',1405,,10876,26,,,0
13029,'1197909',906,,10877,26,,,0
13029,'1197997',2004,,10878,26,,,0
13029,'1198028',2104,,10879,26,,,0
13029,'1198074',2404,,10880,26,,,0
13029,'1198199',1605,,10881,26,,,0
13029,'1198248',2234,,10882,26,,,0
13029,'1198289',835,,10883,26,,,0
13029,'1198381',1737,,10884,26,,,0
13029,'1198389',1805,,10885,26,,,0
13029,'1198416',1606,,10886,26,,,0
13029,'1198437',1035,,10887,26,,,0
13029,'1198474',1108,,10888,26,,,0
13029,'1198488',1904,,10889,26,,,0
13029,'1198563',735,,10890,26,,,0
13029,'1198648',1104,,10891,26,,,0
13029,'1198673',1306,,10892,26,,,0
13029,'1198704',1905,,10893,26,,,0
13029,'1198733',805,,10894,26,,,0
13029,'1198756',905,,10895,26,,,0
13029,'1198793',1004,,10896,26,,,0
13029,'1198811',1406,,10897,26,,,0
13029,'1198812',2405,,10898,26,,,0
13029,'1198828',1206,,10899,26,,,0
13029,'1198858',1607,,10900,26,,,0
13029,'1198910',635,,10901,26,,,0
13029,'1198998',904,,10902,26,,,0
13029,'1199115',705,,10903,26,,,0
13029,'1199250',2205,,10904,26,,,0
13029,'1199324',704,,10905,26,,,0
13029,'1199337',1006,,10906,26,,,0
13029,'1199349',2134,,10907,26,,,0
13029,'1199379',2334,,10908,26,,,0
13029,'1199405',1806,,10909,26,,,0
13029,'1199419',1207,,10910,26,,,0
13029,'1199548',1407,,10911,26,,,0
13029,'1199559',1705,,10912,26,,,0
13029,'1199614',1834,,10913,26,,,0
13029,'1199653',2005,,10914,26,,,0
13029,'1199655',1707,,10915,26,,,0
14019,'1196890',1837,,10916,46,,,0
14019,'1196970',2107,,10917,46,,,0
14019,'1196984',1406,,10918,46,,,0
14019,'1197073',2207,,10919,46,,,0
14019,'1197090',806,,10920,46,,,0
14019,'1197106',1739,,10921,46,,,0
14019,'1197152',1609,,10922,46,,,0
14019,'1197163',1708,,10923,46,,,0
14019,'1197189',2006,,10924,46,,,0
14019,'1197473',1007,,10925,46,,,0
14019,'1197576',1206,,10926,46,,,0
14019,'1197578',1906,,10927,46,,,0
14019,'1197606',906,,10928,46,,,0
14019,'1197719',1608,,10929,46,,,0
14019,'1197768',1709,,10930,46,,,0
14019,'1197774',1308,,10931,46,,,0
14019,'1197807',707,,10932,46,,,0
14019,'1197857',1306,,10933,46,,,0
14019,'1197872',807,,10934,46,,,0
14019,'1197899',2337,,10935,46,,,0
14019,'1197912',1706,,10936,46,,,0
14019,'1197929',1408,,10937,46,,,0
14019,'1197946',2007,,10938,46,,,0
14019,'1198043',2407,,10939,46,,,0
14019,'1198056',1937,,10940,46,,,0
14019,'1198057',707,,10941,46,,,0
14019,'1198062',1606,,10942,46,,,0
14019,'1198118',2037,,10943,46,,,0
14019,'1198151',1506,,10944,46,,,0
14019,'1198161',1509,,10945,46,,,0
14019,'1198262',1508,,10946,46,,,0
14019,'1198285',2307,,10947,46,,,0
14019,'1198312',1007,,10948,46,,,0
14019,'1198386',1907,,10949,46,,,0
14019,'1198412',1209,,10950,46,,,0
14019,'1198436',907,,10951,46,,,0
14019,'1198460',1109,,10952,46,,,0
14019,'1198507',907,,10953,46,,,0
14019,'1198513',1309,,10954,46,,,0
14019,'1198539',1107,,10955,46,,,0
14019,'1198751',2106,,10956,46,,,0
14019,'1198810',2406,,10957,46,,,0
14019,'1198859',1539,,10958,46,,,0
14019,'1198869',937,,10959,46,,,0
14019,'1198890',2206,,10960,46,,,0
14019,'1199036',737,,10961,46,,,0
14019,'1199048',807,,10962,46,,,0
14019,'1199075',837,,10963,46,,,0
14019,'1199084',1106,,10964,46,,,0
14019,'1199131',2137,,10965,46,,,0
14019,'1199280',2306,,10966,46,,,0
14019,'1199286',1006,,10967,46,,,0
14019,'1199393',1409,,10968,46,,,0
14019,'1199441',1639,,10969,46,,,0
14019,'1199444',1808,,10970,46,,,0
14019,'1199523',1806,,10971,46,,,0
14019,'1199538',1809,,10972,46,,,0
14019,'1199568',2237,,10973,46,,,0
14019,'1199582',1208,,10974,46,,,0
26029,'1196873',1808,,11480,19,,,0
26029,'1196910',2308,,11481,19,,,0
26029,'1196913',1124,,11482,19,,,0
26029,'1196977',1623,,11483,19,,,0
26029,'1196980',1024,,11484,19,,,0
26029,'1197179',2023,,11485,19,,,0
26029,'1197404',1254,,11486,19,,,0
26029,'1197498',1923,,11487,19,,,0
26029,'1197625',924,,11488,19,,,0
26029,'1197661',1023,,11489,19,,,0
26029,'1197679',1908,,11490,19,,,0
26029,'1197751',2222,,11491,19,,,0
26029,'1197754',622,,11492,19,,,0
26029,'1197782',1524,,11493,19,,,0
26029,'1197814',2223,,11494,19,,,0
26029,'1197860',822,,11495,19,,,0
26029,'1197884',808,,11496,19,,,0
26029,'1197936',1324,,11497,19,,,0
26029,'1197940',1224,,11498,19,,,0
26029,'1197960',1154,,11499,19,,,0
26029,'1197999',2123,,11500,19,,,0
26029,'1198011',1608,,11501,19,,,0
26029,'1198044',1408,,11502,19,,,0
26029,'1198105',2123,,11503,19,,,0
26029,'1198189',1823,,11504,19,,,0
26029,'1198210',1054,,11505,19,,,0
26029,'1198276',1625,,11506,19,,,0
26029,'1198303',1208,,11507,19,,,0
26029,'1198354',2023,,11508,19,,,0
26029,'1198406',624,,11509,19,,,0
26029,'1198482',1108,,11510,19,,,0
26029,'1198544',1708,,11511,19,,,0
26029,'1198822',2322,,11512,19,,,0
26029,'1198850',1824,,11513,19,,,0
26029,'1198867',1508,,11514,19,,,0
26029,'1198935',722,,11515,19,,,0
26029,'1198937',2008,,11516,19,,,0
26029,'1199008',724,,11517,19,,,0
26029,'1199034',1923,,11518,19,,,0
26029,'1199114',2323,,11519,19,,,0
26029,'1199122',1724,,11520,19,,,0
26029,'1199135',1524,,11521,19,,,0
26029,'1199139',1008,,11522,19,,,0
26029,'1199216',2208,,11523,19,,,0
26029,'1199265',1308,,11524,19,,,0
26029,'1199273',908,,11525,19,,,0
26029,'1199292',1723,,11526,19,,,0
26029,'1199311',1454,,11527,19,,,0
26029,'1199314',1354,,11528,19,,,0
26029,'1199512',2108,,11529,19,,,0
26029,'1199532',922,,11530,19,,,0
26029,'1199605',1424,,11531,19,,,0
26029,'1199628',824,,11532,19,,,0
