28019,'1196931',2335,,11637,7,,,0
28019,'1196961',955,,11638,7,,,0
28019,'1197034',1135,,11639,7,,,0
28019,'1197242',1535,,11640,7,,,0
28019,'1197295',1355,,11641,7,,,0
28019,'1197458',1935,,11642,7,,,0
28019,'1197551',855,,11643,7,,,0
28019,'1197718',2135,,11644,7,,,0
28019,'1197726',1755,,11645,7,,,0
28019,'1197861',1835,,11646,7,,,0
28019,'1197862',1235,,11647,7,,,0
28019,'1198022',655,,11648,7,,,0
28019,'1198061',2055,,11649,7,,,0
28019,'1198096',1435,,11650,7,,,0
28019,'1198110',1155,,11651,7,,,0
28019,'1198319',1955,,11652,7,,,0
28019,'1198329',1635,,11653,7,,,0
28019,'1198345',1455,,11654,7,,,0
28019,'1198414',1055,,11655,7,,,0
28019,'1198454',1035,,11656,7,,,0
28019,'1198522',1555,,11657,7,,,0
28019,'1198672',935,,11658,7,,,0
28019,'1198739',2155,,11659,7,,,0
28019,'1198919',735,,11660,7,,,0
28019,'1198968',1255,,11661,7,,,0
28019,'1199033',2355,,11662,7,,,0
28019,'1199206',2035,,11663,7,,,0
28019,'1199243',2255,,11664,7,,,0
28019,'1199296',1855,,11665,7,,,0
28019,'1199344',1735,,11666,7,,,0
28019,'1199417',1655,,11667,7,,,0
28019,'1199450',835,,11668,7,,,0
28019,'1199529',1335,,11669,7,,,0
28019,'1199584',755,,11670,7,,,0
28019,'1199602',2235,,11671,7,,,0
28019,'1199775',1740,,11672,7,,,0
28019,'1199776',1710,,11673,7,,,0
28019,'1199784',1810,,11674,7,,,0
28019,'1199803',710,,11675,7,,,0
28019,'1199807',2010,,11676,7,,,0
28019,'1199817',2210,,11677,7,,,0
28019,'1199832',2310,,11678,7,,,0
28019,'1199835',1510,,11679,7,,,0
28019,'1199837',1640,,11680,7,,,0
28019,'1199842',1840,,11681,7,,,0
28019,'1199845',910,,11682,7,,,0
28019,'1199851',810,,11683,7,,,0
28019,'1199859',1910,,11684,7,,,0
28019,'1199861',840,,11685,7,,,0
28019,'1199868',1410,,11686,7,,,0
28019,'1199872',640,,11687,7,,,0
28019,'1199880',1310,,11688,7,,,0
28019,'1199885',740,,11689,7,,,0
28019,'1199887',1210,,11690,7,,,0
28019,'1199894',1610,,11691,7,,,0
28019,'1199897',610,,11692,7,,,0
28019,'1199900',2110,,11693,7,,,0
28019,'1199908',1010,,11694,7,,,0
28019,'1199917',1110,,11695,7,,,0
