13029,'1196882',1526,,10855,7,,,0
13029,'1196907',1252,,10856,6,,,0
13029,'1196917',1254,,10857,6,,,0
13029,'1196936',1754,,10858,6,,,0
13029,'1196965',752,,10859,6,,,0
13029,'1196972',1624,,10860,6,,,0
13029,'1197006',1452,,10861,6,,,0
13029,'1197082',1152,,10862,6,,,0
13029,'1197122',1052,,10863,6,,,0
13029,'1197184',1453,,10864,6,,,0
13029,'1197188',1922,,10865,6,,,0
13029,'1197193',752,,10866,6,,,0
13029,'1197215',2052,,10867,6,,,0
13029,'1197262',1653,,10868,6,,,0
13029,'1197363',923,,10869,6,,,0
13029,'1197365',2152,,10870,6,,,0
13029,'1197371',952,,10871,6,,,0
13029,'1197444',2252,,10872,6,,,0
13029,'1197556',2252,,10873,6,,,0
13029,'1197773',2022,,10874,6,,,0
13029,'1197812',1454,,10875,6,,,0
13029,'1197866',1352,,10876,6,,,0
13029,'1197909',853,,10877,6,,,0
13029,'1197997',1952,,10878,6,,,0
13029,'1198028',2052,,10879,6,,,0
13029,'1198074',2352,,10880,6,,,0
13029,'1198199',1552,,10881,6,,,0
13029,'1198248',2222,,10882,6,,,0
13029,'1198289',822,,10883,6,,,0
13029,'1198381',1724,,10884,6,,,0
13029,'1198389',1752,,10885,6,,,0
13029,'1198416',1553,,10886,6,,,0
13029,'1198437',1022,,10887,6,,,0
13029,'1198474',1055,,10888,6,,,0
13029,'1198488',1852,,10889,6,,,0
13029,'1198563',722,,10890,6,,,0
13029,'1198648',1052,,10891,6,,,0
13029,'1198673',1253,,10892,6,,,0
13029,'1198704',1852,,10893,6,,,0
13029,'1198733',752,,10894,6,,,0
13029,'1198756',852,,10895,6,,,0
13029,'1198793',952,,10896,6,,,0
13029,'1198811',1353,,10897,6,,,0
13029,'1198812',2352,,10898,6,,,0
13029,'1198828',1153,,10899,6,,,0
13029,'1198858',1554,,10900,6,,,0
13029,'1198910',622,,10901,6,,,0
13029,'1198998',852,,10902,6,,,0
13029,'1199115',652,,10903,6,,,0
13029,'1199250',2152,,10904,6,,,0
13029,'1199324',652,,10905,6,,,0
13029,'1199337',953,,10906,6,,,0
13029,'1199349',2122,,10907,6,,,0
13029,'1199379',2322,,10908,6,,,0
13029,'1199405',1753,,10909,6,,,0
13029,'1199419',1154,,10910,6,,,0
13029,'1199548',1354,,10911,6,,,0
13029,'1199559',1652,,10912,6,,,0
13029,'1199614',1822,,10913,6,,,0
13029,'1199653',1952,,10914,6,,,0
13029,'1199655',1654,,10915,6,,,0
