4019,'1197123',704,,10299,7,,,0
4019,'1197392',1504,,10300,7,,,0
4019,'1197520',904,,10301,7,,,0
4019,'1197788',1534,,10302,7,,,0
4019,'1197874',1334,,10303,7,,,0
4019,'1198006',834,,10304,7,,,0
4019,'1198332',1734,,10305,7,,,0
4019,'1198394',1434,,10306,7,,,0
4019,'1198409',804,,10307,7,,,0
4019,'1198799',1404,,10308,7,,,0
4019,'1198924',1704,,10309,7,,,0
4019,'1199002',934,,10310,7,,,0
4019,'1199239',1604,,10311,7,,,0
4019,'1199517',734,,10312,7,,,0
4019,'1199645',1634,,10313,7,,,0
190001029,'1196847',1103,,12633,3,,,0
190001029,'1196850',1317,,12634,3,,,0
190001029,'1196860',1748,,12635,3,,,0
190001029,'1196897',1633,,12636,3,,,0
190001029,'1196906',1733,,12637,3,,,0
190001029,'1196908',1348,,12638,3,,,0
190001029,'1196953',1203,,12639,3,,,0
190001029,'1196957',1233,,12640,3,,,0
190001029,'1196963',1618,,12641,3,,,0
190001029,'1197018',1348,,12642,3,,,0
190001029,'1197048',2353,,12643,3,,,0
190001029,'1197052',1733,,12644,3,,,0
190001029,'1197074',1303,,12645,3,,,0
190001029,'1197089',1818,,12646,3,,,0
190001029,'1197125',703,,12647,3,,,0
190001029,'1197135',1533,,12648,3,,,0
190001029,'1197148',1017,,12649,3,,,0
190001029,'1197153',1033,,12650,3,,,0
190001029,'1197176',1418,,12651,3,,,0
190001029,'1197177',2018,,12652,3,,,0
190001029,'1197199',1403,,12653,3,,,0
190001029,'1197224',1518,,12654,3,,,0
190001029,'1197245',1518,,12655,3,,,0
190001029,'1197247',2303,,12656,3,,,0
190001029,'1197252',1517,,12657,3,,,0
190001029,'1197260',1833,,12658,3,,,0
190001029,'1197284',1148,,12659,3,,,0
190001029,'1197289',648,,12660,3,,,0
190001029,'1197291',1248,,12661,3,,,0
190001029,'1197301',1318,,12662,3,,,0
190001029,'1197338',1648,,12663,3,,,0
190001029,'1197391',1818,,12664,3,,,0
190001029,'1197396',1103,,12665,3,,,0
190001029,'1197428',2003,,12666,3,,,0
190001029,'1197434',1448,,12667,3,,,0
190001029,'1197476',1118,,12668,3,,,0
190001029,'1197511',1503,,12669,3,,,0
190001029,'1197533',1403,,12670,3,,,0
190001029,'1197582',1618,,12671,3,,,0
190001029,'1197659',1603,,12672,3,,,0
190001029,'1197668',817,,12673,3,,,0
190001029,'1197682',1133,,12674,3,,,0
190001029,'1197683',2033,,12675,3,,,0
190001029,'1197684',1148,,12676,3,,,0
190001029,'1197778',1133,,12677,3,,,0
190001029,'1197833',1448,,12678,3,,,0
190001029,'1197836',1333,,12679,3,,,0
190001029,'1197848',2103,,12680,3,,,0
190001029,'1197886',1433,,12681,3,,,0
190001029,'1197890',748,,12682,3,,,0
190001029,'1197905',1003,,12683,3,,,0
190001029,'1197913',2203,,12684,3,,,0
190001029,'1197921',1248,,12685,3,,,0
190001029,'1197922',948,,12686,3,,,0
190001029,'1197992',1548,,12687,3,,,0
190001029,'1197993',903,,12688,3,,,0
190001029,'1198050',603,,12689,3,,,0
190001029,'1198051',1817,,12690,3,,,0
190001029,'1198052',833,,12691,3,,,0
190001029,'1198054',1417,,12692,3,,,0
190001029,'1198082',1648,,12693,3,,,0
190001029,'1198095',1918,,12694,3,,,0
190001029,'1198106',2233,,12695,3,,,0
190001029,'1198117',717,,12696,3,,,0
190001029,'1198128',1117,,12697,3,,,0
190001029,'1198174',933,,12698,3,,,0
190001029,'1198223',2317,,12699,3,,,0
190001029,'1198252',1418,,12700,3,,,0
190001029,'1198272',803,,12701,3,,,0
190001029,'1198293',1718,,12702,3,,,0
190001029,'1198306',848,,12703,3,,,0
190001029,'1198323',733,,12704,3,,,0
190001029,'1198373',1233,,12705,3,,,0
190001029,'1198398',2333,,12706,3,,,0
190001029,'1198415',917,,12707,3,,,0
190001029,'1198446',1803,,12708,3,,,0
190001029,'1198450',1748,,12709,3,,,0
190001029,'1198459',733,,12710,3,,,0
190001029,'1198491',2033,,12711,3,,,0
190001029,'1198504',833,,12712,3,,,0
190001029,'1198519',2333,,12713,3,,,0
190001029,'1198527',633,,12714,3,,,0
190001029,'1198576',2117,,12715,3,,,0
190001029,'1198589',2303,,12716,3,,,0
190001029,'1198594',803,,12717,3,,,0
190001029,'1198620',2217,,12718,3,,,0
190001029,'1198634',1433,,12719,3,,,0
190001029,'1198641',703,,12720,3,,,0
190001029,'1198687',1048,,12721,3,,,0
190001029,'1198747',918,,12722,3,,,0
190001029,'1198758',2048,,12723,3,,,0
190001029,'1198798',1703,,12724,3,,,0
190001029,'1198839',1833,,12725,3,,,0
190001029,'1198853',2133,,12726,3,,,0
190001029,'1198897',1548,,12727,3,,,0
190001029,'1198906',2103,,12728,3,,,0
190001029,'1198916',1703,,12729,3,,,0
190001029,'1198939',1803,,12730,3,,,0
190001029,'1198946',2233,,12731,3,,,0
190001029,'1198952',1917,,12732,3,,,0
190001029,'1198977',2118,,12733,3,,,0
190001029,'1198982',1717,,12734,3,,,0
190001029,'1199067',1933,,12735,3,,,0
190001029,'1199081',1118,,12736,3,,,0
190001029,'1199082',718,,12737,3,,,0
190001029,'1199103',1718,,12738,3,,,0
190001029,'1199165',1333,,12739,3,,,0
190001029,'1199204',1218,,12740,3,,,0
190001029,'1199210',1948,,12741,3,,,0
190001029,'1199221',1203,,12742,3,,,0
190001029,'1199226',1933,,12743,3,,,0
190001029,'1199256',1217,,12744,3,,,0
190001029,'1199270',1318,,12745,3,,,0
190001029,'1199289',1018,,12746,3,,,0
190001029,'1199303',633,,12747,3,,,0
190001029,'1199322',1048,,12748,3,,,0
190001029,'1199332',933,,12749,3,,,0
190001029,'1199345',1018,,12750,3,,,0
190001029,'1199364',1503,,12751,3,,,0
190001029,'1199390',1033,,12752,3,,,0
190001029,'1199391',1218,,12753,3,,,0
190001029,'1199399',1303,,12754,3,,,0
190001029,'1199406',1533,,12755,3,,,0
190001029,'1199432',1003,,12756,3,,,0
190001029,'1199451',948,,12757,3,,,0
190001029,'1199467',1903,,12758,3,,,0
190001029,'1199482',1633,,12759,3,,,0
190001029,'1199489',618,,12760,3,,,0
190001029,'1199514',1903,,12761,3,,,0
190001029,'1199524',2203,,12762,3,,,0
190001029,'1199526',2017,,12763,3,,,0
190001029,'1199555',818,,12764,3,,,0
190001029,'1199558',1617,,12765,3,,,0
190001029,'1199571',2003,,12766,3,,,0
190001029,'1199594',1603,,12767,3,,,0
190001029,'1199596',2133,,12768,3,,,0
190001029,'1199644',903,,12769,3,,,0
190001029,'1199650',1848,,12770,3,,,0
