3019,'1196834',1805,,10159,9,,,0
3019,'1196848',2105,,10160,9,,,0
3019,'1196854',705,,10161,9,,,0
3019,'1196968',1222,,10162,9,,,0
3019,'1196971',2005,,10163,9,,,0
3019,'1197069',705,,10164,9,,,0
3019,'1197076',2135,,10165,9,,,0
3019,'1197107',1235,,10166,9,,,0
3019,'1197120',2405,,10167,9,,,0
3019,'1197318',2205,,10168,9,,,0
3019,'1197369',2322,,10169,9,,,0
3019,'1197372',2222,,10170,9,,,0
3019,'1197378',905,,10171,9,,,0
3019,'1197462',905,,10172,9,,,0
3019,'1197478',1605,,10173,9,,,0
3019,'1197537',922,,10174,9,,,0
3019,'1197572',1335,,10175,9,,,0
3019,'1197590',835,,10176,9,,,0
3019,'1197618',1705,,10177,9,,,0
3019,'1197731',2005,,10179,9,,,0
3019,'1197748',1005,,10180,9,,,0
3019,'1197755',1035,,10181,9,,,0
3019,'1197810',1435,,10182,9,,,0
3019,'1197819',1905,,10183,9,,,0
3019,'1197850',1535,,10184,9,,,0
3019,'1197851',935,,10185,9,,,0
3019,'1197897',1105,,10186,9,,,0
3019,'1197923',1205,,10187,9,,,0
3019,'1197941',1505,,10188,9,,,0
3019,'1198025',1605,,10189,9,,,0
3019,'1198093',1835,,10190,9,,,0
3019,'1198098',1135,,10191,9,,,0
3019,'1198111',1005,,10192,9,,,0
3019,'1198119',1522,,10193,9,,,0
3019,'1198124',1405,,10194,9,,,0
3019,'1198153',1905,,10195,9,,,0
3019,'1198229',1505,,10196,9,,,0
3019,'1198237',1635,,10197,9,,,0
3019,'1198265',2105,,10198,9,,,0
3019,'1198278',1935,,10199,9,,,0
3019,'1198430',1622,,10200,9,,,0
3019,'1198432',1805,,10201,9,,,0
3019,'1198501',1705,,10202,9,,,0
3019,'1198514',635,,10203,9,,,0
3019,'1198654',1722,,10204,9,,,0
3019,'1198677',822,,10205,9,,,0
3019,'1198680',805,,10206,9,,,0
3019,'1198689',2355,,10207,9,,,0
3019,'1198691',1735,,10208,9,,,0
3019,'1198742',2205,,10209,9,,,0
3019,'1198777',1405,,10210,9,,,0
3019,'1198788',722,,10211,9,,,0
3019,'1198845',1022,,10212,9,,,0
3019,'1198989',2122,,10213,9,,,0
3019,'1198991',1822,,10214,9,,,0
3019,'1199009',1322,,10215,9,,,0
3019,'1199035',1205,,10216,9,,,0
3019,'1199052',2022,,10217,9,,,0
3019,'1199066',1122,,10218,9,,,0
3019,'1199133',1305,,10219,9,,,0
3019,'1199262',2305,,10220,9,,,0
3019,'1199277',735,,10221,9,,,0
3019,'1199346',1305,,10222,9,,,0
3019,'1199408',2035,,10223,9,,,0
3019,'1199412',1422,,10224,9,,,0
3019,'1199440',2305,,10225,9,,,0
3019,'1199509',805,,10226,9,,,0
3019,'1199600',1922,,10228,9,,,0
3019,'1199612',1105,,10229,9,,,0
