4029,'1196947',1734,,10314,13,,,0
4029,'1196960',1434,,10315,13,,,0
4029,'1197081',1634,,10316,13,,,0
4029,'1197217',1704,,10317,13,,,0
4029,'1197243',834,,10318,13,,,0
4029,'1197423',1404,,10319,13,,,0
4029,'1198231',1804,,10320,13,,,0
4029,'1198271',1535,,10321,13,,,0
4029,'1198399',804,,10322,13,,,0
4029,'1198606',1004,,10323,13,,,0
4029,'1198651',1505,,10324,13,,,0
4029,'1199058',734,,10325,13,,,0
4029,'1199062',904,,10326,13,,,0
4029,'1199498',1605,,10327,13,,,0
4029,'1199611',934,,10328,13,,,0
190001019,'1196837',1351,,12495,20,,,0
190001019,'1196862',1643,,12496,20,,,0
190001019,'1196877',1904,,12497,20,,,0
190001019,'1196883',1236,,12498,20,,,0
190001019,'1196901',633,,12499,20,,,0
190001019,'1196926',819,,12500,20,,,0
190001019,'1196927',1934,,12501,20,,,0
190001019,'1196941',2007,,12502,20,,,0
190001019,'1196956',1306,,12503,20,,,0
190001019,'1196974',1251,,12504,20,,,0
190001019,'1197019',1428,,12505,20,,,0
190001019,'1197037',1743,,12506,20,,,0
190001019,'1197055',1919,,12507,20,,,0
190001019,'1197061',1407,,12508,20,,,0
190001019,'1197062',1520,,12509,20,,,0
190001019,'1197067',1758,,12510,20,,,0
190001019,'1197087',1105,,12511,20,,,0
190001019,'1197116',733,,12512,20,,,0
190001019,'1197124',2333,,12513,20,,,0
190001019,'1197149',1221,,12514,20,,,0
190001019,'1197157',949,,12515,20,,,0
190001019,'1197183',2203,,12516,20,,,0
190001019,'1197196',1635,,12517,20,,,0
190001019,'1197239',1405,,12518,20,,,0
190001019,'1197241',934,,12519,20,,,0
190001019,'1197275',907,,12520,20,,,0
190001019,'1197336',1820,,12521,20,,,0
190001019,'1197358',1107,,12522,20,,,0
190001019,'1197359',834,,12523,20,,,0
190001019,'1197381',1720,,12524,20,,,0
190001019,'1197382',1707,,12525,20,,,0
190001019,'1197450',1805,,12526,20,,,0
190001019,'1197483',1120,,12527,20,,,0
190001019,'1197488',1435,,12528,20,,,0
190001019,'1197500',904,,12529,20,,,0
190001019,'1197524',933,,12530,20,,,0
190001019,'1197530',1620,,12531,20,,,0
190001019,'1197543',1607,,12532,20,,,0
190001019,'1197562',2004,,12533,20,,,0
190001019,'1197598',1458,,12534,20,,,0
190001019,'1197653',1036,,12535,20,,,0
190001019,'1197698',1018,,12536,20,,,0
190001019,'1197706',1007,,12537,20,,,0
190001019,'1197709',1121,,12538,20,,,0
190001019,'1197713',1805,,12539,20,,,0
190001019,'1197736',1350,,12540,20,,,0
190001019,'1197746',919,,12541,20,,,0
190001019,'1197811',1848,,12542,20,,,0
190001019,'1197845',1406,,12543,20,,,0
190001019,'1197867',2233,,12544,20,,,0
190001019,'1197877',1106,,12545,20,,,0
190001019,'1197919',1050,,12546,20,,,0
190001019,'1197924',1949,,12547,20,,,0
190001019,'1197933',1750,,12548,20,,,0
190001019,'1197942',1833,,12549,20,,,0
190001019,'1197950',1443,,12550,20,,,0
190001019,'1197953',1035,,12551,20,,,0
190001019,'1197956',1321,,12552,20,,,0
190001019,'1198005',1735,,12553,20,,,0
190001019,'1198015',2407,,12554,20,,,0
190001019,'1198030',2107,,12555,20,,,0
190001019,'1198047',1507,,12556,20,,,0
190001019,'1198065',2103,,12557,20,,,0
190001019,'1198066',704,,12558,20,,,0
190001019,'1198075',2203,,12559,20,,,0
190001019,'1198104',1003,,12560,20,,,0
190001019,'1198135',2019,,12561,20,,,0
190001019,'1198157',2303,,12562,20,,,0
190001019,'1198172',1807,,12563,20,,,0
190001019,'1198202',1150,,12564,20,,,0
190001019,'1198216',1235,,12565,20,,,0
190001019,'1198221',2148,,12566,20,,,0
190001019,'1198238',804,,12567,20,,,0
190001019,'1198255',649,,12568,20,,,0
190001019,'1198261',1849,,12569,20,,,0
190001019,'1198292',1151,,12570,20,,,0
190001019,'1198298',1705,,12571,20,,,0
190001019,'1198311',1613,,12572,20,,,0
190001019,'1198339',1933,,12573,20,,,0
190001019,'1198343',1513,,12574,20,,,0
190001019,'1198372',807,,12575,20,,,0
190001019,'1198396',1728,,12576,20,,,0
190001019,'1198407',1206,,12577,20,,,0
190001019,'1198441',1628,,12578,20,,,0
190001019,'1198467',1834,,12579,20,,,0
190001019,'1198471',1550,,12580,20,,,0
190001019,'1198476',1307,,12581,20,,,0
190001019,'1198499',2307,,12582,20,,,0
190001019,'1198534',2403,,12583,20,,,0
190001019,'1198547',1019,,12584,20,,,0
190001019,'1198574',1535,,12585,20,,,0
190001019,'1198598',833,,12586,20,,,0
190001019,'1198607',903,,12587,20,,,0
190001019,'1198613',2233,,12588,20,,,0
190001019,'1198622',2003,,12589,20,,,0
190001019,'1198646',2119,,12590,20,,,0
190001019,'1198647',703,,12591,20,,,0
190001019,'1198653',2104,,12592,20,,,0
190001019,'1198674',1205,,12593,20,,,0
190001019,'1198678',2049,,12594,20,,,0
190001019,'1198685',2034,,12595,20,,,0
190001019,'1198700',1135,,12596,20,,,0
190001019,'1198707',1420,,12597,20,,,0
190001019,'1198721',1051,,12598,20,,,0
190001019,'1198724',1543,,12599,20,,,0
190001019,'1198784',1220,,12600,20,,,0
190001019,'1198792',1903,,12601,20,,,0
190001019,'1198804',1207,,12602,20,,,0
190001019,'1198821',719,,12603,20,,,0
190001019,'1198827',2133,,12604,20,,,0
190001019,'1198852',2207,,12605,20,,,0
190001019,'1198857',1650,,12606,20,,,0
190001019,'1198864',1819,,12607,20,,,0
190001019,'1198929',1605,,12608,20,,,0
190001019,'1198949',1250,,12609,20,,,0
190001019,'1198960',1907,,12610,20,,,0
190001019,'1198974',1305,,12611,20,,,0
190001019,'1198988',1335,,12612,20,,,0
190001019,'1198997',1450,,12613,20,,,0
190001019,'1199029',2303,,12614,20,,,0
190001019,'1199121',1658,,12615,20,,,0
190001019,'1199126',1336,,12616,20,,,0
190001019,'1199140',2423,,12617,20,,,0
190001019,'1199142',1136,,12618,20,,,0
190001019,'1199166',803,,12619,20,,,0
190001019,'1199192',2033,,12620,20,,,0
190001019,'1199228',749,,12621,20,,,0
190001019,'1199318',1528,,12622,20,,,0
190001019,'1199339',1713,,12623,20,,,0
190001019,'1199371',734,,12624,20,,,0
190001019,'1199373',849,,12625,20,,,0
190001019,'1199385',1320,,12626,20,,,0
190001019,'1199427',1505,,12627,20,,,0
190001019,'1199436',1558,,12628,20,,,0
190001019,'1199510',2333,,12629,20,,,0
190001019,'1199550',2403,,12630,20,,,0
190001019,'1199551',2133,,12631,20,,,0
190001019,'1199648',1004,,12632,20,,,0
