105029,'1196840',2316,,12163,50,,,0
105029,'1196987',1031,,12164,50,,,0
105029,'1196996',1703,,12165,50,,,0
105029,'1197020',1546,,12166,50,,,0
105029,'1197097',1803,,12167,50,,,0
105029,'1197137',2029,,12168,50,,,0
105029,'1197220',2016,,12169,50,,,0
105029,'1197228',1518,,12170,50,,,0
105029,'1197231',746,,12171,50,,,0
105029,'1197439',1146,,12172,50,,,0
105029,'1197501',1946,,12173,50,,,0
105029,'1197522',2146,,12174,50,,,0
105029,'1197561',1018,,12175,50,,,0
105029,'1197638',946,,12176,50,,,0
105029,'1197840',2116,,12177,50,,,0
105029,'1197853',2216,,12178,50,,,0
105029,'1197918',1846,,12179,50,,,0
105029,'1197968',2346,,12180,50,,,0
105029,'1198013',1346,,12181,50,,,0
105029,'1198037',1118,,12182,50,,,0
105029,'1198064',1831,,12183,50,,,0
105029,'1198187',1231,,12184,50,,,0
105029,'1198214',1746,,12185,50,,,0
105029,'1198417',1331,,12186,50,,,0
105029,'1198447',1733,,12187,50,,,0
105029,'1198529',1531,,12188,50,,,0
105029,'1198616',716,,12189,50,,,0
105029,'1198625',1633,,12190,50,,,0
105029,'1198711',1333,,12191,50,,,0
105029,'1198718',1548,,12192,50,,,0
105029,'1198725',1731,,12193,50,,,0
105029,'1198779',829,,12194,50,,,0
105029,'1198918',1431,,12195,50,,,0
105029,'1198922',2421,,12196,50,,,0
105029,'1198923',646,,12197,50,,,0
105029,'1199012',629,,12198,50,,,0
105029,'1199037',1418,,12199,50,,,0
105029,'1199107',1448,,12200,50,,,0
105029,'1199124',2429,,12201,50,,,0
105029,'1199144',1233,,12202,50,,,0
105029,'1199148',746,,12203,50,,,0
105029,'1199220',1131,,12204,50,,,0
105029,'1199470',2229,,12205,50,,,0
105029,'1199473',916,,12206,50,,,0
105029,'1199604',816,,12207,50,,,0
105029,'1199607',1631,,12208,50,,,0
