2029,'1196924',1523,,10051,23,,,0
2029,'1196985',1207,,10052,23,,,0
2029,'1196991',2251,,10053,23,,,0
2029,'1197028',2051,,10054,23,,,0
2029,'1197134',1837,,10055,23,,,0
2029,'1197139',937,,10056,23,,,0
2029,'1197143',2337,,10057,23,,,0
2029,'1197168',1623,,10058,23,,,0
2029,'1197170',652,,10059,23,,,0
2029,'1197175',1508,,10060,23,,,0
2029,'1197208',1454,,10061,23,,,0
2029,'1197209',907,,10062,23,,,0
2029,'1197218',722,,10063,23,,,0
2029,'1197261',1638,,10064,23,,,0
2029,'1197268',1708,,10065,23,,,0
2029,'1197282',652,,10066,23,,,0
2029,'1197288',2151,,10067,23,,,0
2029,'1197331',1634,,10068,23,,,0
2029,'1197332',2221,,10069,23,,,0
2029,'1197367',1434,,10070,23,,,0
2029,'1197375',907,,10071,23,,,0
2029,'1197411',1052,,10072,23,,,0
2029,'1197419',1338,,10073,23,,,0
2029,'1197430',707,,10074,23,,,0
2029,'1197437',1007,,10075,23,,,0
2029,'1197491',1404,,10076,23,,,0
2029,'1197508',807,,10077,23,,,0
2029,'1197527',1254,,10078,23,,,0
2029,'1197534',1054,,10079,23,,,0
2029,'1197599',1653,,10080,23,,,0
2029,'1197642',752,,10081,23,,,0
2029,'1197644',1823,,10082,23,,,0
2029,'1197647',952,,10083,23,,,0
2029,'1197651',2346,,10084,23,,,0
2029,'1197655',2416,,10085,23,,,0
2029,'1197665',1037,,10086,23,,,0
2029,'1197667',1954,,10087,23,,,0
2029,'1197739',1723,,10088,23,,,0
2029,'1197769',1154,,10089,23,,,0
2029,'1197800',1022,,10090,23,,,0
2029,'1197808',2021,,10091,23,,,0
2029,'1197821',754,,10092,23,,,0
2029,'1197871',822,,10093,23,,,0
2029,'1197901',852,,10094,23,,,0
2029,'1197910',1753,,10095,23,,,0
2029,'1198003',1107,,10096,23,,,0
2029,'1198023',1237,,10097,23,,,0
2029,'1198042',854,,10098,23,,,0
2029,'1198045',2254,,10099,23,,,0
2029,'1198089',922,,10100,23,,,0
2029,'1198144',1037,,10101,23,,,0
2029,'1198156',2321,,10102,23,,,0
2029,'1198168',2037,,10103,23,,,0
2029,'1198184',954,,10104,23,,,0
2029,'1198213',1423,,10105,23,,,0
2029,'1198215',1838,,10106,23,,,0
2029,'1198275',1152,,10107,23,,,0
2029,'1198291',1107,,10108,23,,,0
2029,'1198335',1951,,10109,23,,,0
2029,'1198359',1334,,10110,23,,,0
2029,'1198433',1353,,10111,23,,,0
2029,'1198455',1234,,10112,23,,,0
2029,'1198473',1804,,10113,23,,,0
2029,'1198494',1734,,10114,23,,,0
2029,'1198537',1754,,10115,23,,,0
2029,'1198581',1137,,10116,23,,,0
2029,'1198603',1554,,10117,23,,,0
2029,'1198608',952,,10118,23,,,0
2029,'1198619',2422,,10119,23,,,0
2029,'1198682',1438,,10120,23,,,0
2029,'1198743',2252,,10121,23,,,0
2029,'1198838',1354,,10122,23,,,0
2029,'1198840',1504,,10123,23,,,0
2029,'1198841',737,,10124,23,,,0
2029,'1198851',2121,,10125,23,,,0
2029,'1198854',1207,,10126,23,,,0
2029,'1198870',737,,10127,23,,,0
2029,'1198967',2354,,10128,23,,,0
2029,'1199005',1608,,10129,23,,,0
2029,'1199023',1534,,10130,23,,,0
2029,'1199042',1952,,10131,23,,,0
2029,'1199046',1851,,10132,23,,,0
2029,'1199049',1122,,10133,23,,,0
2029,'1199063',1323,,10134,23,,,0
2029,'1199099',1308,,10135,23,,,0
2029,'1199116',1738,,10136,23,,,0
2029,'1199173',1604,,10137,23,,,0
2029,'1199237',2154,,10138,23,,,0
2029,'1199240',837,,10139,23,,,0
2029,'1199269',1253,,10140,23,,,0
2029,'1199288',1553,,10141,23,,,0
2029,'1199299',2207,,10142,23,,,0
2029,'1199305',1222,,10143,23,,,0
2029,'1199316',1808,,10144,23,,,0
2029,'1199329',1654,,10145,23,,,0
2029,'1199333',822,,10146,23,,,0
2029,'1199335',1304,,10147,23,,,0
2029,'1199398',2054,,10148,23,,,0
2029,'1199466',1921,,10149,23,,,0
2029,'1199478',1854,,10150,23,,,0
2029,'1199484',1538,,10151,23,,,0
2029,'1199542',2436,,10152,23,,,0
2029,'1199552',1408,,10153,23,,,0
2029,'1199560',1907,,10154,23,,,0
2029,'1199580',2122,,10155,23,,,0
2029,'1199620',1453,,10156,23,,,0
2029,'1199621',1137,,10157,23,,,0
2029,'1199635',1704,,10158,23,,,0
12019,'1196839',2137,,10650,38,,,0
12019,'1196874',1139,,10651,38,,,0
12019,'1196885',1639,,10652,38,,,0
12019,'1196887',1609,,10653,38,,,0
12019,'1196940',1339,,10654,38,,,0
12019,'1196983',1937,,10655,38,,,0
12019,'1197026',2237,,10656,38,,,0
12019,'1197080',1837,,10657,38,,,0
12019,'1197104',1909,,10658,38,,,0
12019,'1197223',1809,,10659,38,,,0
12019,'1197306',1209,,10660,38,,,0
12019,'1197322',807,,10661,38,,,0
12019,'1197334',1639,,10662,38,,,0
12019,'1197339',1809,,10663,38,,,0
12019,'1197433',1009,,10664,38,,,0
12019,'1197490',1709,,10665,38,,,0
12019,'1197525',1609,,10666,38,,,0
12019,'1197602',908,,10667,38,,,0
12019,'1197615',1239,,10668,38,,,0
12019,'1197664',1809,,10669,38,,,0
12019,'1197701',2407,,10670,38,,,0
12019,'1197765',2409,,10671,38,,,0
12019,'1197813',1109,,10672,38,,,0
12019,'1197824',1309,,10673,38,,,0
12019,'1197891',2107,,10674,38,,,0
12019,'1197911',2007,,10675,38,,,0
12019,'1197945',1907,,10676,38,,,0
12019,'1197989',1509,,10677,38,,,0
12019,'1197991',1209,,10678,38,,,0
12019,'1198031',708,,10679,38,,,0
12019,'1198072',1409,,10680,38,,,0
12019,'1198097',1609,,10681,38,,,0
12019,'1198121',1709,,10682,38,,,0
12019,'1198127',1109,,10683,38,,,0
12019,'1198171',2209,,10684,38,,,0
12019,'1198224',2307,,10685,38,,,0
12019,'1198250',1339,,10686,38,,,0
12019,'1198260',1439,,10687,38,,,0
12019,'1198263',938,,10688,38,,,0
12019,'1198283',1539,,10689,38,,,0
12019,'1198358',1509,,10690,38,,,0
12019,'1198421',907,,10691,38,,,0
12019,'1198427',1239,,10692,38,,,0
12019,'1198442',1739,,10693,38,,,0
12019,'1198497',2207,,10694,38,,,0
12019,'1198582',909,,10695,38,,,0
12019,'1198588',638,,10696,38,,,0
12019,'1198592',1739,,10697,38,,,0
12019,'1198618',1109,,10698,38,,,0
12019,'1198712',1209,,10699,38,,,0
12019,'1198727',1409,,10700,38,,,0
12019,'1198773',1409,,10701,38,,,0
12019,'1198774',1139,,10702,38,,,0
12019,'1198819',2337,,10703,38,,,0
12019,'1198842',1008,,10704,38,,,0
12019,'1198884',2009,,10705,38,,,0
12019,'1198912',809,,10706,38,,,0
12019,'1198945',1007,,10707,38,,,0
12019,'1199167',738,,10708,38,,,0
12019,'1199197',2109,,10709,38,,,0
12019,'1199223',1309,,10710,38,,,0
12019,'1199224',709,,10711,38,,,0
12019,'1199251',1038,,10712,38,,,0
12019,'1199291',1539,,10713,38,,,0
12019,'1199315',1309,,10714,38,,,0
12019,'1199416',2309,,10715,38,,,0
12019,'1199495',1439,,10716,38,,,0
12019,'1199513',838,,10717,38,,,0
12019,'1199578',1509,,10718,38,,,0
12019,'1199610',2037,,10719,38,,,0
12019,'1199616',808,,10720,38,,,0
12019,'1199625',1709,,10721,38,,,0
