105019,'1196946',902,,12117,36,,,0
105019,'1197049',1811,,12118,36,,,0
105019,'1197077',549,,12119,36,,,0
105019,'1197115',1156,,12120,36,,,0
105019,'1197131',702,,12121,36,,,0
105019,'1197173',1204,,12122,36,,,0
105019,'1197181',1021,,12123,36,,,0
105019,'1197192',2149,,12124,36,,,0
105019,'1197197',1456,,12125,36,,,0
105019,'1197292',1304,,12126,36,,,0
105019,'1197296',1556,,12127,36,,,0
105019,'1197531',1404,,12128,36,,,0
105019,'1197548',1919,,12129,36,,,0
105019,'1197557',1604,,12130,36,,,0
105019,'1197588',821,,12131,36,,,0
105019,'1197596',2049,,12132,36,,,0
105019,'1197617',1504,,12133,36,,,0
105019,'1197633',1221,,12134,36,,,0
105019,'1197710',753,,12135,36,,,0
105019,'1197779',1741,,12136,36,,,0
105019,'1197825',1411,,12137,36,,,0
105019,'1197971',1056,,12138,36,,,0
105019,'1198112',619,,12139,36,,,0
105019,'1198338',1104,,12140,36,,,0
105019,'1198380',2221,,12141,36,,,0
105019,'1198385',1711,,12142,36,,,0
105019,'1198553',1311,,12143,36,,,0
105019,'1198560',2021,,12144,36,,,0
105019,'1198571',1621,,12145,36,,,0
105019,'1198621',723,,12146,36,,,0
105019,'1198667',953,,12147,36,,,0
105019,'1198717',1526,,12148,36,,,0
105019,'1198741',853,,12149,36,,,0
105019,'1198746',1841,,12150,36,,,0
105019,'1198889',649,,12151,36,,,0
105019,'1199004',1421,,12152,36,,,0
105019,'1199054',1626,,12153,36,,,0
105019,'1199098',823,,12154,36,,,0
105019,'1199298',2349,,12155,36,,,0
105019,'1199347',2302,,12156,36,,,0
105019,'1199383',2249,,12157,36,,,0
105019,'1199400',1704,,12158,36,,,0
105019,'1199461',1821,,12159,36,,,0
105019,'1199511',1804,,12160,36,,,0
105019,'1199546',2102,,12161,36,,,0
105019,'1199574',1904,,12162,36,,,0
