4019,'1197123',720,,10299,22,,,0
4019,'1197392',1519,,10300,22,,,0
4019,'1197520',920,,10301,22,,,0
4019,'1197788',1549,,10302,22,,,0
4019,'1197874',1349,,10303,22,,,0
4019,'1198006',850,,10304,22,,,0
4019,'1198332',1749,,10305,22,,,0
4019,'1198394',1449,,10306,22,,,0
4019,'1198409',820,,10307,22,,,0
4019,'1198799',1419,,10308,22,,,0
4019,'1198924',1719,,10309,22,,,0
4019,'1199002',949,,10310,22,,,0
4019,'1199239',1619,,10311,22,,,0
4019,'1199517',751,,10312,22,,,0
4019,'1199645',1649,,10313,22,,,0
