14019,'1190713',1401,,8090,35,,,0
14019,'1190978',1701,,8092,35,,,0
14019,'1191058',2258,,8093,35,,,0
14019,'1191115',759,,8095,35,,,0
14019,'1191156',1531,,8096,35,,,0
14019,'1191216',1401,,8098,35,,,0
14019,'1191434',958,,8102,35,,,0
14019,'1191451',959,,8103,35,,,0
14019,'1191488',1301,,8104,35,,,0
14019,'1191517',659,,8105,35,,,0
14019,'1191609',2329,,8106,35,,,0
14019,'1191614',1829,,8107,35,,,0
14019,'1191636',1801,,8108,35,,,0
14019,'1191714',1201,,8109,35,,,0
14019,'1191747',1501,,8110,35,,,0
14019,'1191757',929,,8111,35,,,0
14019,'1191841',758,,8112,35,,,0
14019,'1191852',1929,,8113,35,,,0
14019,'1191970',2158,,8114,35,,,0
14019,'1191991',2058,,8115,35,,,0
14019,'1192119',2229,,8117,35,,,0
14019,'1192156',1601,,8118,35,,,0
14019,'1192341',729,,8121,35,,,0
14019,'1192538',1701,,8124,35,,,0
14019,'1192564',2358,,8125,35,,,0
14019,'1192713',1858,,8130,35,,,0
14019,'1192727',1301,,8131,35,,,0
14019,'1192788',1501,,8132,35,,,0
14019,'1192791',1201,,8133,35,,,0
14019,'1192803',829,,8134,35,,,0
14019,'1192837',859,,8136,35,,,0
14019,'1192840',1631,,8137,35,,,0
14019,'1192863',2129,,8138,35,,,0
14019,'1192916',1958,,8139,35,,,0
14019,'1192927',858,,8140,35,,,0
14019,'1192946',2029,,8141,35,,,0
14019,'1192962',1101,,8142,35,,,0
14019,'1192987',1801,,8143,35,,,0
14019,'1193071',1101,,8144,35,,,0
14019,'1193088',1731,,8145,35,,,0
14019,'1193127',1601,,8146,35,,,0
14019,'1193190',658,,8147,35,,,0
