11019,'1190643',1000,,7683,22,,,0
11019,'1190656',1531,,7684,22,,,0
11019,'1190734',2300,,7686,22,,,0
11019,'1190739',1131,,7687,22,,,0
11019,'1190806',700,,7688,22,,,0
11019,'1190863',1000,,7690,22,,,0
11019,'1190899',1601,,7691,22,,,0
11019,'1190901',1731,,7692,22,,,0
11019,'1190931',2000,,7693,22,,,0
11019,'1190935',2130,,7694,22,,,0
11019,'1191012',1801,,7695,22,,,0
11019,'1191105',1231,,7697,22,,,0
11019,'1191187',1301,,7699,22,,,0
11019,'1191230',730,,7700,22,,,0
11019,'1191238',1501,,7701,22,,,0
11019,'1191240',1701,,7702,22,,,0
11019,'1191293',2100,,7703,22,,,0
11019,'1191319',630,,7704,22,,,0
11019,'1191389',2230,,7705,22,,,0
11019,'1191427',1101,,7706,22,,,0
11019,'1191492',800,,7708,22,,,0
11019,'1191497',1701,,7709,22,,,0
11019,'1191624',1631,,7711,22,,,0
11019,'1191660',800,,7712,22,,,0
11019,'1191669',1731,,7713,22,,,0
11019,'1191675',900,,7714,22,,,0
11019,'1191680',2200,,7715,22,,,0
11019,'1191681',2400,,7716,22,,,0
11019,'1191687',830,,7717,22,,,0
11019,'1191719',1631,,7719,22,,,0
11019,'1191884',1201,,7722,22,,,0
11019,'1192002',1431,,7724,22,,,0
11019,'1192101',1231,,7726,22,,,0
11019,'1192175',1930,,7729,22,,,0
11019,'1192293',700,,7730,22,,,0
11019,'1192335',1801,,7731,22,,,0
11019,'1192404',1201,,7733,22,,,0
11019,'1192430',1900,,7735,22,,,0
11019,'1192493',1401,,7736,22,,,0
11019,'1192513',1301,,7737,22,,,0
11019,'1192569',1331,,7738,22,,,0
11019,'1192573',1331,,7739,22,,,0
11019,'1192733',900,,7740,22,,,0
11019,'1192768',2330,,7741,22,,,0
11019,'1192799',1401,,7742,22,,,0
11019,'1192975',1501,,7743,22,,,0
11019,'1193059',1601,,7744,22,,,0
11019,'1193066',1431,,7745,22,,,0
11019,'1193090',1830,,7746,22,,,0
11019,'1193120',930,,7747,22,,,0
11019,'1193180',1101,,7748,22,,,0
11019,'1193235',2030,,7749,22,,,0
11019,'1193239',1030,,7750,22,,,0
11019,'1193279',1531,,7753,22,,,0
