13029,'1196882',1538,,10855,26,,,0
13029,'1196907',1303,,10856,25,,,0
13029,'1196917',1306,,10857,25,,,0
13029,'1196936',1806,,10858,25,,,0
13029,'1196965',802,,10859,25,,,0
13029,'1196972',1636,,10860,25,,,0
13029,'1197006',1503,,10861,25,,,0
13029,'1197082',1203,,10862,25,,,0
13029,'1197122',1103,,10863,25,,,0
13029,'1197184',1504,,10864,25,,,0
13029,'1197188',1933,,10865,25,,,0
13029,'1197193',803,,10866,25,,,0
13029,'1197215',2103,,10867,25,,,0
13029,'1197262',1704,,10868,25,,,0
13029,'1197363',935,,10869,25,,,0
13029,'1197365',2202,,10870,25,,,0
13029,'1197371',1003,,10871,25,,,0
13029,'1197444',2302,,10872,25,,,0
13029,'1197556',2303,,10873,25,,,0
13029,'1197773',2033,,10874,25,,,0
13029,'1197812',1506,,10875,25,,,0
13029,'1197866',1403,,10876,25,,,0
13029,'1197909',905,,10877,25,,,0
13029,'1197997',2002,,10878,25,,,0
13029,'1198028',2102,,10879,25,,,0
13029,'1198074',2402,,10880,25,,,0
13029,'1198199',1603,,10881,25,,,0
13029,'1198248',2233,,10882,25,,,0
13029,'1198289',834,,10883,25,,,0
13029,'1198381',1736,,10884,25,,,0
13029,'1198389',1803,,10885,25,,,0
13029,'1198416',1604,,10886,25,,,0
13029,'1198437',1034,,10887,25,,,0
13029,'1198474',1107,,10888,25,,,0
13029,'1198488',1902,,10889,25,,,0
13029,'1198563',734,,10890,25,,,0
13029,'1198648',1102,,10891,25,,,0
13029,'1198673',1304,,10892,25,,,0
13029,'1198704',1903,,10893,25,,,0
13029,'1198733',804,,10894,25,,,0
13029,'1198756',903,,10895,25,,,0
13029,'1198793',1002,,10896,25,,,0
13029,'1198811',1404,,10897,25,,,0
13029,'1198812',2403,,10898,25,,,0
13029,'1198828',1204,,10899,25,,,0
13029,'1198858',1606,,10900,25,,,0
13029,'1198910',634,,10901,25,,,0
13029,'1198998',902,,10902,25,,,0
13029,'1199115',704,,10903,25,,,0
13029,'1199250',2203,,10904,25,,,0
13029,'1199324',702,,10905,25,,,0
13029,'1199337',1005,,10906,25,,,0
13029,'1199349',2133,,10907,25,,,0
13029,'1199379',2333,,10908,25,,,0
13029,'1199405',1804,,10909,25,,,0
13029,'1199419',1206,,10910,25,,,0
13029,'1199548',1406,,10911,25,,,0
13029,'1199559',1703,,10912,25,,,0
13029,'1199614',1833,,10913,25,,,0
13029,'1199653',2003,,10914,25,,,0
13029,'1199655',1706,,10915,25,,,0
25029,'1196916',952,,11367,9,,,0
25029,'1196933',1552,,11368,9,,,0
25029,'1196986',1136,,11369,9,,,0
25029,'1197030',2151,,11370,9,,,0
25029,'1197059',650,,11371,9,,,0
25029,'1197302',1851,,11372,9,,,0
25029,'1197319',852,,11373,9,,,0
25029,'1197349',1252,,11374,9,,,0
25029,'1197435',2036,,11375,9,,,0
25029,'1197457',2051,,11376,9,,,0
25029,'1197616',2411,,11377,9,,,0
25029,'1197705',2236,,11378,9,,,0
25029,'1197793',1622,,11379,9,,,0
25029,'1197804',736,,11380,9,,,0
25029,'1197835',1652,,11381,9,,,0
25029,'1197846',922,,11382,9,,,0
25029,'1197932',722,,11383,9,,,0
25029,'1198032',936,,11384,9,,,0
25029,'1198046',1022,,11385,9,,,0
25029,'1198129',1452,,11386,9,,,0
25029,'1198137',2251,,11387,9,,,0
25029,'1198143',1236,,11388,9,,,0
25029,'1198148',1851,,11389,9,,,0
25029,'1198154',1322,,11390,9,,,0
25029,'1198159',752,,11391,9,,,0
25029,'1198222',1936,,11392,9,,,0
25029,'1198225',1552,,11393,9,,,0
25029,'1198233',1722,,11394,9,,,0
25029,'1198344',2151,,11395,9,,,0
25029,'1198370',1452,,11396,9,,,0
25029,'1198438',1222,,11397,9,,,0
25029,'1198503',1652,,11398,9,,,0
25029,'1198561',2336,,11399,9,,,0
25029,'1198597',1052,,11400,9,,,0
25029,'1198609',2051,,11401,9,,,0
25029,'1198649',2136,,11402,9,,,0
25029,'1198679',1752,,11403,9,,,0
25029,'1198692',1152,,11404,9,,,0
25029,'1198706',652,,11405,9,,,0
25029,'1198719',2251,,11406,9,,,0
25029,'1198720',1736,,11407,9,,,0
25029,'1198786',1522,,11408,9,,,0
25029,'1198863',1422,,11409,9,,,0
25029,'1198875',851,,11410,9,,,0
25029,'1198879',1951,,11411,9,,,0
25029,'1198885',1036,,11412,9,,,0
25029,'1198987',1836,,11413,9,,,0
25029,'1198994',1536,,11414,9,,,0
25029,'1199055',750,,11415,9,,,0
25029,'1199102',2350,,11416,9,,,0
25029,'1199182',822,,11417,9,,,0
25029,'1199195',1122,,11418,9,,,0
25029,'1199236',952,,11419,9,,,0
25029,'1199255',1436,,11420,9,,,0
25029,'1199294',1336,,11421,9,,,0
25029,'1199362',1951,,11422,9,,,0
25029,'1199541',1751,,11423,9,,,0
25029,'1199549',1636,,11424,9,,,0
25029,'1199576',1352,,11425,9,,,0
25029,'1199642',836,,11426,9,,,0
26029,'1196873',1807,,11480,18,,,0
26029,'1196910',2307,,11481,18,,,0
26029,'1196913',1122,,11482,18,,,0
26029,'1196977',1622,,11483,18,,,0
26029,'1196980',1022,,11484,18,,,0
26029,'1197179',2022,,11485,18,,,0
26029,'1197404',1252,,11486,18,,,0
26029,'1197498',1922,,11487,18,,,0
26029,'1197625',922,,11488,18,,,0
26029,'1197661',1022,,11489,18,,,0
26029,'1197679',1907,,11490,18,,,0
26029,'1197751',2221,,11491,18,,,0
26029,'1197754',621,,11492,18,,,0
26029,'1197782',1522,,11493,18,,,0
26029,'1197814',2222,,11494,18,,,0
26029,'1197860',821,,11495,18,,,0
26029,'1197884',807,,11496,18,,,0
26029,'1197936',1322,,11497,18,,,0
26029,'1197940',1222,,11498,18,,,0
26029,'1197960',1152,,11499,18,,,0
26029,'1197999',2122,,11500,18,,,0
26029,'1198011',1607,,11501,18,,,0
26029,'1198044',1407,,11502,18,,,0
26029,'1198105',2122,,11503,18,,,0
26029,'1198189',1822,,11504,18,,,0
26029,'1198210',1052,,11505,18,,,0
26029,'1198276',1623,,11506,18,,,0
26029,'1198303',1207,,11507,18,,,0
26029,'1198354',2022,,11508,18,,,0
26029,'1198406',622,,11509,18,,,0
26029,'1198482',1107,,11510,18,,,0
26029,'1198544',1707,,11511,18,,,0
26029,'1198822',2321,,11512,18,,,0
26029,'1198850',1822,,11513,18,,,0
26029,'1198867',1507,,11514,18,,,0
26029,'1198935',721,,11515,18,,,0
26029,'1198937',2007,,11516,18,,,0
26029,'1199008',722,,11517,18,,,0
26029,'1199034',1922,,11518,18,,,0
26029,'1199114',2322,,11519,18,,,0
26029,'1199122',1722,,11520,18,,,0
26029,'1199135',1522,,11521,18,,,0
26029,'1199139',1007,,11522,18,,,0
26029,'1199216',2207,,11523,18,,,0
26029,'1199265',1307,,11524,18,,,0
26029,'1199273',907,,11525,18,,,0
26029,'1199292',1722,,11526,18,,,0
26029,'1199311',1452,,11527,18,,,0
26029,'1199314',1352,,11528,18,,,0
26029,'1199512',2107,,11529,18,,,0
26029,'1199532',921,,11530,18,,,0
26029,'1199605',1422,,11531,18,,,0
26029,'1199628',822,,11532,18,,,0
101019,'1197003',617,,11803,59,,,0
101019,'1197056',2155,,11804,59,,,0
101019,'1197144',2354,,11805,59,,,0
101019,'1197150',1554,,11806,59,,,0
101019,'1197356',1354,,11807,59,,,0
101019,'1197394',1555,,11808,59,,,0
101019,'1197485',755,,11809,59,,,0
101019,'1197542',1355,,11810,59,,,0
101019,'1197666',1117,,11811,59,,,0
101019,'1197703',2154,,11812,59,,,0
101019,'1197735',1217,,11813,59,,,0
101019,'1197816',1155,,11814,59,,,0
101019,'1197893',817,,11815,59,,,0
101019,'1198002',1754,,11816,59,,,0
101019,'1198014',754,,11817,59,,,0
101019,'1198130',1017,,11818,59,,,0
101019,'1198162',1419,,11819,59,,,0
101019,'1198212',1954,,11820,59,,,0
101019,'1198408',2116,,11821,59,,,0
101019,'1198684',955,,11822,59,,,0
101019,'1198907',1955,,11823,59,,,0
101019,'1199079',2317,,11824,59,,,0
101019,'1199178',1819,,11825,59,,,0
101019,'1199186',1619,,11826,59,,,0
101019,'1199279',1755,,11827,59,,,0
101019,'1199401',954,,11828,59,,,0
101019,'1199471',1917,,11829,59,,,0
101019,'1199497',1154,,11830,59,,,0
101019,'1199519',917,,11831,59,,,0
101019,'1199566',1519,,11832,59,,,0
101019,'1199626',1719,,11833,59,,,0
101019,'1199991',1419,,12771,59,,,0
101019,'1199992',2116,,12772,59,,,0
101019,'1199993',917,,12773,59,,,0
101019,'1199995',617,,12774,59,,,0
101019,'1199996',717,,12775,59,,,0
101019,'1200003',1719,,12776,59,,,0
101019,'1200004',1619,,12777,59,,,0
101019,'1200006',1917,,12778,59,,,0
101019,'1200008',817,,12779,59,,,0
101019,'1200009',2317,,12780,59,,,0
101019,'1200011',1117,,12781,59,,,0
101019,'1200013',1217,,12782,59,,,0
101019,'1200014',1519,,12783,59,,,0
101019,'1200015',1819,,12784,59,,,0
101019,'1200018',1017,,12785,59,,,0
104029,'1196835',2021,,12074,45,,,0
104029,'1196857',821,,12075,45,,,0
104029,'1196889',821,,12076,45,,,0
104029,'1196928',1806,,12077,45,,,0
104029,'1197002',706,,12078,45,,,0
104029,'1197045',1604,,12079,45,,,0
104029,'1197133',851,,12080,45,,,0
104029,'1197341',1304,,12081,45,,,0
104029,'1197454',1821,,12082,45,,,0
104029,'1197461',736,,12083,45,,,0
104029,'1197467',2221,,12084,45,,,0
104029,'1197481',621,,12085,45,,,0
104029,'1197553',2151,,12086,45,,,0
104029,'1197574',936,,12087,45,,,0
104029,'1197583',2206,,12088,45,,,0
104029,'1197794',1821,,12089,45,,,0
104029,'1197965',1421,,12090,45,,,0
104029,'1197979',1551,,12091,45,,,0
104029,'1198234',1051,,12092,45,,,0
104029,'1198287',1649,,12093,45,,,0
104029,'1198288',1219,,12094,45,,,0
104029,'1198449',1321,,12095,45,,,0
104029,'1198458',1936,,12096,45,,,0
104029,'1198510',1006,,12097,45,,,0
104029,'1198521',821,,12098,45,,,0
104029,'1198558',1706,,12099,45,,,0
104029,'1198578',1734,,12100,45,,,0
104029,'1198686',1434,,12101,45,,,0
104029,'1198694',1519,,12102,45,,,0
104029,'1198755',1021,,12103,45,,,0
104029,'1198909',1221,,12104,45,,,0
104029,'1198979',1206,,12105,45,,,0
104029,'1199045',2321,,12106,45,,,0
104029,'1199127',2321,,12107,45,,,0
104029,'1199159',1349,,12108,45,,,0
104029,'1199181',936,,12109,45,,,0
104029,'1199193',1621,,12110,45,,,0
104029,'1199356',1436,,12111,45,,,0
104029,'1199360',2051,,12112,45,,,0
104029,'1199374',706,,12113,45,,,0
104029,'1199380',1051,,12114,45,,,0
104029,'1199442',1851,,12115,45,,,0
104029,'1199577',2021,,12116,45,,,0
