11029,'1199774',1524,,10550,15,,,0
11029,'1199777',938,,10551,15,,,0
11029,'1199778',1324,,10552,15,,,0
11029,'1199779',2323,,10553,15,,,0
11029,'1199780',1223,,10554,15,,,0
11029,'1199781',1138,,10555,15,,,0
11029,'1199782',1639,,10556,15,,,0
11029,'1199783',2223,,10557,15,,,0
11029,'1199785',1323,,10558,15,,,0
11029,'1199786',808,,10559,15,,,0
11029,'1199787',1624,,10560,15,,,0
11029,'1199788',1554,,10561,15,,,0
11029,'1199789',1439,,10562,15,,,0
11029,'1199790',1453,,10563,15,,,0
11029,'1199791',1123,,10564,15,,,0
11029,'1199792',1539,,10565,15,,,0
11029,'1199793',2338,,10566,15,,,0
11029,'1199794',823,,10567,15,,,0
11029,'1199795',1454,,10568,15,,,0
11029,'1199796',1153,,10569,15,,,0
11029,'1199797',1754,,10570,15,,,0
11029,'1199799',738,,10571,15,,,0
11029,'1199800',1709,,10572,15,,,0
11029,'1199804',923,,10573,15,,,0
11029,'1199808',1023,,10574,15,,,0
11029,'1199809',1724,,10575,15,,,0
11029,'1199810',1053,,10576,15,,,0
11029,'1199811',1038,,10577,15,,,0
11029,'1199812',1553,,10578,15,,,0
11029,'1199813',2323,,10579,15,,,0
11029,'1199814',1224,,10580,15,,,0
11029,'1199815',1623,,10581,15,,,0
11029,'1199816',1153,,10582,15,,,0
11029,'1199818',723,,10583,15,,,0
11029,'1199819',1123,,10584,15,,,0
11029,'1199820',1739,,10585,15,,,0
11029,'1199821',1523,,10586,15,,,0
11029,'1199823',1253,,10587,15,,,0
11029,'1199825',2023,,10588,15,,,0
11029,'1199826',2358,,10589,15,,,0
11029,'1199828',1409,,10590,15,,,0
11029,'1199830',1309,,10591,15,,,0
11029,'1199831',2008,,10592,15,,,0
11029,'1199834',638,,10593,15,,,0
11029,'1199836',753,,10594,15,,,0
11029,'1199838',1509,,10595,15,,,0
11029,'1199839',723,,10596,15,,,0
11029,'1199843',1339,,10597,15,,,0
11029,'1199844',2023,,10598,15,,,0
11029,'1199846',1424,,10599,15,,,0
11029,'1199847',923,,10600,15,,,0
11029,'1199848',908,,10601,15,,,0
11029,'1199849',2123,,10602,15,,,0
11029,'1199850',1523,,10603,15,,,0
11029,'1199852',708,,10604,15,,,0
11029,'1199853',953,,10605,15,,,0
11029,'1199854',838,,10606,15,,,0
11029,'1199855',1623,,10607,15,,,0
11029,'1199856',2123,,10608,15,,,0
11029,'1199858',1609,,10609,15,,,0
11029,'1199860',1023,,10610,15,,,0
11029,'1199862',1938,,10611,15,,,0
11029,'1199863',823,,10612,15,,,0
11029,'1199864',1209,,10613,15,,,0
11029,'1199865',1723,,10614,15,,,0
11029,'1199866',1223,,10615,15,,,0
11029,'1199867',2038,,10616,15,,,0
11029,'1199869',1423,,10617,15,,,0
11029,'1199870',1323,,10618,15,,,0
11029,'1199871',1353,,10619,15,,,0
11029,'1199873',2208,,10620,15,,,0
11029,'1199874',1108,,10621,15,,,0
11029,'1199875',1008,,10622,15,,,0
11029,'1199876',653,,10623,15,,,0
11029,'1199877',1723,,10624,15,,,0
11029,'1199878',1654,,10625,15,,,0
11029,'1199881',1823,,10626,15,,,0
11029,'1199882',1908,,10627,15,,,0
11029,'1199883',1123,,10628,15,,,0
11029,'1199884',1923,,10629,15,,,0
11029,'1199886',1923,,10630,15,,,0
11029,'1199889',723,,10631,15,,,0
11029,'1199890',2108,,10632,15,,,0
11029,'1199891',2223,,10633,15,,,0
11029,'1199892',1823,,10634,15,,,0
11029,'1199893',1023,,10635,15,,,0
11029,'1199898',853,,10636,15,,,0
11029,'1199899',1838,,10637,15,,,0
11029,'1199902',1808,,10638,15,,,0
11029,'1199903',923,,10639,15,,,0
11029,'1199904',1653,,10640,15,,,0
11029,'1199906',623,,10641,15,,,0
11029,'1199907',2308,,10642,15,,,0
11029,'1199910',2238,,10643,15,,,0
11029,'1199911',2138,,10644,15,,,0
11029,'1199912',1354,,10645,15,,,0
11029,'1199913',1239,,10646,15,,,0
11029,'1199914',1254,,10647,15,,,0
11029,'1199919',823,,10648,15,,,0
11029,'1199920',1423,,10649,15,,,0
