13019,'1196852',1324,,10793,12,,,0
13019,'1196856',1723,,10794,12,,,0
13019,'1196999',923,,10796,12,,,0
13019,'1197035',623,,10797,12,,,0
13019,'1197132',1454,,10798,12,,,0
13019,'1197251',1554,,10799,12,,,0
13019,'1197279',724,,10800,12,,,0
13019,'1197353',2253,,10801,12,,,0
13019,'1197357',1824,,10802,12,,,0
13019,'1197451',2223,,10803,12,,,0
13019,'1197487',823,,10804,12,,,0
13019,'1197555',1624,,10805,12,,,0
13019,'1197570',924,,10806,12,,,0
13019,'1197575',1624,,10807,12,,,0
13019,'1197641',2024,,10808,12,,,0
13019,'1197645',1654,,10809,12,,,0
13019,'1197648',653,,10810,12,,,0
13019,'1197690',1623,,10811,12,,,0
13019,'1197692',1724,,10812,12,,,0
13019,'1197730',1424,,10813,12,,,0
13019,'1197762',2358,,10814,12,,,0
13019,'1197803',723,,10815,12,,,0
13019,'1197834',1223,,10816,12,,,0
13019,'1197854',2023,,10817,12,,,0
13019,'1197962',1323,,10818,12,,,0
13019,'1197975',1024,,10819,12,,,0
13019,'1198041',1123,,10820,12,,,0
13019,'1198094',1753,,10821,12,,,0
13019,'1198160',823,,10822,12,,,0
13019,'1198201',1224,,10823,12,,,0
13019,'1198243',1823,,10824,12,,,0
13019,'1198290',2153,,10825,12,,,0
13019,'1198352',723,,10826,12,,,0
13019,'1198355',1853,,10827,12,,,0
13019,'1198382',753,,10828,12,,,0
13019,'1198402',2224,,10829,12,,,0
13019,'1198552',2124,,10830,12,,,0
13019,'1198554',1923,,10831,12,,,0
13019,'1198602',1124,,10832,12,,,0
13019,'1198611',1953,,10833,12,,,0
13019,'1198630',1524,,10834,12,,,0
13019,'1198675',1224,,10835,12,,,0
13019,'1198716',1023,,10837,12,,,0
13019,'1198729',953,,10838,12,,,0
13019,'1198761',1324,,10839,12,,,0
13019,'1198778',923,,10840,12,,,0
13019,'1198837',2324,,10841,12,,,0
13019,'1198874',1124,,10842,12,,,0
13019,'1198888',853,,10843,12,,,0
13019,'1199044',824,,10844,12,,,0
13019,'1199123',1024,,10845,12,,,0
13019,'1199151',1424,,10846,12,,,0
13019,'1199233',1423,,10847,12,,,0
13019,'1199276',1523,,10848,12,,,0
13019,'1199284',2053,,10849,12,,,0
13019,'1199418',1924,,10850,12,,,0
13019,'1199448',1724,,10851,12,,,0
13019,'1199536',2123,,10852,12,,,0
13019,'1199588',2323,,10853,12,,,0
13019,'1199631',1524,,10854,12,,,0
101029,'1196911',737,,11834,12,,,0
101029,'1197033',1822,,11835,12,,,0
101029,'1197060',837,,11836,12,,,0
101029,'1197096',1022,,11837,12,,,0
101029,'1197257',1037,,11838,12,,,0
101029,'1197272',1222,,11839,12,,,0
101029,'1197326',1539,,11840,12,,,0
101029,'1197581',2022,,11841,12,,,0
101029,'1197673',1422,,11842,12,,,0
101029,'1197747',2137,,11843,12,,,0
101029,'1197977',1622,,11844,12,,,0
101029,'1198059',622,,11845,12,,,0
101029,'1198116',1022,,11846,12,,,0
101029,'1198125',822,,11847,12,,,0
101029,'1198200',1222,,11848,12,,,0
101029,'1198251',937,,11849,12,,,0
101029,'1198346',822,,11850,12,,,0
101029,'1198498',2222,,11851,12,,,0
101029,'1198530',2222,,11852,12,,,0
101029,'1198631',1639,,11853,12,,,0
101029,'1198644',2357,,11854,12,,,0
101029,'1198710',1622,,11855,12,,,0
101029,'1198715',1737,,11856,12,,,0
101029,'1198953',2022,,11857,12,,,0
101029,'1198984',1339,,11858,12,,,0
101029,'1199108',1239,,11859,12,,,0
101029,'1199117',637,,11860,12,,,0
101029,'1199304',1822,,11861,12,,,0
101029,'1199366',1422,,11862,12,,,0
101029,'1199567',1937,,11863,12,,,0
101029,'1199585',1439,,11864,12,,,0
101029,'1199990',1239,,12786,12,,,0
101029,'1199994',1539,,12787,12,,,0
101029,'1199997',737,,12788,12,,,0
101029,'1199998',1737,,12789,12,,,0
101029,'1199999',1037,,12790,12,,,0
101029,'1200000',2357,,12791,12,,,0
101029,'1200001',637,,12792,12,,,0
101029,'1200002',1639,,12793,12,,,0
101029,'1200005',1439,,12794,12,,,0
101029,'1200007',937,,12795,12,,,0
101029,'1200010',1339,,12796,12,,,0
101029,'1200012',1937,,12797,12,,,0
101029,'1200016',2137,,12798,12,,,0
101029,'1200017',837,,12799,12,,,0
