10029,'1193661',1519,,7624,7,,,0
10029,'1193662',1119,,7625,7,,,0
10029,'1193664',2019,,7626,7,,,0
10029,'1193666',1319,,7627,7,,,0
10029,'1193669',2319,,7628,7,,,0
10029,'1193670',1619,,7629,7,,,0
10029,'1193672',849,,7631,7,,,0
10029,'1193673',2119,,7632,7,,,0
10029,'1193674',1419,,7633,7,,,0
10029,'1193676',1849,,7634,7,,,0
10029,'1193677',719,,7635,7,,,0
10029,'1193684',1719,,7637,7,,,0
10029,'1193685',1019,,7638,7,,,0
10029,'1193688',919,,7639,7,,,0
10029,'1193689',749,,7640,7,,,0
10029,'1193690',1949,,7641,7,,,0
10029,'1193692',2219,,7642,7,,,0
10029,'1193693',919,,7643,7,,,0
10029,'1193694',1319,,7644,7,,,0
10029,'1193695',649,,7645,7,,,0
10029,'1193696',619,,7646,7,,,0
10029,'1193699',2049,,7647,7,,,0
10029,'1193706',819,,7650,7,,,0
10029,'1193712',1819,,7651,7,,,0
10029,'1193713',2249,,7652,7,,,0
10029,'1193716',1919,,7654,7,,,0
10029,'1193719',1419,,7655,7,,,0
10029,'1193721',1019,,7656,7,,,0
10029,'1193726',1719,,7659,7,,,0
10029,'1193727',819,,7660,7,,,0
10029,'1193728',719,,7661,7,,,0
10029,'1193736',2354,,7663,7,,,0
10029,'1193741',2149,,7664,7,,,0
10029,'1193744',1449,,7666,7,,,0
10029,'1193745',1549,,7667,7,,,0
10029,'1193746',1119,,7668,7,,,0
10029,'1193757',1219,,7673,7,,,0
10029,'1193760',1219,,7675,7,,,0
10029,'1193762',1519,,7676,7,,,0
10029,'1193763',1649,,7677,7,,,0
10029,'1193777',1749,,7681,7,,,0
10029,'1193778',1619,,7682,7,,,0
