20019,'1196861',1650,,11034,24,,,0
20019,'1196920',2221,,11035,24,,,0
20019,'1196950',751,,11036,24,,,0
20019,'1196955',650,,11037,24,,,0
20019,'1197117',2022,,11038,24,,,0
20019,'1197128',2121,,11039,24,,,0
20019,'1197129',1550,,11040,24,,,0
20019,'1197174',1522,,11041,24,,,0
20019,'1197187',1541,,11042,24,,,0
20019,'1197300',2241,,11043,24,,,0
20019,'1197337',1941,,11044,24,,,0
20019,'1197360',2141,,11045,24,,,0
20019,'1197373',1250,,11046,24,,,0
20019,'1197429',1741,,11047,24,,,0
20019,'1197469',941,,11048,24,,,0
20019,'1197560',1041,,11049,24,,,0
20019,'1197585',650,,11050,24,,,0
20019,'1197629',1422,,11051,24,,,0
20019,'1197637',2151,,11052,24,,,0
20019,'1197672',1341,,11053,24,,,0
20019,'1197681',1050,,11054,24,,,0
20019,'1197724',1441,,11055,24,,,0
20019,'1197914',1241,,11056,24,,,0
20019,'1197984',1752,,11057,24,,,0
20019,'1197986',1350,,11058,24,,,0
20019,'1198036',1822,,11059,24,,,0
20019,'1198083',2421,,11060,24,,,0
20019,'1198114',950,,11061,24,,,0
20019,'1198133',1122,,11062,24,,,0
20019,'1198141',2051,,11063,24,,,0
20019,'1198152',1322,,11064,24,,,0
20019,'1198178',750,,11065,24,,,0
20019,'1198183',2251,,11066,24,,,0
20019,'1198191',620,,11067,24,,,0
20019,'1198203',2341,,11068,24,,,0
20019,'1198236',741,,11069,24,,,0
20019,'1198244',1951,,11070,24,,,0
20019,'1198268',2041,,11071,24,,,0
20019,'1198364',2321,,11072,24,,,0
20019,'1198377',1622,,11073,24,,,0
20019,'1198420',1722,,11074,24,,,0
20019,'1198431',922,,11075,24,,,0
20019,'1198465',1851,,11076,24,,,0
20019,'1198477',1841,,11077,24,,,0
20019,'1198580',721,,11078,24,,,0
20019,'1198586',822,,11079,24,,,0
20019,'1198656',850,,11080,24,,,0
20019,'1198669',1022,,11081,24,,,0
20019,'1198702',1750,,11082,24,,,0
20019,'1198708',1450,,11083,24,,,0
20019,'1198826',1652,,11084,24,,,0
20019,'1198871',1141,,11085,24,,,0
20019,'1198943',1922,,11086,24,,,0
20019,'1199137',2350,,11087,24,,,0
20019,'1199386',841,,11088,24,,,0
20019,'1199428',1222,,11089,24,,,0
20019,'1199534',1641,,11090,24,,,0
20019,'1199553',1150,,11091,24,,,0
