11019,'1196876',1446,,10448,2,,,0
11019,'1196884',1243,,10449,6,,,0
11019,'1196914',1127,,10450,6,,,0
11019,'1196958',748,,10451,6,,,0
11019,'1197000',1246,,10452,2,,,0
11019,'1197070',1846,,10453,2,,,0
11019,'1197071',1826,,10454,6,,,0
11019,'1197114',912,,10455,6,,,0
11019,'1197185',2246,,10456,2,,,0
11019,'1197191',1443,,10457,6,,,0
11019,'1197229',1358,,10458,6,,,0
11019,'1197234',1658,,10459,6,,,0
11019,'1197264',1728,,10460,6,,,0
11019,'1197274',927,,10461,6,,,0
11019,'1197327',1328,,10462,6,,,0
11019,'1197343',727,,10463,6,,,0
11019,'1197351',1546,,10464,2,,,0
11019,'1197398',1813,,10465,6,,,0
11019,'1197412',2256,,10466,6,,,0
11019,'1197422',1628,,10467,6,,,0
11019,'1197446',2346,,10468,2,,,0
11019,'1197463',657,,10469,6,,,0
11019,'1197502',612,,10470,6,,,0
11019,'1197519',742,,10471,6,,,0
11019,'1197564',2248,,10472,6,,,0
11019,'1197573',1346,,10473,2,,,0
11019,'1197695',1057,,10474,6,,,0
11019,'1197696',757,,10475,6,,,0
11019,'1197753',846,,10476,2,,,0
11019,'1197763',1513,,10477,6,,,0
11019,'1197795',2026,,10478,6,,,0
11019,'1197832',1613,,10479,6,,,0
11019,'1197875',2413,,10480,6,,,0
11019,'1197917',2348,,10481,6,,,0
11019,'1197925',1112,,10482,6,,,0
11019,'1197934',1528,,10483,6,,,0
11019,'1197978',1856,,10484,6,,,0
11019,'1197990',1428,,10485,6,,,0
11019,'1198012',842,,10486,6,,,0
11019,'1198053',948,,10487,6,,,0
11019,'1198076',1956,,10488,6,,,0
11019,'1198113',2056,,10489,6,,,0
11019,'1198146',2226,,10490,6,,,0
11019,'1198266',1948,,10491,6,,,0
11019,'1198296',1646,,10492,2,,,0
11019,'1198337',857,,10493,6,,,0
11019,'1198341',1148,,10494,6,,,0
11019,'1198362',2146,,10495,2,,,0
11019,'1198405',1848,,10496,6,,,0
11019,'1198419',1458,,10497,6,,,0
11019,'1198470',1258,,10498,6,,,0
11019,'1198493',1758,,10499,6,,,0
11019,'1198506',1048,,10500,6,,,0
11019,'1198543',1012,,10501,6,,,0
11019,'1198548',1558,,10502,6,,,0
11019,'1198573',1142,,10503,6,,,0
11019,'1198590',1946,,10504,2,,,0
11019,'1198610',1543,,10505,6,,,0
11019,'1198623',648,,10506,6,,,0
11019,'1198660',1258,,10507,6,,,0
11019,'1198662',1746,,10508,2,,,0
11019,'1198696',1428,,10509,6,,,0
11019,'1198771',1458,,10510,6,,,0
11019,'1198808',942,,10511,6,,,0
11019,'1198843',2046,,10512,2,,,0
11019,'1198927',1042,,10513,6,,,0
11019,'1198951',1713,,10514,6,,,0
11019,'1198978',1926,,10515,6,,,0
11019,'1199022',1228,,10516,6,,,0
11019,'1199024',2148,,10517,6,,,0
11019,'1199026',2156,,10518,6,,,0
11019,'1199059',1558,,10519,6,,,0
11019,'1199060',1343,,10520,6,,,0
11019,'1199064',1758,,10521,6,,,0
11019,'1199091',746,,10522,2,,,0
11019,'1199100',2126,,10523,6,,,0
11019,'1199118',1658,,10524,6,,,0
11019,'1199132',642,,10525,6,,,0
11019,'1199143',1728,,10526,6,,,0
11019,'1199154',1413,,10527,6,,,0
11019,'1199177',1643,,10528,6,,,0
11019,'1199180',2048,,10529,6,,,0
11019,'1199214',712,,10530,6,,,0
11019,'1199225',1528,,10531,6,,,0
11019,'1199227',1146,,10532,2,,,0
11019,'1199229',1358,,10533,6,,,0
11019,'1199253',946,,10534,2,,,0
11019,'1199301',2323,,10535,6,,,0
11019,'1199306',1046,,10536,2,,,0
11019,'1199370',1743,,10537,6,,,0
11019,'1199376',827,,10538,6,,,0
11019,'1199394',848,,10539,6,,,0
11019,'1199403',812,,10540,6,,,0
11019,'1199410',1157,,10541,6,,,0
11019,'1199462',2353,,10542,6,,,0
11019,'1199476',957,,10543,6,,,0
11019,'1199496',1313,,10544,6,,,0
11019,'1199508',1212,,10545,6,,,0
11019,'1199591',1628,,10546,6,,,0
11019,'1199603',1228,,10547,6,,,0
11019,'1199619',1027,,10548,6,,,0
11019,'1199623',1328,,10549,6,,,0
22019,'1197225',1807,,11149,2,,,0
22019,'1197486',1007,,11150,2,,,0
22019,'1197592',807,,11151,2,,,0
22019,'1198193',1407,,11152,2,,,0
22019,'1198485',1437,,11153,2,,,0
22019,'1198782',837,,11154,2,,,0
22019,'1198892',1607,,11155,2,,,0
22019,'1199196',1207,,11156,2,,,0
22019,'1199264',1237,,11157,2,,,0
22019,'1199413',1037,,11158,2,,,0
140001019,'1196866',807,,12221,2,,,0
140001019,'1196880',2207,,12222,2,,,0
140001019,'1196896',1022,,12223,2,,,0
140001019,'1196898',2137,,12224,2,,,0
140001019,'1196900',1922,,12225,2,,,0
140001019,'1196905',1856,,12226,2,,,0
140001019,'1196939',2307,,12227,2,,,0
140001019,'1196943',1322,,12228,2,,,0
140001019,'1196945',2332,,12229,2,,,0
140001019,'1196967',637,,12230,2,,,0
140001019,'1197008',1356,,12231,2,,,0
140001019,'1197072',1411,,12232,2,,,0
140001019,'1197075',1537,,12233,2,,,0
140001019,'1197086',1837,,12234,2,,,0
140001019,'1197088',2037,,12235,2,,,0
140001019,'1197102',652,,12236,2,,,0
140001019,'1197146',1552,,12237,2,,,0
140001019,'1197212',1307,,12238,2,,,0
140001019,'1197216',922,,12239,2,,,0
140001019,'1197238',1152,,12240,2,,,0
140001019,'1197266',1452,,12241,2,,,0
140001019,'1197267',1622,,12242,2,,,0
140001019,'1197281',1626,,12243,2,,,0
140001019,'1197287',937,,12244,2,,,0
140001019,'1197324',1556,,12245,2,,,0
140001019,'1197328',1007,,12246,2,,,0
140001019,'1197350',1037,,12247,2,,,0
140001019,'1197407',1407,,12248,2,,,0
140001019,'1197438',1722,,12249,2,,,0
140001019,'1197459',952,,12250,2,,,0
140001019,'1197465',1122,,12251,2,,,0
140001019,'1197470',1737,,12252,2,,,0
140001019,'1197474',1007,,12253,2,,,0
140001019,'1197516',1426,,12254,2,,,0
140001019,'1197563',1822,,12255,2,,,0
140001019,'1197567',1937,,12256,2,,,0
140001019,'1197593',1222,,12257,2,,,0
140001019,'1197607',1641,,12258,2,,,0
140001019,'1197613',1741,,12259,2,,,0
140001019,'1197621',1753,,12260,2,,,0
140001019,'1197622',2022,,12261,2,,,0
140001019,'1197646',1207,,12262,2,,,0
140001019,'1197676',1137,,12263,2,,,0
140001019,'1197685',1022,,12264,2,,,0
140001019,'1197688',1307,,12265,2,,,0
140001019,'1197689',1422,,12266,2,,,0
140001019,'1197693',1726,,12267,2,,,0
140001019,'1197729',1952,,12268,2,,,0
140001019,'1197734',1556,,12269,2,,,0
140001019,'1197741',1322,,12270,2,,,0
140001019,'1197745',1207,,12271,2,,,0
140001019,'1197767',1107,,12272,2,,,0
140001019,'1197797',2007,,12273,2,,,0
140001019,'1197802',852,,12274,2,,,0
140001019,'1197830',907,,12275,2,,,0
140001019,'1197894',1807,,12276,2,,,0
140001019,'1197944',1056,,12277,2,,,0
140001019,'1197964',1252,,12278,2,,,0
140001019,'1197966',1037,,12279,2,,,0
140001019,'1197987',1611,,12280,2,,,0
140001019,'1197988',737,,12281,2,,,0
140001019,'1198009',2052,,12282,2,,,0
140001019,'1198027',2256,,12283,2,,,0
140001019,'1198035',822,,12284,2,,,0
140001019,'1198147',2056,,12285,2,,,0
140001019,'1198155',1152,,12286,2,,,0
140001019,'1198177',2037,,12287,2,,,0
140001019,'1198195',1252,,12288,2,,,0
140001019,'1198235',1652,,12289,2,,,0
140001019,'1198264',1256,,12290,2,,,0
140001019,'1198294',1352,,12291,2,,,0
140001019,'1198302',2007,,12292,2,,,0
140001019,'1198324',1752,,12293,2,,,0
140001019,'1198349',722,,12294,2,,,0
140001019,'1198356',1707,,12295,2,,,0
140001019,'1198378',707,,12296,2,,,0
140001019,'1198384',1122,,12297,2,,,0
140001019,'1198418',1907,,12298,2,,,0
140001019,'1198429',1852,,12299,2,,,0
140001019,'1198452',1756,,12300,2,,,0
140001019,'1198461',837,,12301,2,,,0
140001019,'1198463',1822,,12302,2,,,0
140001019,'1198487',1837,,12303,2,,,0
140001019,'1198515',1222,,12304,2,,,0
140001019,'1198535',1656,,12305,2,,,0
140001019,'1198541',1052,,12306,2,,,0
140001019,'1198549',637,,12307,2,,,0
140001019,'1198579',1637,,12308,2,,,0
140001019,'1198595',2107,,12309,2,,,0
140001019,'1198601',1607,,12310,2,,,0
140001019,'1198665',2307,,12311,2,,,0
140001019,'1198666',756,,12312,2,,,0
140001019,'1198714',1441,,12313,2,,,0
140001019,'1198763',2407,,12314,2,,,0
140001019,'1198766',956,,12315,2,,,0
140001019,'1198781',1807,,12316,2,,,0
140001019,'1198791',1507,,12317,2,,,0
140001019,'1198797',807,,12318,2,,,0
140001019,'1198813',1456,,12319,2,,,0
140001019,'1198814',2356,,12320,2,,,0
140001019,'1198835',1337,,12321,2,,,0
140001019,'1198872',837,,12322,2,,,0
140001019,'1198878',1237,,12323,2,,,0
140001019,'1198900',1456,,12324,2,,,0
140001019,'1198920',2107,,12325,2,,,0
140001019,'1198925',1107,,12326,2,,,0
140001019,'1198926',907,,12327,2,,,0
140001019,'1198932',952,,12328,2,,,0
140001019,'1198964',1711,,12329,2,,,0
140001019,'1198965',1352,,12330,2,,,0
140001019,'1198980',1526,,12331,2,,,0
140001019,'1199018',2407,,12332,2,,,0
140001019,'1199069',2156,,12333,2,,,0
140001019,'1199136',1237,,12334,2,,,0
140001019,'1199170',737,,12335,2,,,0
140001019,'1199213',2337,,12336,2,,,0
140001019,'1199235',856,,12337,2,,,0
140001019,'1199268',752,,12338,2,,,0
140001019,'1199282',1052,,12339,2,,,0
140001019,'1199297',1511,,12340,2,,,0
140001019,'1199319',937,,12341,2,,,0
140001019,'1199330',1852,,12342,2,,,0
140001019,'1199354',1937,,12343,2,,,0
140001019,'1199367',2137,,12344,2,,,0
140001019,'1199377',1156,,12345,2,,,0
140001019,'1199402',1656,,12346,2,,,0
140001019,'1199414',1437,,12347,2,,,0
140001019,'1199449',1137,,12348,2,,,0
140001019,'1199458',1337,,12349,2,,,0
140001019,'1199468',2237,,12350,2,,,0
140001019,'1199492',1541,,12351,2,,,0
140001019,'1199516',2207,,12352,2,,,0
140001019,'1199563',2237,,12353,2,,,0
140001019,'1199606',1522,,12354,2,,,0
140001019,'1199624',1907,,12355,2,,,0
140001019,'1199632',707,,12356,2,,,0
140001019,'1199638',1956,,12357,2,,,0
