20019,'1196861',1646,,11034,18,,,0
20019,'1196920',2217,,11035,18,,,0
20019,'1196950',747,,11036,18,,,0
20019,'1196955',646,,11037,18,,,0
20019,'1197117',2017,,11038,18,,,0
20019,'1197128',2117,,11039,18,,,0
20019,'1197129',1546,,11040,18,,,0
20019,'1197174',1518,,11041,18,,,0
20019,'1197187',1539,,11042,18,,,0
20019,'1197300',2239,,11043,18,,,0
20019,'1197337',1939,,11044,18,,,0
20019,'1197360',2139,,11045,18,,,0
20019,'1197373',1246,,11046,18,,,0
20019,'1197429',1739,,11047,18,,,0
20019,'1197469',939,,11048,18,,,0
20019,'1197560',1039,,11049,18,,,0
20019,'1197585',646,,11050,18,,,0
20019,'1197629',1417,,11051,18,,,0
20019,'1197637',2147,,11052,18,,,0
20019,'1197672',1339,,11053,18,,,0
20019,'1197681',1046,,11054,18,,,0
20019,'1197724',1439,,11055,18,,,0
20019,'1197914',1239,,11056,18,,,0
20019,'1197984',1747,,11057,18,,,0
20019,'1197986',1346,,11058,18,,,0
20019,'1198036',1817,,11059,18,,,0
20019,'1198083',2417,,11060,18,,,0
20019,'1198114',946,,11061,18,,,0
20019,'1198133',1117,,11062,18,,,0
20019,'1198141',2047,,11063,18,,,0
20019,'1198152',1317,,11064,18,,,0
20019,'1198178',746,,11065,18,,,0
20019,'1198183',2247,,11066,18,,,0
20019,'1198191',616,,11067,18,,,0
20019,'1198203',2339,,11068,18,,,0
20019,'1198236',739,,11069,18,,,0
20019,'1198244',1947,,11070,18,,,0
20019,'1198268',2039,,11071,18,,,0
20019,'1198364',2317,,11072,18,,,0
20019,'1198377',1617,,11073,18,,,0
20019,'1198420',1717,,11074,18,,,0
20019,'1198431',917,,11075,18,,,0
20019,'1198465',1847,,11076,18,,,0
20019,'1198477',1839,,11077,18,,,0
20019,'1198580',717,,11078,18,,,0
20019,'1198586',817,,11079,18,,,0
20019,'1198656',846,,11080,18,,,0
20019,'1198669',1017,,11081,18,,,0
20019,'1198702',1746,,11082,18,,,0
20019,'1198708',1446,,11083,18,,,0
20019,'1198826',1647,,11084,18,,,0
20019,'1198871',1139,,11085,18,,,0
20019,'1198943',1917,,11086,18,,,0
20019,'1199137',2346,,11087,18,,,0
20019,'1199386',839,,11088,18,,,0
20019,'1199428',1217,,11089,18,,,0
20019,'1199534',1639,,11090,18,,,0
20019,'1199553',1146,,11091,18,,,0
