10019,'1193663',2216,,7564,8,,,0
10019,'1193667',616,,7566,8,,,0
10019,'1193668',946,,7567,8,,,0
10019,'1193678',2146,,7569,8,,,0
10019,'1193679',1821,,7570,8,,,0
10019,'1193680',746,,7571,8,,,0
10019,'1193682',646,,7573,8,,,0
10019,'1193687',1051,,7575,8,,,0
10019,'1193691',1751,,7576,8,,,0
10019,'1193697',1851,,7577,8,,,0
10019,'1193698',1916,,7578,8,,,0
10019,'1193700',2046,,7579,8,,,0
10019,'1193707',946,,7583,8,,,0
10019,'1193708',846,,7584,8,,,0
10019,'1193710',1251,,7586,8,,,0
10019,'1193715',1251,,7588,8,,,0
10019,'1193717',2116,,7589,8,,,0
10019,'1193718',1351,,7590,8,,,0
10019,'1193720',1616,,7591,8,,,0
10019,'1193724',1451,,7592,8,,,0
10019,'1193725',2016,,7593,8,,,0
10019,'1193731',1451,,7595,8,,,0
10019,'1193732',2316,,7596,8,,,0
10019,'1193733',1751,,7597,8,,,0
10019,'1193734',1151,,7598,8,,,0
10019,'1193737',1051,,7600,8,,,0
10019,'1193738',1151,,7601,8,,,0
10019,'1193739',2246,,7602,8,,,0
10019,'1193740',1651,,7603,8,,,0
10019,'1193743',1516,,7604,8,,,0
10019,'1193747',2346,,7605,8,,,0
10019,'1193749',1946,,7606,8,,,0
10019,'1193752',716,,7607,8,,,0
10019,'1193754',1716,,7608,8,,,0
10019,'1193755',1551,,7609,8,,,0
10019,'1193759',1351,,7611,8,,,0
10019,'1193761',1651,,7612,8,,,0
10019,'1193765',646,,7613,8,,,0
10019,'1193767',816,,7615,8,,,0
10019,'1193768',916,,7616,8,,,0
10019,'1193771',746,,7619,8,,,0
10019,'1193772',1551,,7620,8,,,0
10019,'1193779',846,,7623,8,,,0
103029,'1190630',1106,,9163,14,,,0
103029,'1190791',918,,9165,14,,,0
103029,'1190798',1134,,9166,14,,,0
103029,'1190809',1536,,9167,14,,,0
103029,'1190864',1434,,9168,14,,,0
103029,'1191002',806,,9169,14,,,0
103029,'1191104',2005,,9172,14,,,0
103029,'1191213',1519,,9173,14,,,0
103029,'1191266',1236,,9174,14,,,0
103029,'1191472',2135,,9176,14,,,0
103029,'1191532',2333,,9177,14,,,0
103029,'1191567',1835,,9178,14,,,0
103029,'1191756',2033,,9180,14,,,0
103029,'1191909',748,,9182,14,,,0
103029,'1191948',1604,,9183,14,,,0
103029,'1192055',2203,,9184,14,,,0
103029,'1192191',2305,,9185,14,,,0
103029,'1192208',1734,,9186,14,,,0
103029,'1192508',1406,,9187,14,,,0
103029,'1192592',636,,9188,14,,,0
103029,'1192659',703,,9190,14,,,0
103029,'1192749',1706,,9192,14,,,0
103029,'1192948',1304,,9194,14,,,0
103029,'1193036',1003,,9196,14,,,0
103029,'1193074',833,,9197,14,,,0
103029,'1193169',1649,,9198,14,,,0
103029,'1193174',936,,9199,14,,,0
103029,'1193259',1903,,9200,14,,,0
