105019,'1196946',850,,12117,15,,,0
105019,'1197049',1756,,12118,15,,,0
105019,'1197077',536,,12119,15,,,0
105019,'1197115',1141,,12120,15,,,0
105019,'1197131',650,,12121,15,,,0
105019,'1197173',1152,,12122,15,,,0
105019,'1197181',1009,,12123,15,,,0
105019,'1197192',2136,,12124,15,,,0
105019,'1197197',1441,,12125,15,,,0
105019,'1197292',1252,,12126,15,,,0
105019,'1197296',1541,,12127,15,,,0
105019,'1197531',1352,,12128,15,,,0
105019,'1197548',1906,,12129,15,,,0
105019,'1197557',1552,,12130,15,,,0
105019,'1197588',809,,12131,15,,,0
105019,'1197596',2036,,12132,15,,,0
105019,'1197617',1452,,12133,15,,,0
105019,'1197633',1209,,12134,15,,,0
105019,'1197710',738,,12135,15,,,0
105019,'1197779',1726,,12136,15,,,0
105019,'1197825',1356,,12137,15,,,0
105019,'1197971',1041,,12138,15,,,0
105019,'1198112',606,,12139,15,,,0
105019,'1198338',1052,,12140,15,,,0
105019,'1198380',2209,,12141,15,,,0
105019,'1198385',1656,,12142,15,,,0
105019,'1198553',1256,,12143,15,,,0
105019,'1198560',2009,,12144,15,,,0
105019,'1198571',1609,,12145,15,,,0
105019,'1198621',708,,12146,15,,,0
105019,'1198667',938,,12147,15,,,0
105019,'1198717',1511,,12148,15,,,0
105019,'1198741',838,,12149,15,,,0
105019,'1198746',1826,,12150,15,,,0
105019,'1198889',636,,12151,15,,,0
105019,'1199004',1409,,12152,15,,,0
105019,'1199054',1611,,12153,15,,,0
105019,'1199098',808,,12154,15,,,0
105019,'1199298',2336,,12155,15,,,0
105019,'1199347',2250,,12156,15,,,0
105019,'1199383',2236,,12157,15,,,0
105019,'1199400',1652,,12158,15,,,0
105019,'1199461',1809,,12159,15,,,0
105019,'1199511',1752,,12160,15,,,0
105019,'1199546',2050,,12161,15,,,0
105019,'1199574',1852,,12162,15,,,0
