104019,'1196891',2339,,12027,25,,,0
104019,'1197169',2415,,12028,25,,,0
104019,'1197256',1344,,12029,25,,,0
104019,'1197286',2139,,12030,25,,,0
104019,'1197298',1214,,12031,25,,,0
104019,'1197387',2240,,12032,25,,,0
104019,'1197452',2010,,12033,25,,,0
104019,'1197544',925,,12034,25,,,0
104019,'1197547',1240,,12035,25,,,0
104019,'1197640',1539,,12036,25,,,0
104019,'1197714',1810,,12037,25,,,0
104019,'1197725',2110,,12038,25,,,0
104019,'1197761',739,,12039,25,,,0
104019,'1197801',1010,,12040,25,,,0
104019,'1197820',810,,12042,25,,,0
104019,'1197873',625,,12043,25,,,0
104019,'1197937',1510,,12044,25,,,0
104019,'1198060',1739,,12045,25,,,0
104019,'1198073',2355,,12046,25,,,0
104019,'1198077',2240,,12047,25,,,0
104019,'1198194',1129,,12048,25,,,0
104019,'1198253',1139,,12049,25,,,0
104019,'1198313',1514,,12050,25,,,0
104019,'1198322',1625,,12051,25,,,0
104019,'1198353',1259,,12052,25,,,0
104019,'1198411',939,,12053,25,,,0
104019,'1198567',1740,,12055,25,,,0
104019,'1198664',855,,12056,25,,,0
104019,'1198683',1355,,12057,25,,,0
104019,'1198738',1940,,12058,25,,,0
104019,'1198750',1939,,12059,25,,,0
104019,'1198780',855,,12060,25,,,0
104019,'1198913',1429,,12061,25,,,0
104019,'1198958',655,,12062,25,,,0
104019,'1199185',740,,12064,25,,,0
104019,'1199190',1125,,12065,25,,,0
104019,'1199331',1339,,12066,25,,,0
104019,'1199407',1855,,12067,25,,,0
104019,'1199459',1725,,12068,25,,,0
104019,'1199490',1644,,12069,25,,,0
104019,'1199539',1010,,12070,25,,,0
104019,'1199564',740,,12071,25,,,0
104019,'1199583',1559,,12072,25,,,0
104019,'1199617',2125,,12073,25,,,0
