13019,'1196852',1323,,10793,9,,,0
13019,'1196856',1722,,10794,9,,,0
13019,'1196999',922,,10796,9,,,0
13019,'1197035',622,,10797,9,,,0
13019,'1197132',1453,,10798,9,,,0
13019,'1197251',1553,,10799,9,,,0
13019,'1197279',723,,10800,9,,,0
13019,'1197353',2252,,10801,9,,,0
13019,'1197357',1823,,10802,9,,,0
13019,'1197451',2222,,10803,9,,,0
13019,'1197487',822,,10804,9,,,0
13019,'1197555',1623,,10805,9,,,0
13019,'1197570',923,,10806,9,,,0
13019,'1197575',1623,,10807,9,,,0
13019,'1197641',2023,,10808,9,,,0
13019,'1197645',1653,,10809,9,,,0
13019,'1197648',652,,10810,9,,,0
13019,'1197690',1622,,10811,9,,,0
13019,'1197692',1723,,10812,9,,,0
13019,'1197730',1423,,10813,9,,,0
13019,'1197762',2357,,10814,9,,,0
13019,'1197803',722,,10815,9,,,0
13019,'1197834',1222,,10816,9,,,0
13019,'1197854',2022,,10817,9,,,0
13019,'1197962',1322,,10818,9,,,0
13019,'1197975',1023,,10819,9,,,0
13019,'1198041',1122,,10820,9,,,0
13019,'1198094',1752,,10821,9,,,0
13019,'1198160',822,,10822,9,,,0
13019,'1198201',1223,,10823,9,,,0
13019,'1198243',1822,,10824,9,,,0
13019,'1198290',2152,,10825,9,,,0
13019,'1198352',722,,10826,9,,,0
13019,'1198355',1852,,10827,9,,,0
13019,'1198382',752,,10828,9,,,0
13019,'1198402',2223,,10829,9,,,0
13019,'1198552',2123,,10830,9,,,0
13019,'1198554',1922,,10831,9,,,0
13019,'1198602',1123,,10832,9,,,0
13019,'1198611',1952,,10833,9,,,0
13019,'1198630',1523,,10834,9,,,0
13019,'1198675',1223,,10835,9,,,0
13019,'1198716',1022,,10837,9,,,0
13019,'1198729',952,,10838,9,,,0
13019,'1198761',1323,,10839,9,,,0
13019,'1198778',922,,10840,9,,,0
13019,'1198837',2323,,10841,9,,,0
13019,'1198874',1123,,10842,9,,,0
13019,'1198888',852,,10843,9,,,0
13019,'1199044',823,,10844,9,,,0
13019,'1199123',1023,,10845,9,,,0
13019,'1199151',1423,,10846,9,,,0
13019,'1199233',1422,,10847,9,,,0
13019,'1199276',1522,,10848,9,,,0
13019,'1199284',2052,,10849,9,,,0
13019,'1199418',1923,,10850,9,,,0
13019,'1199448',1723,,10851,9,,,0
13019,'1199536',2122,,10852,9,,,0
13019,'1199588',2322,,10853,9,,,0
13019,'1199631',1523,,10854,9,,,0
101029,'1196911',736,,11834,9,,,0
101029,'1197033',1821,,11835,9,,,0
101029,'1197060',836,,11836,9,,,0
101029,'1197096',1021,,11837,9,,,0
101029,'1197257',1036,,11838,9,,,0
101029,'1197272',1221,,11839,9,,,0
101029,'1197326',1538,,11840,9,,,0
101029,'1197581',2021,,11841,9,,,0
101029,'1197673',1421,,11842,9,,,0
101029,'1197747',2136,,11843,9,,,0
101029,'1197977',1621,,11844,9,,,0
101029,'1198059',621,,11845,9,,,0
101029,'1198116',1021,,11846,9,,,0
101029,'1198125',821,,11847,9,,,0
101029,'1198200',1221,,11848,9,,,0
101029,'1198251',936,,11849,9,,,0
101029,'1198346',821,,11850,9,,,0
101029,'1198498',2221,,11851,9,,,0
101029,'1198530',2221,,11852,9,,,0
101029,'1198631',1638,,11853,9,,,0
101029,'1198644',2356,,11854,9,,,0
101029,'1198710',1621,,11855,9,,,0
101029,'1198715',1736,,11856,9,,,0
101029,'1198953',2021,,11857,9,,,0
101029,'1198984',1338,,11858,9,,,0
101029,'1199108',1238,,11859,9,,,0
101029,'1199117',636,,11860,9,,,0
101029,'1199304',1821,,11861,9,,,0
101029,'1199366',1421,,11862,9,,,0
101029,'1199567',1936,,11863,9,,,0
101029,'1199585',1438,,11864,9,,,0
101029,'1199990',1238,,12786,9,,,0
101029,'1199994',1538,,12787,9,,,0
101029,'1199997',736,,12788,9,,,0
101029,'1199998',1736,,12789,9,,,0
101029,'1199999',1036,,12790,9,,,0
101029,'1200000',2356,,12791,9,,,0
101029,'1200001',636,,12792,9,,,0
101029,'1200002',1638,,12793,9,,,0
101029,'1200005',1438,,12794,9,,,0
101029,'1200007',936,,12795,9,,,0
101029,'1200010',1338,,12796,9,,,0
101029,'1200012',1936,,12797,9,,,0
101029,'1200016',2136,,12798,9,,,0
101029,'1200017',836,,12799,9,,,0
