11029,'1199774',1523,,10550,11,,,0
11029,'1199777',937,,10551,11,,,0
11029,'1199778',1323,,10552,11,,,0
11029,'1199779',2322,,10553,11,,,0
11029,'1199780',1221,,10554,11,,,0
11029,'1199781',1137,,10555,11,,,0
11029,'1199782',1638,,10556,11,,,0
11029,'1199783',2221,,10557,11,,,0
11029,'1199785',1322,,10558,11,,,0
11029,'1199786',807,,10559,11,,,0
11029,'1199787',1623,,10560,11,,,0
11029,'1199788',1553,,10561,11,,,0
11029,'1199789',1438,,10562,11,,,0
11029,'1199790',1452,,10563,11,,,0
11029,'1199791',1122,,10564,11,,,0
11029,'1199792',1538,,10565,11,,,0
11029,'1199793',2337,,10566,11,,,0
11029,'1199794',822,,10567,11,,,0
11029,'1199795',1453,,10568,11,,,0
11029,'1199796',1152,,10569,11,,,0
11029,'1199797',1753,,10570,11,,,0
11029,'1199799',737,,10571,11,,,0
11029,'1199800',1708,,10572,11,,,0
11029,'1199804',922,,10573,11,,,0
11029,'1199808',1021,,10574,11,,,0
11029,'1199809',1723,,10575,11,,,0
11029,'1199810',1052,,10576,11,,,0
11029,'1199811',1037,,10577,11,,,0
11029,'1199812',1552,,10578,11,,,0
11029,'1199813',2321,,10579,11,,,0
11029,'1199814',1223,,10580,11,,,0
11029,'1199815',1622,,10581,11,,,0
11029,'1199816',1152,,10582,11,,,0
11029,'1199818',722,,10583,11,,,0
11029,'1199819',1122,,10584,11,,,0
11029,'1199820',1738,,10585,11,,,0
11029,'1199821',1522,,10586,11,,,0
11029,'1199823',1252,,10587,11,,,0
11029,'1199825',2022,,10588,11,,,0
11029,'1199826',2357,,10589,11,,,0
11029,'1199828',1408,,10590,11,,,0
11029,'1199830',1308,,10591,11,,,0
11029,'1199831',2007,,10592,11,,,0
11029,'1199834',637,,10593,11,,,0
11029,'1199836',752,,10594,11,,,0
11029,'1199838',1508,,10595,11,,,0
11029,'1199839',721,,10596,11,,,0
11029,'1199843',1338,,10597,11,,,0
11029,'1199844',2021,,10598,11,,,0
11029,'1199846',1423,,10599,11,,,0
11029,'1199847',921,,10600,11,,,0
11029,'1199848',907,,10601,11,,,0
11029,'1199849',2121,,10602,11,,,0
11029,'1199850',1521,,10603,11,,,0
11029,'1199852',707,,10604,11,,,0
11029,'1199853',952,,10605,11,,,0
11029,'1199854',837,,10606,11,,,0
11029,'1199855',1621,,10607,11,,,0
11029,'1199856',2122,,10608,11,,,0
11029,'1199858',1608,,10609,11,,,0
11029,'1199860',1022,,10610,11,,,0
11029,'1199862',1937,,10611,11,,,0
11029,'1199863',822,,10612,11,,,0
11029,'1199864',1208,,10613,11,,,0
11029,'1199865',1722,,10614,11,,,0
11029,'1199866',1222,,10615,11,,,0
11029,'1199867',2037,,10616,11,,,0
11029,'1199869',1422,,10617,11,,,0
11029,'1199870',1321,,10618,11,,,0
11029,'1199871',1352,,10619,11,,,0
11029,'1199873',2207,,10620,11,,,0
11029,'1199874',1107,,10621,11,,,0
11029,'1199875',1007,,10622,11,,,0
11029,'1199876',652,,10623,11,,,0
11029,'1199877',1721,,10624,11,,,0
11029,'1199878',1653,,10625,11,,,0
11029,'1199881',1822,,10626,11,,,0
11029,'1199882',1907,,10627,11,,,0
11029,'1199883',1121,,10628,11,,,0
11029,'1199884',1921,,10629,11,,,0
11029,'1199886',1922,,10630,11,,,0
11029,'1199889',722,,10631,11,,,0
11029,'1199890',2107,,10632,11,,,0
11029,'1199891',2222,,10633,11,,,0
11029,'1199892',1821,,10634,11,,,0
11029,'1199893',1022,,10635,11,,,0
11029,'1199898',852,,10636,11,,,0
11029,'1199899',1837,,10637,11,,,0
11029,'1199902',1807,,10638,11,,,0
11029,'1199903',922,,10639,11,,,0
11029,'1199904',1652,,10640,11,,,0
11029,'1199906',622,,10641,11,,,0
11029,'1199907',2307,,10642,11,,,0
11029,'1199910',2237,,10643,11,,,0
11029,'1199911',2137,,10644,11,,,0
11029,'1199912',1353,,10645,11,,,0
11029,'1199913',1238,,10646,11,,,0
11029,'1199914',1253,,10647,11,,,0
11029,'1199919',821,,10648,11,,,0
11029,'1199920',1421,,10649,11,,,0
