12029,'1196881',1140,,10722,40,,,0
12029,'1196886',1710,,10723,40,,,0
12029,'1196921',837,,10724,40,,,0
12029,'1196925',1640,,10725,40,,,0
12029,'1197005',2414,,10726,40,,,0
12029,'1197009',2339,,10727,40,,,0
12029,'1197092',1809,,10728,40,,,0
12029,'1197112',910,,10729,40,,,0
12029,'1197136',2309,,10730,40,,,0
12029,'1197164',740,,10731,40,,,0
12029,'1197202',1540,,10732,40,,,0
12029,'1197246',1410,,10733,40,,,0
12029,'1197415',1110,,10734,40,,,0
12029,'1197416',1540,,10735,40,,,0
12029,'1197484',1937,,10736,40,,,0
12029,'1197496',2209,,10737,40,,,0
12029,'1197608',1210,,10738,40,,,0
12029,'1197678',1837,,10739,40,,,0
12029,'1197742',1340,,10740,40,,,0
12029,'1197777',2337,,10741,40,,,0
12029,'1197790',2239,,10742,40,,,0
12029,'1197947',1737,,10743,40,,,0
12029,'1198008',1410,,10744,40,,,0
12029,'1198017',1909,,10745,40,,,0
12029,'1198020',1740,,10746,40,,,0
12029,'1198024',940,,10747,40,,,0
12029,'1198092',1839,,10748,40,,,0
12029,'1198139',1610,,10749,40,,,0
12029,'1198185',1210,,10750,40,,,0
12029,'1198205',840,,10751,40,,,0
12029,'1198239',1010,,10752,40,,,0
12029,'1198318',737,,10753,40,,,0
12029,'1198336',1140,,10754,40,,,0
12029,'1198360',1037,,10755,40,,,0
12029,'1198400',739,,10756,40,,,0
12029,'1198511',2237,,10757,40,,,0
12029,'1198528',1537,,10758,40,,,0
12029,'1198538',1440,,10759,40,,,0
12029,'1198556',2109,,10760,40,,,0
12029,'1198681',1939,,10761,40,,,0
12029,'1198731',2039,,10762,40,,,0
12029,'1198732',1340,,10763,40,,,0
12029,'1198745',2137,,10764,40,,,0
12029,'1198748',937,,10765,40,,,0
12029,'1198775',1040,,10766,40,,,0
12029,'1198818',1740,,10767,40,,,0
12029,'1198856',1137,,10768,40,,,0
12029,'1198877',1310,,10769,40,,,0
12029,'1198898',839,,10770,40,,,0
12029,'1198947',640,,10771,40,,,0
12029,'1198959',1240,,10772,40,,,0
12029,'1198976',1710,,10773,40,,,0
12029,'1199093',1510,,10774,40,,,0
12029,'1199207',1510,,10775,40,,,0
12029,'1199281',1337,,10776,40,,,0
12029,'1199325',1640,,10777,40,,,0
12029,'1199340',1110,,10778,40,,,0
12029,'1199357',1440,,10779,40,,,0
12029,'1199382',810,,10780,40,,,0
12029,'1199384',939,,10781,40,,,0
12029,'1199423',2009,,10782,40,,,0
12029,'1199437',1437,,10783,40,,,0
12029,'1199445',2037,,10784,40,,,0
12029,'1199457',1637,,10785,40,,,0
12029,'1199487',1040,,10786,40,,,0
12029,'1199500',710,,10787,40,,,0
12029,'1199501',1610,,10788,40,,,0
12029,'1199531',1240,,10789,40,,,0
12029,'1199556',2139,,10790,40,,,0
12029,'1199590',1310,,10791,40,,,0
12029,'1199639',1237,,10792,40,,,0
