11019,'1196876',1448,,10448,7,,,0
11019,'1196884',1246,,10449,11,,,0
11019,'1196914',1130,,10450,11,,,0
11019,'1196958',750,,10451,11,,,0
11019,'1197000',1248,,10452,7,,,0
11019,'1197070',1848,,10453,7,,,0
11019,'1197071',1829,,10454,11,,,0
11019,'1197114',915,,10455,11,,,0
11019,'1197185',2248,,10456,7,,,0
11019,'1197191',1446,,10457,11,,,0
11019,'1197229',1401,,10458,11,,,0
11019,'1197234',1701,,10459,11,,,0
11019,'1197264',1731,,10460,11,,,0
11019,'1197274',930,,10461,11,,,0
11019,'1197327',1331,,10462,11,,,0
11019,'1197343',730,,10463,11,,,0
11019,'1197351',1548,,10464,7,,,0
11019,'1197398',1816,,10465,11,,,0
11019,'1197412',2259,,10466,11,,,0
11019,'1197422',1631,,10467,11,,,0
11019,'1197446',2348,,10468,7,,,0
11019,'1197463',700,,10469,11,,,0
11019,'1197502',615,,10470,11,,,0
11019,'1197519',745,,10471,11,,,0
11019,'1197564',2250,,10472,11,,,0
11019,'1197573',1348,,10473,7,,,0
11019,'1197695',1100,,10474,11,,,0
11019,'1197696',800,,10475,11,,,0
11019,'1197753',848,,10476,7,,,0
11019,'1197763',1516,,10477,11,,,0
11019,'1197795',2029,,10478,11,,,0
11019,'1197832',1616,,10479,11,,,0
11019,'1197875',2416,,10480,11,,,0
11019,'1197917',2350,,10481,11,,,0
11019,'1197925',1115,,10482,11,,,0
11019,'1197934',1531,,10483,11,,,0
11019,'1197978',1859,,10484,11,,,0
11019,'1197990',1431,,10485,11,,,0
11019,'1198012',845,,10486,11,,,0
11019,'1198053',950,,10487,11,,,0
11019,'1198076',1959,,10488,11,,,0
11019,'1198113',2059,,10489,11,,,0
11019,'1198146',2229,,10490,11,,,0
11019,'1198266',1950,,10491,11,,,0
11019,'1198296',1648,,10492,7,,,0
11019,'1198337',900,,10493,11,,,0
11019,'1198341',1150,,10494,11,,,0
11019,'1198362',2148,,10495,7,,,0
11019,'1198405',1850,,10496,11,,,0
11019,'1198419',1501,,10497,11,,,0
11019,'1198470',1301,,10498,11,,,0
11019,'1198493',1801,,10499,11,,,0
11019,'1198506',1050,,10500,11,,,0
11019,'1198543',1015,,10501,11,,,0
11019,'1198548',1601,,10502,11,,,0
11019,'1198573',1145,,10503,11,,,0
11019,'1198590',1948,,10504,7,,,0
11019,'1198610',1546,,10505,11,,,0
11019,'1198623',650,,10506,11,,,0
11019,'1198660',1301,,10507,11,,,0
11019,'1198662',1748,,10508,7,,,0
11019,'1198696',1431,,10509,11,,,0
11019,'1198771',1501,,10510,11,,,0
11019,'1198808',945,,10511,11,,,0
11019,'1198843',2048,,10512,7,,,0
11019,'1198927',1045,,10513,11,,,0
11019,'1198951',1716,,10514,11,,,0
11019,'1198978',1929,,10515,11,,,0
11019,'1199022',1230,,10516,11,,,0
11019,'1199024',2150,,10517,11,,,0
11019,'1199026',2159,,10518,11,,,0
11019,'1199059',1601,,10519,11,,,0
11019,'1199060',1346,,10520,11,,,0
11019,'1199064',1801,,10521,11,,,0
11019,'1199091',748,,10522,7,,,0
11019,'1199100',2129,,10523,11,,,0
11019,'1199118',1701,,10524,11,,,0
11019,'1199132',645,,10525,11,,,0
11019,'1199143',1731,,10526,11,,,0
11019,'1199154',1416,,10527,11,,,0
11019,'1199177',1646,,10528,11,,,0
11019,'1199180',2050,,10529,11,,,0
11019,'1199214',715,,10530,11,,,0
11019,'1199225',1531,,10531,11,,,0
11019,'1199227',1148,,10532,7,,,0
11019,'1199229',1401,,10533,11,,,0
11019,'1199253',948,,10534,7,,,0
11019,'1199301',2326,,10535,11,,,0
11019,'1199306',1048,,10536,7,,,0
11019,'1199370',1746,,10537,11,,,0
11019,'1199376',830,,10538,11,,,0
11019,'1199394',850,,10539,11,,,0
11019,'1199403',815,,10540,11,,,0
11019,'1199410',1200,,10541,11,,,0
11019,'1199462',2356,,10542,11,,,0
11019,'1199476',1000,,10543,11,,,0
11019,'1199496',1316,,10544,11,,,0
11019,'1199508',1215,,10545,11,,,0
11019,'1199591',1631,,10546,11,,,0
11019,'1199603',1231,,10547,11,,,0
11019,'1199619',1030,,10548,11,,,0
11019,'1199623',1331,,10549,11,,,0
140001019,'1196866',810,,12221,7,,,0
140001019,'1196880',2209,,12222,7,,,0
140001019,'1196896',1025,,12223,7,,,0
140001019,'1196898',2140,,12224,7,,,0
140001019,'1196900',1925,,12225,7,,,0
140001019,'1196905',1858,,12226,7,,,0
140001019,'1196939',2310,,12227,7,,,0
140001019,'1196943',1325,,12228,7,,,0
140001019,'1196945',2335,,12229,7,,,0
140001019,'1196967',640,,12230,7,,,0
140001019,'1197008',1358,,12231,7,,,0
140001019,'1197072',1415,,12232,7,,,0
140001019,'1197075',1540,,12233,7,,,0
140001019,'1197086',1840,,12234,7,,,0
140001019,'1197088',2040,,12235,7,,,0
140001019,'1197102',655,,12236,7,,,0
140001019,'1197146',1555,,12237,7,,,0
140001019,'1197212',1310,,12238,7,,,0
140001019,'1197216',925,,12239,7,,,0
140001019,'1197238',1155,,12240,7,,,0
140001019,'1197266',1455,,12241,7,,,0
140001019,'1197267',1625,,12242,7,,,0
140001019,'1197281',1630,,12243,7,,,0
140001019,'1197287',940,,12244,7,,,0
140001019,'1197324',1600,,12245,7,,,0
140001019,'1197328',1010,,12246,7,,,0
140001019,'1197350',1040,,12247,7,,,0
140001019,'1197407',1410,,12248,7,,,0
140001019,'1197438',1725,,12249,7,,,0
140001019,'1197459',955,,12250,7,,,0
140001019,'1197465',1125,,12251,7,,,0
140001019,'1197470',1740,,12252,7,,,0
140001019,'1197474',1010,,12253,7,,,0
140001019,'1197516',1430,,12254,7,,,0
140001019,'1197563',1825,,12255,7,,,0
140001019,'1197567',1940,,12256,7,,,0
140001019,'1197593',1225,,12257,7,,,0
140001019,'1197607',1645,,12258,7,,,0
140001019,'1197613',1745,,12259,7,,,0
140001019,'1197621',1756,,12260,7,,,0
140001019,'1197622',2025,,12261,7,,,0
140001019,'1197646',1210,,12262,7,,,0
140001019,'1197676',1140,,12263,7,,,0
140001019,'1197685',1025,,12264,7,,,0
140001019,'1197688',1310,,12265,7,,,0
140001019,'1197689',1425,,12266,7,,,0
140001019,'1197693',1730,,12267,7,,,0
140001019,'1197729',1955,,12268,7,,,0
140001019,'1197734',1558,,12269,7,,,0
140001019,'1197741',1325,,12270,7,,,0
140001019,'1197745',1210,,12271,7,,,0
140001019,'1197767',1110,,12272,7,,,0
140001019,'1197797',2010,,12273,7,,,0
140001019,'1197802',855,,12274,7,,,0
140001019,'1197830',910,,12275,7,,,0
140001019,'1197894',1810,,12276,7,,,0
140001019,'1197944',1058,,12277,7,,,0
140001019,'1197964',1255,,12278,7,,,0
140001019,'1197966',1040,,12279,7,,,0
140001019,'1197987',1615,,12280,7,,,0
140001019,'1197988',740,,12281,7,,,0
140001019,'1198009',2055,,12282,7,,,0
140001019,'1198027',2258,,12283,7,,,0
140001019,'1198035',825,,12284,7,,,0
140001019,'1198147',2058,,12285,7,,,0
140001019,'1198155',1155,,12286,7,,,0
140001019,'1198177',2040,,12287,7,,,0
140001019,'1198195',1255,,12288,7,,,0
140001019,'1198235',1655,,12289,7,,,0
140001019,'1198264',1258,,12290,7,,,0
140001019,'1198294',1355,,12291,7,,,0
140001019,'1198302',2010,,12292,7,,,0
140001019,'1198324',1755,,12293,7,,,0
140001019,'1198349',725,,12294,7,,,0
140001019,'1198356',1710,,12295,7,,,0
140001019,'1198378',710,,12296,7,,,0
140001019,'1198384',1125,,12297,7,,,0
140001019,'1198418',1910,,12298,7,,,0
140001019,'1198429',1855,,12299,7,,,0
140001019,'1198452',1758,,12300,7,,,0
140001019,'1198461',840,,12301,7,,,0
140001019,'1198463',1825,,12302,7,,,0
140001019,'1198487',1840,,12303,7,,,0
140001019,'1198515',1225,,12304,7,,,0
140001019,'1198535',1700,,12305,7,,,0
140001019,'1198541',1055,,12306,7,,,0
140001019,'1198549',640,,12307,7,,,0
140001019,'1198579',1640,,12308,7,,,0
140001019,'1198595',2110,,12309,7,,,0
140001019,'1198601',1610,,12310,7,,,0
140001019,'1198665',2309,,12311,7,,,0
140001019,'1198666',758,,12312,7,,,0
140001019,'1198714',1445,,12313,7,,,0
140001019,'1198763',2410,,12314,7,,,0
140001019,'1198766',958,,12315,7,,,0
140001019,'1198781',1810,,12316,7,,,0
140001019,'1198791',1510,,12317,7,,,0
140001019,'1198797',810,,12318,7,,,0
140001019,'1198813',1458,,12319,7,,,0
140001019,'1198814',2358,,12320,7,,,0
140001019,'1198835',1340,,12321,7,,,0
140001019,'1198872',840,,12322,7,,,0
140001019,'1198878',1240,,12323,7,,,0
140001019,'1198900',1500,,12324,7,,,0
140001019,'1198920',2110,,12325,7,,,0
140001019,'1198925',1110,,12326,7,,,0
140001019,'1198926',910,,12327,7,,,0
140001019,'1198932',955,,12328,7,,,0
140001019,'1198964',1715,,12329,7,,,0
140001019,'1198965',1355,,12330,7,,,0
140001019,'1198980',1530,,12331,7,,,0
140001019,'1199018',2409,,12332,7,,,0
140001019,'1199069',2158,,12333,7,,,0
140001019,'1199136',1240,,12334,7,,,0
140001019,'1199170',740,,12335,7,,,0
140001019,'1199213',2339,,12336,7,,,0
140001019,'1199235',858,,12337,7,,,0
140001019,'1199268',755,,12338,7,,,0
140001019,'1199282',1055,,12339,7,,,0
140001019,'1199297',1515,,12340,7,,,0
140001019,'1199319',940,,12341,7,,,0
140001019,'1199330',1855,,12342,7,,,0
140001019,'1199354',1940,,12343,7,,,0
140001019,'1199367',2139,,12344,7,,,0
140001019,'1199377',1158,,12345,7,,,0
140001019,'1199402',1658,,12346,7,,,0
140001019,'1199414',1440,,12347,7,,,0
140001019,'1199449',1140,,12348,7,,,0
140001019,'1199458',1340,,12349,7,,,0
140001019,'1199468',2239,,12350,7,,,0
140001019,'1199492',1545,,12351,7,,,0
140001019,'1199516',2210,,12352,7,,,0
140001019,'1199563',2240,,12353,7,,,0
140001019,'1199606',1525,,12354,7,,,0
140001019,'1199624',1910,,12355,7,,,0
140001019,'1199632',710,,12356,7,,,0
140001019,'1199638',1958,,12357,7,,,0
