2029,'1196924',1507,,10051,4,,,0
2029,'1196985',1153,,10052,4,,,0
2029,'1196991',2236,,10053,4,,,0
2029,'1197028',2036,,10054,4,,,0
2029,'1197134',1823,,10055,4,,,0
2029,'1197139',922,,10056,4,,,0
2029,'1197143',2323,,10057,4,,,0
2029,'1197168',1607,,10058,4,,,0
2029,'1197170',638,,10059,4,,,0
2029,'1197175',1452,,10060,4,,,0
2029,'1197208',1438,,10061,4,,,0
2029,'1197209',853,,10062,4,,,0
2029,'1197218',707,,10063,4,,,0
2029,'1197261',1622,,10064,4,,,0
2029,'1197268',1652,,10065,4,,,0
2029,'1197282',637,,10066,4,,,0
2029,'1197288',2136,,10067,4,,,0
2029,'1197331',1618,,10068,4,,,0
2029,'1197332',2206,,10069,4,,,0
2029,'1197367',1418,,10070,4,,,0
2029,'1197375',852,,10071,4,,,0
2029,'1197411',1037,,10072,4,,,0
2029,'1197419',1322,,10073,4,,,0
2029,'1197430',652,,10074,4,,,0
2029,'1197437',952,,10075,4,,,0
2029,'1197491',1348,,10076,4,,,0
2029,'1197508',752,,10077,4,,,0
2029,'1197527',1238,,10078,4,,,0
2029,'1197534',1038,,10079,4,,,0
2029,'1197599',1637,,10080,4,,,0
2029,'1197642',737,,10081,4,,,0
2029,'1197644',1807,,10082,4,,,0
2029,'1197647',937,,10083,4,,,0
2029,'1197651',2333,,10084,4,,,0
2029,'1197655',2403,,10085,4,,,0
2029,'1197665',1023,,10086,4,,,0
2029,'1197667',1938,,10087,4,,,0
2029,'1197739',1707,,10088,4,,,0
2029,'1197769',1138,,10089,4,,,0
2029,'1197800',1007,,10090,4,,,0
2029,'1197808',2006,,10091,4,,,0
2029,'1197821',738,,10092,4,,,0
2029,'1197871',807,,10093,4,,,0
2029,'1197901',837,,10094,4,,,0
2029,'1197910',1737,,10095,4,,,0
2029,'1198003',1053,,10096,4,,,0
2029,'1198023',1222,,10097,4,,,0
2029,'1198042',838,,10098,4,,,0
2029,'1198045',2238,,10099,4,,,0
2029,'1198089',907,,10100,4,,,0
2029,'1198144',1022,,10101,4,,,0
2029,'1198156',2306,,10102,4,,,0
2029,'1198168',2023,,10103,4,,,0
2029,'1198184',938,,10104,4,,,0
2029,'1198213',1407,,10105,4,,,0
2029,'1198215',1822,,10106,4,,,0
2029,'1198275',1137,,10107,4,,,0
2029,'1198291',1052,,10108,4,,,0
2029,'1198335',1936,,10109,4,,,0
2029,'1198359',1318,,10110,4,,,0
2029,'1198433',1337,,10111,4,,,0
2029,'1198455',1218,,10112,4,,,0
2029,'1198473',1748,,10113,4,,,0
2029,'1198494',1718,,10114,4,,,0
2029,'1198537',1738,,10115,4,,,0
2029,'1198581',1123,,10116,4,,,0
2029,'1198603',1538,,10117,4,,,0
2029,'1198608',938,,10118,4,,,0
2029,'1198619',2408,,10119,4,,,0
2029,'1198682',1422,,10120,4,,,0
2029,'1198743',2238,,10121,4,,,0
2029,'1198838',1338,,10122,4,,,0
2029,'1198840',1448,,10123,4,,,0
2029,'1198841',722,,10124,4,,,0
2029,'1198851',2106,,10125,4,,,0
2029,'1198854',1152,,10126,4,,,0
2029,'1198870',723,,10127,4,,,0
2029,'1198967',2338,,10128,4,,,0
2029,'1199005',1552,,10129,4,,,0
2029,'1199023',1518,,10130,4,,,0
2029,'1199042',1938,,10131,4,,,0
2029,'1199046',1836,,10132,4,,,0
2029,'1199049',1107,,10133,4,,,0
2029,'1199063',1307,,10134,4,,,0
2029,'1199099',1252,,10135,4,,,0
2029,'1199116',1722,,10136,4,,,0
2029,'1199173',1548,,10137,4,,,0
2029,'1199237',2138,,10138,4,,,0
2029,'1199240',822,,10139,4,,,0
2029,'1199269',1237,,10140,4,,,0
2029,'1199288',1537,,10141,4,,,0
2029,'1199299',2153,,10142,4,,,0
2029,'1199305',1207,,10143,4,,,0
2029,'1199316',1752,,10144,4,,,0
2029,'1199329',1638,,10145,4,,,0
2029,'1199333',808,,10146,4,,,0
2029,'1199335',1248,,10147,4,,,0
2029,'1199398',2038,,10148,4,,,0
2029,'1199466',1906,,10149,4,,,0
2029,'1199478',1838,,10150,4,,,0
2029,'1199484',1522,,10151,4,,,0
2029,'1199542',2423,,10152,4,,,0
2029,'1199552',1352,,10153,4,,,0
2029,'1199560',1853,,10154,4,,,0
2029,'1199580',2108,,10155,4,,,0
2029,'1199620',1437,,10156,4,,,0
2029,'1199621',1122,,10157,4,,,0
2029,'1199635',1648,,10158,4,,,0
11019,'1196884',1241,,10449,4,,,0
11019,'1196914',1126,,10450,4,,,0
11019,'1196958',746,,10451,4,,,0
11019,'1197071',1825,,10454,4,,,0
11019,'1197114',911,,10455,4,,,0
11019,'1197191',1441,,10457,4,,,0
11019,'1197229',1356,,10458,4,,,0
11019,'1197234',1656,,10459,4,,,0
11019,'1197264',1726,,10460,4,,,0
11019,'1197274',926,,10461,4,,,0
11019,'1197327',1326,,10462,4,,,0
11019,'1197343',726,,10463,4,,,0
11019,'1197398',1811,,10465,4,,,0
11019,'1197412',2255,,10466,4,,,0
11019,'1197422',1626,,10467,4,,,0
11019,'1197463',656,,10469,4,,,0
11019,'1197502',611,,10470,4,,,0
11019,'1197519',741,,10471,4,,,0
11019,'1197564',2246,,10472,4,,,0
11019,'1197695',1056,,10474,4,,,0
11019,'1197696',756,,10475,4,,,0
11019,'1197763',1511,,10477,4,,,0
11019,'1197795',2025,,10478,4,,,0
11019,'1197832',1611,,10479,4,,,0
11019,'1197875',2412,,10480,4,,,0
11019,'1197917',2346,,10481,4,,,0
11019,'1197925',1111,,10482,4,,,0
11019,'1197934',1526,,10483,4,,,0
11019,'1197978',1855,,10484,4,,,0
11019,'1197990',1426,,10485,4,,,0
11019,'1198012',841,,10486,4,,,0
11019,'1198053',946,,10487,4,,,0
11019,'1198076',1955,,10488,4,,,0
11019,'1198113',2055,,10489,4,,,0
11019,'1198146',2225,,10490,4,,,0
11019,'1198266',1946,,10491,4,,,0
11019,'1198337',856,,10493,4,,,0
11019,'1198341',1146,,10494,4,,,0
11019,'1198405',1846,,10496,4,,,0
11019,'1198419',1456,,10497,4,,,0
11019,'1198470',1256,,10498,4,,,0
11019,'1198493',1756,,10499,4,,,0
11019,'1198506',1046,,10500,4,,,0
11019,'1198543',1011,,10501,4,,,0
11019,'1198548',1556,,10502,4,,,0
11019,'1198573',1141,,10503,4,,,0
11019,'1198610',1541,,10505,4,,,0
11019,'1198623',646,,10506,4,,,0
11019,'1198660',1256,,10507,4,,,0
11019,'1198696',1426,,10509,4,,,0
11019,'1198771',1456,,10510,4,,,0
11019,'1198808',941,,10511,4,,,0
11019,'1198927',1041,,10513,4,,,0
11019,'1198951',1711,,10514,4,,,0
11019,'1198978',1925,,10515,4,,,0
11019,'1199022',1226,,10516,4,,,0
11019,'1199024',2146,,10517,4,,,0
11019,'1199026',2155,,10518,4,,,0
11019,'1199059',1556,,10519,4,,,0
11019,'1199060',1341,,10520,4,,,0
11019,'1199064',1756,,10521,4,,,0
11019,'1199100',2125,,10523,4,,,0
11019,'1199118',1656,,10524,4,,,0
11019,'1199132',641,,10525,4,,,0
11019,'1199143',1726,,10526,4,,,0
11019,'1199154',1411,,10527,4,,,0
11019,'1199177',1641,,10528,4,,,0
11019,'1199180',2046,,10529,4,,,0
11019,'1199214',711,,10530,4,,,0
11019,'1199225',1526,,10531,4,,,0
11019,'1199229',1356,,10533,4,,,0
11019,'1199301',2322,,10535,4,,,0
11019,'1199370',1741,,10537,4,,,0
11019,'1199376',826,,10538,4,,,0
11019,'1199394',846,,10539,4,,,0
11019,'1199403',811,,10540,4,,,0
11019,'1199410',1156,,10541,4,,,0
11019,'1199462',2352,,10542,4,,,0
11019,'1199476',956,,10543,4,,,0
11019,'1199496',1311,,10544,4,,,0
11019,'1199508',1211,,10545,4,,,0
11019,'1199591',1626,,10546,4,,,0
11019,'1199603',1226,,10547,4,,,0
11019,'1199619',1026,,10548,4,,,0
11019,'1199623',1326,,10549,4,,,0
