105019,'1196946',916,,12117,60,,,0
105019,'1197049',1826,,12118,60,,,0
105019,'1197077',604,,12119,60,,,0
105019,'1197115',1211,,12120,60,,,0
105019,'1197131',716,,12121,60,,,0
105019,'1197173',1218,,12122,60,,,0
105019,'1197181',1034,,12123,60,,,0
105019,'1197192',2203,,12124,60,,,0
105019,'1197197',1511,,12125,60,,,0
105019,'1197292',1318,,12126,60,,,0
105019,'1197296',1611,,12127,60,,,0
105019,'1197531',1418,,12128,60,,,0
105019,'1197548',1933,,12129,60,,,0
105019,'1197557',1618,,12130,60,,,0
105019,'1197588',834,,12131,60,,,0
105019,'1197596',2103,,12132,60,,,0
105019,'1197617',1518,,12133,60,,,0
105019,'1197633',1234,,12134,60,,,0
105019,'1197710',808,,12135,60,,,0
105019,'1197779',1756,,12136,60,,,0
105019,'1197825',1426,,12137,60,,,0
105019,'1197971',1111,,12138,60,,,0
105019,'1198112',634,,12139,60,,,0
105019,'1198338',1118,,12140,60,,,0
105019,'1198380',2234,,12141,60,,,0
105019,'1198385',1726,,12142,60,,,0
105019,'1198553',1326,,12143,60,,,0
105019,'1198560',2034,,12144,60,,,0
105019,'1198571',1634,,12145,60,,,0
105019,'1198621',738,,12146,60,,,0
105019,'1198667',1008,,12147,60,,,0
105019,'1198717',1541,,12148,60,,,0
105019,'1198741',908,,12149,60,,,0
105019,'1198746',1856,,12150,60,,,0
105019,'1198889',704,,12151,60,,,0
105019,'1199004',1434,,12152,60,,,0
105019,'1199054',1641,,12153,60,,,0
105019,'1199098',838,,12154,60,,,0
105019,'1199298',2403,,12155,60,,,0
105019,'1199347',2316,,12156,60,,,0
105019,'1199383',2303,,12157,60,,,0
105019,'1199400',1718,,12158,60,,,0
105019,'1199461',1834,,12159,60,,,0
105019,'1199511',1818,,12160,60,,,0
105019,'1199546',2116,,12161,60,,,0
105019,'1199574',1918,,12162,60,,,0
106029,'1196836',1614,,12215,11,,,0
106029,'1196851',1729,,12216,11,,,0
106029,'1197042',1012,,12217,11,,,0
106029,'1197408',1844,,12218,11,,,0
106029,'1198086',742,,12219,11,,,0
106029,'1198615',857,,12220,11,,,0
