25019,'1196864',1242,,11307,21,,,0
25019,'1196932',1742,,11308,21,,,0
25019,'1196994',1943,,11309,21,,,0
25019,'1197064',727,,11310,21,,,0
25019,'1197079',2403,,11311,21,,,0
25019,'1197084',2327,,11312,21,,,0
25019,'1197151',741,,11313,21,,,0
25019,'1197299',2143,,11314,21,,,0
25019,'1197317',1342,,11315,21,,,0
25019,'1197342',1743,,11316,21,,,0
25019,'1197442',1527,,11317,21,,,0
25019,'1197448',1613,,11318,21,,,0
25019,'1197471',1042,,11319,21,,,0
25019,'1197624',1843,,11320,21,,,0
25019,'1197657',2127,,11321,21,,,0
25019,'1197660',843,,11322,21,,,0
25019,'1197687',2341,,11323,21,,,0
25019,'1197702',1213,,11324,21,,,0
25019,'1197757',743,,11325,21,,,0
25019,'1197760',1543,,11326,21,,,0
25019,'1197771',2027,,11327,21,,,0
25019,'1198004',2227,,11328,21,,,0
25019,'1198021',713,,11329,21,,,0
25019,'1198071',1942,,11330,21,,,0
25019,'1198079',643,,11331,21,,,0
25019,'1198190',2043,,11332,21,,,0
25019,'1198267',2243,,11333,21,,,0
25019,'1198315',913,,11334,21,,,0
25019,'1198388',1413,,11335,21,,,0
25019,'1198435',2242,,11336,21,,,0
25019,'1198457',641,,11337,21,,,0
25019,'1198479',943,,11338,21,,,0
25019,'1198492',1442,,11339,21,,,0
25019,'1198496',1842,,11340,21,,,0
25019,'1198512',1727,,11341,21,,,0
25019,'1198566',1142,,11342,21,,,0
25019,'1198604',1427,,11343,21,,,0
25019,'1198759',1327,,11344,21,,,0
25019,'1198776',2142,,11345,21,,,0
25019,'1198803',1513,,11346,21,,,0
25019,'1198823',2042,,11347,21,,,0
25019,'1198862',1927,,11348,21,,,0
25019,'1198902',1443,,11349,21,,,0
25019,'1198938',842,,11350,21,,,0
25019,'1199011',1113,,11351,21,,,0
25019,'1199070',1013,,11352,21,,,0
25019,'1199074',827,,11353,21,,,0
25019,'1199097',813,,11354,21,,,0
25019,'1199125',927,,11355,21,,,0
25019,'1199183',1313,,11356,21,,,0
25019,'1199208',1227,,11357,21,,,0
25019,'1199212',1827,,11358,21,,,0
25019,'1199258',1643,,11359,21,,,0
25019,'1199359',1027,,11360,21,,,0
25019,'1199389',942,,11361,21,,,0
25019,'1199464',1642,,11362,21,,,0
25019,'1199480',1713,,11363,21,,,0
25019,'1199589',1127,,11364,21,,,0
25019,'1199634',1542,,11365,21,,,0
25019,'1199649',1627,,11366,21,,,0
