102019,'1190597',2104,,9039,19,,,0
102019,'1190683',1334,,9041,19,,,0
102019,'1190693',2234,,9042,19,,,0
102019,'1190718',1904,,9043,19,,,0
102019,'1190741',1134,,9044,19,,,0
102019,'1190958',2334,,9047,19,,,0
102019,'1191221',649,,9048,19,,,0
102019,'1191235',1004,,9049,19,,,0
102019,'1191363',834,,9050,19,,,0
102019,'1191449',1634,,9053,19,,,0
102019,'1191519',1434,,9054,19,,,0
102019,'1191533',949,,9055,19,,,0
102019,'1191550',1604,,9057,19,,,0
102019,'1191628',1734,,9058,19,,,0
102019,'1191743',1304,,9059,19,,,0
102019,'1191774',904,,9060,19,,,0
102019,'1191788',1419,,9061,19,,,0
102019,'1191823',2034,,9062,19,,,0
102019,'1192080',1934,,9064,19,,,0
102019,'1192239',1204,,9065,19,,,0
102019,'1192244',2404,,9066,19,,,0
102019,'1192255',1034,,9067,19,,,0
102019,'1192441',604,,9068,19,,,0
102019,'1192464',704,,9069,19,,,0
102019,'1192484',819,,9071,19,,,0
102019,'1192625',1719,,9072,19,,,0
102019,'1192766',2204,,9073,19,,,0
102019,'1192942',1804,,9074,19,,,0
102019,'1193104',1549,,9077,19,,,0
102019,'1193216',1504,,9078,19,,,0
102019,'1193275',734,,9080,19,,,0
