103019,'1191109',1842,,9127,9,,,0
103019,'1191130',1243,,9128,9,,,0
103019,'1191203',1713,,9130,9,,,0
103019,'1191247',2012,,9131,9,,,0
103019,'1191632',1513,,9134,9,,,0
103019,'1191705',2312,,9135,9,,,0
103019,'1191773',1413,,9136,9,,,0
103019,'1191800',1458,,9137,9,,,0
103019,'1191826',642,,9139,9,,,0
103019,'1191877',1113,,9141,9,,,0
103019,'1192012',2242,,9143,9,,,0
103019,'1192046',942,,9144,9,,,0
103019,'1192234',1543,,9146,9,,,0
103019,'1192444',812,,9147,9,,,0
103019,'1192450',1042,,9148,9,,,0
103019,'1192461',1812,,9149,9,,,0
103019,'1192624',857,,9150,9,,,0
103019,'1192801',912,,9151,9,,,0
103019,'1192848',742,,9152,9,,,0
103019,'1192864',2112,,9153,9,,,0
103019,'1192885',1942,,9154,9,,,0
103019,'1192886',1643,,9155,9,,,0
103019,'1192968',1628,,9157,9,,,0
103019,'1193060',727,,9159,9,,,0
103019,'1193217',2142,,9160,9,,,0
103019,'1193247',1343,,9161,9,,,0
103019,'1193317',1213,,9162,9,,,0
