104019,'1196891',2320,,12027,7,,,0
104019,'1197169',2355,,12028,7,,,0
104019,'1197256',1322,,12029,7,,,0
104019,'1197286',2120,,12030,7,,,0
104019,'1197298',1152,,12031,7,,,0
104019,'1197387',2220,,12032,7,,,0
104019,'1197452',1950,,12033,7,,,0
104019,'1197544',905,,12034,7,,,0
104019,'1197547',1220,,12035,7,,,0
104019,'1197640',1520,,12036,7,,,0
104019,'1197714',1750,,12037,7,,,0
104019,'1197725',2050,,12038,7,,,0
104019,'1197761',720,,12039,7,,,0
104019,'1197801',950,,12040,7,,,0
104019,'1197820',750,,12042,7,,,0
104019,'1197873',605,,12043,7,,,0
104019,'1197937',1450,,12044,7,,,0
104019,'1198060',1720,,12045,7,,,0
104019,'1198073',2335,,12046,7,,,0
104019,'1198077',2220,,12047,7,,,0
104019,'1198194',1107,,12048,7,,,0
104019,'1198253',1120,,12049,7,,,0
104019,'1198313',1452,,12050,7,,,0
104019,'1198322',1605,,12051,7,,,0
104019,'1198353',1237,,12052,7,,,0
104019,'1198411',920,,12053,7,,,0
104019,'1198567',1720,,12055,7,,,0
104019,'1198664',835,,12056,7,,,0
104019,'1198683',1335,,12057,7,,,0
104019,'1198738',1920,,12058,7,,,0
104019,'1198750',1920,,12059,7,,,0
104019,'1198780',835,,12060,7,,,0
104019,'1198913',1407,,12061,7,,,0
104019,'1198958',635,,12062,7,,,0
104019,'1199185',720,,12064,7,,,0
104019,'1199190',1105,,12065,7,,,0
104019,'1199331',1320,,12066,7,,,0
104019,'1199407',1835,,12067,7,,,0
104019,'1199459',1705,,12068,7,,,0
104019,'1199490',1622,,12069,7,,,0
104019,'1199539',950,,12070,7,,,0
104019,'1199564',720,,12071,7,,,0
104019,'1199583',1537,,12072,7,,,0
104019,'1199617',2105,,12073,7,,,0
