20029,'1190601',2053,,8266,3,,,0
20029,'1190617',1924,,8267,3,,,0
20029,'1190701',2153,,8268,3,,,0
20029,'1190776',952,,8269,3,,,0
20029,'1190792',1824,,8270,3,,,0
20029,'1190813',852,,8271,3,,,0
20029,'1190850',753,,8272,3,,,0
20029,'1190896',1224,,8273,3,,,0
20029,'1190928',1352,,8274,3,,,0
20029,'1190954',1552,,8275,3,,,0
20029,'1191028',752,,8279,3,,,0
20029,'1191030',924,,8280,3,,,0
20029,'1191193',1724,,8281,3,,,0
20029,'1191205',1654,,8282,3,,,0
20029,'1191242',1853,,8283,3,,,0
20029,'1191325',2352,,8284,3,,,0
20029,'1191388',1024,,8285,3,,,0
20029,'1191416',2223,,8286,3,,,0
20029,'1191462',723,,8287,3,,,0
20029,'1191523',1452,,8289,3,,,0
20029,'1191554',1525,,8290,3,,,0
20029,'1191581',1652,,8292,3,,,0
20029,'1191604',1052,,8293,3,,,0
20029,'1191631',2253,,8294,3,,,0
20029,'1191694',824,,8295,3,,,0
20029,'1191776',1953,,8296,3,,,0
20029,'1192033',1124,,8300,3,,,0
20029,'1192043',1252,,8301,3,,,0
20029,'1192073',1754,,8302,3,,,0
20029,'1192169',652,,8305,3,,,0
20029,'1192195',1152,,8306,3,,,0
20029,'1192226',1424,,8307,3,,,0
20029,'1192516',2024,,8308,3,,,0
20029,'1192542',1752,,8309,3,,,0
20029,'1192679',2123,,8310,3,,,0
20029,'1192826',1624,,8313,3,,,0
20029,'1193037',2323,,8316,3,,,0
20029,'1193138',622,,8317,3,,,0
20029,'1193150',652,,8318,3,,,0
20029,'1193152',1324,,8319,3,,,0
