28019,'1196931',2340,,11637,16,,,0
28019,'1196961',1000,,11638,16,,,0
28019,'1197034',1140,,11639,16,,,0
28019,'1197242',1540,,11640,16,,,0
28019,'1197295',1400,,11641,16,,,0
28019,'1197458',1940,,11642,16,,,0
28019,'1197551',900,,11643,16,,,0
28019,'1197718',2140,,11644,16,,,0
28019,'1197726',1800,,11645,16,,,0
28019,'1197861',1840,,11646,16,,,0
28019,'1197862',1240,,11647,16,,,0
28019,'1198022',700,,11648,16,,,0
28019,'1198061',2100,,11649,16,,,0
28019,'1198096',1440,,11650,16,,,0
28019,'1198110',1200,,11651,16,,,0
28019,'1198319',2000,,11652,16,,,0
28019,'1198329',1640,,11653,16,,,0
28019,'1198345',1500,,11654,16,,,0
28019,'1198414',1100,,11655,16,,,0
28019,'1198454',1040,,11656,16,,,0
28019,'1198522',1600,,11657,16,,,0
28019,'1198672',940,,11658,16,,,0
28019,'1198739',2200,,11659,16,,,0
28019,'1198919',740,,11660,16,,,0
28019,'1198968',1300,,11661,16,,,0
28019,'1199033',2400,,11662,16,,,0
28019,'1199206',2040,,11663,16,,,0
28019,'1199243',2300,,11664,16,,,0
28019,'1199296',1900,,11665,16,,,0
28019,'1199344',1740,,11666,16,,,0
28019,'1199417',1700,,11667,16,,,0
28019,'1199450',840,,11668,16,,,0
28019,'1199529',1340,,11669,16,,,0
28019,'1199584',800,,11670,16,,,0
28019,'1199602',2240,,11671,16,,,0
28019,'1199775',1745,,11672,16,,,0
28019,'1199776',1715,,11673,16,,,0
28019,'1199784',1815,,11674,16,,,0
28019,'1199803',715,,11675,16,,,0
28019,'1199807',2015,,11676,16,,,0
28019,'1199817',2215,,11677,16,,,0
28019,'1199832',2315,,11678,16,,,0
28019,'1199835',1515,,11679,16,,,0
28019,'1199837',1645,,11680,16,,,0
28019,'1199842',1845,,11681,16,,,0
28019,'1199845',915,,11682,16,,,0
28019,'1199851',815,,11683,16,,,0
28019,'1199859',1915,,11684,16,,,0
28019,'1199861',845,,11685,16,,,0
28019,'1199868',1419,,11686,16,,,0
28019,'1199872',645,,11687,16,,,0
28019,'1199880',1315,,11688,16,,,0
28019,'1199885',745,,11689,16,,,0
28019,'1199887',1215,,11690,16,,,0
28019,'1199894',1615,,11691,16,,,0
28019,'1199897',615,,11692,16,,,0
28019,'1199900',2115,,11693,16,,,0
28019,'1199908',1015,,11694,16,,,0
28019,'1199917',1115,,11695,16,,,0
