20019,'1196861',1648,,11034,21,,,0
20019,'1196920',2218,,11035,21,,,0
20019,'1196950',748,,11036,21,,,0
20019,'1196955',648,,11037,21,,,0
20019,'1197117',2019,,11038,21,,,0
20019,'1197128',2118,,11039,21,,,0
20019,'1197129',1548,,11040,21,,,0
20019,'1197174',1520,,11041,21,,,0
20019,'1197187',1540,,11042,21,,,0
20019,'1197300',2240,,11043,21,,,0
20019,'1197337',1940,,11044,21,,,0
20019,'1197360',2140,,11045,21,,,0
20019,'1197373',1248,,11046,21,,,0
20019,'1197429',1740,,11047,21,,,0
20019,'1197469',940,,11048,21,,,0
20019,'1197560',1040,,11049,21,,,0
20019,'1197585',647,,11050,21,,,0
20019,'1197629',1419,,11051,21,,,0
20019,'1197637',2148,,11052,21,,,0
20019,'1197672',1340,,11053,21,,,0
20019,'1197681',1048,,11054,21,,,0
20019,'1197724',1440,,11055,21,,,0
20019,'1197914',1240,,11056,21,,,0
20019,'1197984',1749,,11057,21,,,0
20019,'1197986',1348,,11058,21,,,0
20019,'1198036',1819,,11059,21,,,0
20019,'1198083',2418,,11060,21,,,0
20019,'1198114',948,,11061,21,,,0
20019,'1198133',1119,,11062,21,,,0
20019,'1198141',2048,,11063,21,,,0
20019,'1198152',1319,,11064,21,,,0
20019,'1198178',748,,11065,21,,,0
20019,'1198183',2248,,11066,21,,,0
20019,'1198191',617,,11067,21,,,0
20019,'1198203',2340,,11068,21,,,0
20019,'1198236',740,,11069,21,,,0
20019,'1198244',1948,,11070,21,,,0
20019,'1198268',2040,,11071,21,,,0
20019,'1198364',2318,,11072,21,,,0
20019,'1198377',1619,,11073,21,,,0
20019,'1198420',1719,,11074,21,,,0
20019,'1198431',919,,11075,21,,,0
20019,'1198465',1848,,11076,21,,,0
20019,'1198477',1840,,11077,21,,,0
20019,'1198580',718,,11078,21,,,0
20019,'1198586',819,,11079,21,,,0
20019,'1198656',848,,11080,21,,,0
20019,'1198669',1019,,11081,21,,,0
20019,'1198702',1748,,11082,21,,,0
20019,'1198708',1448,,11083,21,,,0
20019,'1198826',1649,,11084,21,,,0
20019,'1198871',1140,,11085,21,,,0
20019,'1198943',1919,,11086,21,,,0
20019,'1199137',2347,,11087,21,,,0
20019,'1199386',840,,11088,21,,,0
20019,'1199428',1219,,11089,21,,,0
20019,'1199534',1640,,11090,21,,,0
20019,'1199553',1148,,11091,21,,,0
