13019,'1190607',925,,7967,17,,,0
13019,'1190640',1625,,7969,17,,,0
13019,'1190733',1025,,7970,17,,,0
13019,'1190801',1225,,7971,17,,,0
13019,'1190811',1925,,7972,17,,,0
13019,'1191064',955,,7974,17,,,0
13019,'1191079',855,,7975,17,,,0
13019,'1191259',725,,7976,17,,,0
13019,'1191324',725,,7977,17,,,0
13019,'1191439',1726,,7978,17,,,0
13019,'1191613',1526,,7983,17,,,0
13019,'1191629',2225,,7984,17,,,0
13019,'1191643',2055,,7986,17,,,0
13019,'1191663',1226,,7987,17,,,0
13019,'1191733',1026,,7988,17,,,0
13019,'1191945',1325,,7989,17,,,0
13019,'1192060',755,,7990,17,,,0
13019,'1192062',2155,,7991,17,,,0
13019,'1192072',1126,,7992,17,,,0
13019,'1192088',625,,7993,17,,,0
13019,'1192127',1456,,7994,17,,,0
13019,'1192154',1426,,7995,17,,,0
13019,'1192163',1425,,7996,17,,,0
13019,'1192228',825,,7997,17,,,0
13019,'1192313',825,,8000,17,,,0
13019,'1192426',1556,,8001,17,,,0
13019,'1192486',1656,,8002,17,,,0
13019,'1192492',1855,,8003,17,,,0
13019,'1192497',1125,,8004,17,,,0
13019,'1192498',1725,,8005,17,,,0
13019,'1192501',1755,,8006,17,,,0
13019,'1192637',2125,,8012,17,,,0
13019,'1192715',2255,,8014,17,,,0
13019,'1192811',2025,,8016,17,,,0
13019,'1192876',1626,,8017,17,,,0
13019,'1192895',925,,8018,17,,,0
13019,'1193039',1525,,8021,17,,,0
13019,'1193073',1955,,8022,17,,,0
13019,'1193083',2325,,8023,17,,,0
13019,'1193132',655,,8025,17,,,0
13019,'1193188',1825,,8026,17,,,0
13019,'1193199',2400,,8027,17,,,0
13019,'1193221',1326,,8028,17,,,0
