105019,'1196946',911,,12117,49,,,0
105019,'1197049',1820,,12118,49,,,0
105019,'1197077',558,,12119,49,,,0
105019,'1197115',1205,,12120,49,,,0
105019,'1197131',711,,12121,49,,,0
105019,'1197173',1213,,12122,49,,,0
105019,'1197181',1030,,12123,49,,,0
105019,'1197192',2158,,12124,49,,,0
105019,'1197197',1505,,12125,49,,,0
105019,'1197292',1313,,12126,49,,,0
105019,'1197296',1605,,12127,49,,,0
105019,'1197531',1413,,12128,49,,,0
105019,'1197548',1928,,12129,49,,,0
105019,'1197557',1613,,12130,49,,,0
105019,'1197588',830,,12131,49,,,0
105019,'1197596',2058,,12132,49,,,0
105019,'1197617',1513,,12133,49,,,0
105019,'1197633',1230,,12134,49,,,0
105019,'1197710',802,,12135,49,,,0
105019,'1197779',1750,,12136,49,,,0
105019,'1197825',1420,,12137,49,,,0
105019,'1197971',1105,,12138,49,,,0
105019,'1198112',628,,12139,49,,,0
105019,'1198338',1113,,12140,49,,,0
105019,'1198380',2230,,12141,49,,,0
105019,'1198385',1720,,12142,49,,,0
105019,'1198553',1320,,12143,49,,,0
105019,'1198560',2030,,12144,49,,,0
105019,'1198571',1630,,12145,49,,,0
105019,'1198621',732,,12146,49,,,0
105019,'1198667',1002,,12147,49,,,0
105019,'1198717',1535,,12148,49,,,0
105019,'1198741',902,,12149,49,,,0
105019,'1198746',1850,,12150,49,,,0
105019,'1198889',658,,12151,49,,,0
105019,'1199004',1430,,12152,49,,,0
105019,'1199054',1635,,12153,49,,,0
105019,'1199098',832,,12154,49,,,0
105019,'1199298',2358,,12155,49,,,0
105019,'1199347',2311,,12156,49,,,0
105019,'1199383',2258,,12157,49,,,0
105019,'1199400',1713,,12158,49,,,0
105019,'1199461',1830,,12159,49,,,0
105019,'1199511',1813,,12160,49,,,0
105019,'1199546',2111,,12161,49,,,0
105019,'1199574',1913,,12162,49,,,0
