101029,'1196911',758,,11834,32,,,0
101029,'1197033',1841,,11835,32,,,0
101029,'1197060',858,,11836,32,,,0
101029,'1197096',1041,,11837,32,,,0
101029,'1197257',1058,,11838,32,,,0
101029,'1197272',1242,,11839,32,,,0
101029,'1197326',1600,,11840,32,,,0
101029,'1197581',2041,,11841,32,,,0
101029,'1197673',1442,,11842,32,,,0
101029,'1197747',2158,,11843,32,,,0
101029,'1197977',1642,,11844,32,,,0
101029,'1198059',642,,11845,32,,,0
101029,'1198116',1042,,11846,32,,,0
101029,'1198125',842,,11847,32,,,0
101029,'1198200',1241,,11848,32,,,0
101029,'1198251',958,,11849,32,,,0
101029,'1198346',841,,11850,32,,,0
101029,'1198498',2241,,11851,32,,,0
101029,'1198530',2242,,11852,32,,,0
101029,'1198631',1700,,11853,32,,,0
101029,'1198644',2418,,11854,32,,,0
101029,'1198710',1641,,11855,32,,,0
101029,'1198715',1758,,11856,32,,,0
101029,'1198953',2042,,11857,32,,,0
101029,'1198984',1400,,11858,32,,,0
101029,'1199108',1300,,11859,32,,,0
101029,'1199117',658,,11860,32,,,0
101029,'1199304',1842,,11861,32,,,0
101029,'1199366',1441,,11862,32,,,0
101029,'1199567',1958,,11863,32,,,0
101029,'1199585',1500,,11864,32,,,0
101029,'1199990',1300,,12786,32,,,0
101029,'1199994',1600,,12787,32,,,0
101029,'1199997',758,,12788,32,,,0
101029,'1199998',1758,,12789,32,,,0
101029,'1199999',1058,,12790,32,,,0
101029,'1200000',2418,,12791,32,,,0
101029,'1200001',658,,12792,32,,,0
101029,'1200002',1700,,12793,32,,,0
101029,'1200005',1500,,12794,32,,,0
101029,'1200007',958,,12795,32,,,0
101029,'1200010',1400,,12796,32,,,0
101029,'1200012',1958,,12797,32,,,0
101029,'1200016',2158,,12798,32,,,0
101029,'1200017',858,,12799,32,,,0
