3029,'1190611',1932,,7500,5,,,0
3029,'1190627',1733,,7501,5,,,0
3029,'1190644',1503,,7502,5,,,0
3029,'1190736',1203,,7504,5,,,0
3029,'1190789',1633,,7505,5,,,0
3029,'1190824',2232,,7506,5,,,0
3029,'1190874',732,,7509,5,,,0
3029,'1190909',1102,,7511,5,,,0
3029,'1190946',1433,,7512,5,,,0
3029,'1190994',732,,7513,5,,,0
3029,'1191014',902,,7514,5,,,0
3029,'1191024',1803,,7515,5,,,0
3029,'1191040',1533,,7516,5,,,0
3029,'1191098',1832,,7517,5,,,0
3029,'1191158',2332,,7518,5,,,0
3029,'1191226',932,,7519,5,,,0
3029,'1191231',1233,,7520,5,,,0
3029,'1191258',702,,7522,5,,,0
3029,'1191314',1433,,7523,5,,,0
3029,'1191535',1032,,7528,5,,,0
3029,'1191540',1733,,7529,5,,,0
3029,'1191586',2232,,7530,5,,,0
3029,'1191666',2132,,7531,5,,,0
3029,'1191712',1403,,7532,5,,,0
3029,'1191791',1633,,7533,5,,,0
3029,'1191899',1932,,7535,5,,,0
3029,'1191925',1533,,7536,5,,,0
3029,'1191939',2329,,7537,5,,,0
3029,'1192084',2132,,7539,5,,,0
3029,'1192087',932,,7540,5,,,0
3029,'1192097',632,,7542,5,,,0
3029,'1192186',1832,,7543,5,,,0
3029,'1192237',1333,,7544,5,,,0
3029,'1192257',1703,,7546,5,,,0
3029,'1192374',2032,,7547,5,,,0
3029,'1192469',1133,,7548,5,,,0
3029,'1192585',1233,,7550,5,,,0
3029,'1192635',832,,7551,5,,,0
3029,'1192717',632,,7552,5,,,0
3029,'1192832',1303,,7554,5,,,0
3029,'1192839',2032,,7555,5,,,0
3029,'1192856',1002,,7556,5,,,0
3029,'1192861',1032,,7557,5,,,0
3029,'1193061',832,,7559,5,,,0
3029,'1193095',802,,7560,5,,,0
3029,'1193126',1603,,7561,5,,,0
3029,'1193264',1133,,7562,5,,,0
3029,'1193282',1333,,7563,5,,,0
