14019,'1196890',1812,,10916,2,,,0
14019,'1196970',2042,,10917,2,,,0
14019,'1196984',1341,,10918,2,,,0
14019,'1197073',2142,,10919,2,,,0
14019,'1197090',741,,10920,2,,,0
14019,'1197106',1713,,10921,2,,,0
14019,'1197152',1543,,10922,2,,,0
14019,'1197163',1642,,10923,2,,,0
14019,'1197189',1941,,10924,2,,,0
14019,'1197473',942,,10925,2,,,0
14019,'1197576',1141,,10926,2,,,0
14019,'1197578',1841,,10927,2,,,0
14019,'1197606',841,,10928,2,,,0
14019,'1197719',1542,,10929,2,,,0
14019,'1197768',1643,,10930,2,,,0
14019,'1197774',1242,,10931,2,,,0
14019,'1197807',642,,10932,2,,,0
14019,'1197857',1241,,10933,2,,,0
14019,'1197872',742,,10934,2,,,0
14019,'1197899',2312,,10935,2,,,0
14019,'1197912',1641,,10936,2,,,0
14019,'1197929',1342,,10937,2,,,0
14019,'1197946',1942,,10938,2,,,0
14019,'1198043',2342,,10939,2,,,0
14019,'1198056',1912,,10940,2,,,0
14019,'1198057',642,,10941,2,,,0
14019,'1198062',1541,,10942,2,,,0
14019,'1198118',2012,,10943,2,,,0
14019,'1198151',1441,,10944,2,,,0
14019,'1198161',1443,,10945,2,,,0
14019,'1198262',1442,,10946,2,,,0
14019,'1198285',2242,,10947,2,,,0
14019,'1198312',942,,10948,2,,,0
14019,'1198386',1842,,10949,2,,,0
14019,'1198412',1143,,10950,2,,,0
14019,'1198436',842,,10951,2,,,0
14019,'1198460',1043,,10952,2,,,0
14019,'1198507',842,,10953,2,,,0
14019,'1198513',1243,,10954,2,,,0
14019,'1198539',1042,,10955,2,,,0
14019,'1198751',2041,,10956,2,,,0
14019,'1198810',2341,,10957,2,,,0
14019,'1198859',1513,,10958,2,,,0
14019,'1198869',912,,10959,2,,,0
14019,'1198890',2141,,10960,2,,,0
14019,'1199036',712,,10961,2,,,0
14019,'1199048',742,,10962,2,,,0
14019,'1199075',812,,10963,2,,,0
14019,'1199084',1041,,10964,2,,,0
14019,'1199131',2112,,10965,2,,,0
14019,'1199280',2241,,10966,2,,,0
14019,'1199286',941,,10967,2,,,0
14019,'1199393',1343,,10968,2,,,0
14019,'1199441',1613,,10969,2,,,0
14019,'1199444',1742,,10970,2,,,0
14019,'1199523',1741,,10971,2,,,0
14019,'1199538',1743,,10972,2,,,0
14019,'1199568',2212,,10973,2,,,0
14019,'1199582',1142,,10974,2,,,0
29019,'1196845',1221,,11755,2,,,0
29019,'1197023',936,,11756,2,,,0
29019,'1197248',1921,,11757,2,,,0
29019,'1197445',1136,,11758,2,,,0
29019,'1197468',1436,,11759,2,,,0
29019,'1197869',1121,,11760,2,,,0
29019,'1197959',921,,11761,2,,,0
29019,'1198305',1236,,11762,2,,,0
29019,'1198397',1536,,11763,2,,,0
29019,'1198428',821,,11764,2,,,0
29019,'1198456',2321,,11765,2,,,0
29019,'1198533',1521,,11766,2,,,0
29019,'1198557',2121,,11767,2,,,0
29019,'1198961',1621,,11768,2,,,0
29019,'1199000',1821,,11769,2,,,0
29019,'1199017',1421,,11770,2,,,0
29019,'1199038',721,,11771,2,,,0
29019,'1199080',1721,,11772,2,,,0
29019,'1199158',2021,,11773,2,,,0
29019,'1199278',1036,,11774,2,,,0
29019,'1199317',1336,,11775,2,,,0
29019,'1199409',1021,,11776,2,,,0
29019,'1199455',2221,,11777,2,,,0
29019,'1199486',1321,,11778,2,,,0
190001019,'1196837',1336,,12495,2,,,0
190001019,'1196862',1626,,12496,2,,,0
190001019,'1196877',1851,,12497,2,,,0
190001019,'1196883',1221,,12498,2,,,0
190001019,'1196901',621,,12499,2,,,0
190001019,'1196926',806,,12500,2,,,0
190001019,'1196927',1921,,12501,2,,,0
190001019,'1196941',1956,,12502,2,,,0
190001019,'1196956',1251,,12503,2,,,0
190001019,'1196974',1236,,12504,2,,,0
190001019,'1197019',1411,,12505,2,,,0
190001019,'1197037',1726,,12506,2,,,0
190001019,'1197055',1906,,12507,2,,,0
190001019,'1197061',1356,,12508,2,,,0
190001019,'1197062',1507,,12509,2,,,0
190001019,'1197067',1741,,12510,2,,,0
190001019,'1197087',1052,,12511,2,,,0
190001019,'1197116',721,,12512,2,,,0
190001019,'1197124',2321,,12513,2,,,0
190001019,'1197149',1206,,12514,2,,,0
190001019,'1197157',936,,12515,2,,,0
190001019,'1197183',2151,,12516,2,,,0
190001019,'1197196',1622,,12517,2,,,0
190001019,'1197239',1352,,12518,2,,,0
190001019,'1197241',921,,12519,2,,,0
190001019,'1197275',856,,12520,2,,,0
190001019,'1197336',1807,,12521,2,,,0
190001019,'1197358',1056,,12522,2,,,0
190001019,'1197359',821,,12523,2,,,0
190001019,'1197381',1707,,12524,2,,,0
190001019,'1197382',1656,,12525,2,,,0
190001019,'1197450',1751,,12526,2,,,0
190001019,'1197483',1107,,12527,2,,,0
190001019,'1197488',1422,,12528,2,,,0
190001019,'1197500',851,,12529,2,,,0
190001019,'1197524',921,,12530,2,,,0
190001019,'1197530',1607,,12531,2,,,0
190001019,'1197543',1556,,12532,2,,,0
190001019,'1197562',1951,,12533,2,,,0
190001019,'1197598',1441,,12534,2,,,0
190001019,'1197653',1021,,12535,2,,,0
190001019,'1197698',1006,,12536,2,,,0
190001019,'1197706',956,,12537,2,,,0
190001019,'1197709',1106,,12538,2,,,0
190001019,'1197713',1752,,12539,2,,,0
190001019,'1197736',1337,,12540,2,,,0
190001019,'1197746',906,,12541,2,,,0
190001019,'1197811',1836,,12542,2,,,0
190001019,'1197845',1351,,12543,2,,,0
190001019,'1197867',2221,,12544,2,,,0
190001019,'1197877',1051,,12545,2,,,0
190001019,'1197919',1037,,12546,2,,,0
190001019,'1197924',1936,,12547,2,,,0
190001019,'1197933',1737,,12548,2,,,0
190001019,'1197942',1821,,12549,2,,,0
190001019,'1197950',1426,,12550,2,,,0
190001019,'1197953',1022,,12551,2,,,0
190001019,'1197956',1306,,12552,2,,,0
190001019,'1198005',1722,,12553,2,,,0
190001019,'1198015',2356,,12554,2,,,0
190001019,'1198030',2056,,12555,2,,,0
190001019,'1198047',1456,,12556,2,,,0
190001019,'1198065',2051,,12557,2,,,0
190001019,'1198066',651,,12558,2,,,0
190001019,'1198075',2151,,12559,2,,,0
190001019,'1198104',951,,12560,2,,,0
190001019,'1198135',2006,,12561,2,,,0
190001019,'1198157',2251,,12562,2,,,0
190001019,'1198172',1756,,12563,2,,,0
190001019,'1198202',1137,,12564,2,,,0
190001019,'1198216',1222,,12565,2,,,0
190001019,'1198221',2136,,12566,2,,,0
190001019,'1198238',751,,12567,2,,,0
190001019,'1198255',636,,12568,2,,,0
190001019,'1198261',1836,,12569,2,,,0
190001019,'1198292',1136,,12570,2,,,0
190001019,'1198298',1652,,12571,2,,,0
190001019,'1198311',1556,,12572,2,,,0
190001019,'1198339',1921,,12573,2,,,0
190001019,'1198343',1456,,12574,2,,,0
190001019,'1198372',756,,12575,2,,,0
190001019,'1198396',1711,,12576,2,,,0
190001019,'1198407',1151,,12577,2,,,0
190001019,'1198441',1611,,12578,2,,,0
190001019,'1198467',1821,,12579,2,,,0
190001019,'1198471',1537,,12580,2,,,0
190001019,'1198476',1256,,12581,2,,,0
190001019,'1198499',2256,,12582,2,,,0
190001019,'1198534',2351,,12583,2,,,0
190001019,'1198547',1006,,12584,2,,,0
190001019,'1198574',1522,,12585,2,,,0
190001019,'1198598',821,,12586,2,,,0
190001019,'1198607',851,,12587,2,,,0
190001019,'1198613',2221,,12588,2,,,0
190001019,'1198622',1951,,12589,2,,,0
190001019,'1198646',2106,,12590,2,,,0
190001019,'1198647',651,,12591,2,,,0
190001019,'1198653',2051,,12592,2,,,0
190001019,'1198674',1152,,12593,2,,,0
190001019,'1198678',2036,,12594,2,,,0
190001019,'1198685',2021,,12595,2,,,0
190001019,'1198700',1122,,12596,2,,,0
190001019,'1198707',1407,,12597,2,,,0
190001019,'1198721',1036,,12598,2,,,0
190001019,'1198724',1526,,12599,2,,,0
190001019,'1198784',1207,,12600,2,,,0
190001019,'1198792',1851,,12601,2,,,0
190001019,'1198804',1156,,12602,2,,,0
190001019,'1198821',706,,12603,2,,,0
190001019,'1198827',2121,,12604,2,,,0
190001019,'1198852',2156,,12605,2,,,0
190001019,'1198857',1637,,12606,2,,,0
190001019,'1198864',1806,,12607,2,,,0
190001019,'1198929',1552,,12608,2,,,0
190001019,'1198949',1237,,12609,2,,,0
190001019,'1198960',1856,,12610,2,,,0
190001019,'1198974',1252,,12611,2,,,0
190001019,'1198988',1322,,12612,2,,,0
190001019,'1198997',1437,,12613,2,,,0
190001019,'1199029',2251,,12614,2,,,0
190001019,'1199121',1641,,12615,2,,,0
190001019,'1199126',1321,,12616,2,,,0
190001019,'1199140',2411,,12617,2,,,0
190001019,'1199142',1121,,12618,2,,,0
190001019,'1199166',751,,12619,2,,,0
190001019,'1199192',2021,,12620,2,,,0
190001019,'1199228',736,,12621,2,,,0
190001019,'1199318',1511,,12622,2,,,0
190001019,'1199339',1656,,12623,2,,,0
190001019,'1199371',721,,12624,2,,,0
190001019,'1199373',836,,12625,2,,,0
190001019,'1199385',1307,,12626,2,,,0
190001019,'1199427',1452,,12627,2,,,0
190001019,'1199436',1541,,12628,2,,,0
190001019,'1199510',2321,,12629,2,,,0
190001019,'1199550',2351,,12630,2,,,0
190001019,'1199551',2121,,12631,2,,,0
190001019,'1199648',951,,12632,2,,,0
