12029,'1196881',1130,,10722,28,,,0
12029,'1196886',1700,,10723,28,,,0
12029,'1196921',831,,10724,28,,,0
12029,'1196925',1630,,10725,28,,,0
12029,'1197005',2405,,10726,28,,,0
12029,'1197009',2330,,10727,28,,,0
12029,'1197092',1800,,10728,28,,,0
12029,'1197112',900,,10729,28,,,0
12029,'1197136',2300,,10730,28,,,0
12029,'1197164',730,,10731,28,,,0
12029,'1197202',1530,,10732,28,,,0
12029,'1197246',1400,,10733,28,,,0
12029,'1197415',1100,,10734,28,,,0
12029,'1197416',1530,,10735,28,,,0
12029,'1197484',1931,,10736,28,,,0
12029,'1197496',2200,,10737,28,,,0
12029,'1197608',1200,,10738,28,,,0
12029,'1197678',1831,,10739,28,,,0
12029,'1197742',1330,,10740,28,,,0
12029,'1197777',2331,,10741,28,,,0
12029,'1197790',2230,,10742,28,,,0
12029,'1197947',1731,,10743,28,,,0
12029,'1198008',1400,,10744,28,,,0
12029,'1198017',1900,,10745,28,,,0
12029,'1198020',1730,,10746,28,,,0
12029,'1198024',930,,10747,28,,,0
12029,'1198092',1830,,10748,28,,,0
12029,'1198139',1600,,10749,28,,,0
12029,'1198185',1200,,10750,28,,,0
12029,'1198205',830,,10751,28,,,0
12029,'1198239',1000,,10752,28,,,0
12029,'1198318',731,,10753,28,,,0
12029,'1198336',1130,,10754,28,,,0
12029,'1198360',1031,,10755,28,,,0
12029,'1198400',730,,10756,28,,,0
12029,'1198511',2231,,10757,28,,,0
12029,'1198528',1531,,10758,28,,,0
12029,'1198538',1430,,10759,28,,,0
12029,'1198556',2100,,10760,28,,,0
12029,'1198681',1930,,10761,28,,,0
12029,'1198731',2030,,10762,28,,,0
12029,'1198732',1330,,10763,28,,,0
12029,'1198745',2131,,10764,28,,,0
12029,'1198748',931,,10765,28,,,0
12029,'1198775',1030,,10766,28,,,0
12029,'1198818',1730,,10767,28,,,0
12029,'1198856',1131,,10768,28,,,0
12029,'1198877',1300,,10769,28,,,0
12029,'1198898',830,,10770,28,,,0
12029,'1198947',630,,10771,28,,,0
12029,'1198959',1230,,10772,28,,,0
12029,'1198976',1700,,10773,28,,,0
12029,'1199093',1500,,10774,28,,,0
12029,'1199207',1500,,10775,28,,,0
12029,'1199281',1331,,10776,28,,,0
12029,'1199325',1630,,10777,28,,,0
12029,'1199340',1100,,10778,28,,,0
12029,'1199357',1430,,10779,28,,,0
12029,'1199382',800,,10780,28,,,0
12029,'1199384',930,,10781,28,,,0
12029,'1199423',2000,,10782,28,,,0
12029,'1199437',1431,,10783,28,,,0
12029,'1199445',2031,,10784,28,,,0
12029,'1199457',1631,,10785,28,,,0
12029,'1199487',1030,,10786,28,,,0
12029,'1199500',700,,10787,28,,,0
12029,'1199501',1600,,10788,28,,,0
12029,'1199531',1230,,10789,28,,,0
12029,'1199556',2130,,10790,28,,,0
12029,'1199590',1300,,10791,28,,,0
12029,'1199639',1231,,10792,28,,,0
103029,'1196853',1447,,11989,24,,,0
103029,'1196867',1317,,11990,24,,,0
103029,'1196892',1747,,11991,24,,,0
103029,'1196973',1739,,11992,24,,,0
103029,'1197031',1411,,11993,24,,,0
103029,'1197085',2047,,11994,24,,,0
103029,'1197108',1917,,11995,24,,,0
103029,'1197233',1008,,11996,24,,,0
103029,'1197315',1241,,11997,24,,,0
103029,'1197321',1111,,11998,24,,,0
103029,'1197346',1439,,11999,24,,,0
103029,'1197499',1840,,12000,24,,,0
103029,'1197743',811,,12001,24,,,0
103029,'1197784',941,,12002,24,,,0
103029,'1197852',1309,,12003,24,,,0
103029,'1198282',1139,,12004,24,,,0
103029,'1198444',1541,,12005,24,,,0
103029,'1198568',708,,12006,24,,,0
103029,'1198723',2010,,12007,24,,,0
103029,'1198855',838,,12008,24,,,0
103029,'1198880',1524,,12009,24,,,0
103029,'1198882',641,,12010,24,,,0
103029,'1198911',2140,,12011,24,,,0
103029,'1198914',1654,,12012,24,,,0
103029,'1198921',847,,12013,24,,,0
103029,'1198928',753,,12014,24,,,0
103029,'1198990',923,,12015,24,,,0
103029,'1199021',1617,,12016,24,,,0
103029,'1199109',2310,,12017,24,,,0
103029,'1199145',2217,,12018,24,,,0
103029,'1199146',1147,,12019,24,,,0
103029,'1199172',2208,,12020,24,,,0
103029,'1199215',2338,,12021,24,,,0
103029,'1199475',1908,,12022,24,,,0
103029,'1199565',1017,,12023,24,,,0
103029,'1199579',1609,,12024,24,,,0
103029,'1199581',2038,,12025,24,,,0
103029,'1199593',1711,,12026,24,,,0
