13029,'1196882',1525,,10855,5,,,0
13029,'1196907',1252,,10856,4,,,0
13029,'1196917',1253,,10857,4,,,0
13029,'1196936',1753,,10858,4,,,0
13029,'1196965',751,,10859,4,,,0
13029,'1196972',1623,,10860,4,,,0
13029,'1197006',1452,,10861,4,,,0
13029,'1197082',1152,,10862,4,,,0
13029,'1197122',1052,,10863,4,,,0
13029,'1197184',1452,,10864,4,,,0
13029,'1197188',1921,,10865,4,,,0
13029,'1197193',752,,10866,4,,,0
13029,'1197215',2052,,10867,4,,,0
13029,'1197262',1652,,10868,4,,,0
13029,'1197363',922,,10869,4,,,0
13029,'1197365',2151,,10870,4,,,0
13029,'1197371',952,,10871,4,,,0
13029,'1197444',2251,,10872,4,,,0
13029,'1197556',2252,,10873,4,,,0
13029,'1197773',2021,,10874,4,,,0
13029,'1197812',1453,,10875,4,,,0
13029,'1197866',1352,,10876,4,,,0
13029,'1197909',852,,10877,4,,,0
13029,'1197997',1951,,10878,4,,,0
13029,'1198028',2051,,10879,4,,,0
13029,'1198074',2351,,10880,4,,,0
13029,'1198199',1552,,10881,4,,,0
13029,'1198248',2221,,10882,4,,,0
13029,'1198289',821,,10883,4,,,0
13029,'1198381',1723,,10884,4,,,0
13029,'1198389',1752,,10885,4,,,0
13029,'1198416',1552,,10886,4,,,0
13029,'1198437',1021,,10887,4,,,0
13029,'1198474',1054,,10888,4,,,0
13029,'1198488',1851,,10889,4,,,0
13029,'1198563',721,,10890,4,,,0
13029,'1198648',1051,,10891,4,,,0
13029,'1198673',1252,,10892,4,,,0
13029,'1198704',1852,,10893,4,,,0
13029,'1198733',751,,10894,4,,,0
13029,'1198756',852,,10895,4,,,0
13029,'1198793',951,,10896,4,,,0
13029,'1198811',1352,,10897,4,,,0
13029,'1198812',2352,,10898,4,,,0
13029,'1198828',1152,,10899,4,,,0
13029,'1198858',1553,,10900,4,,,0
13029,'1198910',621,,10901,4,,,0
13029,'1198998',851,,10902,4,,,0
13029,'1199115',651,,10903,4,,,0
13029,'1199250',2152,,10904,4,,,0
13029,'1199324',651,,10905,4,,,0
13029,'1199337',952,,10906,4,,,0
13029,'1199349',2121,,10907,4,,,0
13029,'1199379',2321,,10908,4,,,0
13029,'1199405',1752,,10909,4,,,0
13029,'1199419',1153,,10910,4,,,0
13029,'1199548',1353,,10911,4,,,0
13029,'1199559',1652,,10912,4,,,0
13029,'1199614',1821,,10913,4,,,0
13029,'1199653',1952,,10914,4,,,0
13029,'1199655',1653,,10915,4,,,0
