105019,'1196946',911,,12117,48,,,0
105019,'1197049',1820,,12118,48,,,0
105019,'1197077',558,,12119,48,,,0
105019,'1197115',1205,,12120,48,,,0
105019,'1197131',711,,12121,48,,,0
105019,'1197173',1213,,12122,48,,,0
105019,'1197181',1029,,12123,48,,,0
105019,'1197192',2158,,12124,48,,,0
105019,'1197197',1505,,12125,48,,,0
105019,'1197292',1313,,12126,48,,,0
105019,'1197296',1605,,12127,48,,,0
105019,'1197531',1413,,12128,48,,,0
105019,'1197548',1928,,12129,48,,,0
105019,'1197557',1613,,12130,48,,,0
105019,'1197588',829,,12131,48,,,0
105019,'1197596',2058,,12132,48,,,0
105019,'1197617',1513,,12133,48,,,0
105019,'1197633',1229,,12134,48,,,0
105019,'1197710',802,,12135,48,,,0
105019,'1197779',1750,,12136,48,,,0
105019,'1197825',1420,,12137,48,,,0
105019,'1197971',1105,,12138,48,,,0
105019,'1198112',628,,12139,48,,,0
105019,'1198338',1113,,12140,48,,,0
105019,'1198380',2229,,12141,48,,,0
105019,'1198385',1720,,12142,48,,,0
105019,'1198553',1320,,12143,48,,,0
105019,'1198560',2029,,12144,48,,,0
105019,'1198571',1629,,12145,48,,,0
105019,'1198621',732,,12146,48,,,0
105019,'1198667',1002,,12147,48,,,0
105019,'1198717',1535,,12148,48,,,0
105019,'1198741',902,,12149,48,,,0
105019,'1198746',1850,,12150,48,,,0
105019,'1198889',658,,12151,48,,,0
105019,'1199004',1429,,12152,48,,,0
105019,'1199054',1635,,12153,48,,,0
105019,'1199098',832,,12154,48,,,0
105019,'1199298',2358,,12155,48,,,0
105019,'1199347',2311,,12156,48,,,0
105019,'1199383',2258,,12157,48,,,0
105019,'1199400',1713,,12158,48,,,0
105019,'1199461',1829,,12159,48,,,0
105019,'1199511',1813,,12160,48,,,0
105019,'1199546',2111,,12161,48,,,0
105019,'1199574',1913,,12162,48,,,0
