3019,'1190650',1323,,7432,33,,,0
3019,'1190836',1553,,7433,33,,,0
3019,'1190866',1023,,7435,33,,,0
3019,'1190945',1923,,7436,33,,,0
3019,'1190971',1253,,7437,33,,,0
3019,'1191126',2023,,7439,33,,,0
3019,'1191134',2023,,7440,33,,,0
3019,'1191168',1723,,7441,33,,,0
3019,'1191214',1753,,7442,33,,,0
3019,'1191270',1423,,7443,33,,,0
3019,'1191302',923,,7444,33,,,0
3019,'1191317',1923,,7445,33,,,0
3019,'1191328',723,,7446,33,,,0
3019,'1191509',2322,,7447,33,,,0
3019,'1191526',823,,7448,33,,,0
3019,'1191597',626,,7450,3,,,0
3019,'1191602',953,,7451,33,,,0
3019,'1191652',1623,,7452,33,,,0
3019,'1191729',2323,,7453,33,,,0
3019,'1191754',1153,,7454,33,,,0
3019,'1191767',1653,,7455,33,,,0
3019,'1191779',1123,,7456,33,,,0
3019,'1191856',1623,,7458,33,,,0
3019,'1191868',653,,7459,33,,,0
3019,'1191978',1353,,7461,33,,,0
3019,'1191997',1223,,7462,33,,,0
3019,'1192079',2223,,7464,33,,,0
3019,'1192105',2123,,7465,33,,,0
3019,'1192112',2423,,7466,33,,,0
3019,'1192146',1323,,7467,33,,,0
3019,'1192160',2123,,7468,33,,,0
3019,'1192171',823,,7469,33,,,0
3019,'1192197',1723,,7470,33,,,0
3019,'1192416',1053,,7473,33,,,0
3019,'1192454',853,,7475,33,,,0
3019,'1192472',626,,7476,3,,,0
3019,'1192640',1223,,7479,33,,,0
3019,'1192641',1123,,7480,33,,,0
3019,'1192643',2223,,7481,33,,,0
3019,'1192747',1423,,7485,33,,,0
3019,'1192824',2412,,7486,33,,,0
3019,'1192891',1453,,7487,33,,,0
3019,'1192906',753,,7488,33,,,0
3019,'1192964',1523,,7490,33,,,0
3019,'1192967',1023,,7491,33,,,0
3019,'1192982',723,,7492,33,,,0
3019,'1193008',1823,,7493,33,,,0
3019,'1193159',1823,,7496,33,,,0
3019,'1193189',923,,7497,33,,,0
3019,'1193294',1523,,7498,33,,,0
