2019,'1190609',1608,,7220,12,,,0
2019,'1190685',1208,,7222,12,,,0
2019,'1190689',1938,,7223,12,,,0
2019,'1190717',1708,,7224,12,,,0
2019,'1190765',1238,,7226,12,,,0
2019,'1190817',1308,,7228,12,,,0
2019,'1190953',808,,7231,12,,,0
2019,'1190999',1708,,7232,12,,,0
2019,'1191046',1738,,7233,12,,,0
2019,'1191054',2357,,7234,12,,,0
2019,'1191067',853,,7235,12,,,0
2019,'1191084',1423,,7236,12,,,0
2019,'1191199',838,,7239,12,,,0
2019,'1191211',1553,,7240,12,,,0
2019,'1191224',1153,,7241,12,,,0
2019,'1191233',2222,,7242,12,,,0
2019,'1191252',2352,,7243,12,,,0
2019,'1191275',723,,7244,12,,,0
2019,'1191287',1323,,7245,12,,,0
2019,'1191383',1807,,7246,12,,,0
2019,'1191408',1253,,7248,12,,,0
2019,'1191447',1438,,7249,12,,,0
2019,'1191485',2107,,7250,12,,,0
2019,'1191495',1623,,7251,12,,,0
2019,'1191512',1308,,7252,12,,,0
2019,'1191527',923,,7253,12,,,0
2019,'1191539',1338,,7254,12,,,0
2019,'1191561',1738,,7255,12,,,0
2019,'1191615',2038,,7256,12,,,0
2019,'1191644',1008,,7257,12,,,0
2019,'1191646',1023,,7258,12,,,0
2019,'1191661',1638,,7259,12,,,0
2019,'1191691',1753,,7260,12,,,0
2019,'1191768',923,,7261,12,,,0
2019,'1191793',708,,7262,12,,,0
2019,'1191850',738,,7264,12,,,0
2019,'1191864',1608,,7265,12,,,0
2019,'1191873',1523,,7267,12,,,0
2019,'1191904',953,,7268,12,,,0
2019,'1191918',1922,,7269,12,,,0
2019,'1191932',2207,,7270,12,,,0
2019,'1191992',2337,,7271,12,,,0
2019,'1192029',1053,,7272,12,,,0
2019,'1192053',2137,,7273,12,,,0
2019,'1192089',1538,,7274,12,,,0
2019,'1192091',1208,,7275,12,,,0
2019,'1192130',1038,,7276,12,,,0
2019,'1192225',1837,,7278,12,,,0
2019,'1192227',1653,,7279,12,,,0
2019,'1192252',2007,,7280,12,,,0
2019,'1192285',638,,7281,12,,,0
2019,'1192330',1008,,7282,12,,,0
2019,'1192352',1123,,7283,12,,,0
2019,'1192380',1238,,7284,12,,,0
2019,'1192437',753,,7285,12,,,0
2019,'1192442',1138,,7286,12,,,0
2019,'1192449',1223,,7287,12,,,0
2019,'1192523',1538,,7288,12,,,0
2019,'1192531',1508,,7289,12,,,0
2019,'1192546',1138,,7290,12,,,0
2019,'1192577',2237,,7292,12,,,0
2019,'1192668',1108,,7294,12,,,0
2019,'1192678',1438,,7295,12,,,0
2019,'1192698',823,,7296,12,,,0
2019,'1192722',1638,,7297,12,,,0
2019,'1192754',838,,7298,12,,,0
2019,'1192800',1838,,7301,12,,,0
2019,'1192865',1453,,7303,12,,,0
2019,'1192869',938,,7304,12,,,0
2019,'1192915',1408,,7305,12,,,0
2019,'1192923',1038,,7306,12,,,0
2019,'1192928',2008,,7307,12,,,0
2019,'1192930',1908,,7308,12,,,0
2019,'1192936',708,,7309,12,,,0
2019,'1192939',653,,7310,12,,,0
2019,'1192940',908,,7311,12,,,0
2019,'1192992',1353,,7312,12,,,0
2019,'1192994',1408,,7313,12,,,0
2019,'1193012',1723,,7314,12,,,0
2019,'1193057',1338,,7315,12,,,0
2019,'1193080',2052,,7316,12,,,0
2019,'1193128',753,,7317,12,,,0
2019,'1193170',1108,,7319,12,,,0
2019,'1193177',2137,,7320,12,,,0
2019,'1193178',2307,,7321,12,,,0
2019,'1193210',1508,,7322,12,,,0
2019,'1193284',1808,,7323,12,,,0
2019,'1193308',2307,,7324,12,,,0
