104019,'1197815',2354,,12041,14,,,0
104019,'1198490',2430,,12054,14,,,0
104019,'1199025',2410,,12063,14,,,0
104029,'1196835',1955,,12074,14,,,0
104029,'1196857',755,,12075,14,,,0
104029,'1196889',754,,12076,14,,,0
104029,'1196928',1740,,12077,14,,,0
104029,'1197002',640,,12078,14,,,0
104029,'1197045',1535,,12079,14,,,0
104029,'1197133',825,,12080,14,,,0
104029,'1197341',1235,,12081,14,,,0
104029,'1197454',1754,,12082,14,,,0
104029,'1197461',710,,12083,14,,,0
104029,'1197467',2154,,12084,14,,,0
104029,'1197481',555,,12085,14,,,0
104029,'1197553',2125,,12086,14,,,0
104029,'1197574',910,,12087,14,,,0
104029,'1197583',2140,,12088,14,,,0
104029,'1197794',1755,,12089,14,,,0
104029,'1197965',1354,,12090,14,,,0
104029,'1197979',1525,,12091,14,,,0
104029,'1198234',1025,,12092,14,,,0
104029,'1198287',1620,,12093,14,,,0
104029,'1198288',1150,,12094,14,,,0
104029,'1198449',1255,,12095,14,,,0
104029,'1198458',1910,,12096,14,,,0
104029,'1198510',940,,12097,14,,,0
104029,'1198521',755,,12098,14,,,0
104029,'1198558',1640,,12099,14,,,0
104029,'1198578',1705,,12100,14,,,0
104029,'1198686',1405,,12101,14,,,0
104029,'1198694',1450,,12102,14,,,0
104029,'1198755',954,,12103,14,,,0
104029,'1198909',1154,,12104,14,,,0
104029,'1198979',1140,,12105,14,,,0
104029,'1199045',2255,,12106,14,,,0
104029,'1199127',2255,,12107,14,,,0
104029,'1199159',1320,,12108,14,,,0
104029,'1199181',910,,12109,14,,,0
104029,'1199193',1554,,12110,14,,,0
104029,'1199356',1410,,12111,14,,,0
104029,'1199360',2025,,12112,14,,,0
104029,'1199374',640,,12113,14,,,0
104029,'1199380',1025,,12114,14,,,0
104029,'1199442',1825,,12115,14,,,0
104029,'1199577',1954,,12116,14,,,0
