101019,'1197003',602,,11803,37,,,0
101019,'1197056',2139,,11804,37,,,0
101019,'1197144',2339,,11805,37,,,0
101019,'1197150',1539,,11806,37,,,0
101019,'1197356',1339,,11807,37,,,0
101019,'1197394',1539,,11808,37,,,0
101019,'1197485',739,,11809,37,,,0
101019,'1197542',1339,,11810,37,,,0
101019,'1197666',1102,,11811,37,,,0
101019,'1197703',2139,,11812,37,,,0
101019,'1197735',1202,,11813,37,,,0
101019,'1197816',1139,,11814,37,,,0
101019,'1197893',802,,11815,37,,,0
101019,'1198002',1739,,11816,37,,,0
101019,'1198014',739,,11817,37,,,0
101019,'1198130',1002,,11818,37,,,0
101019,'1198162',1404,,11819,37,,,0
101019,'1198212',1939,,11820,37,,,0
101019,'1198408',2101,,11821,37,,,0
101019,'1198684',939,,11822,37,,,0
101019,'1198907',1939,,11823,37,,,0
101019,'1199079',2302,,11824,37,,,0
101019,'1199178',1804,,11825,37,,,0
101019,'1199186',1604,,11826,37,,,0
101019,'1199279',1739,,11827,37,,,0
101019,'1199401',939,,11828,37,,,0
101019,'1199471',1902,,11829,37,,,0
101019,'1199497',1139,,11830,37,,,0
101019,'1199519',902,,11831,37,,,0
101019,'1199566',1504,,11832,37,,,0
101019,'1199626',1704,,11833,37,,,0
