105029,'1196840',2249,,12163,5,,,0
105029,'1196987',1004,,12164,5,,,0
105029,'1196996',1634,,12165,5,,,0
105029,'1197020',1518,,12166,5,,,0
105029,'1197097',1734,,12167,5,,,0
105029,'1197137',2003,,12168,5,,,0
105029,'1197220',1949,,12169,5,,,0
105029,'1197228',1449,,12170,5,,,0
105029,'1197231',719,,12171,5,,,0
105029,'1197439',1118,,12172,5,,,0
105029,'1197501',1918,,12173,5,,,0
105029,'1197522',2118,,12174,5,,,0
105029,'1197561',949,,12175,5,,,0
105029,'1197638',918,,12176,5,,,0
105029,'1197840',2049,,12177,5,,,0
105029,'1197853',2149,,12178,5,,,0
105029,'1197918',1819,,12179,5,,,0
105029,'1197968',2318,,12180,5,,,0
105029,'1198013',1318,,12181,5,,,0
105029,'1198037',1049,,12182,5,,,0
105029,'1198064',1804,,12183,5,,,0
105029,'1198187',1204,,12184,5,,,0
105029,'1198214',1718,,12185,5,,,0
105029,'1198417',1304,,12186,5,,,0
105029,'1198447',1704,,12187,5,,,0
105029,'1198529',1504,,12188,5,,,0
105029,'1198616',649,,12189,5,,,0
105029,'1198625',1604,,12190,5,,,0
105029,'1198711',1304,,12191,5,,,0
105029,'1198718',1519,,12192,5,,,0
105029,'1198725',1704,,12193,5,,,0
105029,'1198779',803,,12194,5,,,0
105029,'1198918',1404,,12195,5,,,0
105029,'1198922',2354,,12196,5,,,0
105029,'1198923',619,,12197,5,,,0
105029,'1199012',603,,12198,5,,,0
105029,'1199037',1349,,12199,5,,,0
105029,'1199107',1419,,12200,5,,,0
105029,'1199124',2403,,12201,5,,,0
105029,'1199144',1204,,12202,5,,,0
105029,'1199148',718,,12203,5,,,0
105029,'1199220',1104,,12204,5,,,0
105029,'1199470',2203,,12205,5,,,0
105029,'1199473',849,,12206,5,,,0
105029,'1199604',749,,12207,5,,,0
105029,'1199607',1604,,12208,5,,,0
106019,'1196832',934,,12209,5,,,0
106019,'1196841',704,,12210,5,,,0
106019,'1197348',819,,12211,5,,,0
106019,'1197389',1804,,12212,5,,,0
106019,'1197951',1534,,12213,5,,,0
106019,'1198120',1649,,12214,5,,,0
140001029,'1196879',618,,12358,5,,,0
140001029,'1196954',949,,12359,5,,,0
140001029,'1196975',1019,,12360,5,,,0
140001029,'1196976',2318,,12361,5,,,0
140001029,'1197010',1334,,12362,5,,,0
140001029,'1197038',1104,,12363,5,,,0
140001029,'1197058',1833,,12364,5,,,0
140001029,'1197078',1119,,12365,5,,,0
140001029,'1197099',2248,,12366,5,,,0
140001029,'1197105',2319,,12367,5,,,0
140001029,'1197113',848,,12368,5,,,0
140001029,'1197141',1435,,12369,5,,,0
140001029,'1197155',1734,,12370,5,,,0
140001029,'1197162',933,,12371,5,,,0
140001029,'1197190',1550,,12372,5,,,0
140001029,'1197195',1650,,12373,5,,,0
140001029,'1197198',1350,,12374,5,,,0
140001029,'1197204',919,,12375,5,,,0
140001029,'1197222',1219,,12376,5,,,0
140001029,'1197249',1219,,12377,5,,,0
140001029,'1197271',1934,,12378,5,,,0
140001029,'1197276',1049,,12379,5,,,0
140001029,'1197293',1505,,12380,5,,,0
140001029,'1197305',1519,,12381,5,,,0
140001029,'1197370',1204,,12382,5,,,0
140001029,'1197377',2218,,12383,5,,,0
140001029,'1197379',748,,12384,5,,,0
140001029,'1197386',1819,,12385,5,,,0
140001029,'1197424',2048,,12386,5,,,0
140001029,'1197426',1004,,12387,5,,,0
140001029,'1197432',948,,12388,5,,,0
140001029,'1197460',2218,,12389,5,,,0
140001029,'1197482',619,,12390,5,,,0
140001029,'1197494',2353,,12391,5,,,0
140001029,'1197497',1649,,12392,5,,,0
140001029,'1197568',1319,,12393,5,,,0
140001029,'1197611',2248,,12394,5,,,0
140001029,'1197612',1535,,12395,5,,,0
140001029,'1197619',1818,,12396,5,,,0
140001029,'1197627',833,,12397,5,,,0
140001029,'1197635',2219,,12398,5,,,0
140001029,'1197649',1319,,12399,5,,,0
140001029,'1197658',1919,,12400,5,,,0
140001029,'1197662',1049,,12401,5,,,0
140001029,'1197723',919,,12402,5,,,0
140001029,'1197758',1234,,12403,5,,,0
140001029,'1197776',2019,,12404,5,,,0
140001029,'1197849',2148,,12405,5,,,0
140001029,'1197888',1948,,12406,5,,,0
140001029,'1197928',1419,,12407,5,,,0
140001029,'1197938',1405,,12408,5,,,0
140001029,'1197948',1450,,12409,5,,,0
140001029,'1197957',1604,,12410,5,,,0
140001029,'1197967',1705,,12411,5,,,0
140001029,'1197972',1549,,12412,5,,,0
140001029,'1197983',718,,12413,5,,,0
140001029,'1198007',2118,,12414,5,,,0
140001029,'1198048',733,,12415,5,,,0
140001029,'1198049',703,,12416,5,,,0
140001029,'1198081',1249,,12417,5,,,0
140001029,'1198099',934,,12418,5,,,0
140001029,'1198101',1119,,12419,5,,,0
140001029,'1198102',819,,12420,5,,,0
140001029,'1198131',2019,,12421,5,,,0
140001029,'1198132',1019,,12422,5,,,0
140001029,'1198186',1749,,12423,5,,,0
140001029,'1198207',648,,12424,5,,,0
140001029,'1198209',903,,12425,5,,,0
140001029,'1198299',1149,,12426,5,,,0
140001029,'1198347',633,,12427,5,,,0
140001029,'1198350',1904,,12428,5,,,0
140001029,'1198371',1420,,12429,5,,,0
140001029,'1198391',2034,,12430,5,,,0
140001029,'1198425',2018,,12431,5,,,0
140001029,'1198451',2348,,12432,5,,,0
140001029,'1198469',1619,,12433,5,,,0
140001029,'1198505',1419,,12434,5,,,0
140001029,'1198517',1149,,12435,5,,,0
140001029,'1198540',719,,12436,5,,,0
140001029,'1198546',1019,,12437,5,,,0
140001029,'1198572',1534,,12438,5,,,0
140001029,'1198636',803,,12439,5,,,0
140001029,'1198643',1219,,12440,5,,,0
140001029,'1198645',1719,,12441,5,,,0
140001029,'1198655',749,,12442,5,,,0
140001029,'1198697',849,,12443,5,,,0
140001029,'1198757',1619,,12444,5,,,0
140001029,'1198770',1949,,12445,5,,,0
140001029,'1198787',1605,,12446,5,,,0
140001029,'1198789',1919,,12447,5,,,0
140001029,'1198794',1034,,12448,5,,,0
140001029,'1198796',2148,,12449,5,,,0
140001029,'1198802',1104,,12450,5,,,0
140001029,'1198817',1504,,12451,5,,,0
140001029,'1198824',1134,,12452,5,,,0
140001029,'1198860',1803,,12453,5,,,0
140001029,'1198934',1704,,12454,5,,,0
140001029,'1198970',1735,,12455,5,,,0
140001029,'1198973',918,,12456,5,,,0
140001029,'1198981',1819,,12457,5,,,0
140001029,'1198986',2318,,12458,5,,,0
140001029,'1198999',1334,,12459,5,,,0
140001029,'1199001',719,,12460,5,,,0
140001029,'1199006',818,,12461,5,,,0
140001029,'1199010',1749,,12462,5,,,0
140001029,'1199031',1204,,12463,5,,,0
140001029,'1199086',1004,,12464,5,,,0
140001029,'1199101',649,,12465,5,,,0
140001029,'1199110',1134,,12466,5,,,0
140001029,'1199113',1634,,12467,5,,,0
140001029,'1199128',1034,,12468,5,,,0
140001029,'1199156',1918,,12469,5,,,0
140001029,'1199174',1304,,12470,5,,,0
140001029,'1199189',819,,12471,5,,,0
140001029,'1199191',1804,,12472,5,,,0
140001029,'1199203',2049,,12473,5,,,0
140001029,'1199247',1635,,12474,5,,,0
140001029,'1199259',1834,,12475,5,,,0
140001029,'1199261',1404,,12476,5,,,0
140001029,'1199275',1520,,12477,5,,,0
140001029,'1199283',1319,,12478,5,,,0
140001029,'1199312',1234,,12479,5,,,0
140001029,'1199341',2004,,12480,5,,,0
140001029,'1199351',1304,,12481,5,,,0
140001029,'1199395',1720,,12482,5,,,0
140001029,'1199415',1848,,12483,5,,,0
140001029,'1199446',1849,,12484,5,,,0
140001029,'1199456',1519,,12485,5,,,0
140001029,'1199465',1719,,12486,5,,,0
140001029,'1199469',2118,,12487,5,,,0
140001029,'1199481',1620,,12488,5,,,0
140001029,'1199494',1449,,12489,5,,,0
140001029,'1199502',1349,,12490,5,,,0
140001029,'1199522',1434,,12491,5,,,0
140001029,'1199528',2119,,12492,5,,,0
140001029,'1199569',1119,,12493,5,,,0
140001029,'1199608',1249,,12494,5,,,0
