105019,'1196946',907,,12117,42,,,0
105019,'1197049',1816,,12118,42,,,0
105019,'1197077',554,,12119,42,,,0
105019,'1197115',1201,,12120,42,,,0
105019,'1197131',707,,12121,42,,,0
105019,'1197173',1209,,12122,42,,,0
105019,'1197181',1025,,12123,42,,,0
105019,'1197192',2154,,12124,42,,,0
105019,'1197197',1501,,12125,42,,,0
105019,'1197292',1309,,12126,42,,,0
105019,'1197296',1601,,12127,42,,,0
105019,'1197531',1409,,12128,42,,,0
105019,'1197548',1924,,12129,42,,,0
105019,'1197557',1609,,12130,42,,,0
105019,'1197588',825,,12131,42,,,0
105019,'1197596',2054,,12132,42,,,0
105019,'1197617',1509,,12133,42,,,0
105019,'1197633',1225,,12134,42,,,0
105019,'1197710',758,,12135,42,,,0
105019,'1197779',1746,,12136,42,,,0
105019,'1197825',1416,,12137,42,,,0
105019,'1197971',1101,,12138,42,,,0
105019,'1198112',624,,12139,42,,,0
105019,'1198338',1109,,12140,42,,,0
105019,'1198380',2225,,12141,42,,,0
105019,'1198385',1716,,12142,42,,,0
105019,'1198553',1316,,12143,42,,,0
105019,'1198560',2025,,12144,42,,,0
105019,'1198571',1625,,12145,42,,,0
105019,'1198621',728,,12146,42,,,0
105019,'1198667',958,,12147,42,,,0
105019,'1198717',1531,,12148,42,,,0
105019,'1198741',858,,12149,42,,,0
105019,'1198746',1846,,12150,42,,,0
105019,'1198889',654,,12151,42,,,0
105019,'1199004',1425,,12152,42,,,0
105019,'1199054',1631,,12153,42,,,0
105019,'1199098',828,,12154,42,,,0
105019,'1199298',2354,,12155,42,,,0
105019,'1199347',2307,,12156,42,,,0
105019,'1199383',2254,,12157,42,,,0
105019,'1199400',1709,,12158,42,,,0
105019,'1199461',1825,,12159,42,,,0
105019,'1199511',1809,,12160,42,,,0
105019,'1199546',2107,,12161,42,,,0
105019,'1199574',1909,,12162,42,,,0
