2029,'1196924',1520,,10051,18,,,0
2029,'1196985',1204,,10052,18,,,0
2029,'1196991',2248,,10053,18,,,0
2029,'1197028',2048,,10054,18,,,0
2029,'1197134',1834,,10055,18,,,0
2029,'1197139',934,,10056,18,,,0
2029,'1197143',2334,,10057,18,,,0
2029,'1197168',1620,,10058,18,,,0
2029,'1197170',649,,10059,18,,,0
2029,'1197175',1505,,10060,18,,,0
2029,'1197208',1450,,10061,18,,,0
2029,'1197209',904,,10062,18,,,0
2029,'1197218',719,,10063,18,,,0
2029,'1197261',1635,,10064,18,,,0
2029,'1197268',1705,,10065,18,,,0
2029,'1197282',649,,10066,18,,,0
2029,'1197288',2148,,10067,18,,,0
2029,'1197331',1631,,10068,18,,,0
2029,'1197332',2218,,10069,18,,,0
2029,'1197367',1431,,10070,18,,,0
2029,'1197375',904,,10071,18,,,0
2029,'1197411',1049,,10072,18,,,0
2029,'1197419',1335,,10073,18,,,0
2029,'1197430',704,,10074,18,,,0
2029,'1197437',1004,,10075,18,,,0
2029,'1197491',1401,,10076,18,,,0
2029,'1197508',804,,10077,18,,,0
2029,'1197527',1250,,10078,18,,,0
2029,'1197534',1050,,10079,18,,,0
2029,'1197599',1650,,10080,18,,,0
2029,'1197642',749,,10081,18,,,0
2029,'1197644',1820,,10082,18,,,0
2029,'1197647',949,,10083,18,,,0
2029,'1197651',2343,,10084,18,,,0
2029,'1197655',2413,,10085,18,,,0
2029,'1197665',1034,,10086,18,,,0
2029,'1197667',1950,,10087,18,,,0
2029,'1197739',1720,,10088,18,,,0
2029,'1197769',1150,,10089,18,,,0
2029,'1197800',1019,,10090,18,,,0
2029,'1197808',2018,,10091,18,,,0
2029,'1197821',750,,10092,18,,,0
2029,'1197871',819,,10093,18,,,0
2029,'1197901',849,,10094,18,,,0
2029,'1197910',1750,,10095,18,,,0
2029,'1198003',1104,,10096,18,,,0
2029,'1198023',1234,,10097,18,,,0
2029,'1198042',850,,10098,18,,,0
2029,'1198045',2250,,10099,18,,,0
2029,'1198089',919,,10100,18,,,0
2029,'1198144',1034,,10101,18,,,0
2029,'1198156',2318,,10102,18,,,0
2029,'1198168',2034,,10103,18,,,0
2029,'1198184',950,,10104,18,,,0
2029,'1198213',1420,,10105,18,,,0
2029,'1198215',1835,,10106,18,,,0
2029,'1198275',1149,,10107,18,,,0
2029,'1198291',1104,,10108,18,,,0
2029,'1198335',1948,,10109,18,,,0
2029,'1198359',1331,,10110,18,,,0
2029,'1198433',1350,,10111,18,,,0
2029,'1198455',1231,,10112,18,,,0
2029,'1198473',1801,,10113,18,,,0
2029,'1198494',1731,,10114,18,,,0
2029,'1198537',1750,,10115,18,,,0
2029,'1198581',1134,,10116,18,,,0
2029,'1198603',1550,,10117,18,,,0
2029,'1198608',949,,10118,18,,,0
2029,'1198619',2419,,10119,18,,,0
2029,'1198682',1435,,10120,18,,,0
2029,'1198743',2249,,10121,18,,,0
2029,'1198838',1350,,10122,18,,,0
2029,'1198840',1501,,10123,18,,,0
2029,'1198841',734,,10124,18,,,0
2029,'1198851',2118,,10125,18,,,0
2029,'1198854',1204,,10126,18,,,0
2029,'1198870',734,,10127,18,,,0
2029,'1198967',2350,,10128,18,,,0
2029,'1199005',1605,,10129,18,,,0
2029,'1199023',1531,,10130,18,,,0
2029,'1199042',1949,,10131,18,,,0
2029,'1199046',1848,,10132,18,,,0
2029,'1199049',1119,,10133,18,,,0
2029,'1199063',1320,,10134,18,,,0
2029,'1199099',1305,,10135,18,,,0
2029,'1199116',1735,,10136,18,,,0
2029,'1199173',1601,,10137,18,,,0
2029,'1199237',2150,,10138,18,,,0
2029,'1199240',834,,10139,18,,,0
2029,'1199269',1250,,10140,18,,,0
2029,'1199288',1550,,10141,18,,,0
2029,'1199299',2204,,10142,18,,,0
2029,'1199305',1219,,10143,18,,,0
2029,'1199316',1805,,10144,18,,,0
2029,'1199329',1650,,10145,18,,,0
2029,'1199333',819,,10146,18,,,0
2029,'1199335',1301,,10147,18,,,0
2029,'1199398',2050,,10148,18,,,0
2029,'1199466',1918,,10149,18,,,0
2029,'1199478',1850,,10150,18,,,0
2029,'1199484',1535,,10151,18,,,0
2029,'1199542',2433,,10152,18,,,0
2029,'1199552',1405,,10153,18,,,0
2029,'1199560',1904,,10154,18,,,0
2029,'1199580',2119,,10155,18,,,0
2029,'1199620',1450,,10156,18,,,0
2029,'1199621',1134,,10157,18,,,0
2029,'1199635',1701,,10158,18,,,0
12019,'1196839',2134,,10650,33,,,0
12019,'1196874',1136,,10651,33,,,0
12019,'1196885',1636,,10652,33,,,0
12019,'1196887',1606,,10653,33,,,0
12019,'1196940',1336,,10654,33,,,0
12019,'1196983',1934,,10655,33,,,0
12019,'1197026',2234,,10656,33,,,0
12019,'1197080',1834,,10657,33,,,0
12019,'1197104',1904,,10658,33,,,0
12019,'1197223',1806,,10659,33,,,0
12019,'1197306',1206,,10660,33,,,0
12019,'1197322',804,,10661,33,,,0
12019,'1197334',1636,,10662,33,,,0
12019,'1197339',1804,,10663,33,,,0
12019,'1197433',1004,,10664,33,,,0
12019,'1197490',1706,,10665,33,,,0
12019,'1197525',1606,,10666,33,,,0
12019,'1197602',905,,10667,33,,,0
12019,'1197615',1236,,10668,33,,,0
12019,'1197664',1806,,10669,33,,,0
12019,'1197701',2404,,10670,33,,,0
12019,'1197765',2404,,10671,33,,,0
12019,'1197813',1106,,10672,33,,,0
12019,'1197824',1304,,10673,33,,,0
12019,'1197891',2104,,10674,33,,,0
12019,'1197911',2004,,10675,33,,,0
12019,'1197945',1904,,10676,33,,,0
12019,'1197989',1506,,10677,33,,,0
12019,'1197991',1204,,10678,33,,,0
12019,'1198031',705,,10679,33,,,0
12019,'1198072',1404,,10680,33,,,0
12019,'1198097',1604,,10681,33,,,0
12019,'1198121',1706,,10682,33,,,0
12019,'1198127',1106,,10683,33,,,0
12019,'1198171',2204,,10684,33,,,0
12019,'1198224',2304,,10685,33,,,0
12019,'1198250',1336,,10686,33,,,0
12019,'1198260',1436,,10687,33,,,0
12019,'1198263',935,,10688,33,,,0
12019,'1198283',1536,,10689,33,,,0
12019,'1198358',1504,,10690,33,,,0
12019,'1198421',904,,10691,33,,,0
12019,'1198427',1236,,10692,33,,,0
12019,'1198442',1736,,10693,33,,,0
12019,'1198497',2204,,10694,33,,,0
12019,'1198582',904,,10695,33,,,0
12019,'1198588',635,,10696,33,,,0
12019,'1198592',1736,,10697,33,,,0
12019,'1198618',1104,,10698,33,,,0
12019,'1198712',1206,,10699,33,,,0
12019,'1198727',1406,,10700,33,,,0
12019,'1198773',1406,,10701,33,,,0
12019,'1198774',1136,,10702,33,,,0
12019,'1198819',2334,,10703,33,,,0
12019,'1198842',1005,,10704,33,,,0
12019,'1198884',2004,,10705,33,,,0
12019,'1198912',804,,10706,33,,,0
12019,'1198945',1004,,10707,33,,,0
12019,'1199167',735,,10708,33,,,0
12019,'1199197',2104,,10709,33,,,0
12019,'1199223',1306,,10710,33,,,0
12019,'1199224',706,,10711,33,,,0
12019,'1199251',1035,,10712,33,,,0
12019,'1199291',1536,,10713,33,,,0
12019,'1199315',1306,,10714,33,,,0
12019,'1199416',2304,,10715,33,,,0
12019,'1199495',1436,,10716,33,,,0
12019,'1199513',835,,10717,33,,,0
12019,'1199578',1506,,10718,33,,,0
12019,'1199610',2034,,10719,33,,,0
12019,'1199616',805,,10720,33,,,0
12019,'1199625',1704,,10721,33,,,0
