14019,'1190713',1402,,8090,36,,,0
14019,'1190978',1702,,8092,36,,,0
14019,'1191058',2259,,8093,36,,,0
14019,'1191115',800,,8095,36,,,0
14019,'1191156',1532,,8096,36,,,0
14019,'1191216',1402,,8098,36,,,0
14019,'1191434',959,,8102,36,,,0
14019,'1191451',1000,,8103,36,,,0
14019,'1191488',1302,,8104,36,,,0
14019,'1191517',700,,8105,36,,,0
14019,'1191609',2330,,8106,36,,,0
14019,'1191614',1830,,8107,36,,,0
14019,'1191636',1802,,8108,36,,,0
14019,'1191714',1202,,8109,36,,,0
14019,'1191747',1502,,8110,36,,,0
14019,'1191757',930,,8111,36,,,0
14019,'1191841',759,,8112,36,,,0
14019,'1191852',1930,,8113,36,,,0
14019,'1191970',2159,,8114,36,,,0
14019,'1191991',2059,,8115,36,,,0
14019,'1192119',2230,,8117,36,,,0
14019,'1192156',1602,,8118,36,,,0
14019,'1192341',730,,8121,36,,,0
14019,'1192538',1702,,8124,36,,,0
14019,'1192564',2359,,8125,36,,,0
14019,'1192713',1859,,8130,36,,,0
14019,'1192727',1302,,8131,36,,,0
14019,'1192788',1502,,8132,36,,,0
14019,'1192791',1202,,8133,36,,,0
14019,'1192803',830,,8134,36,,,0
14019,'1192837',900,,8136,36,,,0
14019,'1192840',1632,,8137,36,,,0
14019,'1192863',2130,,8138,36,,,0
14019,'1192916',1959,,8139,36,,,0
14019,'1192927',859,,8140,36,,,0
14019,'1192946',2030,,8141,36,,,0
14019,'1192962',1102,,8142,36,,,0
14019,'1192987',1802,,8143,36,,,0
14019,'1193071',1102,,8144,36,,,0
14019,'1193088',1732,,8145,36,,,0
14019,'1193127',1602,,8146,36,,,0
14019,'1193190',659,,8147,36,,,0
