105019,'1196946',901,,12117,33,,,0
105019,'1197049',1809,,12118,33,,,0
105019,'1197077',548,,12119,33,,,0
105019,'1197115',1154,,12120,33,,,0
105019,'1197131',701,,12121,33,,,0
105019,'1197173',1203,,12122,33,,,0
105019,'1197181',1020,,12123,33,,,0
105019,'1197192',2148,,12124,33,,,0
105019,'1197197',1454,,12125,33,,,0
105019,'1197292',1303,,12126,33,,,0
105019,'1197296',1554,,12127,33,,,0
105019,'1197531',1403,,12128,33,,,0
105019,'1197548',1918,,12129,33,,,0
105019,'1197557',1603,,12130,33,,,0
105019,'1197588',820,,12131,33,,,0
105019,'1197596',2048,,12132,33,,,0
105019,'1197617',1503,,12133,33,,,0
105019,'1197633',1220,,12134,33,,,0
105019,'1197710',751,,12135,33,,,0
105019,'1197779',1739,,12136,33,,,0
105019,'1197825',1409,,12137,33,,,0
105019,'1197971',1054,,12138,33,,,0
105019,'1198112',618,,12139,33,,,0
105019,'1198338',1103,,12140,33,,,0
105019,'1198380',2220,,12141,33,,,0
105019,'1198385',1709,,12142,33,,,0
105019,'1198553',1309,,12143,33,,,0
105019,'1198560',2020,,12144,33,,,0
105019,'1198571',1620,,12145,33,,,0
105019,'1198621',721,,12146,33,,,0
105019,'1198667',951,,12147,33,,,0
105019,'1198717',1524,,12148,33,,,0
105019,'1198741',851,,12149,33,,,0
105019,'1198746',1839,,12150,33,,,0
105019,'1198889',648,,12151,33,,,0
105019,'1199004',1420,,12152,33,,,0
105019,'1199054',1624,,12153,33,,,0
105019,'1199098',821,,12154,33,,,0
105019,'1199298',2348,,12155,33,,,0
105019,'1199347',2301,,12156,33,,,0
105019,'1199383',2248,,12157,33,,,0
105019,'1199400',1703,,12158,33,,,0
105019,'1199461',1820,,12159,33,,,0
105019,'1199511',1803,,12160,33,,,0
105019,'1199546',2101,,12161,33,,,0
105019,'1199574',1903,,12162,33,,,0
