105019,'1196946',916,,12117,59,,,0
105019,'1197049',1825,,12118,59,,,0
105019,'1197077',603,,12119,59,,,0
105019,'1197115',1210,,12120,59,,,0
105019,'1197131',716,,12121,59,,,0
105019,'1197173',1218,,12122,59,,,0
105019,'1197181',1034,,12123,59,,,0
105019,'1197192',2203,,12124,59,,,0
105019,'1197197',1510,,12125,59,,,0
105019,'1197292',1318,,12126,59,,,0
105019,'1197296',1610,,12127,59,,,0
105019,'1197531',1418,,12128,59,,,0
105019,'1197548',1933,,12129,59,,,0
105019,'1197557',1618,,12130,59,,,0
105019,'1197588',834,,12131,59,,,0
105019,'1197596',2103,,12132,59,,,0
105019,'1197617',1518,,12133,59,,,0
105019,'1197633',1234,,12134,59,,,0
105019,'1197710',807,,12135,59,,,0
105019,'1197779',1755,,12136,59,,,0
105019,'1197825',1425,,12137,59,,,0
105019,'1197971',1110,,12138,59,,,0
105019,'1198112',633,,12139,59,,,0
105019,'1198338',1118,,12140,59,,,0
105019,'1198380',2234,,12141,59,,,0
105019,'1198385',1725,,12142,59,,,0
105019,'1198553',1325,,12143,59,,,0
105019,'1198560',2034,,12144,59,,,0
105019,'1198571',1634,,12145,59,,,0
105019,'1198621',737,,12146,59,,,0
105019,'1198667',1007,,12147,59,,,0
105019,'1198717',1540,,12148,59,,,0
105019,'1198741',907,,12149,59,,,0
105019,'1198746',1855,,12150,59,,,0
105019,'1198889',703,,12151,59,,,0
105019,'1199004',1434,,12152,59,,,0
105019,'1199054',1640,,12153,59,,,0
105019,'1199098',837,,12154,59,,,0
105019,'1199298',2403,,12155,59,,,0
105019,'1199347',2316,,12156,59,,,0
105019,'1199383',2303,,12157,59,,,0
105019,'1199400',1718,,12158,59,,,0
105019,'1199461',1834,,12159,59,,,0
105019,'1199511',1818,,12160,59,,,0
105019,'1199546',2116,,12161,59,,,0
105019,'1199574',1918,,12162,59,,,0
106029,'1196836',1613,,12215,10,,,0
106029,'1196851',1728,,12216,10,,,0
106029,'1197042',1011,,12217,10,,,0
106029,'1197408',1843,,12218,10,,,0
106029,'1198086',741,,12219,10,,,0
106029,'1198615',856,,12220,10,,,0
