26019,'1190721',1710,,8602,12,,,0
26019,'1190773',2110,,8603,12,,,0
26019,'1190845',2010,,8605,12,,,0
26019,'1190884',1110,,8606,12,,,0
26019,'1190966',1910,,8607,12,,,0
26019,'1191025',1140,,8610,12,,,0
26019,'1191095',2210,,8611,12,,,0
26019,'1191218',1810,,8613,12,,,0
26019,'1191263',1611,,8614,12,,,0
26019,'1191344',610,,8615,12,,,0
26019,'1191417',1910,,8617,12,,,0
26019,'1191428',1810,,8618,12,,,0
26019,'1191505',1410,,8619,12,,,0
26019,'1191650',910,,8623,12,,,0
26019,'1191698',1610,,8624,12,,,0
26019,'1191711',1710,,8625,12,,,0
26019,'1191759',1310,,8626,12,,,0
26019,'1191911',2210,,8628,12,,,0
26019,'1192083',710,,8629,12,,,0
26019,'1192096',610,,8630,12,,,0
26019,'1192137',1510,,8631,12,,,0
26019,'1192185',1340,,8632,12,,,0
26019,'1192434',1440,,8634,12,,,0
26019,'1192522',2310,,8636,12,,,0
26019,'1192547',1010,,8637,12,,,0
26019,'1192558',1510,,8639,12,,,0
26019,'1192615',2310,,8640,12,,,0
26019,'1192663',1010,,8641,12,,,0
26019,'1192853',1210,,8644,12,,,0
26019,'1192866',1040,,8645,12,,,0
26019,'1192909',810,,8646,12,,,0
26019,'1192944',2010,,8647,12,,,0
26019,'1192988',910,,8648,12,,,0
26019,'1193013',1240,,8649,12,,,0
26019,'1193014',2110,,8650,12,,,0
26019,'1193129',710,,8651,12,,,0
26019,'1193182',810,,8652,12,,,0
