11019,'1196876',1502,,10448,23,,,0
11019,'1196884',1302,,10449,27,,,0
11019,'1196914',1145,,10450,27,,,0
11019,'1196958',804,,10451,27,,,0
11019,'1197000',1302,,10452,23,,,0
11019,'1197070',1902,,10453,23,,,0
11019,'1197071',1844,,10454,27,,,0
11019,'1197114',930,,10455,27,,,0
11019,'1197185',2302,,10456,23,,,0
11019,'1197191',1502,,10457,27,,,0
11019,'1197229',1417,,10458,27,,,0
11019,'1197234',1716,,10459,27,,,0
11019,'1197264',1747,,10460,27,,,0
11019,'1197274',945,,10461,27,,,0
11019,'1197327',1346,,10462,27,,,0
11019,'1197343',745,,10463,27,,,0
11019,'1197351',1602,,10464,23,,,0
11019,'1197398',1832,,10465,27,,,0
11019,'1197412',2314,,10466,27,,,0
11019,'1197422',1647,,10467,27,,,0
11019,'1197446',2402,,10468,23,,,0
11019,'1197463',715,,10469,27,,,0
11019,'1197502',630,,10470,27,,,0
11019,'1197519',800,,10471,27,,,0
11019,'1197564',2304,,10472,27,,,0
11019,'1197573',1402,,10473,23,,,0
11019,'1197695',1115,,10474,27,,,0
11019,'1197696',815,,10475,27,,,0
11019,'1197753',902,,10476,23,,,0
11019,'1197763',1532,,10477,27,,,0
11019,'1197795',2044,,10478,27,,,0
11019,'1197832',1632,,10479,27,,,0
11019,'1197875',2431,,10480,27,,,0
11019,'1197917',2404,,10481,27,,,0
11019,'1197925',1130,,10482,27,,,0
11019,'1197934',1546,,10483,27,,,0
11019,'1197978',1914,,10484,27,,,0
11019,'1197990',1446,,10485,27,,,0
11019,'1198012',900,,10486,27,,,0
11019,'1198053',1004,,10487,27,,,0
11019,'1198076',2014,,10488,27,,,0
11019,'1198113',2114,,10489,27,,,0
11019,'1198146',2244,,10490,27,,,0
11019,'1198266',2004,,10491,27,,,0
11019,'1198296',1702,,10492,23,,,0
11019,'1198337',915,,10493,27,,,0
11019,'1198341',1204,,10494,27,,,0
11019,'1198362',2202,,10495,23,,,0
11019,'1198405',1904,,10496,27,,,0
11019,'1198419',1517,,10497,27,,,0
11019,'1198470',1317,,10498,27,,,0
11019,'1198493',1817,,10499,27,,,0
11019,'1198506',1104,,10500,27,,,0
11019,'1198543',1030,,10501,27,,,0
11019,'1198548',1617,,10502,27,,,0
11019,'1198573',1200,,10503,27,,,0
11019,'1198590',2002,,10504,23,,,0
11019,'1198610',1602,,10505,27,,,0
11019,'1198623',704,,10506,27,,,0
11019,'1198660',1316,,10507,27,,,0
11019,'1198662',1802,,10508,23,,,0
11019,'1198696',1447,,10509,27,,,0
11019,'1198771',1516,,10510,27,,,0
11019,'1198808',1000,,10511,27,,,0
11019,'1198843',2102,,10512,23,,,0
11019,'1198927',1100,,10513,27,,,0
11019,'1198951',1732,,10514,27,,,0
11019,'1198978',1944,,10515,27,,,0
11019,'1199022',1244,,10516,27,,,0
11019,'1199024',2204,,10517,27,,,0
11019,'1199026',2214,,10518,27,,,0
11019,'1199059',1616,,10519,27,,,0
11019,'1199060',1402,,10520,27,,,0
11019,'1199064',1816,,10521,27,,,0
11019,'1199091',802,,10522,23,,,0
11019,'1199100',2144,,10523,27,,,0
11019,'1199118',1717,,10524,27,,,0
11019,'1199132',700,,10525,27,,,0
11019,'1199143',1746,,10526,27,,,0
11019,'1199154',1432,,10527,27,,,0
11019,'1199177',1702,,10528,27,,,0
11019,'1199180',2104,,10529,27,,,0
11019,'1199214',730,,10530,27,,,0
11019,'1199225',1547,,10531,27,,,0
11019,'1199227',1202,,10532,23,,,0
11019,'1199229',1416,,10533,27,,,0
11019,'1199253',1002,,10534,23,,,0
11019,'1199301',2341,,10535,27,,,0
11019,'1199306',1102,,10536,23,,,0
11019,'1199370',1802,,10537,27,,,0
11019,'1199376',845,,10538,27,,,0
11019,'1199394',904,,10539,27,,,0
11019,'1199403',830,,10540,27,,,0
11019,'1199410',1215,,10541,27,,,0
11019,'1199462',2411,,10542,27,,,0
11019,'1199476',1015,,10543,27,,,0
11019,'1199496',1332,,10544,27,,,0
11019,'1199508',1230,,10545,27,,,0
11019,'1199591',1646,,10546,27,,,0
11019,'1199603',1247,,10547,27,,,0
11019,'1199619',1045,,10548,27,,,0
11019,'1199623',1347,,10549,27,,,0
