23029,'1196989',1524,,11178,13,,,0
23029,'1197720',923,,11179,13,,,0
23029,'1197799',953,,11180,13,,,0
23029,'1197902',1325,,11181,13,,,0
23029,'1198145',1724,,11182,13,,,0
23029,'1198600',1124,,11183,13,,,0
23029,'1199027',1355,,11184,13,,,0
23029,'1199095',1556,,11185,13,,,0
23029,'1199388',1155,,11186,13,,,0
102029,'1196895',1703,,11907,20,,,0
102029,'1196982',1351,,11908,20,,,0
102029,'1197029',2121,,11909,20,,,0
102029,'1197083',1533,,11910,20,,,0
102029,'1197178',1103,,11911,20,,,0
102029,'1197226',706,,11912,20,,,0
102029,'1197263',751,,11913,20,,,0
102029,'1197297',1450,,11914,20,,,0
102029,'1197309',1833,,11915,20,,,0
102029,'1197330',1736,,11916,20,,,0
102029,'1197420',1521,,11917,20,,,0
102029,'1197536',2303,,11918,20,,,0
102029,'1197603',1051,,11919,20,,,0
102029,'1197704',1020,,11920,20,,,0
102029,'1197770',2421,,11921,20,,,0
102029,'1197839',836,,11922,20,,,0
102029,'1198134',1320,,11923,20,,,0
102029,'1198173',933,,11924,20,,,0
102029,'1198220',1233,,11925,20,,,0
102029,'1198227',1750,,11926,20,,,0
102029,'1198249',1821,,11927,20,,,0
102029,'1198376',1606,,11928,20,,,0
102029,'1198502',1651,,11929,20,,,0
102029,'1198531',803,,11930,20,,,0
102029,'1198599',1620,,11931,20,,,0
102029,'1198638',2251,,11932,20,,,0
102029,'1198688',1150,,11933,20,,,0
102029,'1198705',2050,,11934,20,,,0
102029,'1198769',2003,,11935,20,,,0
102029,'1198816',2133,,11936,20,,,0
102029,'1198930',2220,,11937,20,,,0
102029,'1198996',621,,11938,20,,,0
102029,'1199090',850,,11939,20,,,0
102029,'1199168',921,,11940,20,,,0
102029,'1199202',1951,,11941,20,,,0
102029,'1199211',1920,,11942,20,,,0
102029,'1199244',1006,,11943,20,,,0
102029,'1199434',1221,,11944,20,,,0
102029,'1199477',2350,,11945,20,,,0
102029,'1199479',1436,,11946,20,,,0
102029,'1199488',639,,11947,20,,,0
102029,'1199537',1403,,11948,20,,,0
102029,'1199651',720,,11949,20,,,0
