105019,'1196946',937,,12117,95,,,0
105019,'1197049',1849,,12118,95,,,0
105019,'1197077',624,,12119,95,,,0
105019,'1197115',1234,,12120,95,,,0
105019,'1197131',737,,12121,95,,,0
105019,'1197173',1238,,12122,95,,,0
105019,'1197181',1052,,12123,95,,,0
105019,'1197192',2223,,12124,95,,,0
105019,'1197197',1534,,12125,95,,,0
105019,'1197292',1338,,12126,95,,,0
105019,'1197296',1634,,12127,95,,,0
105019,'1197531',1438,,12128,95,,,0
105019,'1197548',1953,,12129,95,,,0
105019,'1197557',1638,,12130,95,,,0
105019,'1197588',852,,12131,95,,,0
105019,'1197596',2123,,12132,95,,,0
105019,'1197617',1538,,12133,95,,,0
105019,'1197633',1252,,12134,95,,,0
105019,'1197710',831,,12135,95,,,0
105019,'1197779',1819,,12136,95,,,0
105019,'1197825',1449,,12137,95,,,0
105019,'1197971',1134,,12138,95,,,0
105019,'1198112',654,,12139,95,,,0
105019,'1198338',1138,,12140,95,,,0
105019,'1198380',2252,,12141,95,,,0
105019,'1198385',1749,,12142,95,,,0
105019,'1198553',1349,,12143,95,,,0
105019,'1198560',2052,,12144,95,,,0
105019,'1198571',1652,,12145,95,,,0
105019,'1198621',801,,12146,95,,,0
105019,'1198667',1031,,12147,95,,,0
105019,'1198717',1604,,12148,95,,,0
105019,'1198741',931,,12149,95,,,0
105019,'1198746',1919,,12150,95,,,0
105019,'1198889',724,,12151,95,,,0
105019,'1199004',1452,,12152,95,,,0
105019,'1199054',1704,,12153,95,,,0
105019,'1199098',901,,12154,95,,,0
105019,'1199298',2423,,12155,95,,,0
105019,'1199347',2337,,12156,95,,,0
105019,'1199383',2323,,12157,95,,,0
105019,'1199400',1738,,12158,95,,,0
105019,'1199461',1852,,12159,95,,,0
105019,'1199511',1838,,12160,95,,,0
105019,'1199546',2137,,12161,95,,,0
105019,'1199574',1938,,12162,95,,,0
106029,'1196836',1621,,12215,26,,,0
106029,'1196851',1736,,12216,26,,,0
106029,'1197042',1019,,12217,26,,,0
106029,'1197408',1851,,12218,26,,,0
106029,'1198086',749,,12219,26,,,0
106029,'1198615',904,,12220,26,,,0
