105029,'1196840',2317,,12163,51,,,0
105029,'1196987',1032,,12164,51,,,0
105029,'1196996',1704,,12165,51,,,0
105029,'1197020',1547,,12166,51,,,0
105029,'1197097',1804,,12167,51,,,0
105029,'1197137',2030,,12168,51,,,0
105029,'1197220',2017,,12169,51,,,0
105029,'1197228',1519,,12170,51,,,0
105029,'1197231',747,,12171,51,,,0
105029,'1197439',1147,,12172,51,,,0
105029,'1197501',1947,,12173,51,,,0
105029,'1197522',2147,,12174,51,,,0
105029,'1197561',1019,,12175,51,,,0
105029,'1197638',947,,12176,51,,,0
105029,'1197840',2117,,12177,51,,,0
105029,'1197853',2217,,12178,51,,,0
105029,'1197918',1847,,12179,51,,,0
105029,'1197968',2347,,12180,51,,,0
105029,'1198013',1347,,12181,51,,,0
105029,'1198037',1119,,12182,51,,,0
105029,'1198064',1832,,12183,51,,,0
105029,'1198187',1232,,12184,51,,,0
105029,'1198214',1747,,12185,51,,,0
105029,'1198417',1332,,12186,51,,,0
105029,'1198447',1734,,12187,51,,,0
105029,'1198529',1532,,12188,51,,,0
105029,'1198616',717,,12189,51,,,0
105029,'1198625',1634,,12190,51,,,0
105029,'1198711',1334,,12191,51,,,0
105029,'1198718',1549,,12192,51,,,0
105029,'1198725',1732,,12193,51,,,0
105029,'1198779',830,,12194,51,,,0
105029,'1198918',1432,,12195,51,,,0
105029,'1198922',2422,,12196,51,,,0
105029,'1198923',647,,12197,51,,,0
105029,'1199012',630,,12198,51,,,0
105029,'1199037',1419,,12199,51,,,0
105029,'1199107',1449,,12200,51,,,0
105029,'1199124',2430,,12201,51,,,0
105029,'1199144',1234,,12202,51,,,0
105029,'1199148',747,,12203,51,,,0
105029,'1199220',1132,,12204,51,,,0
105029,'1199470',2230,,12205,51,,,0
105029,'1199473',917,,12206,51,,,0
105029,'1199604',817,,12207,51,,,0
105029,'1199607',1632,,12208,51,,,0
