10019,'1196894',2057,,10329,33,,,0
10019,'1196915',1657,,10330,33,,,0
10019,'1196923',1057,,10331,33,,,0
10019,'1197054',2227,,10332,33,,,0
10019,'1197091',1457,,10333,33,,,0
10019,'1197121',1058,,10334,33,,,0
10019,'1197207',957,,10335,33,,,0
10019,'1197335',827,,10336,33,,,0
10019,'1197345',2127,,10337,33,,,0
10019,'1197397',1458,,10338,33,,,0
10019,'1197418',2357,,10339,33,,,0
10019,'1197505',1557,,10340,33,,,0
10019,'1197587',927,,10341,33,,,0
10019,'1197595',1057,,10342,33,,,0
10019,'1197737',1358,,10343,33,,,0
10019,'1197756',1857,,10344,33,,,0
10019,'1197759',1528,,10345,33,,,0
10019,'1197766',2257,,10346,33,,,0
10019,'1197915',1957,,10347,33,,,0
10019,'1197927',757,,10348,33,,,0
10019,'1197935',657,,10349,33,,,0
10019,'1197985',957,,10350,33,,,0
10019,'1198010',1827,,10351,33,,,0
10019,'1198016',1957,,10352,33,,,0
10019,'1198164',657,,10353,33,,,0
10019,'1198167',1557,,10354,33,,,0
10019,'1198226',1357,,10355,33,,,0
10019,'1198257',1457,,10356,33,,,0
10019,'1198280',2327,,10357,33,,,0
10019,'1198300',1558,,10358,33,,,0
10019,'1198361',2157,,10359,33,,,0
10019,'1198366',857,,10360,33,,,0
10019,'1198390',1857,,10361,33,,,0
10019,'1198410',1757,,10362,33,,,0
10019,'1198440',757,,10363,33,,,0
10019,'1198475',1157,,10364,33,,,0
10019,'1198480',2157,,10365,33,,,0
10019,'1198509',628,,10366,33,,,0
10019,'1198520',1257,,10367,33,,,0
10019,'1198542',2357,,10368,33,,,0
10019,'1198583',2257,,10369,33,,,0
10019,'1198726',1927,,10370,33,,,0
10019,'1198809',857,,10371,33,,,0
10019,'1198815',1657,,10372,33,,,0
10019,'1198881',1628,,10373,33,,,0
10019,'1198903',857,,10374,33,,,0
10019,'1198955',1158,,10375,33,,,0
10019,'1198962',1658,,10376,33,,,0
10019,'1198993',1157,,10377,33,,,0
10019,'1199007',2057,,10378,33,,,0
10019,'1199032',1357,,10379,33,,,0
10019,'1199053',1758,,10380,33,,,0
10019,'1199056',1757,,10381,33,,,0
10019,'1199257',1728,,10382,33,,,0
10019,'1199300',1257,,10383,33,,,0
10019,'1199321',957,,10384,33,,,0
10019,'1199323',2027,,10385,33,,,0
10019,'1199353',1258,,10386,33,,,0
10019,'1199424',727,,10387,33,,,0
10019,'1199598',757,,10388,33,,,0
