24019,'1190647',1207,,8361,8,,,0
24019,'1191048',605,,8365,8,,,0
24019,'1191082',2135,,8366,8,,,0
24019,'1191137',1537,,8368,8,,,0
24019,'1191141',1307,,8369,8,,,0
24019,'1191142',1407,,8370,8,,,0
24019,'1191201',1506,,8373,8,,,0
24019,'1191254',2035,,8374,8,,,0
24019,'1191255',1605,,8375,8,,,0
24019,'1191295',1905,,8376,8,,,0
24019,'1191545',2205,,8379,8,,,0
24019,'1191590',1106,,8380,8,,,0
24019,'1191601',805,,8381,8,,,0
24019,'1191611',1935,,8382,8,,,0
24019,'1191656',1206,,8383,8,,,0
24019,'1191707',705,,8384,8,,,0
24019,'1191927',2235,,8385,8,,,0
24019,'1191985',1607,,8387,8,,,0
24019,'1191988',2005,,8388,8,,,0
24019,'1192102',1406,,8389,8,,,0
24019,'1192138',1306,,8390,8,,,0
24019,'1192209',906,,8392,8,,,0
24019,'1192332',905,,8395,8,,,0
24019,'1192336',2355,,8396,8,,,0
24019,'1192345',1835,,8397,8,,,0
24019,'1192408',1637,,8398,8,,,0
24019,'1192447',1437,,8399,8,,,0
24019,'1192487',1707,,8401,8,,,0
24019,'1192521',805,,8402,8,,,0
24019,'1192603',635,,8403,8,,,0
24019,'1192660',705,,8404,8,,,0
24019,'1192685',2305,,8405,8,,,0
24019,'1192701',1507,,8406,8,,,0
24019,'1192783',735,,8408,8,,,0
24019,'1192879',1805,,8409,8,,,0
24019,'1192911',935,,8410,8,,,0
24019,'1192935',1737,,8411,8,,,0
24019,'1192971',2105,,8413,8,,,0
24019,'1193067',835,,8415,8,,,0
24019,'1193077',1006,,8416,8,,,0
24019,'1193230',1705,,8418,8,,,0
24019,'1193296',1107,,8419,8,,,0
24019,'1193299',1005,,8420,8,,,0
