10029,'1193661',1523,,7624,16,,,0
10029,'1193662',1123,,7625,16,,,0
10029,'1193664',2023,,7626,16,,,0
10029,'1193666',1323,,7627,16,,,0
10029,'1193669',2323,,7628,16,,,0
10029,'1193670',1623,,7629,16,,,0
10029,'1193672',852,,7631,16,,,0
10029,'1193673',2123,,7632,16,,,0
10029,'1193674',1423,,7633,16,,,0
10029,'1193676',1853,,7634,16,,,0
10029,'1193677',723,,7635,16,,,0
10029,'1193684',1723,,7637,16,,,0
10029,'1193685',1022,,7638,16,,,0
10029,'1193688',922,,7639,16,,,0
10029,'1193689',752,,7640,16,,,0
10029,'1193690',1953,,7641,16,,,0
10029,'1193692',2223,,7642,16,,,0
10029,'1193693',923,,7643,16,,,0
10029,'1193694',1322,,7644,16,,,0
10029,'1193695',652,,7645,16,,,0
10029,'1193696',622,,7646,16,,,0
10029,'1193699',2053,,7647,16,,,0
10029,'1193706',823,,7650,16,,,0
10029,'1193712',1823,,7651,16,,,0
10029,'1193713',2252,,7652,16,,,0
10029,'1193716',1923,,7654,16,,,0
10029,'1193719',1422,,7655,16,,,0
10029,'1193721',1023,,7656,16,,,0
10029,'1193726',1723,,7659,16,,,0
10029,'1193727',822,,7660,16,,,0
10029,'1193728',722,,7661,16,,,0
10029,'1193736',2357,,7663,16,,,0
10029,'1193741',2153,,7664,16,,,0
10029,'1193744',1452,,7666,16,,,0
10029,'1193745',1553,,7667,16,,,0
10029,'1193746',1122,,7668,16,,,0
10029,'1193757',1222,,7673,16,,,0
10029,'1193760',1223,,7675,16,,,0
10029,'1193762',1523,,7676,16,,,0
10029,'1193763',1653,,7677,16,,,0
10029,'1193777',1753,,7681,16,,,0
10029,'1193778',1623,,7682,16,,,0
