105019,'1196946',919,,12117,66,,,0
105019,'1197049',1829,,12118,66,,,0
105019,'1197077',607,,12119,66,,,0
105019,'1197115',1214,,12120,66,,,0
105019,'1197131',719,,12121,66,,,0
105019,'1197173',1221,,12122,66,,,0
105019,'1197181',1037,,12123,66,,,0
105019,'1197192',2206,,12124,66,,,0
105019,'1197197',1514,,12125,66,,,0
105019,'1197292',1321,,12126,66,,,0
105019,'1197296',1614,,12127,66,,,0
105019,'1197531',1421,,12128,66,,,0
105019,'1197548',1936,,12129,66,,,0
105019,'1197557',1621,,12130,66,,,0
105019,'1197588',837,,12131,66,,,0
105019,'1197596',2106,,12132,66,,,0
105019,'1197617',1521,,12133,66,,,0
105019,'1197633',1237,,12134,66,,,0
105019,'1197710',811,,12135,66,,,0
105019,'1197779',1759,,12136,66,,,0
105019,'1197825',1429,,12137,66,,,0
105019,'1197971',1114,,12138,66,,,0
105019,'1198112',637,,12139,66,,,0
105019,'1198338',1121,,12140,66,,,0
105019,'1198380',2237,,12141,66,,,0
105019,'1198385',1729,,12142,66,,,0
105019,'1198553',1329,,12143,66,,,0
105019,'1198560',2037,,12144,66,,,0
105019,'1198571',1637,,12145,66,,,0
105019,'1198621',741,,12146,66,,,0
105019,'1198667',1011,,12147,66,,,0
105019,'1198717',1544,,12148,66,,,0
105019,'1198741',911,,12149,66,,,0
105019,'1198746',1859,,12150,66,,,0
105019,'1198889',707,,12151,66,,,0
105019,'1199004',1437,,12152,66,,,0
105019,'1199054',1644,,12153,66,,,0
105019,'1199098',841,,12154,66,,,0
105019,'1199298',2406,,12155,66,,,0
105019,'1199347',2319,,12156,66,,,0
105019,'1199383',2306,,12157,66,,,0
105019,'1199400',1721,,12158,66,,,0
105019,'1199461',1837,,12159,66,,,0
105019,'1199511',1821,,12160,66,,,0
105019,'1199546',2119,,12161,66,,,0
105019,'1199574',1921,,12162,66,,,0
106029,'1196836',1617,,12215,17,,,0
106029,'1196851',1732,,12216,17,,,0
106029,'1197042',1015,,12217,17,,,0
106029,'1197408',1847,,12218,17,,,0
106029,'1198086',745,,12219,17,,,0
106029,'1198615',900,,12220,17,,,0
