12019,'1196839',2115,,10650,1,,,0
12019,'1196874',1115,,10651,1,,,0
12019,'1196885',1615,,10652,1,,,0
12019,'1196887',1545,,10653,1,,,0
12019,'1196940',1315,,10654,1,,,0
12019,'1196983',1915,,10655,1,,,0
12019,'1197026',2215,,10656,1,,,0
12019,'1197080',1815,,10657,1,,,0
12019,'1197104',1845,,10658,1,,,0
12019,'1197223',1745,,10659,1,,,0
12019,'1197306',1145,,10660,1,,,0
12019,'1197322',745,,10661,1,,,0
12019,'1197334',1615,,10662,1,,,0
12019,'1197339',1745,,10663,1,,,0
12019,'1197433',945,,10664,1,,,0
12019,'1197490',1645,,10665,1,,,0
12019,'1197525',1545,,10666,1,,,0
12019,'1197602',845,,10667,1,,,0
12019,'1197615',1215,,10668,1,,,0
12019,'1197664',1745,,10669,1,,,0
12019,'1197701',2345,,10670,1,,,0
12019,'1197765',2345,,10671,1,,,0
12019,'1197813',1045,,10672,1,,,0
12019,'1197824',1245,,10673,1,,,0
12019,'1197891',2045,,10674,1,,,0
12019,'1197911',1945,,10675,1,,,0
12019,'1197945',1845,,10676,1,,,0
12019,'1197989',1445,,10677,1,,,0
12019,'1197991',1145,,10678,1,,,0
12019,'1198031',645,,10679,1,,,0
12019,'1198072',1345,,10680,1,,,0
12019,'1198097',1545,,10681,1,,,0
12019,'1198121',1645,,10682,1,,,0
12019,'1198127',1045,,10683,1,,,0
12019,'1198171',2145,,10684,1,,,0
12019,'1198224',2245,,10685,1,,,0
12019,'1198250',1315,,10686,1,,,0
12019,'1198260',1415,,10687,1,,,0
12019,'1198263',915,,10688,1,,,0
12019,'1198283',1515,,10689,1,,,0
12019,'1198358',1445,,10690,1,,,0
12019,'1198421',845,,10691,1,,,0
12019,'1198427',1215,,10692,1,,,0
12019,'1198442',1715,,10693,1,,,0
12019,'1198497',2145,,10694,1,,,0
12019,'1198582',845,,10695,1,,,0
12019,'1198588',615,,10696,1,,,0
12019,'1198592',1715,,10697,1,,,0
12019,'1198618',1045,,10698,1,,,0
12019,'1198712',1145,,10699,1,,,0
12019,'1198727',1345,,10700,1,,,0
12019,'1198773',1345,,10701,1,,,0
12019,'1198774',1115,,10702,1,,,0
12019,'1198819',2315,,10703,1,,,0
12019,'1198842',945,,10704,1,,,0
12019,'1198884',1945,,10705,1,,,0
12019,'1198912',745,,10706,1,,,0
12019,'1198945',945,,10707,1,,,0
12019,'1199167',715,,10708,1,,,0
12019,'1199197',2045,,10709,1,,,0
12019,'1199223',1245,,10710,1,,,0
12019,'1199224',647,,10711,1,,,0
12019,'1199251',1015,,10712,1,,,0
12019,'1199291',1515,,10713,1,,,0
12019,'1199315',1245,,10714,1,,,0
12019,'1199416',2245,,10715,1,,,0
12019,'1199495',1415,,10716,1,,,0
12019,'1199513',815,,10717,1,,,0
12019,'1199578',1445,,10718,1,,,0
12019,'1199610',2015,,10719,1,,,0
12019,'1199616',745,,10720,1,,,0
12019,'1199625',1645,,10721,1,,,0
12029,'1196881',1143,,10722,43,4,,0
12029,'1196886',1713,,10723,43,4,,0
12029,'1196921',842,,10724,43,4,,0
12029,'1196925',1643,,10725,43,4,,0
12029,'1197005',2417,,10726,43,4,,0
12029,'1197009',2342,,10727,43,4,,0
12029,'1197092',1812,,10728,43,4,,0
12029,'1197112',913,,10729,43,4,,0
12029,'1197136',2312,,10730,43,4,,0
12029,'1197164',743,,10731,43,4,,0
12029,'1197202',1543,,10732,43,4,,0
12029,'1197246',1413,,10733,43,4,,0
12029,'1197415',1113,,10734,43,4,,0
12029,'1197416',1543,,10735,43,4,,0
12029,'1197484',1942,,10736,43,4,,0
12029,'1197496',2212,,10737,43,4,,0
12029,'1197608',1213,,10738,43,4,,0
12029,'1197678',1842,,10739,43,4,,0
12029,'1197742',1343,,10740,43,4,,0
12029,'1197777',2342,,10741,43,4,,0
12029,'1197790',2242,,10742,43,4,,0
12029,'1197947',1742,,10743,43,4,,0
12029,'1198008',1413,,10744,43,4,,0
12029,'1198017',1912,,10745,43,4,,0
12029,'1198020',1743,,10746,43,4,,0
12029,'1198024',943,,10747,43,4,,0
12029,'1198092',1842,,10748,43,4,,0
12029,'1198139',1613,,10749,43,4,,0
12029,'1198185',1213,,10750,43,4,,0
12029,'1198205',843,,10751,43,4,,0
12029,'1198239',1013,,10752,43,4,,0
12029,'1198318',742,,10753,43,4,,0
12029,'1198336',1143,,10754,43,4,,0
12029,'1198360',1042,,10755,43,4,,0
12029,'1198400',742,,10756,43,4,,0
12029,'1198511',2242,,10757,43,4,,0
12029,'1198528',1542,,10758,43,4,,0
12029,'1198538',1443,,10759,43,4,,0
12029,'1198556',2112,,10760,43,4,,0
12029,'1198681',1942,,10761,43,4,,0
12029,'1198731',2042,,10762,43,4,,0
12029,'1198732',1343,,10763,43,4,,0
12029,'1198745',2142,,10764,43,4,,0
12029,'1198748',942,,10765,43,4,,0
12029,'1198775',1043,,10766,43,4,,0
12029,'1198818',1743,,10767,43,4,,0
12029,'1198856',1142,,10768,43,4,,0
12029,'1198877',1313,,10769,43,4,,0
12029,'1198898',842,,10770,43,4,,0
12029,'1198947',643,,10771,43,4,,0
12029,'1198959',1243,,10772,43,4,,0
12029,'1198976',1713,,10773,43,4,,0
12029,'1199093',1513,,10774,43,4,,0
12029,'1199207',1513,,10775,43,4,,0
12029,'1199281',1342,,10776,43,4,,0
12029,'1199325',1643,,10777,43,4,,0
12029,'1199340',1113,,10778,43,4,,0
12029,'1199357',1443,,10779,43,4,,0
12029,'1199382',813,,10780,43,4,,0
12029,'1199384',942,,10781,43,4,,0
12029,'1199423',2012,,10782,43,4,,0
12029,'1199437',1442,,10783,43,4,,0
12029,'1199445',2042,,10784,43,4,,0
12029,'1199457',1642,,10785,43,4,,0
12029,'1199487',1043,,10786,43,4,,0
12029,'1199500',713,,10787,43,4,,0
12029,'1199501',1613,,10788,43,4,,0
12029,'1199531',1243,,10789,43,4,,0
12029,'1199556',2142,,10790,43,4,,0
12029,'1199590',1313,,10791,43,4,,0
12029,'1199639',1242,,10792,43,4,,0
102019,'1197016',2150,,11865,1,,,0
102019,'1197206',1805,,11866,1,,,0
102019,'1197235',850,,11867,1,,,0
102019,'1197240',720,,11868,1,,,0
102019,'1197255',1320,,11869,1,,,0
102019,'1197609',905,,11870,1,,,0
102019,'1197643',1450,,11871,1,,,0
102019,'1197656',1850,,11872,1,,,0
102019,'1197775',1550,,11873,1,,,0
102019,'1197973',635,,11874,1,,,0
102019,'1197982',1750,,11875,1,,,0
102019,'1198067',650,,11876,1,,,0
102019,'1198088',2235,,11877,1,,,0
102019,'1198122',1920,,11878,1,,,0
102019,'1198163',1020,,11879,1,,,0
102019,'1198211',805,,11880,1,,,0
102019,'1198279',1120,,11881,1,,,0
102019,'1198403',1035,,11882,1,,,0
102019,'1198424',1420,,11883,1,,,0
102019,'1198486',950,,11884,1,,,0
102019,'1198508',1505,,11885,1,,,0
102019,'1198523',1250,,11886,1,,,0
102019,'1198532',1205,,11887,1,,,0
102019,'1198591',2220,,11888,1,,,0
102019,'1198661',1620,,11889,1,,,0
102019,'1198730',2050,,11890,1,,,0
102019,'1198749',2020,,11891,1,,,0
102019,'1198805',1935,,11892,1,,,0
102019,'1198848',1635,,11893,1,,,0
102019,'1198865',2320,,11894,1,,,0
102019,'1199016',2105,,11895,1,,,0
102019,'1199130',2350,,11896,1,,,0
102019,'1199199',935,,11897,1,,,0
102019,'1199205',1150,,11898,1,,,0
102019,'1199328',1335,,11899,1,,,0
102019,'1199348',1720,,11900,1,,,0
102019,'1199363',1705,,11901,1,,,0
102019,'1199433',1535,,11902,1,,,0
102019,'1199474',550,,11903,1,,,0
102019,'1199507',820,,11904,1,,,0
102019,'1199572',1405,,11905,1,,,0
102019,'1199618',735,,11906,1,,,0
102029,'1199488',644,,11947,27,4,,0
103029,'1196853',1455,,11989,32,4,,0
103029,'1196867',1325,,11990,32,4,,0
103029,'1196892',1755,,11991,32,4,,0
103029,'1196973',1747,,11992,32,4,,0
103029,'1197031',1418,,11993,32,4,,0
103029,'1197085',2055,,11994,32,4,,0
103029,'1197108',1925,,11995,32,4,,0
103029,'1197233',1015,,11996,32,4,,0
103029,'1197315',1248,,11997,32,4,,0
103029,'1197321',1118,,11998,32,4,,0
103029,'1197346',1447,,11999,32,4,,0
103029,'1197499',1847,,12000,32,4,,0
103029,'1197743',816,,12001,32,4,,0
103029,'1197784',947,,12002,32,4,,0
103029,'1197852',1317,,12003,32,4,,0
103029,'1198282',1147,,12004,32,4,,0
103029,'1198444',1548,,12005,32,4,,0
103029,'1198568',715,,12006,32,4,,0
103029,'1198723',2017,,12007,32,4,,0
103029,'1198855',845,,12008,32,4,,0
103029,'1198880',1532,,12009,32,4,,0
103029,'1198882',646,,12010,32,4,,0
103029,'1198911',2146,,12011,32,4,,0
103029,'1198914',1702,,12012,32,4,,0
103029,'1198921',855,,12013,32,4,,0
103029,'1198928',800,,12014,32,4,,0
103029,'1198990',930,,12015,32,4,,0
103029,'1199021',1625,,12016,32,4,,0
103029,'1199109',2315,,12017,32,4,,0
103029,'1199145',2225,,12018,32,4,,0
103029,'1199146',1155,,12019,32,4,,0
103029,'1199172',2215,,12020,32,4,,0
103029,'1199215',2345,,12021,32,4,,0
103029,'1199475',1915,,12022,32,4,,0
103029,'1199565',1025,,12023,32,4,,0
103029,'1199579',1617,,12024,32,4,,0
103029,'1199581',2045,,12025,32,4,,0
103029,'1199593',1718,,12026,32,4,,0
