104029,'1196835',1958,,12074,17,,,0
104029,'1196857',758,,12075,17,,,0
104029,'1196889',758,,12076,17,,,0
104029,'1196928',1743,,12077,17,,,0
104029,'1197002',643,,12078,17,,,0
104029,'1197045',1539,,12079,17,,,0
104029,'1197133',828,,12080,17,,,0
104029,'1197341',1239,,12081,17,,,0
104029,'1197454',1758,,12082,17,,,0
104029,'1197461',713,,12083,17,,,0
104029,'1197467',2158,,12084,17,,,0
104029,'1197481',558,,12085,17,,,0
104029,'1197553',2128,,12086,17,,,0
104029,'1197574',913,,12087,17,,,0
104029,'1197583',2143,,12088,17,,,0
104029,'1197794',1758,,12089,17,,,0
104029,'1197965',1358,,12090,17,,,0
104029,'1197979',1528,,12091,17,,,0
104029,'1198234',1028,,12092,17,,,0
104029,'1198287',1624,,12093,17,,,0
104029,'1198288',1154,,12094,17,,,0
104029,'1198449',1258,,12095,17,,,0
104029,'1198458',1913,,12096,17,,,0
104029,'1198510',943,,12097,17,,,0
104029,'1198521',758,,12098,17,,,0
104029,'1198558',1643,,12099,17,,,0
104029,'1198578',1709,,12100,17,,,0
104029,'1198686',1409,,12101,17,,,0
104029,'1198694',1454,,12102,17,,,0
104029,'1198755',958,,12103,17,,,0
104029,'1198909',1158,,12104,17,,,0
104029,'1198979',1143,,12105,17,,,0
104029,'1199045',2258,,12106,17,,,0
104029,'1199127',2258,,12107,17,,,0
104029,'1199159',1324,,12108,17,,,0
104029,'1199181',913,,12109,17,,,0
104029,'1199193',1558,,12110,17,,,0
104029,'1199356',1413,,12111,17,,,0
104029,'1199360',2028,,12112,17,,,0
104029,'1199374',643,,12113,17,,,0
104029,'1199380',1028,,12114,17,,,0
104029,'1199442',1828,,12115,17,,,0
104029,'1199577',1958,,12116,17,,,0
