104019,'1197815',2345,,12041,3,,,0
104019,'1198490',2421,,12054,3,,,0
104019,'1199025',2401,,12063,3,,,0
104029,'1196835',1946,,12074,3,,,0
104029,'1196857',746,,12075,3,,,0
104029,'1196889',745,,12076,3,,,0
104029,'1196928',1731,,12077,3,,,0
104029,'1197002',631,,12078,3,,,0
104029,'1197045',1524,,12079,3,,,0
104029,'1197133',816,,12080,3,,,0
104029,'1197341',1224,,12081,3,,,0
104029,'1197454',1745,,12082,3,,,0
104029,'1197461',701,,12083,3,,,0
104029,'1197467',2145,,12084,3,,,0
104029,'1197481',546,,12085,3,,,0
104029,'1197553',2116,,12086,3,,,0
104029,'1197574',901,,12087,3,,,0
104029,'1197583',2131,,12088,3,,,0
104029,'1197794',1746,,12089,3,,,0
104029,'1197965',1345,,12090,3,,,0
104029,'1197979',1516,,12091,3,,,0
104029,'1198234',1016,,12092,3,,,0
104029,'1198287',1609,,12093,3,,,0
104029,'1198288',1139,,12094,3,,,0
104029,'1198449',1246,,12095,3,,,0
104029,'1198458',1901,,12096,3,,,0
104029,'1198510',931,,12097,3,,,0
104029,'1198521',746,,12098,3,,,0
104029,'1198558',1631,,12099,3,,,0
104029,'1198578',1654,,12100,3,,,0
104029,'1198686',1354,,12101,3,,,0
104029,'1198694',1439,,12102,3,,,0
104029,'1198755',945,,12103,3,,,0
104029,'1198909',1145,,12104,3,,,0
104029,'1198979',1131,,12105,3,,,0
104029,'1199045',2246,,12106,3,,,0
104029,'1199127',2246,,12107,3,,,0
104029,'1199159',1309,,12108,3,,,0
104029,'1199181',901,,12109,3,,,0
104029,'1199193',1545,,12110,3,,,0
104029,'1199356',1401,,12111,3,,,0
104029,'1199360',2016,,12112,3,,,0
104029,'1199374',631,,12113,3,,,0
104029,'1199380',1016,,12114,3,,,0
104029,'1199442',1816,,12115,3,,,0
104029,'1199577',1945,,12116,3,,,0
