105019,'1196946',909,,12117,46,,,0
105019,'1197049',1818,,12118,46,,,0
105019,'1197077',556,,12119,46,,,0
105019,'1197115',1203,,12120,46,,,0
105019,'1197131',709,,12121,46,,,0
105019,'1197173',1211,,12122,46,,,0
105019,'1197181',1028,,12123,46,,,0
105019,'1197192',2156,,12124,46,,,0
105019,'1197197',1503,,12125,46,,,0
105019,'1197292',1311,,12126,46,,,0
105019,'1197296',1603,,12127,46,,,0
105019,'1197531',1411,,12128,46,,,0
105019,'1197548',1926,,12129,46,,,0
105019,'1197557',1611,,12130,46,,,0
105019,'1197588',828,,12131,46,,,0
105019,'1197596',2056,,12132,46,,,0
105019,'1197617',1511,,12133,46,,,0
105019,'1197633',1228,,12134,46,,,0
105019,'1197710',800,,12135,46,,,0
105019,'1197779',1748,,12136,46,,,0
105019,'1197825',1418,,12137,46,,,0
105019,'1197971',1103,,12138,46,,,0
105019,'1198112',626,,12139,46,,,0
105019,'1198338',1111,,12140,46,,,0
105019,'1198380',2228,,12141,46,,,0
105019,'1198385',1718,,12142,46,,,0
105019,'1198553',1318,,12143,46,,,0
105019,'1198560',2028,,12144,46,,,0
105019,'1198571',1628,,12145,46,,,0
105019,'1198621',730,,12146,46,,,0
105019,'1198667',1000,,12147,46,,,0
105019,'1198717',1533,,12148,46,,,0
105019,'1198741',900,,12149,46,,,0
105019,'1198746',1848,,12150,46,,,0
105019,'1198889',656,,12151,46,,,0
105019,'1199004',1428,,12152,46,,,0
105019,'1199054',1633,,12153,46,,,0
105019,'1199098',830,,12154,46,,,0
105019,'1199298',2356,,12155,46,,,0
105019,'1199347',2309,,12156,46,,,0
105019,'1199383',2256,,12157,46,,,0
105019,'1199400',1711,,12158,46,,,0
105019,'1199461',1828,,12159,46,,,0
105019,'1199511',1811,,12160,46,,,0
105019,'1199546',2109,,12161,46,,,0
105019,'1199574',1911,,12162,46,,,0
