27029,'1196843',1907,,11585,10,,,0
27029,'1196859',2107,,11586,10,,,0
27029,'1196865',852,,11587,10,,,0
27029,'1196870',737,,11588,10,,,0
27029,'1196893',1852,,11589,10,,,0
27029,'1196942',1337,,11590,10,,,0
27029,'1196964',1037,,11591,10,,,0
27029,'1197001',952,,11592,10,,,0
27029,'1197057',1237,,11593,10,,,0
27029,'1197063',2252,,11594,10,,,0
27029,'1197118',1052,,11595,10,,,0
27029,'1197126',2307,,11596,10,,,0
27029,'1197166',2207,,11597,10,,,0
27029,'1197167',1937,,11598,10,,,0
27029,'1197214',1437,,11599,10,,,0
27029,'1197280',1137,,11600,10,,,0
27029,'1197364',2152,,11601,10,,,0
27029,'1197383',1352,,11602,10,,,0
27029,'1197443',1837,,11603,10,,,0
27029,'1197521',1637,,11604,10,,,0
27029,'1197550',1337,,11605,10,,,0
27029,'1197552',2037,,11606,10,,,0
27029,'1197559',737,,11607,10,,,0
27029,'1197626',1537,,11608,10,,,0
27029,'1197628',937,,11609,10,,,0
27029,'1197674',1952,,11610,10,,,0
27029,'1197691',1752,,11611,10,,,0
27029,'1197744',2337,,11612,10,,,0
27029,'1197837',1252,,11613,10,,,0
27029,'1198123',2052,,11614,10,,,0
27029,'1198136',1437,,11615,10,,,0
27029,'1198179',637,,11616,10,,,0
27029,'1198240',837,,11617,10,,,0
27029,'1198277',1137,,11618,10,,,0
27029,'1198367',2007,,11619,10,,,0
27029,'1198569',1737,,11620,10,,,0
27029,'1198593',937,,11621,10,,,0
27029,'1198736',637,,11622,10,,,0
27029,'1198833',1637,,11623,10,,,0
27029,'1198915',1237,,11624,10,,,0
27029,'1199039',1652,,11625,10,,,0
27029,'1199051',2137,,11626,10,,,0
27029,'1199087',1737,,11627,10,,,0
27029,'1199141',1152,,11628,10,,,0
27029,'1199160',1537,,11629,10,,,0
27029,'1199187',1837,,11630,10,,,0
27029,'1199254',752,,11631,10,,,0
27029,'1199263',1037,,11632,10,,,0
27029,'1199429',837,,11633,10,,,0
27029,'1199527',1452,,11634,10,,,0
27029,'1199570',2237,,11635,10,,,0
27029,'1199640',1552,,11636,10,,,0
