103019,'1191109',1852,,9127,15,,,0
103019,'1191130',1253,,9128,15,,,0
103019,'1191203',1723,,9130,15,,,0
103019,'1191247',2022,,9131,15,,,0
103019,'1191632',1523,,9134,15,,,0
103019,'1191705',2322,,9135,15,,,0
103019,'1191773',1423,,9136,15,,,0
103019,'1191800',1508,,9137,15,,,0
103019,'1191807',620,,9138,2,,,0
103019,'1191826',652,,9139,15,,,0
103019,'1191877',1123,,9141,15,,,0
103019,'1192012',2252,,9143,15,,,0
103019,'1192046',952,,9144,15,,,0
103019,'1192234',1553,,9146,15,,,0
103019,'1192444',822,,9147,15,,,0
103019,'1192450',1051,,9148,15,,,0
103019,'1192461',1822,,9149,15,,,0
103019,'1192624',907,,9150,15,,,0
103019,'1192801',921,,9151,15,,,0
103019,'1192848',751,,9152,15,,,0
103019,'1192864',2122,,9153,15,,,0
103019,'1192885',1952,,9154,15,,,0
103019,'1192886',1653,,9155,15,,,0
103019,'1192968',1638,,9157,15,,,0
103019,'1193060',737,,9159,15,,,0
103019,'1193217',2152,,9160,15,,,0
103019,'1193247',1353,,9161,15,,,0
103019,'1193317',1222,,9162,15,,,0
