11019,'1190643',1003,,7683,26,,,0
11019,'1190656',1535,,7684,26,,,0
11019,'1190734',2303,,7686,26,,,0
11019,'1190739',1135,,7687,26,,,0
11019,'1190806',703,,7688,26,,,0
11019,'1190863',1003,,7690,26,,,0
11019,'1190899',1605,,7691,26,,,0
11019,'1190901',1735,,7692,26,,,0
11019,'1190931',2003,,7693,26,,,0
11019,'1190935',2133,,7694,26,,,0
11019,'1191012',1805,,7695,26,,,0
11019,'1191105',1235,,7697,26,,,0
11019,'1191187',1305,,7699,26,,,0
11019,'1191230',733,,7700,26,,,0
11019,'1191238',1505,,7701,26,,,0
11019,'1191240',1705,,7702,26,,,0
11019,'1191293',2103,,7703,26,,,0
11019,'1191319',633,,7704,26,,,0
11019,'1191389',2233,,7705,26,,,0
11019,'1191427',1105,,7706,26,,,0
11019,'1191492',803,,7708,26,,,0
11019,'1191497',1705,,7709,26,,,0
11019,'1191624',1635,,7711,26,,,0
11019,'1191660',803,,7712,26,,,0
11019,'1191669',1735,,7713,26,,,0
11019,'1191675',903,,7714,26,,,0
11019,'1191680',2203,,7715,26,,,0
11019,'1191681',2403,,7716,26,,,0
11019,'1191687',833,,7717,26,,,0
11019,'1191719',1635,,7719,26,,,0
11019,'1191884',1205,,7722,26,,,0
11019,'1192002',1435,,7724,26,,,0
11019,'1192101',1235,,7726,26,,,0
11019,'1192175',1933,,7729,26,,,0
11019,'1192293',703,,7730,26,,,0
11019,'1192335',1805,,7731,26,,,0
11019,'1192404',1205,,7733,26,,,0
11019,'1192430',1903,,7735,26,,,0
11019,'1192493',1405,,7736,26,,,0
11019,'1192513',1305,,7737,26,,,0
11019,'1192569',1335,,7738,26,,,0
11019,'1192573',1335,,7739,26,,,0
11019,'1192733',903,,7740,26,,,0
11019,'1192768',2333,,7741,26,,,0
11019,'1192799',1405,,7742,26,,,0
11019,'1192975',1505,,7743,26,,,0
11019,'1193059',1605,,7744,26,,,0
11019,'1193066',1435,,7745,26,,,0
11019,'1193090',1833,,7746,26,,,0
11019,'1193120',933,,7747,26,,,0
11019,'1193180',1105,,7748,26,,,0
11019,'1193235',2033,,7749,26,,,0
11019,'1193239',1033,,7750,26,,,0
11019,'1193279',1535,,7753,26,,,0
