14019,'1190713',1403,,8090,37,,,0
14019,'1190978',1703,,8092,37,,,0
14019,'1191058',2300,,8093,37,,,0
14019,'1191115',801,,8095,37,,,0
14019,'1191156',1533,,8096,37,,,0
14019,'1191216',1403,,8098,37,,,0
14019,'1191434',1000,,8102,37,,,0
14019,'1191451',1001,,8103,37,,,0
14019,'1191488',1303,,8104,37,,,0
14019,'1191517',701,,8105,37,,,0
14019,'1191609',2331,,8106,37,,,0
14019,'1191614',1831,,8107,37,,,0
14019,'1191636',1803,,8108,37,,,0
14019,'1191714',1203,,8109,37,,,0
14019,'1191747',1503,,8110,37,,,0
14019,'1191757',931,,8111,37,,,0
14019,'1191841',800,,8112,37,,,0
14019,'1191852',1931,,8113,37,,,0
14019,'1191970',2200,,8114,37,,,0
14019,'1191991',2100,,8115,37,,,0
14019,'1192119',2231,,8117,37,,,0
14019,'1192156',1603,,8118,37,,,0
14019,'1192341',731,,8121,37,,,0
14019,'1192538',1703,,8124,37,,,0
14019,'1192564',2400,,8125,37,,,0
14019,'1192713',1900,,8130,37,,,0
14019,'1192727',1303,,8131,37,,,0
14019,'1192788',1503,,8132,37,,,0
14019,'1192791',1203,,8133,37,,,0
14019,'1192803',831,,8134,37,,,0
14019,'1192837',901,,8136,37,,,0
14019,'1192840',1633,,8137,37,,,0
14019,'1192863',2131,,8138,37,,,0
14019,'1192916',2000,,8139,37,,,0
14019,'1192927',900,,8140,37,,,0
14019,'1192946',2031,,8141,37,,,0
14019,'1192962',1103,,8142,37,,,0
14019,'1192987',1803,,8143,37,,,0
14019,'1193071',1103,,8144,37,,,0
14019,'1193088',1733,,8145,37,,,0
14019,'1193127',1603,,8146,37,,,0
14019,'1193190',700,,8147,37,,,0
