14029,'1196849',1730,,10975,30,,,0
14029,'1196912',800,,10976,30,,,0
14029,'1197024',1530,,10977,30,,,0
14029,'1197041',2330,,10978,30,,,0
14029,'1197050',1629,,10979,30,,,0
14029,'1197119',1731,,10980,30,,,0
14029,'1197130',2229,,10981,30,,,0
14029,'1197219',1529,,10982,30,,,0
14029,'1197237',1329,,10983,30,,,0
14029,'1197250',630,,10984,30,,,0
14029,'1197265',1800,,10985,30,,,0
14029,'1197310',2230,,10986,30,,,0
14029,'1197323',1330,,10987,30,,,0
14029,'1197440',2129,,10988,30,,,0
14029,'1197456',1531,,10989,30,,,0
14029,'1197472',1129,,10990,30,,,0
14029,'1197493',1900,,10991,30,,,0
14029,'1197512',1631,,10992,30,,,0
14029,'1197515',1430,,10993,30,,,0
14029,'1197597',730,,10994,30,,,0
14029,'1197605',2300,,10995,30,,,0
14029,'1197639',1229,,10996,30,,,0
14029,'1197699',2000,,10997,30,,,0
14029,'1197717',1729,,10998,30,,,0
14029,'1197738',1029,,10999,30,,,0
14029,'1197809',1630,,11000,30,,,0
14029,'1197863',2405,,11001,30,,,0
14029,'1197882',1429,,11002,30,,,0
14029,'1197961',1230,,11003,30,,,0
14029,'1198040',1030,,11004,30,,,0
14029,'1198078',1130,,11005,30,,,0
14029,'1198100',900,,11006,30,,,0
14029,'1198198',2200,,11007,30,,,0
14029,'1198204',2100,,11008,30,,,0
14029,'1198269',700,,11009,30,,,0
14029,'1198326',929,,11010,30,,,0
14029,'1198404',730,,11011,30,,,0
14029,'1198426',2130,,11012,30,,,0
14029,'1198570',830,,11013,30,,,0
14029,'1198612',2329,,11014,30,,,0
14029,'1198728',829,,11015,30,,,0
14029,'1198772',1830,,11016,30,,,0
14029,'1198830',930,,11017,30,,,0
14029,'1198941',1131,,11018,30,,,0
14029,'1198956',1431,,11019,30,,,0
14029,'1199040',2030,,11020,30,,,0
14029,'1199065',1231,,11021,30,,,0
14029,'1199076',1829,,11022,30,,,0
14029,'1199083',1701,,11023,30,,,0
14029,'1199184',930,,11024,30,,,0
14029,'1199200',830,,11025,30,,,0
14029,'1199222',1601,,11026,30,,,0
14029,'1199266',1331,,11027,30,,,0
14029,'1199447',1930,,11028,30,,,0
14029,'1199472',2029,,11029,30,,,0
14029,'1199520',1031,,11030,30,,,0
14029,'1199554',729,,11031,30,,,0
14029,'1199573',1929,,11032,30,,,0
14029,'1199643',1501,,11033,30,,,0
