12029,'1196881',1129,,10722,26,,,0
12029,'1196886',1659,,10723,26,,,0
12029,'1196921',830,,10724,26,,,0
12029,'1196925',1629,,10725,26,,,0
12029,'1197005',2404,,10726,26,,,0
12029,'1197009',2329,,10727,26,,,0
12029,'1197092',1759,,10728,26,,,0
12029,'1197112',859,,10729,26,,,0
12029,'1197136',2259,,10730,26,,,0
12029,'1197164',729,,10731,26,,,0
12029,'1197202',1529,,10732,26,,,0
12029,'1197246',1359,,10733,26,,,0
12029,'1197415',1059,,10734,26,,,0
12029,'1197416',1529,,10735,26,,,0
12029,'1197484',1930,,10736,26,,,0
12029,'1197496',2159,,10737,26,,,0
12029,'1197608',1159,,10738,26,,,0
12029,'1197678',1830,,10739,26,,,0
12029,'1197742',1329,,10740,26,,,0
12029,'1197777',2330,,10741,26,,,0
12029,'1197790',2229,,10742,26,,,0
12029,'1197947',1730,,10743,26,,,0
12029,'1198008',1359,,10744,26,,,0
12029,'1198017',1859,,10745,26,,,0
12029,'1198020',1729,,10746,26,,,0
12029,'1198024',929,,10747,26,,,0
12029,'1198092',1829,,10748,26,,,0
12029,'1198139',1559,,10749,26,,,0
12029,'1198185',1159,,10750,26,,,0
12029,'1198205',829,,10751,26,,,0
12029,'1198239',959,,10752,26,,,0
12029,'1198318',730,,10753,26,,,0
12029,'1198336',1129,,10754,26,,,0
12029,'1198360',1030,,10755,26,,,0
12029,'1198400',729,,10756,26,,,0
12029,'1198511',2230,,10757,26,,,0
12029,'1198528',1530,,10758,26,,,0
12029,'1198538',1429,,10759,26,,,0
12029,'1198556',2059,,10760,26,,,0
12029,'1198681',1929,,10761,26,,,0
12029,'1198731',2029,,10762,26,,,0
12029,'1198732',1329,,10763,26,,,0
12029,'1198745',2130,,10764,26,,,0
12029,'1198748',930,,10765,26,,,0
12029,'1198775',1029,,10766,26,,,0
12029,'1198818',1729,,10767,26,,,0
12029,'1198856',1130,,10768,26,,,0
12029,'1198877',1259,,10769,26,,,0
12029,'1198898',829,,10770,26,,,0
12029,'1198947',629,,10771,26,,,0
12029,'1198959',1229,,10772,26,,,0
12029,'1198976',1659,,10773,26,,,0
12029,'1199093',1459,,10774,26,,,0
12029,'1199207',1459,,10775,26,,,0
12029,'1199281',1330,,10776,26,,,0
12029,'1199325',1629,,10777,26,,,0
12029,'1199340',1059,,10778,26,,,0
12029,'1199357',1429,,10779,26,,,0
12029,'1199382',759,,10780,26,,,0
12029,'1199384',929,,10781,26,,,0
12029,'1199423',1959,,10782,26,,,0
12029,'1199437',1430,,10783,26,,,0
12029,'1199445',2030,,10784,26,,,0
12029,'1199457',1630,,10785,26,,,0
12029,'1199487',1029,,10786,26,,,0
12029,'1199500',659,,10787,26,,,0
12029,'1199501',1559,,10788,26,,,0
12029,'1199531',1229,,10789,26,,,0
12029,'1199556',2129,,10790,26,,,0
12029,'1199590',1259,,10791,26,,,0
12029,'1199639',1230,,10792,26,,,0
