14019,'1196890',1819,,10916,11,,,0
14019,'1196970',2049,,10917,11,,,0
14019,'1196984',1347,,10918,11,,,0
14019,'1197073',2149,,10919,11,,,0
14019,'1197090',747,,10920,11,,,0
14019,'1197106',1720,,10921,11,,,0
14019,'1197152',1550,,10922,11,,,0
14019,'1197163',1649,,10923,11,,,0
14019,'1197189',1947,,10924,11,,,0
14019,'1197473',949,,10925,11,,,0
14019,'1197576',1147,,10926,11,,,0
14019,'1197578',1847,,10927,11,,,0
14019,'1197606',847,,10928,11,,,0
14019,'1197719',1549,,10929,11,,,0
14019,'1197768',1650,,10930,11,,,0
14019,'1197774',1249,,10931,11,,,0
14019,'1197807',649,,10932,11,,,0
14019,'1197857',1247,,10933,11,,,0
14019,'1197872',749,,10934,11,,,0
14019,'1197899',2319,,10935,11,,,0
14019,'1197912',1647,,10936,11,,,0
14019,'1197929',1349,,10937,11,,,0
14019,'1197946',1949,,10938,11,,,0
14019,'1198043',2349,,10939,11,,,0
14019,'1198056',1919,,10940,11,,,0
14019,'1198057',649,,10941,11,,,0
14019,'1198062',1547,,10942,11,,,0
14019,'1198118',2019,,10943,11,,,0
14019,'1198151',1447,,10944,11,,,0
14019,'1198161',1450,,10945,11,,,0
14019,'1198262',1449,,10946,11,,,0
14019,'1198285',2249,,10947,11,,,0
14019,'1198312',949,,10948,11,,,0
14019,'1198386',1849,,10949,11,,,0
14019,'1198412',1150,,10950,11,,,0
14019,'1198436',849,,10951,11,,,0
14019,'1198460',1050,,10952,11,,,0
14019,'1198507',849,,10953,11,,,0
14019,'1198513',1250,,10954,11,,,0
14019,'1198539',1049,,10955,11,,,0
14019,'1198751',2047,,10956,11,,,0
14019,'1198810',2347,,10957,11,,,0
14019,'1198859',1520,,10958,11,,,0
14019,'1198869',919,,10959,11,,,0
14019,'1198890',2147,,10960,11,,,0
14019,'1199036',719,,10961,11,,,0
14019,'1199048',749,,10962,11,,,0
14019,'1199075',819,,10963,11,,,0
14019,'1199084',1047,,10964,11,,,0
14019,'1199131',2119,,10965,11,,,0
14019,'1199280',2247,,10966,11,,,0
14019,'1199286',947,,10967,11,,,0
14019,'1199393',1350,,10968,11,,,0
14019,'1199441',1620,,10969,11,,,0
14019,'1199444',1749,,10970,11,,,0
14019,'1199523',1747,,10971,11,,,0
14019,'1199538',1750,,10972,11,,,0
14019,'1199568',2219,,10973,11,,,0
14019,'1199582',1149,,10974,11,,,0
