4019,'1197123',719,,10299,21,,,0
4019,'1197392',1518,,10300,21,,,0
4019,'1197520',919,,10301,21,,,0
4019,'1197788',1548,,10302,21,,,0
4019,'1197874',1348,,10303,21,,,0
4019,'1198006',849,,10304,21,,,0
4019,'1198332',1748,,10305,21,,,0
4019,'1198394',1448,,10306,21,,,0
4019,'1198409',819,,10307,21,,,0
4019,'1198799',1418,,10308,21,,,0
4019,'1198924',1718,,10309,21,,,0
4019,'1199002',948,,10310,21,,,0
4019,'1199239',1618,,10311,21,,,0
4019,'1199517',750,,10312,21,,,0
4019,'1199645',1648,,10313,21,,,0
