101019,'1197003',528,,11803,3,,,0
101019,'1197056',2108,,11804,3,,,0
101019,'1197144',2308,,11805,3,,,0
101019,'1197150',1508,,11806,3,,,0
101019,'1197356',1308,,11807,3,,,0
101019,'1197394',1508,,11808,3,,,0
101019,'1197485',708,,11809,3,,,0
101019,'1197542',1308,,11810,3,,,0
101019,'1197666',1028,,11811,3,,,0
101019,'1197703',2108,,11812,3,,,0
101019,'1197735',1128,,11813,3,,,0
101019,'1197816',1108,,11814,3,,,0
101019,'1197893',728,,11815,3,,,0
101019,'1198002',1708,,11816,3,,,0
101019,'1198014',708,,11817,3,,,0
101019,'1198130',928,,11818,3,,,0
101019,'1198162',1331,,11819,3,,,0
101019,'1198212',1908,,11820,3,,,0
101019,'1198408',2027,,11821,3,,,0
101019,'1198684',908,,11822,3,,,0
101019,'1198907',1908,,11823,3,,,0
101019,'1199079',2228,,11824,3,,,0
101019,'1199178',1731,,11825,3,,,0
101019,'1199186',1531,,11826,3,,,0
101019,'1199279',1708,,11827,3,,,0
101019,'1199401',908,,11828,3,,,0
101019,'1199471',1828,,11829,3,,,0
101019,'1199497',1108,,11830,3,,,0
101019,'1199519',828,,11831,3,,,0
101019,'1199566',1431,,11832,3,,,0
101019,'1199626',1631,,11833,3,,,0
