3029,'1196871',635,,10230,6,,,0
3029,'1196875',2349,,10231,6,,,0
3029,'1196902',1535,,10232,6,,,0
3029,'1196918',1135,,10233,6,,,0
3029,'1196929',749,,10234,6,,,0
3029,'1197004',2134,,10235,6,,,0
3029,'1197012',1435,,10236,6,,,0
3029,'1197066',1849,,10237,6,,,0
3029,'1197101',1305,,10238,6,,,0
3029,'1197253',1549,,10239,6,,,0
3029,'1197290',805,,10240,6,,,0
3029,'1197380',2149,,10241,6,,,0
3029,'1197402',1605,,10242,6,,,0
3029,'1197413',2034,,10243,6,,,0
3029,'1197417',1049,,10244,6,,,0
3029,'1197427',2205,,10245,6,,,0
3029,'1197507',2334,,10246,6,,,0
3029,'1197510',1805,,10247,6,,,0
3029,'1197558',1005,,10248,6,,,0
3029,'1197601',935,,10249,6,,,0
3029,'1197654',1149,,10250,6,,,0
3029,'1197697',1205,,10251,6,,,0
3029,'1197823',1235,,10252,6,,,0
3029,'1197828',1405,,10253,6,,,0
3029,'1197856',1635,,10254,6,,,0
3029,'1197870',1335,,10255,6,,,0
3029,'1197895',2105,,10256,6,,,0
3029,'1197903',1934,,10257,6,,,0
3029,'1197920',1249,,10258,6,,,0
3029,'1197958',2234,,10259,6,,,0
3029,'1197998',2135,,10260,6,,,0
3029,'1198039',1649,,10261,6,,,0
3029,'1198070',1735,,10262,6,,,0
3029,'1198115',949,,10263,6,,,0
3029,'1198165',1749,,10264,6,,,0
3029,'1198246',1535,,10265,6,,,0
3029,'1198281',1735,,10266,6,,,0
3029,'1198295',734,,10267,6,,,0
3029,'1198310',2235,,10268,6,,,0
3029,'1198321',1035,,10269,6,,,0
3029,'1198363',1235,,10270,6,,,0
3029,'1198395',735,,10271,6,,,0
3029,'1198434',1505,,10272,6,,,0
3029,'1198445',1135,,10273,6,,,0
3029,'1198462',2035,,10274,6,,,0
3029,'1198484',2249,,10275,6,,,0
3029,'1198500',1705,,10276,6,,,0
3029,'1198518',934,,10277,6,,,0
3029,'1198562',1349,,10278,6,,,0
3029,'1198577',1435,,10279,6,,,0
3029,'1198614',634,,10280,6,,,0
3029,'1198734',1835,,10281,6,,,0
3029,'1198836',835,,10282,6,,,0
3029,'1198936',1449,,10283,6,,,0
3029,'1198983',2049,,10284,6,,,0
3029,'1199061',834,,10285,6,,,0
3029,'1199094',1935,,10286,6,,,0
3029,'1199112',2332,,10287,6,,,0
3029,'1199231',1949,,10288,6,,,0
3029,'1199421',1635,,10289,6,,,0
3029,'1199431',1034,,10290,6,,,0
3029,'1199453',1834,,10291,6,,,0
3029,'1199460',1335,,10292,6,,,0
3029,'1199521',905,,10293,6,,,0
3029,'1199533',1905,,10294,6,,,0
3029,'1199547',705,,10295,6,,,0
3029,'1199601',1105,,10296,6,,,0
3029,'1199629',849,,10297,6,,,0
3029,'1199646',2005,,10298,6,,,0
4029,'1196947',1729,,10314,6,,,0
4029,'1196960',1429,,10315,6,,,0
4029,'1197081',1629,,10316,6,,,0
4029,'1197217',1659,,10317,6,,,0
4029,'1197243',829,,10318,6,,,0
4029,'1197423',1359,,10319,6,,,0
4029,'1198231',1759,,10320,6,,,0
4029,'1198271',1529,,10321,6,,,0
4029,'1198399',759,,10322,6,,,0
4029,'1198606',959,,10323,6,,,0
4029,'1198651',1459,,10324,6,,,0
4029,'1199058',729,,10325,6,,,0
4029,'1199062',859,,10326,6,,,0
4029,'1199498',1559,,10327,6,,,0
4029,'1199611',929,,10328,6,,,0
