103019,'1196838',2035,,11950,21,4,,0
103019,'1196888',955,,11951,21,4,,0
103019,'1196969',1658,,11952,21,4,,0
103019,'1196981',1227,,11953,21,4,,0
103019,'1197294',2127,,11954,21,4,,0
103019,'1197441',1056,,11955,21,4,,0
103019,'1197545',1726,,11956,21,4,,0
103019,'1197721',1358,,11957,21,4,,0
103019,'1197732',910,,11958,21,4,,0
103019,'1197772',1511,,11959,21,4,,0
103019,'1197847',1556,,11960,21,4,,0
103019,'1197900',2325,,11961,21,4,,0
103019,'1197976',2155,,11962,21,4,,0
103019,'1198084',756,,11963,21,4,,0
103019,'1198108',1435,,11964,21,4,,0
103019,'1198169',740,,11965,21,4,,0
103019,'1198206',926,,11966,21,4,,0
103019,'1198228',1126,,11967,21,4,,0
103019,'1198242',1905,,11968,21,4,,0
103019,'1198304',1426,,11969,21,4,,0
103019,'1198348',2205,,11970,21,4,,0
103019,'1198369',2257,,11971,21,4,,0
103019,'1198383',1256,,11972,21,4,,0
103019,'1198393',655,,11973,21,4,,0
103019,'1198585',626,,11974,8,4,,0
103019,'1198760',825,,11975,21,4,,0
103019,'1198790',2335,,11976,21,4,,0
103019,'1198820',1305,,11977,21,4,,0
103019,'1198832',1735,,11978,21,4,,0
103019,'1198901',2025,,11979,21,4,,0
103019,'1198908',1005,,11980,21,4,,0
103019,'1198992',1605,,11981,21,4,,0
103019,'1199041',1135,,11982,21,4,,0
103019,'1199057',1528,,11983,21,4,,0
103019,'1199120',1855,,11984,21,4,,0
103019,'1199157',1827,,11985,21,4,,0
103019,'1199198',835,,11986,21,4,,0
103019,'1199232',1641,,11987,21,4,,0
103019,'1199535',1957,,11988,21,4,,0
103029,'1196853',1435,,11989,1,,,0
103029,'1196867',1305,,11990,1,,,0
103029,'1196892',1735,,11991,1,,,0
103029,'1196973',1726,,11992,1,,,0
103029,'1197031',1358,,11993,1,,,0
103029,'1197085',2035,,11994,1,,,0
103029,'1197108',1905,,11995,1,,,0
103029,'1197233',955,,11996,1,,,0
103029,'1197315',1228,,11997,1,,,0
103029,'1197321',1058,,11998,1,,,0
103029,'1197346',1426,,11999,1,,,0
103029,'1197499',1827,,12000,1,,,0
103029,'1197743',758,,12001,1,,,0
103029,'1197784',928,,12002,1,,,0
103029,'1197852',1256,,12003,1,,,0
103029,'1198282',1126,,12004,1,,,0
103029,'1198444',1528,,12005,1,,,0
103029,'1198568',655,,12006,1,,,0
103029,'1198723',1957,,12007,1,,,0
103029,'1198855',825,,12008,1,,,0
103029,'1198880',1511,,12009,1,,,0
103029,'1198882',628,,12010,1,,,0
103029,'1198911',2127,,12011,1,,,0
103029,'1198914',1641,,12012,1,,,0
103029,'1198921',835,,12013,1,,,0
103029,'1198928',740,,12014,1,,,0
103029,'1198990',910,,12015,1,,,0
103029,'1199021',1605,,12016,1,,,0
103029,'1199109',2257,,12017,1,,,0
103029,'1199145',2205,,12018,1,,,0
103029,'1199146',1135,,12019,1,,,0
103029,'1199172',2155,,12020,1,,,0
103029,'1199215',2325,,12021,1,,,0
103029,'1199475',1855,,12022,1,,,0
103029,'1199565',1005,,12023,1,,,0
103029,'1199579',1556,,12024,1,,,0
103029,'1199581',2025,,12025,1,,,0
103029,'1199593',1658,,12026,1,,,0
