11029,'1199774',1524,,10550,13,,,0
11029,'1199777',938,,10551,13,,,0
11029,'1199778',1324,,10552,13,,,0
11029,'1199779',2323,,10553,13,,,0
11029,'1199780',1222,,10554,13,,,0
11029,'1199781',1138,,10555,13,,,0
11029,'1199782',1639,,10556,13,,,0
11029,'1199783',2222,,10557,13,,,0
11029,'1199785',1323,,10558,13,,,0
11029,'1199786',808,,10559,13,,,0
11029,'1199787',1624,,10560,13,,,0
11029,'1199788',1554,,10561,13,,,0
11029,'1199789',1439,,10562,13,,,0
11029,'1199790',1453,,10563,13,,,0
11029,'1199791',1123,,10564,13,,,0
11029,'1199792',1539,,10565,13,,,0
11029,'1199793',2338,,10566,13,,,0
11029,'1199794',823,,10567,13,,,0
11029,'1199795',1454,,10568,13,,,0
11029,'1199796',1153,,10569,13,,,0
11029,'1199797',1754,,10570,13,,,0
11029,'1199799',738,,10571,13,,,0
11029,'1199800',1709,,10572,13,,,0
11029,'1199804',923,,10573,13,,,0
11029,'1199808',1022,,10574,13,,,0
11029,'1199809',1724,,10575,13,,,0
11029,'1199810',1053,,10576,13,,,0
11029,'1199811',1038,,10577,13,,,0
11029,'1199812',1553,,10578,13,,,0
11029,'1199813',2322,,10579,13,,,0
11029,'1199814',1224,,10580,13,,,0
11029,'1199815',1623,,10581,13,,,0
11029,'1199816',1153,,10582,13,,,0
11029,'1199818',723,,10583,13,,,0
11029,'1199819',1123,,10584,13,,,0
11029,'1199820',1739,,10585,13,,,0
11029,'1199821',1523,,10586,13,,,0
11029,'1199823',1253,,10587,13,,,0
11029,'1199825',2023,,10588,13,,,0
11029,'1199826',2358,,10589,13,,,0
11029,'1199828',1409,,10590,13,,,0
11029,'1199830',1309,,10591,13,,,0
11029,'1199831',2008,,10592,13,,,0
11029,'1199834',638,,10593,13,,,0
11029,'1199836',753,,10594,13,,,0
11029,'1199838',1509,,10595,13,,,0
11029,'1199839',722,,10596,13,,,0
11029,'1199843',1339,,10597,13,,,0
11029,'1199844',2022,,10598,13,,,0
11029,'1199846',1424,,10599,13,,,0
11029,'1199847',922,,10600,13,,,0
11029,'1199848',908,,10601,13,,,0
11029,'1199849',2122,,10602,13,,,0
11029,'1199850',1522,,10603,13,,,0
11029,'1199852',708,,10604,13,,,0
11029,'1199853',953,,10605,13,,,0
11029,'1199854',838,,10606,13,,,0
11029,'1199855',1622,,10607,13,,,0
11029,'1199856',2123,,10608,13,,,0
11029,'1199858',1609,,10609,13,,,0
11029,'1199860',1023,,10610,13,,,0
11029,'1199862',1938,,10611,13,,,0
11029,'1199863',823,,10612,13,,,0
11029,'1199864',1209,,10613,13,,,0
11029,'1199865',1723,,10614,13,,,0
11029,'1199866',1223,,10615,13,,,0
11029,'1199867',2038,,10616,13,,,0
11029,'1199869',1423,,10617,13,,,0
11029,'1199870',1322,,10618,13,,,0
11029,'1199871',1353,,10619,13,,,0
11029,'1199873',2208,,10620,13,,,0
11029,'1199874',1108,,10621,13,,,0
11029,'1199875',1008,,10622,13,,,0
11029,'1199876',653,,10623,13,,,0
11029,'1199877',1722,,10624,13,,,0
11029,'1199878',1654,,10625,13,,,0
11029,'1199881',1823,,10626,13,,,0
11029,'1199882',1908,,10627,13,,,0
11029,'1199883',1122,,10628,13,,,0
11029,'1199884',1922,,10629,13,,,0
11029,'1199886',1923,,10630,13,,,0
11029,'1199889',723,,10631,13,,,0
11029,'1199890',2108,,10632,13,,,0
11029,'1199891',2223,,10633,13,,,0
11029,'1199892',1822,,10634,13,,,0
11029,'1199893',1023,,10635,13,,,0
11029,'1199898',853,,10636,13,,,0
11029,'1199899',1838,,10637,13,,,0
11029,'1199902',1808,,10638,13,,,0
11029,'1199903',923,,10639,13,,,0
11029,'1199904',1653,,10640,13,,,0
11029,'1199906',623,,10641,13,,,0
11029,'1199907',2308,,10642,13,,,0
11029,'1199910',2238,,10643,13,,,0
11029,'1199911',2138,,10644,13,,,0
11029,'1199912',1354,,10645,13,,,0
11029,'1199913',1239,,10646,13,,,0
11029,'1199914',1254,,10647,13,,,0
11029,'1199919',822,,10648,13,,,0
11029,'1199920',1422,,10649,13,,,0
