105029,'1196840',2318,,12163,54,,,0
105029,'1196987',1033,,12164,54,,,0
105029,'1196996',1705,,12165,54,,,0
105029,'1197020',1548,,12166,54,,,0
105029,'1197097',1805,,12167,54,,,0
105029,'1197137',2031,,12168,54,,,0
105029,'1197220',2018,,12169,54,,,0
105029,'1197228',1520,,12170,54,,,0
105029,'1197231',748,,12171,54,,,0
105029,'1197439',1148,,12172,54,,,0
105029,'1197501',1948,,12173,54,,,0
105029,'1197522',2148,,12174,54,,,0
105029,'1197561',1020,,12175,54,,,0
105029,'1197638',948,,12176,54,,,0
105029,'1197840',2118,,12177,54,,,0
105029,'1197853',2218,,12178,54,,,0
105029,'1197918',1848,,12179,54,,,0
105029,'1197968',2348,,12180,54,,,0
105029,'1198013',1348,,12181,54,,,0
105029,'1198037',1120,,12182,54,,,0
105029,'1198064',1833,,12183,54,,,0
105029,'1198187',1233,,12184,54,,,0
105029,'1198214',1748,,12185,54,,,0
105029,'1198417',1333,,12186,54,,,0
105029,'1198447',1735,,12187,54,,,0
105029,'1198529',1533,,12188,54,,,0
105029,'1198616',718,,12189,54,,,0
105029,'1198625',1635,,12190,54,,,0
105029,'1198711',1335,,12191,54,,,0
105029,'1198718',1550,,12192,54,,,0
105029,'1198725',1733,,12193,54,,,0
105029,'1198779',831,,12194,54,,,0
105029,'1198918',1433,,12195,54,,,0
105029,'1198922',2423,,12196,54,,,0
105029,'1198923',648,,12197,54,,,0
105029,'1199012',631,,12198,54,,,0
105029,'1199037',1420,,12199,54,,,0
105029,'1199107',1450,,12200,54,,,0
105029,'1199124',2431,,12201,54,,,0
105029,'1199144',1235,,12202,54,,,0
105029,'1199148',748,,12203,54,,,0
105029,'1199220',1133,,12204,54,,,0
105029,'1199470',2231,,12205,54,,,0
105029,'1199473',918,,12206,54,,,0
105029,'1199604',818,,12207,54,,,0
105029,'1199607',1633,,12208,54,,,0
