101019,'1197003',550,,11803,29,,,0
101019,'1197056',2127,,11804,29,,,0
101019,'1197144',2327,,11805,29,,,0
101019,'1197150',1527,,11806,29,,,0
101019,'1197356',1327,,11807,29,,,0
101019,'1197394',1527,,11808,29,,,0
101019,'1197485',727,,11809,29,,,0
101019,'1197542',1327,,11810,29,,,0
101019,'1197666',1050,,11811,29,,,0
101019,'1197703',2127,,11812,29,,,0
101019,'1197735',1150,,11813,29,,,0
101019,'1197816',1127,,11814,29,,,0
101019,'1197893',750,,11815,29,,,0
101019,'1198002',1727,,11816,29,,,0
101019,'1198014',727,,11817,29,,,0
101019,'1198130',950,,11818,29,,,0
101019,'1198162',1352,,11819,29,,,0
101019,'1198212',1927,,11820,29,,,0
101019,'1198408',2049,,11821,29,,,0
101019,'1198684',927,,11822,29,,,0
101019,'1198907',1927,,11823,29,,,0
101019,'1199079',2250,,11824,29,,,0
101019,'1199178',1752,,11825,29,,,0
101019,'1199186',1552,,11826,29,,,0
101019,'1199279',1727,,11827,29,,,0
101019,'1199401',927,,11828,29,,,0
101019,'1199471',1850,,11829,29,,,0
101019,'1199497',1127,,11830,29,,,0
101019,'1199519',850,,11831,29,,,0
101019,'1199566',1452,,11832,29,,,0
101019,'1199626',1652,,11833,29,,,0
101019,'1199991',1352,,12771,29,,,0
101019,'1199992',2049,,12772,29,,,0
101019,'1199993',850,,12773,29,,,0
101019,'1199995',550,,12774,29,,,0
101019,'1199996',650,,12775,29,,,0
101019,'1200003',1652,,12776,29,,,0
101019,'1200004',1552,,12777,29,,,0
101019,'1200006',1850,,12778,29,,,0
101019,'1200008',750,,12779,29,,,0
101019,'1200009',2250,,12780,29,,,0
101019,'1200011',1050,,12781,29,,,0
101019,'1200013',1150,,12782,29,,,0
101019,'1200014',1452,,12783,29,,,0
101019,'1200015',1752,,12784,29,,,0
101019,'1200018',950,,12785,29,,,0
