11019,'1190643',958,,7683,19,,,0
11019,'1190656',1529,,7684,19,,,0
11019,'1190734',2258,,7686,19,,,0
11019,'1190739',1129,,7687,19,,,0
11019,'1190806',658,,7688,19,,,0
11019,'1190863',958,,7690,19,,,0
11019,'1190899',1559,,7691,19,,,0
11019,'1190901',1729,,7692,19,,,0
11019,'1190931',1958,,7693,19,,,0
11019,'1190935',2128,,7694,19,,,0
11019,'1191012',1759,,7695,19,,,0
11019,'1191105',1229,,7697,19,,,0
11019,'1191187',1259,,7699,19,,,0
11019,'1191230',728,,7700,19,,,0
11019,'1191238',1459,,7701,19,,,0
11019,'1191240',1659,,7702,19,,,0
11019,'1191293',2058,,7703,19,,,0
11019,'1191319',628,,7704,19,,,0
11019,'1191389',2228,,7705,19,,,0
11019,'1191427',1059,,7706,19,,,0
11019,'1191492',758,,7708,19,,,0
11019,'1191497',1659,,7709,19,,,0
11019,'1191624',1629,,7711,19,,,0
11019,'1191660',758,,7712,19,,,0
11019,'1191669',1729,,7713,19,,,0
11019,'1191675',858,,7714,19,,,0
11019,'1191680',2158,,7715,19,,,0
11019,'1191681',2358,,7716,19,,,0
11019,'1191687',828,,7717,19,,,0
11019,'1191719',1629,,7719,19,,,0
11019,'1191884',1159,,7722,19,,,0
11019,'1192002',1429,,7724,19,,,0
11019,'1192101',1229,,7726,19,,,0
11019,'1192175',1928,,7729,19,,,0
11019,'1192293',658,,7730,19,,,0
11019,'1192335',1759,,7731,19,,,0
11019,'1192404',1159,,7733,19,,,0
11019,'1192430',1858,,7735,19,,,0
11019,'1192493',1359,,7736,19,,,0
11019,'1192513',1259,,7737,19,,,0
11019,'1192569',1329,,7738,19,,,0
11019,'1192573',1329,,7739,19,,,0
11019,'1192733',858,,7740,19,,,0
11019,'1192768',2328,,7741,19,,,0
11019,'1192799',1359,,7742,19,,,0
11019,'1192975',1459,,7743,19,,,0
11019,'1193059',1559,,7744,19,,,0
11019,'1193066',1429,,7745,19,,,0
11019,'1193090',1828,,7746,19,,,0
11019,'1193120',928,,7747,19,,,0
11019,'1193180',1059,,7748,19,,,0
11019,'1193235',2028,,7749,19,,,0
11019,'1193239',1028,,7750,19,,,0
11019,'1193279',1529,,7753,19,,,0
