3029,'1196871',632,,10230,3,,,0
3029,'1196875',2346,,10231,3,,,0
3029,'1196902',1532,,10232,3,,,0
3029,'1196918',1131,,10233,3,,,0
3029,'1196929',746,,10234,3,,,0
3029,'1197004',2131,,10235,3,,,0
3029,'1197012',1432,,10236,3,,,0
3029,'1197066',1846,,10237,3,,,0
3029,'1197101',1301,,10238,3,,,0
3029,'1197253',1546,,10239,3,,,0
3029,'1197290',802,,10240,3,,,0
3029,'1197380',2146,,10241,3,,,0
3029,'1197402',1601,,10242,3,,,0
3029,'1197413',2031,,10243,3,,,0
3029,'1197417',1046,,10244,3,,,0
3029,'1197427',2202,,10245,3,,,0
3029,'1197507',2331,,10246,3,,,0
3029,'1197510',1801,,10247,3,,,0
3029,'1197558',1002,,10248,3,,,0
3029,'1197601',932,,10249,3,,,0
3029,'1197654',1146,,10250,3,,,0
3029,'1197697',1201,,10251,3,,,0
3029,'1197823',1231,,10252,3,,,0
3029,'1197828',1401,,10253,3,,,0
3029,'1197856',1632,,10254,3,,,0
3029,'1197870',1331,,10255,3,,,0
3029,'1197895',2102,,10256,3,,,0
3029,'1197903',1931,,10257,3,,,0
3029,'1197920',1246,,10258,3,,,0
3029,'1197958',2231,,10259,3,,,0
3029,'1197998',2132,,10260,3,,,0
3029,'1198039',1646,,10261,3,,,0
3029,'1198070',1731,,10262,3,,,0
3029,'1198115',946,,10263,3,,,0
3029,'1198165',1746,,10264,3,,,0
3029,'1198246',1531,,10265,3,,,0
3029,'1198281',1732,,10266,3,,,0
3029,'1198295',731,,10267,3,,,0
3029,'1198310',2232,,10268,3,,,0
3029,'1198321',1032,,10269,3,,,0
3029,'1198363',1232,,10270,3,,,0
3029,'1198395',732,,10271,3,,,0
3029,'1198434',1501,,10272,3,,,0
3029,'1198445',1132,,10273,3,,,0
3029,'1198462',2032,,10274,3,,,0
3029,'1198484',2246,,10275,3,,,0
3029,'1198500',1701,,10276,3,,,0
3029,'1198518',931,,10277,3,,,0
3029,'1198562',1346,,10278,3,,,0
3029,'1198577',1431,,10279,3,,,0
3029,'1198614',631,,10280,3,,,0
3029,'1198734',1832,,10281,3,,,0
3029,'1198836',832,,10282,3,,,0
3029,'1198936',1446,,10283,3,,,0
3029,'1198983',2046,,10284,3,,,0
3029,'1199061',831,,10285,3,,,0
3029,'1199094',1932,,10286,3,,,0
3029,'1199112',2329,,10287,3,,,0
3029,'1199231',1946,,10288,3,,,0
3029,'1199421',1631,,10289,3,,,0
3029,'1199431',1031,,10290,3,,,0
3029,'1199453',1831,,10291,3,,,0
3029,'1199460',1332,,10292,3,,,0
3029,'1199521',902,,10293,3,,,0
3029,'1199533',1902,,10294,3,,,0
3029,'1199547',702,,10295,3,,,0
3029,'1199601',1102,,10296,3,,,0
3029,'1199629',846,,10297,3,,,0
3029,'1199646',2002,,10298,3,,,0
4029,'1196947',1726,,10314,3,,,0
4029,'1196960',1426,,10315,3,,,0
4029,'1197081',1626,,10316,3,,,0
4029,'1197217',1656,,10317,3,,,0
4029,'1197243',826,,10318,3,,,0
4029,'1197423',1356,,10319,3,,,0
4029,'1198231',1756,,10320,3,,,0
4029,'1198271',1526,,10321,3,,,0
4029,'1198399',756,,10322,3,,,0
4029,'1198606',956,,10323,3,,,0
4029,'1198651',1456,,10324,3,,,0
4029,'1199058',726,,10325,3,,,0
4029,'1199062',856,,10326,3,,,0
4029,'1199498',1556,,10327,3,,,0
4029,'1199611',926,,10328,3,,,0
