10019,'1193663',2217,,7564,10,,,0
10019,'1193667',617,,7566,10,,,0
10019,'1193668',947,,7567,10,,,0
10019,'1193678',2147,,7569,10,,,0
10019,'1193679',1822,,7570,10,,,0
10019,'1193680',747,,7571,10,,,0
10019,'1193682',647,,7573,10,,,0
10019,'1193687',1052,,7575,10,,,0
10019,'1193691',1752,,7576,10,,,0
10019,'1193697',1852,,7577,10,,,0
10019,'1193698',1917,,7578,10,,,0
10019,'1193700',2047,,7579,10,,,0
10019,'1193707',947,,7583,10,,,0
10019,'1193708',847,,7584,10,,,0
10019,'1193710',1252,,7586,10,,,0
10019,'1193715',1252,,7588,10,,,0
10019,'1193717',2117,,7589,10,,,0
10019,'1193718',1352,,7590,10,,,0
10019,'1193720',1617,,7591,10,,,0
10019,'1193724',1452,,7592,10,,,0
10019,'1193725',2017,,7593,10,,,0
10019,'1193731',1452,,7595,10,,,0
10019,'1193732',2317,,7596,10,,,0
10019,'1193733',1752,,7597,10,,,0
10019,'1193734',1152,,7598,10,,,0
10019,'1193737',1052,,7600,10,,,0
10019,'1193738',1152,,7601,10,,,0
10019,'1193739',2247,,7602,10,,,0
10019,'1193740',1652,,7603,10,,,0
10019,'1193743',1517,,7604,10,,,0
10019,'1193747',2347,,7605,10,,,0
10019,'1193749',1947,,7606,10,,,0
10019,'1193752',717,,7607,10,,,0
10019,'1193754',1717,,7608,10,,,0
10019,'1193755',1552,,7609,10,,,0
10019,'1193759',1352,,7611,10,,,0
10019,'1193761',1652,,7612,10,,,0
10019,'1193765',647,,7613,10,,,0
10019,'1193767',817,,7615,10,,,0
10019,'1193768',917,,7616,10,,,0
10019,'1193771',747,,7619,10,,,0
10019,'1193772',1552,,7620,10,,,0
10019,'1193779',847,,7623,10,,,0
103029,'1190630',1107,,9163,16,,,0
103029,'1190791',919,,9165,16,,,0
103029,'1190798',1135,,9166,16,,,0
103029,'1190809',1537,,9167,16,,,0
103029,'1190864',1435,,9168,16,,,0
103029,'1191002',807,,9169,16,,,0
103029,'1191104',2006,,9172,16,,,0
103029,'1191213',1520,,9173,16,,,0
103029,'1191266',1237,,9174,16,,,0
103029,'1191472',2136,,9176,16,,,0
103029,'1191532',2334,,9177,16,,,0
103029,'1191567',1836,,9178,16,,,0
103029,'1191756',2034,,9180,16,,,0
103029,'1191909',749,,9182,16,,,0
103029,'1191948',1605,,9183,16,,,0
103029,'1192055',2204,,9184,16,,,0
103029,'1192191',2306,,9185,16,,,0
103029,'1192208',1735,,9186,16,,,0
103029,'1192508',1407,,9187,16,,,0
103029,'1192592',637,,9188,16,,,0
103029,'1192659',704,,9190,16,,,0
103029,'1192749',1707,,9192,16,,,0
103029,'1192948',1305,,9194,16,,,0
103029,'1193036',1004,,9196,16,,,0
103029,'1193074',834,,9197,16,,,0
103029,'1193169',1650,,9198,16,,,0
103029,'1193174',937,,9199,16,,,0
103029,'1193259',1904,,9200,16,,,0
