11019,'1196876',1500,,10448,18,,,0
11019,'1196884',1300,,10449,22,,,0
11019,'1196914',1143,,10450,22,,,0
11019,'1196958',802,,10451,22,,,0
11019,'1197000',1300,,10452,18,,,0
11019,'1197070',1900,,10453,18,,,0
11019,'1197071',1842,,10454,22,,,0
11019,'1197114',928,,10455,22,,,0
11019,'1197185',2300,,10456,18,,,0
11019,'1197191',1500,,10457,22,,,0
11019,'1197229',1415,,10458,22,,,0
11019,'1197234',1714,,10459,22,,,0
11019,'1197264',1745,,10460,22,,,0
11019,'1197274',943,,10461,22,,,0
11019,'1197327',1344,,10462,22,,,0
11019,'1197343',743,,10463,22,,,0
11019,'1197351',1600,,10464,18,,,0
11019,'1197398',1830,,10465,22,,,0
11019,'1197412',2312,,10466,22,,,0
11019,'1197422',1645,,10467,22,,,0
11019,'1197446',2400,,10468,18,,,0
11019,'1197463',713,,10469,22,,,0
11019,'1197502',628,,10470,22,,,0
11019,'1197519',758,,10471,22,,,0
11019,'1197564',2302,,10472,22,,,0
11019,'1197573',1400,,10473,18,,,0
11019,'1197695',1113,,10474,22,,,0
11019,'1197696',813,,10475,22,,,0
11019,'1197753',900,,10476,18,,,0
11019,'1197763',1530,,10477,22,,,0
11019,'1197795',2042,,10478,22,,,0
11019,'1197832',1630,,10479,22,,,0
11019,'1197875',2429,,10480,22,,,0
11019,'1197917',2402,,10481,22,,,0
11019,'1197925',1128,,10482,22,,,0
11019,'1197934',1544,,10483,22,,,0
11019,'1197978',1912,,10484,22,,,0
11019,'1197990',1444,,10485,22,,,0
11019,'1198012',858,,10486,22,,,0
11019,'1198053',1002,,10487,22,,,0
11019,'1198076',2012,,10488,22,,,0
11019,'1198113',2112,,10489,22,,,0
11019,'1198146',2242,,10490,22,,,0
11019,'1198266',2002,,10491,22,,,0
11019,'1198296',1700,,10492,18,,,0
11019,'1198337',913,,10493,22,,,0
11019,'1198341',1202,,10494,22,,,0
11019,'1198362',2200,,10495,18,,,0
11019,'1198405',1902,,10496,22,,,0
11019,'1198419',1515,,10497,22,,,0
11019,'1198470',1315,,10498,22,,,0
11019,'1198493',1815,,10499,22,,,0
11019,'1198506',1102,,10500,22,,,0
11019,'1198543',1028,,10501,22,,,0
11019,'1198548',1615,,10502,22,,,0
11019,'1198573',1158,,10503,22,,,0
11019,'1198590',2000,,10504,18,,,0
11019,'1198610',1600,,10505,22,,,0
11019,'1198623',702,,10506,22,,,0
11019,'1198660',1314,,10507,22,,,0
11019,'1198662',1800,,10508,18,,,0
11019,'1198696',1445,,10509,22,,,0
11019,'1198771',1514,,10510,22,,,0
11019,'1198808',958,,10511,22,,,0
11019,'1198843',2100,,10512,18,,,0
11019,'1198927',1058,,10513,22,,,0
11019,'1198951',1730,,10514,22,,,0
11019,'1198978',1942,,10515,22,,,0
11019,'1199022',1242,,10516,22,,,0
11019,'1199024',2202,,10517,22,,,0
11019,'1199026',2212,,10518,22,,,0
11019,'1199059',1614,,10519,22,,,0
11019,'1199060',1400,,10520,22,,,0
11019,'1199064',1814,,10521,22,,,0
11019,'1199091',800,,10522,18,,,0
11019,'1199100',2142,,10523,22,,,0
11019,'1199118',1715,,10524,22,,,0
11019,'1199132',658,,10525,22,,,0
11019,'1199143',1744,,10526,22,,,0
11019,'1199154',1430,,10527,22,,,0
11019,'1199177',1700,,10528,22,,,0
11019,'1199180',2102,,10529,22,,,0
11019,'1199214',728,,10530,22,,,0
11019,'1199225',1545,,10531,22,,,0
11019,'1199227',1200,,10532,18,,,0
11019,'1199229',1414,,10533,22,,,0
11019,'1199253',1000,,10534,18,,,0
11019,'1199301',2339,,10535,22,,,0
11019,'1199306',1100,,10536,18,,,0
11019,'1199370',1800,,10537,22,,,0
11019,'1199376',843,,10538,22,,,0
11019,'1199394',902,,10539,22,,,0
11019,'1199403',828,,10540,22,,,0
11019,'1199410',1213,,10541,22,,,0
11019,'1199462',2409,,10542,22,,,0
11019,'1199476',1013,,10543,22,,,0
11019,'1199496',1330,,10544,22,,,0
11019,'1199508',1228,,10545,22,,,0
11019,'1199591',1644,,10546,22,,,0
11019,'1199603',1245,,10547,22,,,0
11019,'1199619',1043,,10548,22,,,0
11019,'1199623',1345,,10549,22,,,0
