10029,'1196869',1042,,10389,48,,,0
10029,'1196944',1912,,10390,48,,,0
10029,'1196948',1542,,10391,48,,,0
10029,'1197007',712,,10392,48,,,0
10029,'1197053',1342,,10393,48,,,0
10029,'1197093',1142,,10394,48,,,0
10029,'1197160',1743,,10395,48,,,0
10029,'1197269',1842,,10396,48,,,0
10029,'1197314',2212,,10397,48,,,0
10029,'1197362',2043,,10398,48,,,0
10029,'1197385',843,,10399,48,,,0
10029,'1197414',1442,,10400,48,,,0
10029,'1197492',1712,,10401,48,,,0
10029,'1197523',2243,,10402,48,,,0
10029,'1197565',642,,10403,48,,,0
10029,'1197669',842,,10404,48,,,0
10029,'1197675',2142,,10405,48,,,0
10029,'1197822',1742,,10406,48,,,0
10029,'1197831',1742,,10407,48,,,0
10029,'1197885',2042,,10408,48,,,0
10029,'1197887',1612,,10409,48,,,0
10029,'1197892',1242,,10410,48,,,0
10029,'1197908',2242,,10411,48,,,0
10029,'1197916',2312,,10412,48,,,0
10029,'1197980',2417,,10413,48,,,0
10029,'1198080',1642,,10414,48,,,0
10029,'1198150',1642,,10415,48,,,0
10029,'1198170',1143,,10416,48,,,0
10029,'1198181',1812,,10417,48,,,0
10029,'1198232',1543,,10418,48,,,0
10029,'1198314',1942,,10419,48,,,0
10029,'1198351',1242,,10420,48,,,0
10029,'1198466',2112,,10421,48,,,0
10029,'1198481',1443,,10422,48,,,0
10029,'1198536',1243,,10423,48,,,0
10029,'1198550',1643,,10424,48,,,0
10029,'1198565',2342,,10425,48,,,0
10029,'1198676',742,,10426,48,,,0
10029,'1198703',743,,10427,48,,,0
10029,'1198735',1043,,10428,48,,,0
10029,'1198754',1343,,10429,48,,,0
10029,'1198767',1142,,10430,48,,,0
10029,'1198887',912,,10431,48,,,0
10029,'1198905',1442,,10432,48,,,0
10029,'1198933',842,,10433,48,,,0
10029,'1199013',742,,10434,48,,,0
10029,'1199068',1042,,10435,48,,,0
10029,'1199078',1843,,10436,48,,,0
10029,'1199088',2012,,10437,48,,,0
10029,'1199134',1342,,10438,48,,,0
10029,'1199161',2343,,10439,48,,,0
10029,'1199245',1943,,10440,48,,,0
10029,'1199274',943,,10441,48,,,0
10029,'1199375',1512,,10442,48,,,0
10029,'1199396',812,,10443,48,,,0
10029,'1199411',2143,,10444,48,,,0
10029,'1199422',942,,10445,48,,,0
10029,'1199613',942,,10446,48,,,0
10029,'1199633',1542,,10447,48,,,0
