104019,'1197815',2357,,12041,16,4,,0
104019,'1198490',2432,,12054,16,4,,0
104019,'1199025',2412,,12063,16,4,,0
104029,'1196835',1957,,12074,16,,,0
104029,'1196857',757,,12075,16,,,0
104029,'1196889',757,,12076,16,,,0
104029,'1196928',1742,,12077,16,,,0
104029,'1197002',642,,12078,16,,,0
104029,'1197045',1538,,12079,16,,,0
104029,'1197133',827,,12080,16,,,0
104029,'1197341',1238,,12081,16,,,0
104029,'1197454',1757,,12082,16,,,0
104029,'1197461',712,,12083,16,,,0
104029,'1197467',2157,,12084,16,,,0
104029,'1197481',557,,12085,16,,,0
104029,'1197553',2127,,12086,16,,,0
104029,'1197574',912,,12087,16,,,0
104029,'1197583',2142,,12088,16,,,0
104029,'1197794',1757,,12089,16,,,0
104029,'1197965',1357,,12090,16,,,0
104029,'1197979',1527,,12091,16,,,0
104029,'1198234',1027,,12092,16,,,0
104029,'1198287',1623,,12093,16,,,0
104029,'1198288',1153,,12094,16,,,0
104029,'1198449',1257,,12095,16,,,0
104029,'1198458',1912,,12096,16,,,0
104029,'1198510',942,,12097,16,,,0
104029,'1198521',757,,12098,16,,,0
104029,'1198558',1642,,12099,16,,,0
104029,'1198578',1708,,12100,16,,,0
104029,'1198686',1408,,12101,16,,,0
104029,'1198694',1453,,12102,16,,,0
104029,'1198755',957,,12103,16,,,0
104029,'1198909',1157,,12104,16,,,0
104029,'1198979',1142,,12105,16,,,0
104029,'1199045',2257,,12106,16,,,0
104029,'1199127',2257,,12107,16,,,0
104029,'1199159',1323,,12108,16,,,0
104029,'1199181',912,,12109,16,,,0
104029,'1199193',1557,,12110,16,,,0
104029,'1199356',1412,,12111,16,,,0
104029,'1199360',2027,,12112,16,,,0
104029,'1199374',642,,12113,16,,,0
104029,'1199380',1027,,12114,16,,,0
104029,'1199442',1827,,12115,16,,,0
104029,'1199577',1957,,12116,16,,,0
