25019,'1190672',2241,,8481,16,,,0
25019,'1190694',741,,8483,16,,,0
25019,'1190780',2339,,8484,16,,,0
25019,'1190819',711,,8485,16,,,0
25019,'1190912',1841,,8486,16,,,0
25019,'1191069',1940,,8488,16,,,0
25019,'1191124',2040,,8489,16,,,0
25019,'1191161',1640,,8490,16,,,0
25019,'1191327',1411,,8492,16,,,0
25019,'1191338',1040,,8493,16,,,0
25019,'1191351',1941,,8494,16,,,0
25019,'1191352',1441,,8495,16,,,0
25019,'1191409',940,,8496,16,,,0
25019,'1191478',2240,,8499,16,,,0
25019,'1191511',1741,,8500,16,,,0
25019,'1191525',1440,,8501,16,,,0
25019,'1191551',639,,8502,16,,,0
25019,'1191579',840,,8503,16,,,0
25019,'1191596',2141,,8505,16,,,0
25019,'1191642',811,,8506,16,,,0
25019,'1191842',1840,,8508,16,,,0
25019,'1191928',2041,,8509,16,,,0
25019,'1191935',841,,8510,16,,,0
25019,'1191950',1240,,8511,16,,,0
25019,'1191964',1540,,8512,16,,,0
25019,'1192103',2140,,8513,16,,,0
25019,'1192106',1211,,8514,16,,,0
25019,'1192259',1340,,8518,16,,,0
25019,'1192277',1740,,8519,16,,,0
25019,'1192343',1111,,8520,16,,,0
25019,'1192356',1541,,8521,16,,,0
25019,'1192432',1611,,8523,16,,,0
25019,'1192477',2401,,8525,16,,,0
25019,'1192596',1511,,8527,16,,,0
25019,'1192742',1011,,8528,16,,,0
25019,'1192751',1140,,8529,16,,,0
25019,'1192774',1711,,8530,16,,,0
25019,'1192796',1311,,8531,16,,,0
25019,'1192849',941,,8533,16,,,0
25019,'1192959',641,,8534,16,,,0
25019,'1193109',1641,,8535,16,,,0
25019,'1193121',739,,8536,16,,,0
25019,'1193315',911,,8540,16,,,0
