10029,'1193661',1524,,7624,20,,,0
10029,'1193662',1124,,7625,20,,,0
10029,'1193664',2024,,7626,20,,,0
10029,'1193666',1324,,7627,20,,,0
10029,'1193669',2324,,7628,20,,,0
10029,'1193670',1624,,7629,20,,,0
10029,'1193672',854,,7631,20,,,0
10029,'1193673',2124,,7632,20,,,0
10029,'1193674',1424,,7633,20,,,0
10029,'1193676',1854,,7634,20,,,0
10029,'1193677',724,,7635,20,,,0
10029,'1193684',1724,,7637,20,,,0
10029,'1193685',1024,,7638,20,,,0
10029,'1193688',924,,7639,20,,,0
10029,'1193689',754,,7640,20,,,0
10029,'1193690',1954,,7641,20,,,0
10029,'1193692',2224,,7642,20,,,0
10029,'1193693',924,,7643,20,,,0
10029,'1193694',1324,,7644,20,,,0
10029,'1193695',654,,7645,20,,,0
10029,'1193696',624,,7646,20,,,0
10029,'1193699',2054,,7647,20,,,0
10029,'1193706',824,,7650,20,,,0
10029,'1193712',1824,,7651,20,,,0
10029,'1193713',2254,,7652,20,,,0
10029,'1193716',1924,,7654,20,,,0
10029,'1193719',1424,,7655,20,,,0
10029,'1193721',1024,,7656,20,,,0
10029,'1193726',1724,,7659,20,,,0
10029,'1193727',824,,7660,20,,,0
10029,'1193728',724,,7661,20,,,0
10029,'1193736',2359,,7663,20,,,0
10029,'1193741',2154,,7664,20,,,0
10029,'1193744',1454,,7666,20,,,0
10029,'1193745',1554,,7667,20,,,0
10029,'1193746',1124,,7668,20,,,0
10029,'1193757',1224,,7673,20,,,0
10029,'1193760',1224,,7675,20,,,0
10029,'1193762',1524,,7676,20,,,0
10029,'1193763',1654,,7677,20,,,0
10029,'1193777',1754,,7681,20,,,0
10029,'1193778',1624,,7682,20,,,0
