101019,'1197003',604,,11803,41,,,0
101019,'1197056',2141,,11804,41,,,0
101019,'1197144',2341,,11805,41,,,0
101019,'1197150',1541,,11806,41,,,0
101019,'1197356',1341,,11807,41,,,0
101019,'1197394',1541,,11808,41,,,0
101019,'1197485',741,,11809,41,,,0
101019,'1197542',1341,,11810,41,,,0
101019,'1197666',1104,,11811,41,,,0
101019,'1197703',2141,,11812,41,,,0
101019,'1197735',1204,,11813,41,,,0
101019,'1197816',1141,,11814,41,,,0
101019,'1197893',804,,11815,41,,,0
101019,'1198002',1741,,11816,41,,,0
101019,'1198014',741,,11817,41,,,0
101019,'1198130',1004,,11818,41,,,0
101019,'1198162',1406,,11819,41,,,0
101019,'1198212',1941,,11820,41,,,0
101019,'1198408',2103,,11821,41,,,0
101019,'1198684',941,,11822,41,,,0
101019,'1198907',1941,,11823,41,,,0
101019,'1199079',2304,,11824,41,,,0
101019,'1199178',1806,,11825,41,,,0
101019,'1199186',1606,,11826,41,,,0
101019,'1199279',1741,,11827,41,,,0
101019,'1199401',941,,11828,41,,,0
101019,'1199471',1904,,11829,41,,,0
101019,'1199497',1141,,11830,41,,,0
101019,'1199519',904,,11831,41,,,0
101019,'1199566',1506,,11832,41,,,0
101019,'1199626',1706,,11833,41,,,0
101019,'1199991',1406,,12771,41,,,0
101019,'1199992',2103,,12772,41,,,0
101019,'1199993',904,,12773,41,,,0
101019,'1199995',604,,12774,41,,,0
101019,'1199996',704,,12775,41,,,0
101019,'1200003',1706,,12776,41,,,0
101019,'1200004',1606,,12777,41,,,0
101019,'1200006',1904,,12778,41,,,0
101019,'1200008',804,,12779,41,,,0
101019,'1200009',2304,,12780,41,,,0
101019,'1200011',1104,,12781,41,,,0
101019,'1200013',1204,,12782,41,,,0
101019,'1200014',1506,,12783,41,,,0
101019,'1200015',1806,,12784,41,,,0
101019,'1200018',1004,,12785,41,,,0
