105019,'1196946',852,,12117,22,,,0
105019,'1197049',1759,,12118,22,,,0
105019,'1197077',538,,12119,22,,,0
105019,'1197115',1144,,12120,22,,,0
105019,'1197131',652,,12121,22,,,0
105019,'1197173',1154,,12122,22,,,0
105019,'1197181',1011,,12123,22,,,0
105019,'1197192',2138,,12124,22,,,0
105019,'1197197',1444,,12125,22,,,0
105019,'1197292',1254,,12126,22,,,0
105019,'1197296',1544,,12127,22,,,0
105019,'1197531',1354,,12128,22,,,0
105019,'1197548',1908,,12129,22,,,0
105019,'1197557',1554,,12130,22,,,0
105019,'1197588',811,,12131,22,,,0
105019,'1197596',2038,,12132,22,,,0
105019,'1197617',1454,,12133,22,,,0
105019,'1197633',1211,,12134,22,,,0
105019,'1197710',741,,12135,22,,,0
105019,'1197779',1729,,12136,22,,,0
105019,'1197825',1359,,12137,22,,,0
105019,'1197971',1044,,12138,22,,,0
105019,'1198112',608,,12139,22,,,0
105019,'1198338',1054,,12140,22,,,0
105019,'1198380',2211,,12141,22,,,0
105019,'1198385',1659,,12142,22,,,0
105019,'1198553',1259,,12143,22,,,0
105019,'1198560',2011,,12144,22,,,0
105019,'1198571',1611,,12145,22,,,0
105019,'1198621',711,,12146,22,,,0
105019,'1198667',941,,12147,22,,,0
105019,'1198717',1514,,12148,22,,,0
105019,'1198741',841,,12149,22,,,0
105019,'1198746',1829,,12150,22,,,0
105019,'1198889',638,,12151,22,,,0
105019,'1199004',1411,,12152,22,,,0
105019,'1199054',1614,,12153,22,,,0
105019,'1199098',811,,12154,22,,,0
105019,'1199298',2338,,12155,22,,,0
105019,'1199347',2252,,12156,22,,,0
105019,'1199383',2238,,12157,22,,,0
105019,'1199400',1654,,12158,22,,,0
105019,'1199461',1811,,12159,22,,,0
105019,'1199511',1754,,12160,22,,,0
105019,'1199546',2052,,12161,22,,,0
105019,'1199574',1854,,12162,22,,,0
