13019,'1196852',1344,,10793,42,,,0
13019,'1196856',1742,,10794,42,,,0
13019,'1196922',641,,10795,16,,,0
13019,'1196999',943,,10796,42,,,0
13019,'1197035',642,,10797,42,,,0
13019,'1197132',1514,,10798,42,,,0
13019,'1197251',1614,,10799,42,,,0
13019,'1197279',742,,10800,42,,,0
13019,'1197353',2312,,10801,42,,,0
13019,'1197357',1842,,10802,42,,,0
13019,'1197451',2242,,10803,42,,,0
13019,'1197487',843,,10804,42,,,0
13019,'1197555',1644,,10805,42,,,0
13019,'1197570',942,,10806,42,,,0
13019,'1197575',1642,,10807,42,,,0
13019,'1197641',2042,,10808,42,,,0
13019,'1197645',1714,,10809,42,,,0
13019,'1197648',712,,10810,42,,,0
13019,'1197690',1642,,10811,42,,,0
13019,'1197692',1744,,10812,42,,,0
13019,'1197730',1444,,10813,42,,,0
13019,'1197762',2417,,10814,42,,,0
13019,'1197803',742,,10815,42,,,0
13019,'1197834',1242,,10816,42,,,0
13019,'1197854',2042,,10817,42,,,0
13019,'1197962',1342,,10818,42,,,0
13019,'1197975',1045,,10819,42,,,0
13019,'1198041',1142,,10820,42,,,0
13019,'1198094',1812,,10821,42,,,0
13019,'1198160',842,,10822,42,,,0
13019,'1198201',1242,,10823,42,,,0
13019,'1198243',1842,,10824,42,,,0
13019,'1198290',2212,,10825,42,,,0
13019,'1198352',742,,10826,42,,,0
13019,'1198355',1912,,10827,42,,,0
13019,'1198382',812,,10828,42,,,0
13019,'1198402',2242,,10829,42,,,0
13019,'1198552',2142,,10830,42,,,0
13019,'1198554',1942,,10831,42,,,0
13019,'1198602',1142,,10832,42,,,0
13019,'1198611',2012,,10833,42,,,0
13019,'1198630',1544,,10834,42,,,0
13019,'1198675',1244,,10835,42,,,0
13019,'1198690',612,,10836,16,,,0
13019,'1198716',1042,,10837,42,,,0
13019,'1198729',1012,,10838,42,,,0
13019,'1198761',1342,,10839,42,,,0
13019,'1198778',942,,10840,42,,,0
13019,'1198837',2342,,10841,42,,,0
13019,'1198874',1144,,10842,42,,,0
13019,'1198888',913,,10843,42,,,0
13019,'1199044',842,,10844,42,,,0
13019,'1199123',1042,,10845,42,,,0
13019,'1199151',1442,,10846,42,,,0
13019,'1199233',1442,,10847,42,,,0
13019,'1199276',1542,,10848,42,,,0
13019,'1199284',2112,,10849,42,,,0
13019,'1199418',1942,,10850,42,,,0
13019,'1199448',1742,,10851,42,,,0
13019,'1199536',2142,,10852,42,,,0
13019,'1199588',2342,,10853,42,,,0
13019,'1199631',1542,,10854,42,,,0
101029,'1196911',746,,11834,24,,,0
101029,'1197033',1830,,11835,24,,,0
101029,'1197060',846,,11836,24,,,0
101029,'1197096',1030,,11837,24,,,0
101029,'1197257',1046,,11838,24,,,0
101029,'1197272',1231,,11839,24,,,0
101029,'1197326',1548,,11840,24,,,0
101029,'1197581',2030,,11841,24,,,0
101029,'1197673',1431,,11842,24,,,0
101029,'1197747',2146,,11843,24,,,0
101029,'1197977',1631,,11844,24,,,0
101029,'1198059',631,,11845,24,,,0
101029,'1198116',1031,,11846,24,,,0
101029,'1198125',831,,11847,24,,,0
101029,'1198200',1230,,11848,24,,,0
101029,'1198251',946,,11849,24,,,0
101029,'1198346',830,,11850,24,,,0
101029,'1198498',2230,,11851,24,,,0
101029,'1198530',2231,,11852,24,,,0
101029,'1198631',1648,,11853,24,,,0
101029,'1198644',2406,,11854,24,,,0
101029,'1198710',1630,,11855,24,,,0
101029,'1198715',1746,,11856,24,,,0
101029,'1198953',2031,,11857,24,,,0
101029,'1198984',1348,,11858,24,,,0
101029,'1199108',1248,,11859,24,,,0
101029,'1199117',646,,11860,24,,,0
101029,'1199304',1831,,11861,24,,,0
101029,'1199366',1430,,11862,24,,,0
101029,'1199567',1946,,11863,24,,,0
101029,'1199585',1448,,11864,24,,,0
101029,'1199990',1248,,12786,24,,,0
101029,'1199994',1548,,12787,24,,,0
101029,'1199997',746,,12788,24,,,0
101029,'1199998',1746,,12789,24,,,0
101029,'1199999',1046,,12790,24,,,0
101029,'1200000',2406,,12791,24,,,0
101029,'1200001',646,,12792,24,,,0
101029,'1200002',1648,,12793,24,,,0
101029,'1200005',1448,,12794,24,,,0
101029,'1200007',946,,12795,24,,,0
101029,'1200010',1348,,12796,24,,,0
101029,'1200012',1946,,12797,24,,,0
101029,'1200016',2146,,12798,24,,,0
101029,'1200017',846,,12799,24,,,0
