3019,'1196834',1827,,10159,41,,,0
3019,'1196848',2127,,10160,41,,,0
3019,'1196854',727,,10161,41,,,0
3019,'1196968',1242,,10162,41,,,0
3019,'1196971',2027,,10163,41,,,0
3019,'1197069',728,,10164,41,,,0
3019,'1197076',2157,,10165,41,,,0
3019,'1197107',1258,,10166,41,,,0
3019,'1197120',2427,,10167,41,,,0
3019,'1197318',2227,,10168,41,,,0
3019,'1197369',2342,,10169,41,,,0
3019,'1197372',2242,,10170,41,,,0
3019,'1197378',927,,10171,41,,,0
3019,'1197462',928,,10172,41,,,0
3019,'1197478',1628,,10173,41,,,0
3019,'1197537',942,,10174,41,,,0
3019,'1197572',1358,,10175,41,,,0
3019,'1197590',858,,10176,41,,,0
3019,'1197618',1728,,10177,41,,,0
3019,'1197708',629,,10178,11,,,0
3019,'1197731',2027,,10179,41,,,0
3019,'1197748',1028,,10180,41,,,0
3019,'1197755',1058,,10181,41,,,0
3019,'1197810',1458,,10182,41,,,0
3019,'1197819',1927,,10183,41,,,0
3019,'1197850',1558,,10184,41,,,0
3019,'1197851',958,,10185,41,,,0
3019,'1197897',1128,,10186,41,,,0
3019,'1197923',1228,,10187,41,,,0
3019,'1197941',1528,,10188,41,,,0
3019,'1198025',1628,,10189,41,,,0
3019,'1198093',1857,,10190,41,,,0
3019,'1198098',1158,,10191,41,,,0
3019,'1198111',1027,,10192,41,,,0
3019,'1198119',1542,,10193,41,,,0
3019,'1198124',1428,,10194,41,,,0
3019,'1198153',1927,,10195,41,,,0
3019,'1198229',1528,,10196,41,,,0
3019,'1198237',1658,,10197,41,,,0
3019,'1198265',2127,,10198,41,,,0
3019,'1198278',1957,,10199,41,,,0
3019,'1198430',1642,,10200,41,,,0
3019,'1198432',1827,,10201,41,,,0
3019,'1198501',1728,,10202,41,,,0
3019,'1198514',658,,10203,41,,,0
3019,'1198654',1742,,10204,41,,,0
3019,'1198677',842,,10205,41,,,0
3019,'1198680',828,,10206,41,,,0
3019,'1198689',2417,,10207,41,,,0
3019,'1198691',1758,,10208,41,,,0
3019,'1198742',2227,,10209,41,,,0
3019,'1198777',1428,,10210,41,,,0
3019,'1198788',742,,10211,41,,,0
3019,'1198845',1042,,10212,41,,,0
3019,'1198989',2142,,10213,41,,,0
3019,'1198991',1842,,10214,41,,,0
3019,'1199009',1342,,10215,41,,,0
3019,'1199035',1228,,10216,41,,,0
3019,'1199052',2042,,10217,41,,,0
3019,'1199066',1142,,10218,41,,,0
3019,'1199133',1328,,10219,41,,,0
3019,'1199262',2327,,10220,41,,,0
3019,'1199277',758,,10221,41,,,0
3019,'1199346',1328,,10222,41,,,0
3019,'1199408',2057,,10223,41,,,0
3019,'1199412',1442,,10224,41,,,0
3019,'1199440',2327,,10225,41,,,0
3019,'1199509',827,,10226,41,,,0
3019,'1199597',629,,10227,11,,,0
3019,'1199600',1942,,10228,41,,,0
3019,'1199612',1128,,10229,41,,,0
4019,'1197123',721,,10299,23,,,0
4019,'1197392',1520,,10300,23,,,0
4019,'1197520',921,,10301,23,,,0
4019,'1197788',1550,,10302,23,,,0
4019,'1197874',1350,,10303,23,,,0
4019,'1198006',851,,10304,23,,,0
4019,'1198332',1750,,10305,23,,,0
4019,'1198394',1450,,10306,23,,,0
4019,'1198409',821,,10307,23,,,0
4019,'1198799',1420,,10308,23,,,0
4019,'1198924',1720,,10309,23,,,0
4019,'1199002',950,,10310,23,,,0
4019,'1199239',1620,,10311,23,,,0
4019,'1199517',752,,10312,23,,,0
4019,'1199645',1650,,10313,23,,,0
