11019,'1196876',1451,,10448,13,,,0
11019,'1196884',1251,,10449,17,,,0
11019,'1196914',1134,,10450,17,,,0
11019,'1196958',754,,10451,17,,,0
11019,'1197000',1251,,10452,13,,,0
11019,'1197070',1851,,10453,13,,,0
11019,'1197071',1833,,10454,17,,,0
11019,'1197114',919,,10455,17,,,0
11019,'1197185',2251,,10456,13,,,0
11019,'1197191',1451,,10457,17,,,0
11019,'1197229',1406,,10458,17,,,0
11019,'1197234',1705,,10459,17,,,0
11019,'1197264',1736,,10460,17,,,0
11019,'1197274',934,,10461,17,,,0
11019,'1197327',1335,,10462,17,,,0
11019,'1197343',734,,10463,17,,,0
11019,'1197351',1551,,10464,13,,,0
11019,'1197398',1821,,10465,17,,,0
11019,'1197412',2303,,10466,17,,,0
11019,'1197422',1636,,10467,17,,,0
11019,'1197446',2351,,10468,13,,,0
11019,'1197463',704,,10469,17,,,0
11019,'1197502',619,,10470,17,,,0
11019,'1197519',749,,10471,17,,,0
11019,'1197564',2254,,10472,17,,,0
11019,'1197573',1351,,10473,13,,,0
11019,'1197695',1104,,10474,17,,,0
11019,'1197696',804,,10475,17,,,0
11019,'1197753',851,,10476,13,,,0
11019,'1197763',1521,,10477,17,,,0
11019,'1197795',2033,,10478,17,,,0
11019,'1197832',1621,,10479,17,,,0
11019,'1197875',2420,,10480,17,,,0
11019,'1197917',2354,,10481,17,,,0
11019,'1197925',1119,,10482,17,,,0
11019,'1197934',1535,,10483,17,,,0
11019,'1197978',1903,,10484,17,,,0
11019,'1197990',1435,,10485,17,,,0
11019,'1198012',849,,10486,17,,,0
11019,'1198053',954,,10487,17,,,0
11019,'1198076',2003,,10488,17,,,0
11019,'1198113',2103,,10489,17,,,0
11019,'1198146',2233,,10490,17,,,0
11019,'1198266',1954,,10491,17,,,0
11019,'1198296',1651,,10492,13,,,0
11019,'1198337',904,,10493,17,,,0
11019,'1198341',1154,,10494,17,,,0
11019,'1198362',2151,,10495,13,,,0
11019,'1198405',1854,,10496,17,,,0
11019,'1198419',1506,,10497,17,,,0
11019,'1198470',1306,,10498,17,,,0
11019,'1198493',1806,,10499,17,,,0
11019,'1198506',1054,,10500,17,,,0
11019,'1198543',1019,,10501,17,,,0
11019,'1198548',1606,,10502,17,,,0
11019,'1198573',1149,,10503,17,,,0
11019,'1198590',1951,,10504,13,,,0
11019,'1198610',1551,,10505,17,,,0
11019,'1198623',654,,10506,17,,,0
11019,'1198660',1305,,10507,17,,,0
11019,'1198662',1751,,10508,13,,,0
11019,'1198696',1436,,10509,17,,,0
11019,'1198771',1505,,10510,17,,,0
11019,'1198808',949,,10511,17,,,0
11019,'1198843',2051,,10512,13,,,0
11019,'1198927',1049,,10513,17,,,0
11019,'1198951',1721,,10514,17,,,0
11019,'1198978',1933,,10515,17,,,0
11019,'1199022',1234,,10516,17,,,0
11019,'1199024',2154,,10517,17,,,0
11019,'1199026',2203,,10518,17,,,0
11019,'1199059',1605,,10519,17,,,0
11019,'1199060',1351,,10520,17,,,0
11019,'1199064',1805,,10521,17,,,0
11019,'1199091',751,,10522,13,,,0
11019,'1199100',2133,,10523,17,,,0
11019,'1199118',1706,,10524,17,,,0
11019,'1199132',649,,10525,17,,,0
11019,'1199143',1735,,10526,17,,,0
11019,'1199154',1421,,10527,17,,,0
11019,'1199177',1651,,10528,17,,,0
11019,'1199180',2054,,10529,17,,,0
11019,'1199214',719,,10530,17,,,0
11019,'1199225',1536,,10531,17,,,0
11019,'1199227',1151,,10532,13,,,0
11019,'1199229',1405,,10533,17,,,0
11019,'1199253',951,,10534,13,,,0
11019,'1199301',2330,,10535,17,,,0
11019,'1199306',1051,,10536,13,,,0
11019,'1199370',1751,,10537,17,,,0
11019,'1199376',834,,10538,17,,,0
11019,'1199394',854,,10539,17,,,0
11019,'1199403',819,,10540,17,,,0
11019,'1199410',1204,,10541,17,,,0
11019,'1199462',2400,,10542,17,,,0
11019,'1199476',1004,,10543,17,,,0
11019,'1199496',1321,,10544,17,,,0
11019,'1199508',1219,,10545,17,,,0
11019,'1199591',1635,,10546,17,,,0
11019,'1199603',1236,,10547,17,,,0
11019,'1199619',1034,,10548,17,,,0
11019,'1199623',1336,,10549,17,,,0
