14029,'1196849',1719,,10975,6,,,0
14029,'1196912',749,,10976,6,,,0
14029,'1197024',1519,,10977,6,,,0
14029,'1197041',2319,,10978,6,,,0
14029,'1197050',1619,,10979,6,,,0
14029,'1197119',1719,,10980,6,,,0
14029,'1197130',2219,,10981,6,,,0
14029,'1197219',1519,,10982,6,,,0
14029,'1197237',1319,,10983,6,,,0
14029,'1197250',619,,10984,6,,,0
14029,'1197265',1749,,10985,6,,,0
14029,'1197310',2219,,10986,6,,,0
14029,'1197323',1319,,10987,6,,,0
14029,'1197440',2119,,10988,6,,,0
14029,'1197456',1519,,10989,6,,,0
14029,'1197472',1119,,10990,6,,,0
14029,'1197493',1849,,10991,6,,,0
14029,'1197512',1619,,10992,6,,,0
14029,'1197515',1419,,10993,6,,,0
14029,'1197597',719,,10994,6,,,0
14029,'1197605',2249,,10995,6,,,0
14029,'1197639',1219,,10996,6,,,0
14029,'1197699',1949,,10997,6,,,0
14029,'1197717',1719,,10998,6,,,0
14029,'1197738',1019,,10999,6,,,0
14029,'1197809',1619,,11000,6,,,0
14029,'1197863',2354,,11001,6,,,0
14029,'1197882',1419,,11002,6,,,0
14029,'1197961',1219,,11003,6,,,0
14029,'1198040',1019,,11004,6,,,0
14029,'1198078',1119,,11005,6,,,0
14029,'1198100',849,,11006,6,,,0
14029,'1198198',2149,,11007,6,,,0
14029,'1198204',2049,,11008,6,,,0
14029,'1198269',649,,11009,6,,,0
14029,'1198326',919,,11010,6,,,0
14029,'1198404',719,,11011,6,,,0
14029,'1198426',2119,,11012,6,,,0
14029,'1198570',819,,11013,6,,,0
14029,'1198612',2319,,11014,6,,,0
14029,'1198728',819,,11015,6,,,0
14029,'1198772',1819,,11016,6,,,0
14029,'1198830',919,,11017,6,,,0
14029,'1198941',1119,,11018,6,,,0
14029,'1198956',1419,,11019,6,,,0
14029,'1199040',2019,,11020,6,,,0
14029,'1199065',1219,,11021,6,,,0
14029,'1199076',1819,,11022,6,,,0
14029,'1199083',1649,,11023,6,,,0
14029,'1199184',919,,11024,6,,,0
14029,'1199200',819,,11025,6,,,0
14029,'1199222',1549,,11026,6,,,0
14029,'1199266',1319,,11027,6,,,0
14029,'1199447',1919,,11028,6,,,0
14029,'1199472',2019,,11029,6,,,0
14029,'1199520',1019,,11030,6,,,0
14029,'1199554',719,,11031,6,,,0
14029,'1199573',1919,,11032,6,,,0
14029,'1199643',1449,,11033,6,,,0
