25019,'1196864',1244,,11307,24,,,0
25019,'1196932',1744,,11308,24,,,0
25019,'1196994',1945,,11309,24,,,0
25019,'1197064',728,,11310,24,,,0
25019,'1197079',2405,,11311,24,,,0
25019,'1197084',2328,,11312,24,,,0
25019,'1197151',743,,11313,24,,,0
25019,'1197299',2145,,11314,24,,,0
25019,'1197317',1344,,11315,24,,,0
25019,'1197342',1745,,11316,24,,,0
25019,'1197442',1528,,11317,24,,,0
25019,'1197448',1615,,11318,24,,,0
25019,'1197471',1044,,11319,24,,,0
25019,'1197624',1845,,11320,24,,,0
25019,'1197657',2128,,11321,24,,,0
25019,'1197660',845,,11322,24,,,0
25019,'1197687',2343,,11323,24,,,0
25019,'1197702',1215,,11324,24,,,0
25019,'1197757',745,,11325,24,,,0
25019,'1197760',1545,,11326,24,,,0
25019,'1197771',2028,,11327,24,,,0
25019,'1198004',2228,,11328,24,,,0
25019,'1198021',715,,11329,24,,,0
25019,'1198071',1944,,11330,24,,,0
25019,'1198079',645,,11331,24,,,0
25019,'1198190',2045,,11332,24,,,0
25019,'1198267',2245,,11333,24,,,0
25019,'1198315',915,,11334,24,,,0
25019,'1198388',1415,,11335,24,,,0
25019,'1198435',2244,,11336,24,,,0
25019,'1198457',643,,11337,24,,,0
25019,'1198479',945,,11338,24,,,0
25019,'1198492',1444,,11339,24,,,0
25019,'1198496',1844,,11340,24,,,0
25019,'1198512',1728,,11341,24,,,0
25019,'1198566',1144,,11342,24,,,0
25019,'1198604',1428,,11343,24,,,0
25019,'1198759',1328,,11344,24,,,0
25019,'1198776',2144,,11345,24,,,0
25019,'1198803',1515,,11346,24,,,0
25019,'1198823',2044,,11347,24,,,0
25019,'1198862',1928,,11348,24,,,0
25019,'1198902',1445,,11349,24,,,0
25019,'1198938',844,,11350,24,,,0
25019,'1199011',1115,,11351,24,,,0
25019,'1199070',1015,,11352,24,,,0
25019,'1199074',828,,11353,24,,,0
25019,'1199097',815,,11354,24,,,0
25019,'1199125',928,,11355,24,,,0
25019,'1199183',1315,,11356,24,,,0
25019,'1199208',1228,,11357,24,,,0
25019,'1199212',1828,,11358,24,,,0
25019,'1199258',1645,,11359,24,,,0
25019,'1199359',1028,,11360,24,,,0
25019,'1199389',944,,11361,24,,,0
25019,'1199464',1644,,11362,24,,,0
25019,'1199480',1715,,11363,24,,,0
25019,'1199589',1128,,11364,24,,,0
25019,'1199634',1544,,11365,24,,,0
25019,'1199649',1628,,11366,24,,,0
