11029,'1199774',1541,,10550,31,,,0
11029,'1199777',955,,10551,31,,,0
11029,'1199778',1341,,10552,31,,,0
11029,'1199779',2338,,10553,31,,,0
11029,'1199780',1240,,10554,31,,,0
11029,'1199781',1155,,10555,31,,,0
11029,'1199782',1656,,10556,31,,,0
11029,'1199783',2240,,10557,31,,,0
11029,'1199785',1338,,10558,31,,,0
11029,'1199786',825,,10559,31,,,0
11029,'1199787',1641,,10560,31,,,0
11029,'1199788',1611,,10561,31,,,0
11029,'1199789',1456,,10562,31,,,0
11029,'1199790',1508,,10563,31,,,0
11029,'1199791',1138,,10564,31,,,0
11029,'1199792',1556,,10565,31,,,0
11029,'1199793',2355,,10566,31,,,0
11029,'1199794',840,,10567,31,,,0
11029,'1199795',1511,,10568,31,,,0
11029,'1199796',1210,,10569,31,,,0
11029,'1199797',1811,,10570,31,,,0
11029,'1199799',755,,10571,31,,,0
11029,'1199800',1726,,10572,31,,,0
11029,'1199804',940,,10573,31,,,0
11029,'1199808',1040,,10574,31,,,0
11029,'1199809',1741,,10575,31,,,0
11029,'1199810',1110,,10576,31,,,0
11029,'1199811',1055,,10577,31,,,0
11029,'1199812',1608,,10578,31,,,0
11029,'1199813',2340,,10579,31,,,0
11029,'1199814',1241,,10580,31,,,0
11029,'1199815',1638,,10581,31,,,0
11029,'1199816',1208,,10582,31,,,0
11029,'1199818',740,,10583,31,,,0
11029,'1199819',1140,,10584,31,,,0
11029,'1199820',1756,,10585,31,,,0
11029,'1199821',1538,,10586,31,,,0
11029,'1199823',1308,,10587,31,,,0
11029,'1199825',2038,,10588,31,,,0
11029,'1199826',2415,,10589,31,,,0
11029,'1199828',1426,,10590,31,,,0
11029,'1199830',1326,,10591,31,,,0
11029,'1199831',2025,,10592,31,,,0
11029,'1199834',655,,10593,31,,,0
11029,'1199836',810,,10594,31,,,0
11029,'1199838',1526,,10595,31,,,0
11029,'1199839',740,,10596,31,,,0
11029,'1199843',1356,,10597,31,,,0
11029,'1199844',2040,,10598,31,,,0
11029,'1199846',1441,,10599,31,,,0
11029,'1199847',940,,10600,31,,,0
11029,'1199848',925,,10601,31,,,0
11029,'1199849',2140,,10602,31,,,0
11029,'1199850',1540,,10603,31,,,0
11029,'1199852',725,,10604,31,,,0
11029,'1199853',1010,,10605,31,,,0
11029,'1199854',855,,10606,31,,,0
11029,'1199855',1640,,10607,31,,,0
11029,'1199856',2138,,10608,31,,,0
11029,'1199858',1626,,10609,31,,,0
11029,'1199860',1040,,10610,31,,,0
11029,'1199862',1955,,10611,31,,,0
11029,'1199863',838,,10612,31,,,0
11029,'1199864',1226,,10613,31,,,0
11029,'1199865',1738,,10614,31,,,0
11029,'1199866',1238,,10615,31,,,0
11029,'1199867',2055,,10616,31,,,0
11029,'1199869',1438,,10617,31,,,0
11029,'1199870',1340,,10618,31,,,0
11029,'1199871',1408,,10619,31,,,0
11029,'1199873',2225,,10620,31,,,0
11029,'1199874',1125,,10621,31,,,0
11029,'1199875',1025,,10622,31,,,0
11029,'1199876',710,,10623,31,,,0
11029,'1199877',1740,,10624,31,,,0
11029,'1199878',1711,,10625,31,,,0
11029,'1199881',1838,,10626,31,,,0
11029,'1199882',1925,,10627,31,,,0
11029,'1199883',1140,,10628,31,,,0
11029,'1199884',1940,,10629,31,,,0
11029,'1199886',1938,,10630,31,,,0
11029,'1199889',738,,10631,31,,,0
11029,'1199890',2125,,10632,31,,,0
11029,'1199891',2238,,10633,31,,,0
11029,'1199892',1840,,10634,31,,,0
11029,'1199893',1038,,10635,31,,,0
11029,'1199898',910,,10636,31,,,0
11029,'1199899',1855,,10637,31,,,0
11029,'1199902',1825,,10638,31,,,0
11029,'1199903',938,,10639,31,,,0
11029,'1199904',1708,,10640,31,,,0
11029,'1199906',640,,10641,31,,,0
11029,'1199907',2325,,10642,31,,,0
11029,'1199910',2255,,10643,31,,,0
11029,'1199911',2155,,10644,31,,,0
11029,'1199912',1411,,10645,31,,,0
11029,'1199913',1256,,10646,31,,,0
11029,'1199914',1311,,10647,31,,,0
11029,'1199919',840,,10648,31,,,0
11029,'1199920',1440,,10649,31,,,0
22029,'1196872',1457,,11159,9,,,0
22029,'1197509',1056,,11160,9,,,0
22029,'1197841',1257,,11161,9,,,0
22029,'1198320',1426,,11162,9,,,0
22029,'1198325',1826,,11163,9,,,0
22029,'1198632',1026,,11164,9,,,0
22029,'1198895',1626,,11165,9,,,0
22029,'1199147',856,,11166,9,,,0
22029,'1199241',1226,,11167,9,,,0
22029,'1199309',825,,11168,9,,,0
140001029,'1196879',630,,12358,23,,,0
140001029,'1196954',1001,,12359,23,,,0
140001029,'1196975',1033,,12360,23,,,0
140001029,'1196976',2330,,12361,23,,,0
140001029,'1197010',1348,,12362,23,,,0
140001029,'1197038',1118,,12363,23,,,0
140001029,'1197058',1845,,12364,23,,,0
140001029,'1197078',1130,,12365,23,,,0
140001029,'1197099',2300,,12366,23,,,0
140001029,'1197105',2330,,12367,23,,,0
140001029,'1197113',900,,12368,23,,,0
140001029,'1197141',1449,,12369,23,,,0
140001029,'1197155',1746,,12370,23,,,0
140001029,'1197162',945,,12371,23,,,0
140001029,'1197190',1604,,12372,23,,,0
140001029,'1197195',1704,,12373,23,,,0
140001029,'1197198',1404,,12374,23,,,0
140001029,'1197204',931,,12375,23,,,0
140001029,'1197222',1233,,12376,23,,,0
140001029,'1197249',1231,,12377,23,,,0
140001029,'1197271',1947,,12378,23,,,0
140001029,'1197276',1101,,12379,23,,,0
140001029,'1197293',1519,,12380,23,,,0
140001029,'1197305',1531,,12381,23,,,0
140001029,'1197370',1218,,12382,23,,,0
140001029,'1197377',2230,,12383,23,,,0
140001029,'1197379',800,,12384,23,,,0
140001029,'1197386',1830,,12385,23,,,0
140001029,'1197424',2100,,12386,23,,,0
140001029,'1197426',1016,,12387,23,,,0
140001029,'1197432',1000,,12388,23,,,0
140001029,'1197460',2230,,12389,23,,,0
140001029,'1197482',631,,12390,23,,,0
140001029,'1197494',2405,,12391,23,,,0
140001029,'1197497',1701,,12392,23,,,0
140001029,'1197568',1330,,12393,23,,,0
140001029,'1197611',2300,,12394,23,,,0
140001029,'1197612',1549,,12395,23,,,0
140001029,'1197619',1830,,12396,23,,,0
140001029,'1197627',845,,12397,23,,,0
140001029,'1197635',2230,,12398,23,,,0
140001029,'1197649',1333,,12399,23,,,0
140001029,'1197658',1930,,12400,23,,,0
140001029,'1197662',1103,,12401,23,,,0
140001029,'1197723',930,,12402,23,,,0
140001029,'1197758',1248,,12403,23,,,0
140001029,'1197776',2032,,12404,23,,,0
140001029,'1197849',2200,,12405,23,,,0
140001029,'1197888',2000,,12406,23,,,0
140001029,'1197928',1431,,12407,23,,,0
140001029,'1197938',1419,,12408,23,,,0
140001029,'1197948',1504,,12409,23,,,0
140001029,'1197957',1616,,12410,23,,,0
140001029,'1197967',1719,,12411,23,,,0
140001029,'1197972',1601,,12412,23,,,0
140001029,'1197983',730,,12413,23,,,0
140001029,'1198007',2130,,12414,23,,,0
140001029,'1198048',745,,12415,23,,,0
140001029,'1198049',715,,12416,23,,,0
140001029,'1198081',1301,,12417,23,,,0
140001029,'1198099',946,,12418,23,,,0
140001029,'1198101',1133,,12419,23,,,0
140001029,'1198102',831,,12420,23,,,0
140001029,'1198131',2030,,12421,23,,,0
140001029,'1198132',1030,,12422,23,,,0
140001029,'1198186',1801,,12423,23,,,0
140001029,'1198207',700,,12424,23,,,0
140001029,'1198209',915,,12425,23,,,0
140001029,'1198299',1201,,12426,23,,,0
140001029,'1198347',645,,12427,23,,,0
140001029,'1198350',1917,,12428,23,,,0
140001029,'1198371',1434,,12429,23,,,0
140001029,'1198391',2047,,12430,23,,,0
140001029,'1198425',2030,,12431,23,,,0
140001029,'1198451',2400,,12432,23,,,0
140001029,'1198469',1631,,12433,23,,,0
140001029,'1198505',1430,,12434,23,,,0
140001029,'1198517',1203,,12435,23,,,0
140001029,'1198540',730,,12436,23,,,0
140001029,'1198546',1031,,12437,23,,,0
140001029,'1198572',1546,,12438,23,,,0
140001029,'1198636',815,,12439,23,,,0
140001029,'1198643',1230,,12440,23,,,0
140001029,'1198645',1730,,12441,23,,,0
140001029,'1198655',801,,12442,23,,,0
140001029,'1198697',901,,12443,23,,,0
140001029,'1198757',1630,,12444,23,,,0
140001029,'1198770',2002,,12445,23,,,0
140001029,'1198787',1619,,12446,23,,,0
140001029,'1198789',1932,,12447,23,,,0
140001029,'1198794',1048,,12448,23,,,0
140001029,'1198796',2200,,12449,23,,,0
140001029,'1198802',1116,,12450,23,,,0
140001029,'1198817',1516,,12451,23,,,0
140001029,'1198824',1148,,12452,23,,,0
140001029,'1198860',1815,,12453,23,,,0
140001029,'1198934',1716,,12454,23,,,0
140001029,'1198970',1749,,12455,23,,,0
140001029,'1198973',930,,12456,23,,,0
140001029,'1198981',1832,,12457,23,,,0
140001029,'1198986',2330,,12458,23,,,0
140001029,'1198999',1346,,12459,23,,,0
140001029,'1199001',731,,12460,23,,,0
140001029,'1199006',830,,12461,23,,,0
140001029,'1199010',1802,,12462,23,,,0
140001029,'1199031',1216,,12463,23,,,0
140001029,'1199086',1018,,12464,23,,,0
140001029,'1199101',701,,12465,23,,,0
140001029,'1199110',1146,,12466,23,,,0
140001029,'1199113',1646,,12467,23,,,0
140001029,'1199128',1046,,12468,23,,,0
140001029,'1199156',1930,,12469,23,,,0
140001029,'1199174',1318,,12470,23,,,0
140001029,'1199189',830,,12471,23,,,0
140001029,'1199191',1817,,12472,23,,,0
140001029,'1199203',2102,,12473,23,,,0
140001029,'1199247',1649,,12474,23,,,0
140001029,'1199259',1847,,12475,23,,,0
140001029,'1199261',1416,,12476,23,,,0
140001029,'1199275',1534,,12477,23,,,0
140001029,'1199283',1331,,12478,23,,,0
140001029,'1199312',1246,,12479,23,,,0
140001029,'1199341',2017,,12480,23,,,0
140001029,'1199351',1316,,12481,23,,,0
140001029,'1199395',1734,,12482,23,,,0
140001029,'1199415',1900,,12483,23,,,0
140001029,'1199446',1902,,12484,23,,,0
140001029,'1199456',1530,,12485,23,,,0
140001029,'1199465',1731,,12486,23,,,0
140001029,'1199469',2130,,12487,23,,,0
140001029,'1199481',1634,,12488,23,,,0
140001029,'1199494',1501,,12489,23,,,0
140001029,'1199502',1401,,12490,23,,,0
140001029,'1199522',1446,,12491,23,,,0
140001029,'1199528',2130,,12492,23,,,0
140001029,'1199569',1131,,12493,23,,,0
140001029,'1199608',1303,,12494,23,,,0
