105019,'1196946',932,,12117,83,,,0
105019,'1197049',1843,,12118,83,,,0
105019,'1197077',618,,12119,83,,,0
105019,'1197115',1228,,12120,83,,,0
105019,'1197131',732,,12121,83,,,0
105019,'1197173',1233,,12122,83,,,0
105019,'1197181',1047,,12123,83,,,0
105019,'1197192',2218,,12124,83,,,0
105019,'1197197',1528,,12125,83,,,0
105019,'1197292',1333,,12126,83,,,0
105019,'1197296',1628,,12127,83,,,0
105019,'1197531',1433,,12128,83,,,0
105019,'1197548',1948,,12129,83,,,0
105019,'1197557',1633,,12130,83,,,0
105019,'1197588',847,,12131,83,,,0
105019,'1197596',2118,,12132,83,,,0
105019,'1197617',1533,,12133,83,,,0
105019,'1197633',1247,,12134,83,,,0
105019,'1197710',825,,12135,83,,,0
105019,'1197779',1813,,12136,83,,,0
105019,'1197825',1443,,12137,83,,,0
105019,'1197971',1128,,12138,83,,,0
105019,'1198112',648,,12139,83,,,0
105019,'1198338',1133,,12140,83,,,0
105019,'1198380',2247,,12141,83,,,0
105019,'1198385',1743,,12142,83,,,0
105019,'1198553',1343,,12143,83,,,0
105019,'1198560',2047,,12144,83,,,0
105019,'1198571',1647,,12145,83,,,0
105019,'1198621',755,,12146,83,,,0
105019,'1198667',1025,,12147,83,,,0
105019,'1198717',1558,,12148,83,,,0
105019,'1198741',925,,12149,83,,,0
105019,'1198746',1913,,12150,83,,,0
105019,'1198889',718,,12151,83,,,0
105019,'1199004',1447,,12152,83,,,0
105019,'1199054',1658,,12153,83,,,0
105019,'1199098',855,,12154,83,,,0
105019,'1199298',2418,,12155,83,,,0
105019,'1199347',2332,,12156,83,,,0
105019,'1199383',2318,,12157,83,,,0
105019,'1199400',1733,,12158,83,,,0
105019,'1199461',1847,,12159,83,,,0
105019,'1199511',1833,,12160,83,,,0
105019,'1199546',2132,,12161,83,,,0
105019,'1199574',1933,,12162,83,,,0
106019,'1196832',955,,12209,26,,,0
106019,'1196841',725,,12210,26,,,0
106019,'1197348',840,,12211,26,,,0
106019,'1197389',1826,,12212,26,,,0
106019,'1197951',1556,,12213,26,,,0
106019,'1198120',1711,,12214,26,,,0
