105019,'1196946',918,,12117,65,,,0
105019,'1197049',1828,,12118,65,,,0
105019,'1197077',606,,12119,65,,,0
105019,'1197115',1213,,12120,65,,,0
105019,'1197131',718,,12121,65,,,0
105019,'1197173',1220,,12122,65,,,0
105019,'1197181',1036,,12123,65,,,0
105019,'1197192',2205,,12124,65,,,0
105019,'1197197',1513,,12125,65,,,0
105019,'1197292',1320,,12126,65,,,0
105019,'1197296',1613,,12127,65,,,0
105019,'1197531',1420,,12128,65,,,0
105019,'1197548',1935,,12129,65,,,0
105019,'1197557',1620,,12130,65,,,0
105019,'1197588',836,,12131,65,,,0
105019,'1197596',2105,,12132,65,,,0
105019,'1197617',1520,,12133,65,,,0
105019,'1197633',1236,,12134,65,,,0
105019,'1197710',810,,12135,65,,,0
105019,'1197779',1758,,12136,65,,,0
105019,'1197825',1428,,12137,65,,,0
105019,'1197971',1113,,12138,65,,,0
105019,'1198112',636,,12139,65,,,0
105019,'1198338',1120,,12140,65,,,0
105019,'1198380',2236,,12141,65,,,0
105019,'1198385',1728,,12142,65,,,0
105019,'1198553',1328,,12143,65,,,0
105019,'1198560',2036,,12144,65,,,0
105019,'1198571',1636,,12145,65,,,0
105019,'1198621',740,,12146,65,,,0
105019,'1198667',1010,,12147,65,,,0
105019,'1198717',1543,,12148,65,,,0
105019,'1198741',910,,12149,65,,,0
105019,'1198746',1858,,12150,65,,,0
105019,'1198889',706,,12151,65,,,0
105019,'1199004',1436,,12152,65,,,0
105019,'1199054',1643,,12153,65,,,0
105019,'1199098',840,,12154,65,,,0
105019,'1199298',2405,,12155,65,,,0
105019,'1199347',2318,,12156,65,,,0
105019,'1199383',2305,,12157,65,,,0
105019,'1199400',1720,,12158,65,,,0
105019,'1199461',1836,,12159,65,,,0
105019,'1199511',1820,,12160,65,,,0
105019,'1199546',2118,,12161,65,,,0
105019,'1199574',1920,,12162,65,,,0
106029,'1196836',1616,,12215,16,,,0
106029,'1196851',1731,,12216,16,,,0
106029,'1197042',1014,,12217,16,,,0
106029,'1197408',1846,,12218,16,,,0
106029,'1198086',744,,12219,16,,,0
106029,'1198615',859,,12220,16,,,0
