11029,'1199774',1522,,10550,10,,,0
11029,'1199777',936,,10551,10,,,0
11029,'1199778',1322,,10552,10,,,0
11029,'1199779',2321,,10553,10,,,0
11029,'1199780',1221,,10554,10,,,0
11029,'1199781',1136,,10555,10,,,0
11029,'1199782',1637,,10556,10,,,0
11029,'1199783',2221,,10557,10,,,0
11029,'1199785',1321,,10558,10,,,0
11029,'1199786',806,,10559,10,,,0
11029,'1199787',1622,,10560,10,,,0
11029,'1199788',1552,,10561,10,,,0
11029,'1199789',1437,,10562,10,,,0
11029,'1199790',1451,,10563,10,,,0
11029,'1199791',1121,,10564,10,,,0
11029,'1199792',1537,,10565,10,,,0
11029,'1199793',2336,,10566,10,,,0
11029,'1199794',821,,10567,10,,,0
11029,'1199795',1452,,10568,10,,,0
11029,'1199796',1151,,10569,10,,,0
11029,'1199797',1752,,10570,10,,,0
11029,'1199799',736,,10571,10,,,0
11029,'1199800',1707,,10572,10,,,0
11029,'1199804',921,,10573,10,,,0
11029,'1199808',1021,,10574,10,,,0
11029,'1199809',1722,,10575,10,,,0
11029,'1199810',1051,,10576,10,,,0
11029,'1199811',1036,,10577,10,,,0
11029,'1199812',1551,,10578,10,,,0
11029,'1199813',2321,,10579,10,,,0
11029,'1199814',1222,,10580,10,,,0
11029,'1199815',1621,,10581,10,,,0
11029,'1199816',1151,,10582,10,,,0
11029,'1199818',721,,10583,10,,,0
11029,'1199819',1121,,10584,10,,,0
11029,'1199820',1737,,10585,10,,,0
11029,'1199821',1521,,10586,10,,,0
11029,'1199823',1251,,10587,10,,,0
11029,'1199825',2021,,10588,10,,,0
11029,'1199826',2356,,10589,10,,,0
11029,'1199828',1407,,10590,10,,,0
11029,'1199830',1307,,10591,10,,,0
11029,'1199831',2006,,10592,10,,,0
11029,'1199834',636,,10593,10,,,0
11029,'1199836',751,,10594,10,,,0
11029,'1199838',1507,,10595,10,,,0
11029,'1199839',721,,10596,10,,,0
11029,'1199843',1337,,10597,10,,,0
11029,'1199844',2021,,10598,10,,,0
11029,'1199846',1422,,10599,10,,,0
11029,'1199847',921,,10600,10,,,0
11029,'1199848',906,,10601,10,,,0
11029,'1199849',2121,,10602,10,,,0
11029,'1199850',1521,,10603,10,,,0
11029,'1199852',706,,10604,10,,,0
11029,'1199853',951,,10605,10,,,0
11029,'1199854',836,,10606,10,,,0
11029,'1199855',1621,,10607,10,,,0
11029,'1199856',2121,,10608,10,,,0
11029,'1199858',1607,,10609,10,,,0
11029,'1199860',1021,,10610,10,,,0
11029,'1199862',1936,,10611,10,,,0
11029,'1199863',821,,10612,10,,,0
11029,'1199864',1207,,10613,10,,,0
11029,'1199865',1721,,10614,10,,,0
11029,'1199866',1221,,10615,10,,,0
11029,'1199867',2036,,10616,10,,,0
11029,'1199869',1421,,10617,10,,,0
11029,'1199870',1321,,10618,10,,,0
11029,'1199871',1351,,10619,10,,,0
11029,'1199873',2206,,10620,10,,,0
11029,'1199874',1106,,10621,10,,,0
11029,'1199875',1006,,10622,10,,,0
11029,'1199876',651,,10623,10,,,0
11029,'1199877',1721,,10624,10,,,0
11029,'1199878',1652,,10625,10,,,0
11029,'1199881',1821,,10626,10,,,0
11029,'1199882',1906,,10627,10,,,0
11029,'1199883',1121,,10628,10,,,0
11029,'1199884',1921,,10629,10,,,0
11029,'1199886',1921,,10630,10,,,0
11029,'1199889',721,,10631,10,,,0
11029,'1199890',2106,,10632,10,,,0
11029,'1199891',2221,,10633,10,,,0
11029,'1199892',1821,,10634,10,,,0
11029,'1199893',1021,,10635,10,,,0
11029,'1199898',851,,10636,10,,,0
11029,'1199899',1836,,10637,10,,,0
11029,'1199902',1806,,10638,10,,,0
11029,'1199903',921,,10639,10,,,0
11029,'1199904',1651,,10640,10,,,0
11029,'1199906',621,,10641,10,,,0
11029,'1199907',2306,,10642,10,,,0
11029,'1199910',2236,,10643,10,,,0
11029,'1199911',2136,,10644,10,,,0
11029,'1199912',1352,,10645,10,,,0
11029,'1199913',1237,,10646,10,,,0
11029,'1199914',1252,,10647,10,,,0
11029,'1199919',821,,10648,10,,,0
11029,'1199920',1421,,10649,10,,,0
26019,'1196833',2204,,11427,5,,,0
26019,'1196844',2249,,11428,5,,,0
26019,'1196949',704,,11429,5,,,0
26019,'1197013',1949,,11430,5,,,0
26019,'1197027',1804,,11431,5,,,0
26019,'1197186',1104,,11432,5,,,0
26019,'1197303',1749,,11433,5,,,0
26019,'1197313',1904,,11434,5,,,0
26019,'1197393',1304,,11435,5,,,0
26019,'1197399',1004,,11436,5,,,0
26019,'1197400',1034,,11437,5,,,0
26019,'1197410',1149,,11438,5,,,0
26019,'1197475',1549,,11439,5,,,0
26019,'1197528',2004,,11440,5,,,0
26019,'1197539',849,,11441,5,,,0
26019,'1197549',2104,,11442,5,,,0
26019,'1197586',1704,,11443,5,,,0
26019,'1197594',1434,,11444,5,,,0
26019,'1197600',1349,,11445,5,,,0
26019,'1197749',749,,11446,5,,,0
26019,'1197787',1234,,11447,5,,,0
26019,'1197806',904,,11448,5,,,0
26019,'1197817',1404,,11449,5,,,0
26019,'1197995',1604,,11450,5,,,0
26019,'1198158',1249,,11451,5,,,0
26019,'1198274',1134,,11452,5,,,0
26019,'1198317',1449,,11453,5,,,0
26019,'1198334',1504,,11454,5,,,0
26019,'1198448',604,,11455,5,,,0
26019,'1198587',2304,,11456,5,,,0
26019,'1198626',804,,11457,5,,,0
26019,'1198633',904,,11458,5,,,0
26019,'1198635',704,,11459,5,,,0
26019,'1198640',2104,,11460,5,,,0
26019,'1198642',949,,11461,5,,,0
26019,'1198658',1049,,11462,5,,,0
26019,'1198670',1804,,11463,5,,,0
26019,'1198825',1504,,11464,5,,,0
26019,'1198834',1604,,11465,5,,,0
26019,'1198899',2004,,11466,5,,,0
26019,'1198969',1204,,11467,5,,,0
26019,'1199019',1649,,11468,5,,,0
26019,'1199155',804,,11469,5,,,0
26019,'1199246',1004,,11470,5,,,0
26019,'1199249',1334,,11471,5,,,0
26019,'1199290',604,,11472,5,,,0
26019,'1199307',2149,,11473,5,,,0
26019,'1199310',1704,,11474,5,,,0
26019,'1199313',2304,,11475,5,,,0
26019,'1199493',1904,,11476,5,,,0
26019,'1199515',1849,,11477,5,,,0
26019,'1199654',2204,,11478,5,,,0
26019,'1199656',2049,,11479,5,,,0
