3019,'1196834',1809,,10159,15,,,0
3019,'1196848',2109,,10160,15,,,0
3019,'1196854',709,,10161,15,,,0
3019,'1196968',1225,,10162,15,,,0
3019,'1196971',2009,,10163,15,,,0
3019,'1197069',709,,10164,15,,,0
3019,'1197076',2139,,10165,15,,,0
3019,'1197107',1239,,10166,15,,,0
3019,'1197120',2409,,10167,15,,,0
3019,'1197318',2209,,10168,15,,,0
3019,'1197369',2325,,10169,15,,,0
3019,'1197372',2225,,10170,15,,,0
3019,'1197378',909,,10171,15,,,0
3019,'1197462',909,,10172,15,,,0
3019,'1197478',1609,,10173,15,,,0
3019,'1197537',925,,10174,15,,,0
3019,'1197572',1339,,10175,15,,,0
3019,'1197590',839,,10176,15,,,0
3019,'1197618',1709,,10177,15,,,0
3019,'1197731',2009,,10179,15,,,0
3019,'1197748',1009,,10180,15,,,0
3019,'1197755',1039,,10181,15,,,0
3019,'1197810',1439,,10182,15,,,0
3019,'1197819',1909,,10183,15,,,0
3019,'1197850',1539,,10184,15,,,0
3019,'1197851',939,,10185,15,,,0
3019,'1197897',1109,,10186,15,,,0
3019,'1197923',1209,,10187,15,,,0
3019,'1197941',1509,,10188,15,,,0
3019,'1198025',1609,,10189,15,,,0
3019,'1198093',1839,,10190,15,,,0
3019,'1198098',1139,,10191,15,,,0
3019,'1198111',1009,,10192,15,,,0
3019,'1198119',1525,,10193,15,,,0
3019,'1198124',1409,,10194,15,,,0
3019,'1198153',1909,,10195,15,,,0
3019,'1198229',1509,,10196,15,,,0
3019,'1198237',1639,,10197,15,,,0
3019,'1198265',2109,,10198,15,,,0
3019,'1198278',1939,,10199,15,,,0
3019,'1198430',1625,,10200,15,,,0
3019,'1198432',1809,,10201,15,,,0
3019,'1198501',1709,,10202,15,,,0
3019,'1198514',639,,10203,15,,,0
3019,'1198654',1725,,10204,15,,,0
3019,'1198677',825,,10205,15,,,0
3019,'1198680',809,,10206,15,,,0
3019,'1198689',2359,,10207,15,,,0
3019,'1198691',1739,,10208,15,,,0
3019,'1198742',2209,,10209,15,,,0
3019,'1198777',1409,,10210,15,,,0
3019,'1198788',725,,10211,15,,,0
3019,'1198845',1025,,10212,15,,,0
3019,'1198989',2125,,10213,15,,,0
3019,'1198991',1825,,10214,15,,,0
3019,'1199009',1325,,10215,15,,,0
3019,'1199035',1209,,10216,15,,,0
3019,'1199052',2025,,10217,15,,,0
3019,'1199066',1125,,10218,15,,,0
3019,'1199133',1309,,10219,15,,,0
3019,'1199262',2309,,10220,15,,,0
3019,'1199277',739,,10221,15,,,0
3019,'1199346',1309,,10222,15,,,0
3019,'1199408',2039,,10223,15,,,0
3019,'1199412',1425,,10224,15,,,0
3019,'1199440',2309,,10225,15,,,0
3019,'1199509',809,,10226,15,,,0
3019,'1199600',1925,,10228,15,,,0
3019,'1199612',1109,,10229,15,,,0
