105019,'1196946',850,,12117,18,,,0
105019,'1197049',1757,,12118,18,,,0
105019,'1197077',536,,12119,18,,,0
105019,'1197115',1142,,12120,18,,,0
105019,'1197131',650,,12121,18,,,0
105019,'1197173',1152,,12122,18,,,0
105019,'1197181',1009,,12123,18,,,0
105019,'1197192',2136,,12124,18,,,0
105019,'1197197',1442,,12125,18,,,0
105019,'1197292',1252,,12126,18,,,0
105019,'1197296',1542,,12127,18,,,0
105019,'1197531',1352,,12128,18,,,0
105019,'1197548',1906,,12129,18,,,0
105019,'1197557',1552,,12130,18,,,0
105019,'1197588',809,,12131,18,,,0
105019,'1197596',2036,,12132,18,,,0
105019,'1197617',1452,,12133,18,,,0
105019,'1197633',1209,,12134,18,,,0
105019,'1197710',739,,12135,18,,,0
105019,'1197779',1727,,12136,18,,,0
105019,'1197825',1357,,12137,18,,,0
105019,'1197971',1042,,12138,18,,,0
105019,'1198112',606,,12139,18,,,0
105019,'1198338',1052,,12140,18,,,0
105019,'1198380',2209,,12141,18,,,0
105019,'1198385',1657,,12142,18,,,0
105019,'1198553',1257,,12143,18,,,0
105019,'1198560',2009,,12144,18,,,0
105019,'1198571',1609,,12145,18,,,0
105019,'1198621',709,,12146,18,,,0
105019,'1198667',939,,12147,18,,,0
105019,'1198717',1512,,12148,18,,,0
105019,'1198741',839,,12149,18,,,0
105019,'1198746',1827,,12150,18,,,0
105019,'1198889',636,,12151,18,,,0
105019,'1199004',1409,,12152,18,,,0
105019,'1199054',1612,,12153,18,,,0
105019,'1199098',809,,12154,18,,,0
105019,'1199298',2336,,12155,18,,,0
105019,'1199347',2250,,12156,18,,,0
105019,'1199383',2236,,12157,18,,,0
105019,'1199400',1652,,12158,18,,,0
105019,'1199461',1809,,12159,18,,,0
105019,'1199511',1752,,12160,18,,,0
105019,'1199546',2050,,12161,18,,,0
105019,'1199574',1852,,12162,18,,,0
