2029,'1196924',1509,,10051,6,,,0
2029,'1196985',1155,,10052,6,,,0
2029,'1196991',2238,,10053,6,,,0
2029,'1197028',2038,,10054,6,,,0
2029,'1197134',1825,,10055,6,,,0
2029,'1197139',924,,10056,6,,,0
2029,'1197143',2325,,10057,6,,,0
2029,'1197168',1609,,10058,6,,,0
2029,'1197170',640,,10059,6,,,0
2029,'1197175',1454,,10060,6,,,0
2029,'1197208',1440,,10061,6,,,0
2029,'1197209',855,,10062,6,,,0
2029,'1197218',709,,10063,6,,,0
2029,'1197261',1624,,10064,6,,,0
2029,'1197268',1654,,10065,6,,,0
2029,'1197282',639,,10066,6,,,0
2029,'1197288',2138,,10067,6,,,0
2029,'1197331',1620,,10068,6,,,0
2029,'1197332',2208,,10069,6,,,0
2029,'1197367',1420,,10070,6,,,0
2029,'1197375',854,,10071,6,,,0
2029,'1197411',1039,,10072,6,,,0
2029,'1197419',1324,,10073,6,,,0
2029,'1197430',654,,10074,6,,,0
2029,'1197437',954,,10075,6,,,0
2029,'1197491',1350,,10076,6,,,0
2029,'1197508',754,,10077,6,,,0
2029,'1197527',1240,,10078,6,,,0
2029,'1197534',1040,,10079,6,,,0
2029,'1197599',1639,,10080,6,,,0
2029,'1197642',739,,10081,6,,,0
2029,'1197644',1809,,10082,6,,,0
2029,'1197647',939,,10083,6,,,0
2029,'1197651',2335,,10084,6,,,0
2029,'1197655',2405,,10085,6,,,0
2029,'1197665',1025,,10086,6,,,0
2029,'1197667',1940,,10087,6,,,0
2029,'1197739',1709,,10088,6,,,0
2029,'1197769',1140,,10089,6,,,0
2029,'1197800',1009,,10090,6,,,0
2029,'1197808',2008,,10091,6,,,0
2029,'1197821',740,,10092,6,,,0
2029,'1197871',809,,10093,6,,,0
2029,'1197901',839,,10094,6,,,0
2029,'1197910',1739,,10095,6,,,0
2029,'1198003',1055,,10096,6,,,0
2029,'1198023',1224,,10097,6,,,0
2029,'1198042',840,,10098,6,,,0
2029,'1198045',2240,,10099,6,,,0
2029,'1198089',909,,10100,6,,,0
2029,'1198144',1024,,10101,6,,,0
2029,'1198156',2308,,10102,6,,,0
2029,'1198168',2025,,10103,6,,,0
2029,'1198184',940,,10104,6,,,0
2029,'1198213',1409,,10105,6,,,0
2029,'1198215',1824,,10106,6,,,0
2029,'1198275',1139,,10107,6,,,0
2029,'1198291',1054,,10108,6,,,0
2029,'1198335',1938,,10109,6,,,0
2029,'1198359',1320,,10110,6,,,0
2029,'1198433',1339,,10111,6,,,0
2029,'1198455',1220,,10112,6,,,0
2029,'1198473',1750,,10113,6,,,0
2029,'1198494',1720,,10114,6,,,0
2029,'1198537',1740,,10115,6,,,0
2029,'1198581',1125,,10116,6,,,0
2029,'1198603',1540,,10117,6,,,0
2029,'1198608',940,,10118,6,,,0
2029,'1198619',2410,,10119,6,,,0
2029,'1198682',1424,,10120,6,,,0
2029,'1198743',2240,,10121,6,,,0
2029,'1198838',1340,,10122,6,,,0
2029,'1198840',1450,,10123,6,,,0
2029,'1198841',724,,10124,6,,,0
2029,'1198851',2108,,10125,6,,,0
2029,'1198854',1154,,10126,6,,,0
2029,'1198870',725,,10127,6,,,0
2029,'1198967',2340,,10128,6,,,0
2029,'1199005',1554,,10129,6,,,0
2029,'1199023',1520,,10130,6,,,0
2029,'1199042',1940,,10131,6,,,0
2029,'1199046',1838,,10132,6,,,0
2029,'1199049',1109,,10133,6,,,0
2029,'1199063',1309,,10134,6,,,0
2029,'1199099',1254,,10135,6,,,0
2029,'1199116',1724,,10136,6,,,0
2029,'1199173',1550,,10137,6,,,0
2029,'1199237',2140,,10138,6,,,0
2029,'1199240',824,,10139,6,,,0
2029,'1199269',1239,,10140,6,,,0
2029,'1199288',1539,,10141,6,,,0
2029,'1199299',2155,,10142,6,,,0
2029,'1199305',1209,,10143,6,,,0
2029,'1199316',1754,,10144,6,,,0
2029,'1199329',1640,,10145,6,,,0
2029,'1199333',810,,10146,6,,,0
2029,'1199335',1250,,10147,6,,,0
2029,'1199398',2040,,10148,6,,,0
2029,'1199466',1908,,10149,6,,,0
2029,'1199478',1840,,10150,6,,,0
2029,'1199484',1524,,10151,6,,,0
2029,'1199542',2425,,10152,6,,,0
2029,'1199552',1354,,10153,6,,,0
2029,'1199560',1855,,10154,6,,,0
2029,'1199580',2110,,10155,6,,,0
2029,'1199620',1439,,10156,6,,,0
2029,'1199621',1124,,10157,6,,,0
2029,'1199635',1650,,10158,6,,,0
12019,'1196839',2116,,10650,2,,,0
12019,'1196874',1116,,10651,2,,,0
12019,'1196885',1616,,10652,2,,,0
12019,'1196887',1546,,10653,2,,,0
12019,'1196940',1316,,10654,2,,,0
12019,'1196983',1916,,10655,2,,,0
12019,'1197026',2216,,10656,2,,,0
12019,'1197080',1816,,10657,2,,,0
12019,'1197104',1846,,10658,2,,,0
12019,'1197223',1746,,10659,2,,,0
12019,'1197306',1146,,10660,2,,,0
12019,'1197322',746,,10661,2,,,0
12019,'1197334',1616,,10662,2,,,0
12019,'1197339',1746,,10663,2,,,0
12019,'1197433',946,,10664,2,,,0
12019,'1197490',1646,,10665,2,,,0
12019,'1197525',1546,,10666,2,,,0
12019,'1197602',846,,10667,2,,,0
12019,'1197615',1216,,10668,2,,,0
12019,'1197664',1746,,10669,2,,,0
12019,'1197701',2346,,10670,2,,,0
12019,'1197765',2346,,10671,2,,,0
12019,'1197813',1046,,10672,2,,,0
12019,'1197824',1246,,10673,2,,,0
12019,'1197891',2046,,10674,2,,,0
12019,'1197911',1946,,10675,2,,,0
12019,'1197945',1846,,10676,2,,,0
12019,'1197989',1446,,10677,2,,,0
12019,'1197991',1146,,10678,2,,,0
12019,'1198031',646,,10679,2,,,0
12019,'1198072',1346,,10680,2,,,0
12019,'1198097',1546,,10681,2,,,0
12019,'1198121',1646,,10682,2,,,0
12019,'1198127',1046,,10683,2,,,0
12019,'1198171',2146,,10684,2,,,0
12019,'1198224',2246,,10685,2,,,0
12019,'1198250',1316,,10686,2,,,0
12019,'1198260',1416,,10687,2,,,0
12019,'1198263',916,,10688,2,,,0
12019,'1198283',1516,,10689,2,,,0
12019,'1198358',1446,,10690,2,,,0
12019,'1198421',846,,10691,2,,,0
12019,'1198427',1216,,10692,2,,,0
12019,'1198442',1716,,10693,2,,,0
12019,'1198497',2146,,10694,2,,,0
12019,'1198582',846,,10695,2,,,0
12019,'1198588',616,,10696,2,,,0
12019,'1198592',1716,,10697,2,,,0
12019,'1198618',1046,,10698,2,,,0
12019,'1198712',1146,,10699,2,,,0
12019,'1198727',1346,,10700,2,,,0
12019,'1198773',1346,,10701,2,,,0
12019,'1198774',1116,,10702,2,,,0
12019,'1198819',2316,,10703,2,,,0
12019,'1198842',946,,10704,2,,,0
12019,'1198884',1946,,10705,2,,,0
12019,'1198912',746,,10706,2,,,0
12019,'1198945',946,,10707,2,,,0
12019,'1199167',716,,10708,2,,,0
12019,'1199197',2046,,10709,2,,,0
12019,'1199223',1246,,10710,2,,,0
12019,'1199224',648,,10711,2,,,0
12019,'1199251',1016,,10712,2,,,0
12019,'1199291',1516,,10713,2,,,0
12019,'1199315',1246,,10714,2,,,0
12019,'1199416',2246,,10715,2,,,0
12019,'1199495',1416,,10716,2,,,0
12019,'1199513',816,,10717,2,,,0
12019,'1199578',1446,,10718,2,,,0
12019,'1199610',2016,,10719,2,,,0
12019,'1199616',746,,10720,2,,,0
12019,'1199625',1646,,10721,2,,,0
102029,'1199488',643,,11947,26,,,0
