26019,'1196833',2211,,11427,15,4,,0
26019,'1196844',2256,,11428,15,4,,0
26019,'1196949',711,,11429,15,4,,0
26019,'1197013',1956,,11430,15,4,,0
26019,'1197027',1812,,11431,15,4,,0
26019,'1197186',1112,,11432,15,4,,0
26019,'1197303',1756,,11433,15,4,,0
26019,'1197313',1912,,11434,15,4,,0
26019,'1197393',1312,,11435,15,4,,0
26019,'1197399',1012,,11436,15,4,,0
26019,'1197400',1042,,11437,15,4,,0
26019,'1197410',1156,,11438,15,4,,0
26019,'1197475',1556,,11439,15,4,,0
26019,'1197528',2012,,11440,15,4,,0
26019,'1197539',856,,11441,15,4,,0
26019,'1197549',2112,,11442,15,4,,0
26019,'1197586',1712,,11443,15,4,,0
26019,'1197594',1442,,11444,15,4,,0
26019,'1197600',1356,,11445,15,4,,0
26019,'1197749',756,,11446,15,4,,0
26019,'1197787',1242,,11447,15,4,,0
26019,'1197806',911,,11448,15,4,,0
26019,'1197817',1412,,11449,15,4,,0
26019,'1197995',1612,,11450,15,4,,0
26019,'1198158',1256,,11451,15,4,,0
26019,'1198274',1142,,11452,15,4,,0
26019,'1198317',1456,,11453,15,4,,0
26019,'1198334',1512,,11454,15,4,,0
26019,'1198448',611,,11455,15,4,,0
26019,'1198587',2311,,11456,15,4,,0
26019,'1198626',811,,11457,15,4,,0
26019,'1198633',912,,11458,15,4,,0
26019,'1198635',712,,11459,15,4,,0
26019,'1198640',2112,,11460,15,4,,0
26019,'1198642',956,,11461,15,4,,0
26019,'1198658',1056,,11462,15,4,,0
26019,'1198670',1812,,11463,15,4,,0
26019,'1198825',1512,,11464,15,4,,0
26019,'1198834',1613,,11465,15,4,,0
26019,'1198899',2012,,11466,15,4,,0
26019,'1198969',1212,,11467,15,4,,0
26019,'1199019',1656,,11468,15,4,,0
26019,'1199155',812,,11469,15,4,,0
26019,'1199246',1012,,11470,15,4,,0
26019,'1199249',1342,,11471,15,4,,0
26019,'1199290',612,,11472,15,4,,0
26019,'1199307',2156,,11473,15,4,,0
26019,'1199310',1712,,11474,15,4,,0
26019,'1199313',2312,,11475,15,4,,0
26019,'1199493',1912,,11476,15,4,,0
26019,'1199515',1856,,11477,15,4,,0
26019,'1199654',2212,,11478,15,4,,0
26019,'1199656',2056,,11479,15,4,,0
26029,'1196873',1756,,11480,1,,,0
26029,'1196910',2256,,11481,1,,,0
26029,'1196913',1112,,11482,1,,,0
26029,'1196977',1612,,11483,1,,,0
26029,'1196980',1012,,11484,1,,,0
26029,'1197179',2012,,11485,1,,,0
26029,'1197404',1242,,11486,1,,,0
26029,'1197498',1912,,11487,1,,,0
26029,'1197625',912,,11488,1,,,0
26029,'1197661',1012,,11489,1,,,0
26029,'1197679',1856,,11490,1,,,0
26029,'1197751',2211,,11491,1,,,0
26029,'1197754',611,,11492,1,,,0
26029,'1197782',1512,,11493,1,,,0
26029,'1197814',2212,,11494,1,,,0
26029,'1197860',811,,11495,1,,,0
26029,'1197884',756,,11496,1,,,0
26029,'1197936',1312,,11497,1,,,0
26029,'1197940',1212,,11498,1,,,0
26029,'1197960',1142,,11499,1,,,0
26029,'1197999',2112,,11500,1,,,0
26029,'1198011',1556,,11501,1,,,0
26029,'1198044',1356,,11502,1,,,0
26029,'1198105',2112,,11503,1,,,0
26029,'1198189',1812,,11504,1,,,0
26029,'1198210',1042,,11505,1,,,0
26029,'1198276',1613,,11506,1,,,0
26029,'1198303',1156,,11507,1,,,0
26029,'1198354',2012,,11508,1,,,0
26029,'1198406',612,,11509,1,,,0
26029,'1198482',1056,,11510,1,,,0
26029,'1198544',1656,,11511,1,,,0
26029,'1198822',2311,,11512,1,,,0
26029,'1198850',1812,,11513,1,,,0
26029,'1198867',1456,,11514,1,,,0
26029,'1198935',711,,11515,1,,,0
26029,'1198937',1956,,11516,1,,,0
26029,'1199008',712,,11517,1,,,0
26029,'1199034',1912,,11518,1,,,0
26029,'1199114',2312,,11519,1,,,0
26029,'1199122',1712,,11520,1,,,0
26029,'1199135',1512,,11521,1,,,0
26029,'1199139',956,,11522,1,,,0
26029,'1199216',2156,,11523,1,,,0
26029,'1199265',1256,,11524,1,,,0
26029,'1199273',856,,11525,1,,,0
26029,'1199292',1712,,11526,1,,,0
26029,'1199311',1442,,11527,1,,,0
26029,'1199314',1342,,11528,1,,,0
26029,'1199512',2056,,11529,1,,,0
26029,'1199532',911,,11530,1,,,0
26029,'1199605',1412,,11531,1,,,0
26029,'1199628',812,,11532,1,,,0
