25019,'1196864',1243,,11307,22,,,0
25019,'1196932',1743,,11308,22,,,0
25019,'1196994',1944,,11309,22,,,0
25019,'1197064',727,,11310,22,,,0
25019,'1197079',2404,,11311,22,,,0
25019,'1197084',2327,,11312,22,,,0
25019,'1197151',742,,11313,22,,,0
25019,'1197299',2144,,11314,22,,,0
25019,'1197317',1343,,11315,22,,,0
25019,'1197342',1744,,11316,22,,,0
25019,'1197442',1527,,11317,22,,,0
25019,'1197448',1614,,11318,22,,,0
25019,'1197471',1043,,11319,22,,,0
25019,'1197624',1844,,11320,22,,,0
25019,'1197657',2127,,11321,22,,,0
25019,'1197660',844,,11322,22,,,0
25019,'1197687',2342,,11323,22,,,0
25019,'1197702',1214,,11324,22,,,0
25019,'1197757',744,,11325,22,,,0
25019,'1197760',1544,,11326,22,,,0
25019,'1197771',2027,,11327,22,,,0
25019,'1198004',2227,,11328,22,,,0
25019,'1198021',714,,11329,22,,,0
25019,'1198071',1943,,11330,22,,,0
25019,'1198079',644,,11331,22,,,0
25019,'1198190',2044,,11332,22,,,0
25019,'1198267',2244,,11333,22,,,0
25019,'1198315',914,,11334,22,,,0
25019,'1198388',1414,,11335,22,,,0
25019,'1198435',2243,,11336,22,,,0
25019,'1198457',642,,11337,22,,,0
25019,'1198479',944,,11338,22,,,0
25019,'1198492',1443,,11339,22,,,0
25019,'1198496',1843,,11340,22,,,0
25019,'1198512',1727,,11341,22,,,0
25019,'1198566',1143,,11342,22,,,0
25019,'1198604',1427,,11343,22,,,0
25019,'1198759',1327,,11344,22,,,0
25019,'1198776',2143,,11345,22,,,0
25019,'1198803',1514,,11346,22,,,0
25019,'1198823',2043,,11347,22,,,0
25019,'1198862',1927,,11348,22,,,0
25019,'1198902',1444,,11349,22,,,0
25019,'1198938',843,,11350,22,,,0
25019,'1199011',1114,,11351,22,,,0
25019,'1199070',1014,,11352,22,,,0
25019,'1199074',827,,11353,22,,,0
25019,'1199097',814,,11354,22,,,0
25019,'1199125',927,,11355,22,,,0
25019,'1199183',1314,,11356,22,,,0
25019,'1199208',1227,,11357,22,,,0
25019,'1199212',1827,,11358,22,,,0
25019,'1199258',1644,,11359,22,,,0
25019,'1199359',1027,,11360,22,,,0
25019,'1199389',943,,11361,22,,,0
25019,'1199464',1643,,11362,22,,,0
25019,'1199480',1714,,11363,22,,,0
25019,'1199589',1127,,11364,22,,,0
25019,'1199634',1543,,11365,22,,,0
25019,'1199649',1627,,11366,22,,,0
