13019,'1196852',1344,,10793,44,,,0
13019,'1196856',1742,,10794,44,,,0
13019,'1196922',641,,10795,18,,,0
13019,'1196999',943,,10796,44,,,0
13019,'1197035',642,,10797,44,,,0
13019,'1197132',1514,,10798,44,,,0
13019,'1197251',1614,,10799,44,,,0
13019,'1197279',742,,10800,44,,,0
13019,'1197353',2312,,10801,44,,,0
13019,'1197357',1842,,10802,44,,,0
13019,'1197451',2242,,10803,44,,,0
13019,'1197487',843,,10804,44,,,0
13019,'1197555',1644,,10805,44,,,0
13019,'1197570',942,,10806,44,,,0
13019,'1197575',1642,,10807,44,,,0
13019,'1197641',2042,,10808,44,,,0
13019,'1197645',1714,,10809,44,,,0
13019,'1197648',712,,10810,44,,,0
13019,'1197690',1642,,10811,44,,,0
13019,'1197692',1744,,10812,44,,,0
13019,'1197730',1444,,10813,44,,,0
13019,'1197762',2417,,10814,44,,,0
13019,'1197803',742,,10815,44,,,0
13019,'1197834',1242,,10816,44,,,0
13019,'1197854',2042,,10817,44,,,0
13019,'1197962',1342,,10818,44,,,0
13019,'1197975',1045,,10819,44,,,0
13019,'1198041',1142,,10820,44,,,0
13019,'1198094',1812,,10821,44,,,0
13019,'1198160',842,,10822,44,,,0
13019,'1198201',1242,,10823,44,,,0
13019,'1198243',1842,,10824,44,,,0
13019,'1198290',2212,,10825,44,,,0
13019,'1198352',742,,10826,44,,,0
13019,'1198355',1912,,10827,44,,,0
13019,'1198382',812,,10828,44,,,0
13019,'1198402',2242,,10829,44,,,0
13019,'1198552',2142,,10830,44,,,0
13019,'1198554',1942,,10831,44,,,0
13019,'1198602',1142,,10832,44,,,0
13019,'1198611',2012,,10833,44,,,0
13019,'1198630',1544,,10834,44,,,0
13019,'1198675',1244,,10835,44,,,0
13019,'1198690',612,,10836,18,,,0
13019,'1198716',1042,,10837,44,,,0
13019,'1198729',1012,,10838,44,,,0
13019,'1198761',1342,,10839,44,,,0
13019,'1198778',942,,10840,44,,,0
13019,'1198837',2342,,10841,44,,,0
13019,'1198874',1144,,10842,44,,,0
13019,'1198888',913,,10843,44,,,0
13019,'1199044',842,,10844,44,,,0
13019,'1199123',1042,,10845,44,,,0
13019,'1199151',1442,,10846,44,,,0
13019,'1199233',1442,,10847,44,,,0
13019,'1199276',1542,,10848,44,,,0
13019,'1199284',2112,,10849,44,,,0
13019,'1199418',1942,,10850,44,,,0
13019,'1199448',1742,,10851,44,,,0
13019,'1199536',2142,,10852,44,,,0
13019,'1199588',2342,,10853,44,,,0
13019,'1199631',1542,,10854,44,,,0
101029,'1196911',747,,11834,26,,,0
101029,'1197033',1830,,11835,26,,,0
101029,'1197060',847,,11836,26,,,0
101029,'1197096',1030,,11837,26,,,0
101029,'1197257',1047,,11838,26,,,0
101029,'1197272',1232,,11839,26,,,0
101029,'1197326',1549,,11840,26,,,0
101029,'1197581',2030,,11841,26,,,0
101029,'1197673',1432,,11842,26,,,0
101029,'1197747',2147,,11843,26,,,0
101029,'1197977',1632,,11844,26,,,0
101029,'1198059',632,,11845,26,,,0
101029,'1198116',1032,,11846,26,,,0
101029,'1198125',832,,11847,26,,,0
101029,'1198200',1230,,11848,26,,,0
101029,'1198251',947,,11849,26,,,0
101029,'1198346',830,,11850,26,,,0
101029,'1198498',2230,,11851,26,,,0
101029,'1198530',2232,,11852,26,,,0
101029,'1198631',1649,,11853,26,,,0
101029,'1198644',2407,,11854,26,,,0
101029,'1198710',1630,,11855,26,,,0
101029,'1198715',1747,,11856,26,,,0
101029,'1198953',2032,,11857,26,,,0
101029,'1198984',1349,,11858,26,,,0
101029,'1199108',1249,,11859,26,,,0
101029,'1199117',647,,11860,26,,,0
101029,'1199304',1832,,11861,26,,,0
101029,'1199366',1430,,11862,26,,,0
101029,'1199567',1947,,11863,26,,,0
101029,'1199585',1449,,11864,26,,,0
101029,'1199990',1249,,12786,26,,,0
101029,'1199994',1549,,12787,26,,,0
101029,'1199997',747,,12788,26,,,0
101029,'1199998',1747,,12789,26,,,0
101029,'1199999',1047,,12790,26,,,0
101029,'1200000',2407,,12791,26,,,0
101029,'1200001',647,,12792,26,,,0
101029,'1200002',1649,,12793,26,,,0
101029,'1200005',1449,,12794,26,,,0
101029,'1200007',947,,12795,26,,,0
101029,'1200010',1349,,12796,26,,,0
101029,'1200012',1947,,12797,26,,,0
101029,'1200016',2147,,12798,26,,,0
101029,'1200017',847,,12799,26,,,0
