3019,'1196834',1814,,10159,21,,,0
3019,'1196848',2114,,10160,21,,,0
3019,'1196854',714,,10161,21,,,0
3019,'1196968',1229,,10162,21,,,0
3019,'1196971',2014,,10163,21,,,0
3019,'1197069',715,,10164,21,,,0
3019,'1197076',2144,,10165,21,,,0
3019,'1197107',1245,,10166,21,,,0
3019,'1197120',2414,,10167,21,,,0
3019,'1197318',2214,,10168,21,,,0
3019,'1197369',2329,,10169,21,,,0
3019,'1197372',2229,,10170,21,,,0
3019,'1197378',914,,10171,21,,,0
3019,'1197462',915,,10172,21,,,0
3019,'1197478',1615,,10173,21,,,0
3019,'1197537',929,,10174,21,,,0
3019,'1197572',1345,,10175,21,,,0
3019,'1197590',845,,10176,21,,,0
3019,'1197618',1715,,10177,21,,,0
3019,'1197731',2014,,10179,21,,,0
3019,'1197748',1015,,10180,21,,,0
3019,'1197755',1045,,10181,21,,,0
3019,'1197810',1445,,10182,21,,,0
3019,'1197819',1914,,10183,21,,,0
3019,'1197850',1545,,10184,21,,,0
3019,'1197851',945,,10185,21,,,0
3019,'1197897',1115,,10186,21,,,0
3019,'1197923',1215,,10187,21,,,0
3019,'1197941',1515,,10188,21,,,0
3019,'1198025',1615,,10189,21,,,0
3019,'1198093',1844,,10190,21,,,0
3019,'1198098',1145,,10191,21,,,0
3019,'1198111',1014,,10192,21,,,0
3019,'1198119',1529,,10193,21,,,0
3019,'1198124',1415,,10194,21,,,0
3019,'1198153',1914,,10195,21,,,0
3019,'1198229',1515,,10196,21,,,0
3019,'1198237',1645,,10197,21,,,0
3019,'1198265',2114,,10198,21,,,0
3019,'1198278',1944,,10199,21,,,0
3019,'1198430',1629,,10200,21,,,0
3019,'1198432',1814,,10201,21,,,0
3019,'1198501',1715,,10202,21,,,0
3019,'1198514',645,,10203,21,,,0
3019,'1198654',1729,,10204,21,,,0
3019,'1198677',829,,10205,21,,,0
3019,'1198680',815,,10206,21,,,0
3019,'1198689',2404,,10207,21,,,0
3019,'1198691',1745,,10208,21,,,0
3019,'1198742',2214,,10209,21,,,0
3019,'1198777',1415,,10210,21,,,0
3019,'1198788',729,,10211,21,,,0
3019,'1198845',1029,,10212,21,,,0
3019,'1198989',2129,,10213,21,,,0
3019,'1198991',1829,,10214,21,,,0
3019,'1199009',1329,,10215,21,,,0
3019,'1199035',1215,,10216,21,,,0
3019,'1199052',2029,,10217,21,,,0
3019,'1199066',1129,,10218,21,,,0
3019,'1199133',1315,,10219,21,,,0
3019,'1199262',2314,,10220,21,,,0
3019,'1199277',745,,10221,21,,,0
3019,'1199346',1315,,10222,21,,,0
3019,'1199408',2044,,10223,21,,,0
3019,'1199412',1429,,10224,21,,,0
3019,'1199440',2314,,10225,21,,,0
3019,'1199509',814,,10226,21,,,0
3019,'1199600',1929,,10228,21,,,0
3019,'1199612',1115,,10229,21,,,0
