4019,'1197123',703,,10299,5,,,0
4019,'1197392',1503,,10300,5,,,0
4019,'1197520',903,,10301,5,,,0
4019,'1197788',1533,,10302,5,,,0
4019,'1197874',1333,,10303,5,,,0
4019,'1198006',833,,10304,5,,,0
4019,'1198332',1733,,10305,5,,,0
4019,'1198394',1433,,10306,5,,,0
4019,'1198409',803,,10307,5,,,0
4019,'1198799',1403,,10308,5,,,0
4019,'1198924',1703,,10309,5,,,0
4019,'1199002',933,,10310,5,,,0
4019,'1199239',1603,,10311,5,,,0
4019,'1199517',733,,10312,5,,,0
4019,'1199645',1633,,10313,5,,,0
10029,'1196869',1018,,10389,5,,,0
10029,'1196944',1848,,10390,5,,,0
10029,'1196948',1518,,10391,5,,,0
10029,'1197007',648,,10392,5,,,0
10029,'1197053',1318,,10393,5,,,0
10029,'1197093',1118,,10394,5,,,0
10029,'1197160',1718,,10395,5,,,0
10029,'1197269',1818,,10396,5,,,0
10029,'1197314',2148,,10397,5,,,0
10029,'1197362',2018,,10398,5,,,0
10029,'1197385',818,,10399,5,,,0
10029,'1197414',1418,,10400,5,,,0
10029,'1197492',1648,,10401,5,,,0
10029,'1197523',2218,,10402,5,,,0
10029,'1197565',618,,10403,5,,,0
10029,'1197669',818,,10404,5,,,0
10029,'1197675',2118,,10405,5,,,0
10029,'1197822',1718,,10406,5,,,0
10029,'1197831',1718,,10407,5,,,0
10029,'1197885',2018,,10408,5,,,0
10029,'1197887',1548,,10409,5,,,0
10029,'1197892',1218,,10410,5,,,0
10029,'1197908',2218,,10411,5,,,0
10029,'1197916',2248,,10412,5,,,0
10029,'1197980',2353,,10413,5,,,0
10029,'1198080',1618,,10414,5,,,0
10029,'1198150',1618,,10415,5,,,0
10029,'1198170',1118,,10416,5,,,0
10029,'1198181',1748,,10417,5,,,0
10029,'1198232',1518,,10418,5,,,0
10029,'1198314',1918,,10419,5,,,0
10029,'1198351',1218,,10420,5,,,0
10029,'1198466',2048,,10421,5,,,0
10029,'1198481',1418,,10422,5,,,0
10029,'1198536',1218,,10423,5,,,0
10029,'1198550',1618,,10424,5,,,0
10029,'1198565',2318,,10425,5,,,0
10029,'1198676',718,,10426,5,,,0
10029,'1198703',718,,10427,5,,,0
10029,'1198735',1018,,10428,5,,,0
10029,'1198754',1318,,10429,5,,,0
10029,'1198767',1118,,10430,5,,,0
10029,'1198887',848,,10431,5,,,0
10029,'1198905',1418,,10432,5,,,0
10029,'1198933',818,,10433,5,,,0
10029,'1199013',718,,10434,5,,,0
10029,'1199068',1018,,10435,5,,,0
10029,'1199078',1818,,10436,5,,,0
10029,'1199088',1948,,10437,5,,,0
10029,'1199134',1318,,10438,5,,,0
10029,'1199161',2318,,10439,5,,,0
10029,'1199245',1918,,10440,5,,,0
10029,'1199274',918,,10441,5,,,0
10029,'1199375',1448,,10442,5,,,0
10029,'1199396',748,,10443,5,,,0
10029,'1199411',2118,,10444,5,,,0
10029,'1199422',918,,10445,5,,,0
10029,'1199613',918,,10446,5,,,0
10029,'1199633',1518,,10447,5,,,0
