104019,'1196891',2343,,12027,32,,,0
104019,'1197169',2419,,12028,32,,,0
104019,'1197256',1349,,12029,32,,,0
104019,'1197286',2143,,12030,32,,,0
104019,'1197298',1219,,12031,32,,,0
104019,'1197387',2244,,12032,32,,,0
104019,'1197452',2014,,12033,32,,,0
104019,'1197544',929,,12034,32,,,0
104019,'1197547',1244,,12035,32,,,0
104019,'1197640',1543,,12036,32,,,0
104019,'1197714',1814,,12037,32,,,0
104019,'1197725',2114,,12038,32,,,0
104019,'1197761',743,,12039,32,,,0
104019,'1197801',1014,,12040,32,,,0
104019,'1197820',814,,12042,32,,,0
104019,'1197873',629,,12043,32,,,0
104019,'1197937',1514,,12044,32,,,0
104019,'1198060',1743,,12045,32,,,0
104019,'1198073',2359,,12046,32,,,0
104019,'1198077',2244,,12047,32,,,0
104019,'1198194',1134,,12048,32,,,0
104019,'1198253',1143,,12049,32,,,0
104019,'1198313',1519,,12050,32,,,0
104019,'1198322',1629,,12051,32,,,0
104019,'1198353',1304,,12052,32,,,0
104019,'1198411',943,,12053,32,,,0
104019,'1198567',1744,,12055,32,,,0
104019,'1198664',859,,12056,32,,,0
104019,'1198683',1359,,12057,32,,,0
104019,'1198738',1944,,12058,32,,,0
104019,'1198750',1943,,12059,32,,,0
104019,'1198780',859,,12060,32,,,0
104019,'1198913',1434,,12061,32,,,0
104019,'1198958',659,,12062,32,,,0
104019,'1199185',744,,12064,32,,,0
104019,'1199190',1129,,12065,32,,,0
104019,'1199331',1343,,12066,32,,,0
104019,'1199407',1859,,12067,32,,,0
104019,'1199459',1729,,12068,32,,,0
104019,'1199490',1649,,12069,32,,,0
104019,'1199539',1014,,12070,32,,,0
104019,'1199564',744,,12071,32,,,0
104019,'1199583',1604,,12072,32,,,0
104019,'1199617',2129,,12073,32,,,0
